1,0.81013,0.69125,0.58439,0.59333,0.44659,0.74764,0.54273,0.50102,0.46822,0.70478,0.57394,0.72053,0.65059,0.63804,0.63469,0.5756,0.41097,0.79352,0.73081,0.32424,0.31016,0.44932,0.43433,0.3305,0.35526,0.093909,0.2288,0.21275,0,0.37737,0.47841,0.62152,0.60493,0.33349,0.16269,0.038762,0,0,0,0.013037,0,0.54689,0.23954,0.61116,0.56739,0.45274,0.39685,0.7367,0.66805,0.6125,0.66178,0.58537,0.62508,0.47032,0.54714,0.82936,0.78281,0.76304,0.62245,0.78312,0.50668,0.721,0.56494,0.52409,0.3669,0.73294,0.68672,0.77886,0.77103,0.088032,0.24066,0.63085,0.57698,0.50892,0.55367,0.34255,0.46712,0.31747,0,0.36184,0.42493,0.3102,0.46159,0.45574,0.51443,0,0,0.2184,0.57389,0.51693,0.48508,0.45695,0.50505,0.087244,0.089466,0.38007,0.43785,0.56275,0.64145,0.42624,0.5778,0.38465,0.62171,0.0039555,0.051309,0.048939,0.10579,0.18889,0.28187,0.53932,0.61879,0.63674,0.53994,0.11156,0
0.81013,1,0.52251,0.61902,0.54004,0.52433,0.51136,0.60193,0.5022,0.47232,0.47294,0.55489,0.52477,0.6727,0.55817,0.63083,0.50956,0.50387,0.7402,0.79662,0.31955,0.31843,0.41139,0.41365,0.32192,0.32453,0.15224,0.28003,0,0.040872,0.30772,0.40612,0.61368,0.65013,0.20022,0.074885,0,0,0,0,0,0.044797,0.5185,0.2784,0.59238,0.62861,0.46263,0.42398,0.68649,0.6949,0.58429,0.61957,0.66955,0.6392,0.51265,0.48805,0.78166,0.90635,0.70744,0.7178,0.71562,0.6039,0.70449,0.71698,0.42099,0.36015,0.66459,0.62757,0.83515,0.77466,0.11063,0.20582,0.50394,0.56084,0.54325,0.5326,0.25727,0.37406,0.1787,0,0.37305,0.42691,0.37814,0.4497,0.47943,0.46884,0.034592,0,0.33454,0.47757,0.49166,0.38675,0.40836,0.35683,0.060032,0.046733,0.29297,0.43342,0.5696,0.59805,0.46078,0.49635,0.41069,0.52884,0.010981,0.032174,0.13812,0.086501,0.11582,0.20648,0.427,0.57665,0.57382,0.495,0.086269,0.02063
0.69125,0.52251,1,0.79823,0.60818,0.51839,0.93182,0.67328,0.6685,0.56934,0.48197,0.32644,0.7557,0.50882,0.63785,0.51311,0.28756,0.061255,0.79293,0.67146,0.12434,0.09333,0.854,0.80902,0.54491,0.48048,0.10316,0.22155,0,0,0.43137,0.54613,0.54423,0.53087,0.62472,0.45953,0.11562,0.0095588,0,0,0.070954,0.025435,0.53272,0.16012,0.51373,0.38453,0.42028,0.37287,0.65269,0.55788,0.6463,0.58309,0.50955,0.60099,0.40514,0.44169,0.4622,0.48846,0.73419,0.51257,0.79354,0.37549,0.66228,0.42726,0.64957,0.43048,0.80581,0.78423,0.63866,0.74835,0,0.033125,0.5009,0.39462,0.4023,0.57717,0.49389,0.58187,0,0,0.19087,0.31158,0.16974,0.32256,0.53176,0.58586,0.011169,0,0.37709,0.67261,0.67463,0.72226,0.68734,0.75837,0.11732,0.058653,0.5039,0.4282,0.61067,0.60974,0.43925,0.63754,0.47276,0.60633,0.26141,0.27197,0.37016,0.30927,0.2272,0.36742,0.67807,0.70571,0.68213,0.59852,0.26646,0
0.58439,0.61902,0.79823,1,0.62907,0.64692,0.77611,0.90225,0.71169,0.75939,0.36403,0.47108,0.59988,0.61008,0.62026,0.65963,0.28194,0.10908,0.77692,0.78743,0.17332,0.13841,0.81231,0.86562,0.54393,0.54288,0.13824,0.33345,0,0,0.45455,0.66516,0.56089,0.60922,0.56869,0.45583,0,0.013603,0,0,0.052363,0.060789,0.56066,0.17386,0.52808,0.50555,0.51169,0.41228,0.59195,0.64112,0.58243,0.56655,0.59767,0.63879,0.47479,0.47149,0.42476,0.53907,0.65873,0.62852,0.70996,0.59831,0.66837,0.52426,0.61307,0.60419,0.77842,0.81536,0.67919,0.74617,0,0.013122,0.49026,0.44275,0.50505,0.55617,0.51024,0.61716,0,0,0.20616,0.2629,0.23983,0.3804,0.57019,0.58891,0.033381,0,0.46626,0.64661,0.75034,0.67996,0.76071,0.66051,0.046011,0.021638,0.48282,0.4831,0.68436,0.64151,0.55176,0.60785,0.55924,0.58524,0.34583,0.27359,0.35769,0.31294,0.10473,0.2827,0.65956,0.71876,0.6774,0.64788,0.31243,0
0.59333,0.54004,0.60818,0.62907,1,0.51447,0.65245,0.58219,0.6233,0.70336,0.43185,0.23193,0.58015,0.38346,0.75992,0.66064,0.38696,0.19362,0.61948,0.59628,0.48747,0.42235,0.51172,0.48628,0.60487,0.53416,0.34737,0.3939,0,0,0.3322,0.43352,0.46782,0.51316,0.38396,0.22526,0.19074,0.12047,0,0,0.11833,0,0.47805,0.17772,0.48258,0.41401,0.44846,0.26053,0.56236,0.47983,0.58184,0.41748,0.46032,0.49772,0.39947,0.46713,0.45142,0.53462,0.58581,0.56609,0.57484,0.4079,0.57794,0.38793,0.58839,0.41632,0.66681,0.61871,0.60386,0.61006,0.11291,0.23573,0.48167,0.3759,0.38454,0.36489,0.32206,0.34242,0.23623,0,0.40412,0.36904,0.39601,0.54348,0.55516,0.51651,0.14189,0.10067,0.46821,0.50821,0.49874,0.51539,0.5366,0.53422,0,0,0.29672,0.27854,0.52388,0.48702,0.52117,0.55848,0.44859,0.54398,0.14716,0.10717,0.16275,0.11306,0,0.031978,0.40718,0.59266,0.62696,0.44832,0.20505,0.069292
0.44659,0.52433,0.51839,0.64692,0.51447,1,0.49992,0.66427,0.72798,0.77568,0.34152,0.33313,0.45142,0.44454,0.52492,0.57061,0.25356,0.02374,0.63461,0.64379,0.11226,0.13685,0.50804,0.53155,0.66172,0.75897,0.31494,0.59021,0,0,0.26307,0.41772,0.42827,0.44952,0.27399,0.26393,0,0.076665,0,0,0,0.076159,0.49542,0.24711,0.50539,0.54419,0.44715,0.38002,0.56711,0.61834,0.51568,0.56032,0.55478,0.59688,0.49767,0.40969,0.323,0.45535,0.59976,0.64604,0.56772,0.5311,0.50844,0.39327,0.53028,0.39023,0.59979,0.65354,0.53078,0.56082,0,0,0.40428,0.41982,0.50241,0.51966,0.38998,0.47869,0,0,0.19932,0.19069,0.27873,0.31576,0.4629,0.37794,0.11748,0.011099,0.35857,0.55294,0.62165,0.52558,0.53274,0.49806,0,0,0.29307,0.39053,0.57799,0.62072,0.50485,0.56384,0.46733,0.54991,0.15686,0.20533,0.13315,0.17167,0,0.063705,0.45976,0.57047,0.5414,0.49857,0.17557,0.087896
0.74764,0.51136,0.93182,0.77611,0.65245,0.49992,1,0.70838,0.63656,0.61764,0.63506,0.38219,0.81702,0.51964,0.68283,0.58951,0.38742,0.10935,0.81443,0.69642,0.187,0.13806,0.78249,0.76924,0.46218,0.47252,0,0.17831,0.12163,0,0.4752,0.60321,0.53814,0.53835,0.57541,0.43694,0.13949,0.037292,0,0,0.093953,0,0.5402,0.17645,0.4842,0.37979,0.42193,0.36831,0.63054,0.5339,0.60859,0.55079,0.51667,0.58457,0.42049,0.45705,0.47341,0.4632,0.69239,0.50079,0.75028,0.41412,0.68002,0.39489,0.6423,0.45045,0.77563,0.75409,0.62592,0.70187,0,0.057568,0.57492,0.45979,0.43538,0.54662,0.52228,0.60706,0.060392,0,0.24646,0.30049,0.22403,0.36947,0.52318,0.57492,0.026985,0,0.36119,0.6873,0.67432,0.7078,0.71329,0.75525,0.10687,0.067614,0.50262,0.42022,0.61434,0.61922,0.45078,0.62661,0.45489,0.60536,0.28027,0.26506,0.27071,0.28341,0.20144,0.34185,0.67976,0.70238,0.65525,0.63366,0.31759,0
0.54273,0.60193,0.67328,0.90225,0.58219,0.66427,0.70838,1,0.68421,0.82025,0.43915,0.57261,0.58181,0.66786,0.60633,0.67026,0.28236,0.167,0.74038,0.756,0.15528,0.1289,0.64528,0.7515,0.44465,0.49671,0.10275,0.35027,0,0,0.37593,0.60187,0.50231,0.56751,0.45103,0.37922,0,0,0,0,0,0.045714,0.49785,0.13287,0.46413,0.52283,0.45897,0.34004,0.57657,0.69018,0.49598,0.57825,0.5995,0.61201,0.46969,0.34614,0.29683,0.47885,0.61335,0.69222,0.67112,0.73062,0.58592,0.56559,0.57477,0.64217,0.66689,0.74705,0.56882,0.645,0,0.030889,0.45915,0.45562,0.51066,0.51865,0.46127,0.5602,0,0,0.19917,0.23449,0.29363,0.39604,0.5259,0.48283,0.013797,0,0.50924,0.55088,0.77071,0.65263,0.78478,0.63147,0.055388,0.021945,0.426,0.39162,0.66668,0.62097,0.62312,0.58938,0.58588,0.56655,0.35318,0.19858,0.27272,0.31217,0.11663,0.26064,0.57508,0.65638,0.61171,0.62451,0.2995,0
0.50102,0.5022,0.6685,0.71169,0.6233,0.72798,0.63656,0.68421,1,0.75687,0.40205,0.36839,0.69567,0.56747,0.77469,0.65571,0.19676,0.057057,0.7255,0.69475,0.11716,0.14282,0.63264,0.61426,0.66871,0.66974,0.31249,0.41689,0,0,0.43469,0.56291,0.50741,0.53691,0.45589,0.35267,0.040238,0.083702,0,0,0.015323,0.12339,0.41679,0.11977,0.44871,0.4493,0.33939,0.23411,0.56737,0.57806,0.53357,0.52737,0.45669,0.49397,0.49039,0.36678,0.3231,0.479,0.75244,0.73862,0.74908,0.56958,0.62293,0.46411,0.67637,0.49135,0.73722,0.74572,0.57602,0.66891,0,0,0.48289,0.50987,0.54944,0.60477,0.41182,0.52414,0,0,0.24599,0.30336,0.47568,0.43676,0.59103,0.44809,0.18862,0.071295,0.45316,0.53815,0.67997,0.59193,0.63693,0.6922,0,0,0.36086,0.35725,0.62026,0.64371,0.64439,0.75874,0.62061,0.71363,0.20864,0.26871,0.3463,0.36545,0.092006,0.16932,0.53724,0.65654,0.65696,0.54916,0.23342,0.10559
0.46822,0.47232,0.56934,0.75939,0.70336,0.77568,0.61764,0.82025,0.75687,1,0.43353,0.35227,0.52741,0.4889,0.65706,0.71416,0.27986,0.035049,0.64271,0.66133,0.2254,0.19519,0.54811,0.62121,0.62933,0.65786,0.19633,0.3981,0,0,0.31099,0.52011,0.39708,0.46011,0.35464,0.34382,0,0.087832,0,0,0.077537,0.026654,0.46103,0.12118,0.42999,0.48038,0.44459,0.27703,0.53896,0.63578,0.49996,0.51642,0.54806,0.5853,0.47689,0.41732,0.26438,0.41281,0.55988,0.65805,0.57932,0.63241,0.5099,0.37905,0.63005,0.5915,0.59439,0.67413,0.50124,0.57912,0,0.012573,0.42709,0.48877,0.46438,0.50304,0.37527,0.44529,0,0,0.24641,0.23451,0.29064,0.45089,0.51423,0.45853,0.14436,0.06265,0.47567,0.59264,0.71131,0.61068,0.70549,0.58758,0,0,0.29337,0.32684,0.6021,0.59212,0.56843,0.5946,0.49721,0.57388,0.19973,0.14493,0.12166,0.16562,0,0.050343,0.47316,0.60123,0.58573,0.58587,0.2511,0.085111
0.70478,0.47294,0.48197,0.36403,0.43185,0.34152,0.63506,0.43915,0.40205,0.43353,1,0.52013,0.77472,0.5798,0.59897,0.57086,0.55438,0.33788,0.66007,0.56855,0.25235,0.27624,0.29688,0.3126,0.22209,0.314,0.08443,0.21233,0.40554,0.087672,0.38785,0.38443,0.49699,0.44387,0.19752,0.1262,0,0,0,0,0,0,0.32004,0.18718,0.33187,0.37371,0.16365,0.17122,0.46655,0.4457,0.36196,0.43669,0.34371,0.2944,0.23561,0.25301,0.42631,0.40814,0.47224,0.42175,0.62258,0.4802,0.59545,0.45803,0.51752,0.3505,0.42489,0.40947,0.4298,0.4112,0.13059,0.22019,0.57258,0.53597,0.38838,0.44087,0.20761,0.28498,0.23553,0,0.32408,0.347,0.34891,0.36457,0.37816,0.38711,0.062655,0,0.17341,0.40323,0.36268,0.31297,0.37302,0.36965,0,0,0.14843,0.17729,0.30352,0.37043,0.30359,0.41902,0.18947,0.3985,0,0,0,0,0.11465,0.17059,0.32976,0.404,0.43502,0.41958,0.093393,0
0.57394,0.55489,0.32644,0.47108,0.23193,0.33313,0.38219,0.57261,0.36839,0.35227,0.52013,1,0.48169,0.79737,0.45709,0.55785,0.31862,0.49563,0.50699,0.53346,0.080409,0.10098,0.20751,0.31001,0.073214,0.18057,0.18042,0.24056,0.19658,0.24268,0.26975,0.3986,0.42272,0.38021,0.18978,0.10341,0,0,0,0,0,0.02814,0.31475,0.17467,0.37498,0.48341,0.24751,0.22925,0.50773,0.64202,0.36901,0.61261,0.47187,0.42792,0.29677,0.23904,0.37938,0.43705,0.52623,0.61148,0.56694,0.67086,0.48681,0.59416,0.35597,0.4719,0.40678,0.46217,0.37144,0.39405,0.025109,0.08819,0.39478,0.32119,0.33482,0.25152,0.11295,0.25825,0,0,0.19217,0.33166,0.31026,0.38622,0.35681,0.37737,0.058096,0.0048009,0.25606,0.33508,0.41169,0.25198,0.36534,0.2482,0.058078,0.076238,0.20652,0.29367,0.354,0.41927,0.46926,0.37904,0.38152,0.40461,0.036154,0,0.028885,0.06606,0.062796,0.12675,0.25637,0.36711,0.3938,0.32711,0,0
0.72053,0.52477,0.7557,0.59988,0.58015,0.45142,0.81702,0.58181,0.69567,0.52741,0.77472,0.48169,1,0.68932,0.83927,0.70492,0.50481,0.31151,0.79587,0.6941,0.27105,0.26178,0.66165,0.61416,0.50882,0.4891,0.13478,0.16442,0.1628,0,0.57379,0.59221,0.65257,0.61638,0.4773,0.29697,0.12016,0,0,0,0.032622,0.053238,0.50558,0.20662,0.50678,0.44704,0.36372,0.2835,0.61188,0.55088,0.57885,0.52651,0.41382,0.47855,0.38341,0.39584,0.50672,0.5035,0.6941,0.53731,0.80688,0.46417,0.77093,0.49971,0.70075,0.40982,0.71412,0.66921,0.58985,0.63529,0.062469,0.16695,0.65212,0.55332,0.51225,0.55859,0.38237,0.47673,0.13228,0,0.36654,0.46644,0.4417,0.51118,0.55707,0.56352,0.12115,0,0.31601,0.53433,0.54328,0.56108,0.5757,0.65322,0.046792,0.077547,0.34209,0.35598,0.52115,0.55849,0.46577,0.64335,0.41053,0.6114,0.082153,0.083341,0.24783,0.18854,0.16521,0.29689,0.53232,0.66174,0.661,0.56445,0.15309,0
0.65059,0.6727,0.50882,0.61008,0.38346,0.44454,0.51964,0.66786,0.56747,0.4889,0.5798,0.79737,0.68932,1,0.62198,0.77256,0.4169,0.53246,0.68579,0.74409,0.28758,0.32842,0.43166,0.4836,0.30341,0.34315,0.22589,0.2805,0.074759,0.15601,0.49137,0.51914,0.70382,0.68286,0.27604,0.14562,0,0,0,0,0,0,0.4351,0.152,0.52728,0.60094,0.32285,0.22654,0.59526,0.70151,0.47105,0.62021,0.49857,0.48382,0.37991,0.31204,0.50492,0.56961,0.6165,0.61397,0.75467,0.6499,0.73256,0.73823,0.50662,0.49714,0.57105,0.59536,0.54043,0.56273,0.14086,0.26915,0.53899,0.54396,0.54433,0.56402,0.17084,0.34904,0.033799,0,0.29324,0.4766,0.46247,0.52982,0.4301,0.48752,0.039318,0,0.23604,0.41833,0.46146,0.35837,0.47,0.37614,0.034896,0.063202,0.21456,0.34786,0.47698,0.52489,0.51087,0.47159,0.38636,0.50037,0,0,0.18309,0.12472,0.15417,0.28579,0.36991,0.59075,0.59931,0.49566,0.042492,0
0.63804,0.55817,0.63785,0.62026,0.75992,0.52492,0.68283,0.60633,0.77469,0.65706,0.59897,0.45709,0.83927,0.62198,1,0.84776,0.51906,0.35441,0.74774,0.6956,0.30689,0.27049,0.5834,0.55122,0.62919,0.59115,0.3234,0.28267,0.14519,0.032583,0.55801,0.63082,0.58883,0.56104,0.43129,0.306,0.23672,0.25088,0,0.028081,0.25708,0.15746,0.5107,0.23753,0.48274,0.46553,0.44217,0.28232,0.59788,0.57192,0.6438,0.53224,0.48802,0.53072,0.5253,0.52121,0.48718,0.5628,0.7076,0.679,0.75031,0.52018,0.73481,0.48309,0.7248,0.46502,0.73236,0.69722,0.65975,0.67243,0,0.082627,0.66627,0.58299,0.44594,0.49298,0.3187,0.41439,0.27168,0,0.56421,0.58666,0.59363,0.73786,0.67811,0.6313,0.34533,0.24904,0.48755,0.57423,0.61389,0.58461,0.61322,0.66163,0,0.032385,0.36243,0.38946,0.61391,0.63847,0.62446,0.75633,0.5667,0.73818,0.089286,0.11842,0.23529,0.10343,0,0.020633,0.50059,0.73599,0.75559,0.57591,0.1185,0.10897
0.63469,0.63083,0.51311,0.65963,0.66064,0.57061,0.58951,0.67026,0.65571,0.71416,0.57086,0.55785,0.70492,0.77256,0.84776,1,0.54438,0.48896,0.70969,0.75889,0.41428,0.36914,0.49901,0.55733,0.52131,0.55168,0.3213,0.32068,0.18242,0.17466,0.59456,0.66312,0.66599,0.66086,0.31116,0.26129,0.026932,0.19253,0,0,0.13937,0.11086,0.54585,0.29081,0.52421,0.58433,0.46383,0.31285,0.57529,0.65615,0.6079,0.56658,0.57588,0.5764,0.52532,0.54516,0.54927,0.58689,0.58703,0.61041,0.68974,0.60094,0.75797,0.58162,0.64311,0.52057,0.6276,0.6353,0.65542,0.63015,0.022349,0.15411,0.64159,0.66179,0.49097,0.55576,0.17508,0.33888,0.26834,0,0.57359,0.64344,0.55913,0.78803,0.62935,0.68929,0.3124,0.20216,0.37971,0.60514,0.56196,0.47037,0.57717,0.47423,0,0,0.26694,0.43171,0.59955,0.64599,0.57055,0.57988,0.44502,0.61254,0,0.017562,0.10549,0,0,0,0.40855,0.71337,0.68968,0.58243,0.080952,0.096184
0.5756,0.50956,0.28756,0.28194,0.38696,0.25356,0.38742,0.28236,0.19676,0.27986,0.55438,0.31862,0.50481,0.4169,0.51906,0.54438,1,0.57332,0.51277,0.49209,0.30367,0.29439,0.2521,0.22392,0.28537,0.29685,0.16794,0.1446,0.56033,0.32979,0.46383,0.40034,0.58774,0.48638,0.18131,0.094371,0.12114,0.174,0,0,0.22169,0.21346,0.48704,0.39996,0.44387,0.46406,0.37715,0.35499,0.39846,0.39646,0.41024,0.37945,0.37437,0.38818,0.33085,0.4081,0.60694,0.56629,0.3457,0.31246,0.42016,0.25982,0.5947,0.37642,0.29249,0.13351,0.42667,0.35157,0.55762,0.42932,0.17654,0.19302,0.67012,0.58417,0.33879,0.33077,0.22352,0.30013,0.67511,0.16377,0.68265,0.57779,0.31249,0.50716,0.35786,0.44504,0.18416,0.15826,0.088269,0.3647,0.24258,0.2137,0.19619,0.20682,0,0,0.21336,0.39487,0.38988,0.45208,0.2668,0.31628,0.22689,0.34215,0,0,0,0,0,0,0.32395,0.43809,0.40648,0.42259,0,0
0.41097,0.50387,0.061255,0.10908,0.19362,0.02374,0.10935,0.167,0.057057,0.035049,0.33788,0.49563,0.31151,0.53246,0.35441,0.48896,0.57332,1,0.32256,0.36221,0.3345,0.29191,0.022563,0.010196,0.0052625,0,0.24126,0.029376,0.28554,0.54761,0.34797,0.23205,0.49707,0.42657,0.012806,0,0,0.10378,0,0,0,0.20704,0.34127,0.38749,0.41065,0.47531,0.23047,0.26823,0.32319,0.39797,0.3434,0.35445,0.34695,0.23001,0.24334,0.25957,0.54816,0.56937,0.26716,0.32237,0.32527,0.31572,0.42037,0.55261,0.22251,0.17743,0.24385,0.17387,0.39659,0.26856,0.21852,0.29019,0.4365,0.37014,0.20178,0.14968,0,0,0.44403,0.45828,0.51841,0.63186,0.38175,0.48334,0.34714,0.38469,0.25739,0.18858,0.19043,0.13605,0.025214,0,0,0,0,0.065503,0.023742,0.30412,0.19319,0.24855,0.2268,0.13304,0.12849,0.15916,0,0,0,0,0,0,0,0.22688,0.23544,0.068142,0,0.079851
0.79352,0.7402,0.79293,0.77692,0.61948,0.63461,0.81443,0.74038,0.7255,0.64271,0.66007,0.50699,0.79587,0.68579,0.74774,0.70969,0.51277,0.32256,1,0.93405,0.28585,0.26264,0.71436,0.69672,0.56821,0.60841,0.15379,0.36572,0.090836,0,0.54827,0.63551,0.713,0.70681,0.412,0.26726,0,0.017061,0,0,0,0.027363,0.55251,0.23891,0.57464,0.57497,0.40823,0.37494,0.68441,0.65301,0.61762,0.62077,0.60163,0.61886,0.49083,0.45916,0.59342,0.68864,0.78466,0.68934,0.85247,0.5712,0.78896,0.60047,0.66915,0.46332,0.80527,0.78478,0.78008,0.77633,0.028957,0.13496,0.68075,0.61662,0.61142,0.68646,0.45574,0.58299,0.091866,0,0.35759,0.41744,0.41252,0.47317,0.55883,0.53448,0.090527,0,0.35531,0.62701,0.70397,0.64605,0.6657,0.69807,0,0,0.38986,0.44376,0.67364,0.68845,0.56978,0.72328,0.51324,0.69065,0.15296,0.22082,0.27705,0.21552,0.13067,0.2754,0.62457,0.73916,0.73379,0.62628,0.20608,0
0.73081,0.79662,0.67146,0.78743,0.59628,0.64379,0.69642,0.756,0.69475,0.66133,0.56855,0.53346,0.6941,0.74409,0.6956,0.75889,0.49209,0.36221,0.93405,1,0.34734,0.33591,0.64168,0.66161,0.50497,0.55999,0.18141,0.39432,0.04692,0,0.5454,0.62067,0.74635,0.78018,0.30892,0.18761,0,0,0,0,0,0.034122,0.53457,0.23083,0.56772,0.62801,0.3885,0.3646,0.64351,0.67437,0.54511,0.58268,0.62343,0.62767,0.45594,0.4404,0.61071,0.70801,0.73922,0.7001,0.81306,0.63348,0.82804,0.68131,0.57782,0.4878,0.74001,0.74121,0.79072,0.76545,0.088736,0.17085,0.6361,0.6321,0.62717,0.67231,0.38851,0.52625,0.072147,0,0.37203,0.4328,0.44077,0.49831,0.50968,0.54074,0.074788,0,0.31194,0.60045,0.67433,0.5979,0.64589,0.6034,0,0,0.28952,0.4467,0.66351,0.67582,0.58331,0.6407,0.48953,0.63564,0.095941,0.18134,0.24842,0.19515,0.091013,0.24902,0.54519,0.73301,0.70865,0.63379,0.21459,0.023342
0.32424,0.31955,0.12434,0.17332,0.48747,0.11226,0.187,0.15528,0.11716,0.2254,0.25235,0.080409,0.27105,0.28758,0.30689,0.41428,0.30367,0.3345,0.28585,0.34734,1,0.92181,0.17797,0.17352,0.35689,0.33022,0.28464,0.32175,0,0.085508,0.43386,0.31356,0.53657,0.57128,0.12258,0,0.0067932,0,0,0,0,0,0.14246,0,0.34345,0.32157,0.14932,0,0.19007,0.20736,0.14204,0.086577,0.074286,0.096219,0.016545,0.07512,0.39989,0.32806,0.12625,0.11629,0.23555,0.20618,0.39641,0.32431,0.28768,0.23247,0.20191,0.14582,0.24231,0.2076,0.68994,0.76135,0.48045,0.29507,0.45829,0.2694,0,0,0.24509,0.1962,0.18794,0.26847,0.13868,0.31651,0.08559,0.26568,0,0,0,0.022513,0,0,0.066838,0,0,0,0,0,0.07291,0.0055847,0.087694,0.01456,0,0.051894,0,0,0,0,0.013902,0.077149,0,0.2187,0.2615,0,0,0
0.31016,0.31843,0.09333,0.13841,0.42235,0.13685,0.13806,0.1289,0.14282,0.19519,0.27624,0.10098,0.26178,0.32842,0.27049,0.36914,0.29439,0.29191,0.26264,0.33591,0.92181,1,0.13247,0.1193,0.3301,0.31032,0.34103,0.42307,0,0.032617,0.40016,0.2578,0.5759,0.62067,0.10565,0,0,0,0,0,0,0,0.081223,0,0.33136,0.31817,0.077261,0,0.16682,0.22205,0.072538,0.080638,0,0.012388,0,0,0.37418,0.3027,0.1184,0.12413,0.2625,0.23983,0.42371,0.38825,0.2752,0.22987,0.15393,0.10008,0.18481,0.17205,0.74431,0.83919,0.47659,0.32011,0.53124,0.34853,0,0,0.20734,0.1093,0.083818,0.1918,0.084414,0.21314,0,0.18349,0,0,0,0,0,0,0,0,0,0,0,0,0.0051776,0,0.073842,0.0032102,0,0.033677,0,0,0,0,0.025575,0.13607,0,0.20332,0.26719,0.0031329,0,0
0.44932,0.41139,0.854,0.81231,0.51172,0.50804,0.78249,0.64528,0.63264,0.54811,0.29688,0.20751,0.66165,0.43166,0.5834,0.49901,0.2521,0.022563,0.71436,0.64168,0.17797,0.13247,1,0.94221,0.64498,0.55559,0.10858,0.22599,0,0,0.56709,0.66605,0.57343,0.56102,0.67091,0.51238,0.10554,0,0,0,0.027942,0.051653,0.44053,0.090367,0.4069,0.28656,0.36799,0.28458,0.43014,0.42474,0.53015,0.39984,0.39275,0.51959,0.34689,0.36952,0.36289,0.39294,0.55936,0.39366,0.65117,0.35099,0.64523,0.37933,0.62522,0.4613,0.70765,0.69208,0.55446,0.64942,0.01651,0.053098,0.47567,0.37332,0.40952,0.58202,0.5135,0.58421,0,0,0.15057,0.25431,0.11458,0.26943,0.46634,0.53468,0,0,0.30355,0.5544,0.58591,0.64859,0.65165,0.67625,0.049877,0.010404,0.43323,0.33571,0.50681,0.47702,0.33842,0.55978,0.38286,0.50566,0.30324,0.29629,0.47323,0.34309,0.15399,0.36871,0.59639,0.65059,0.61086,0.55912,0.2236,0
0.43433,0.41365,0.80902,0.86562,0.48628,0.53155,0.76924,0.7515,0.61426,0.62121,0.3126,0.31001,0.61416,0.4836,0.55122,0.55733,0.22392,0.010196,0.69672,0.66161,0.17352,0.1193,0.94221,1,0.56099,0.5618,0.09228,0.25387,0,0,0.56173,0.71974,0.55425,0.55896,0.67161,0.54992,0.042435,0.0079613,0,0,0.021544,0.057654,0.42147,0.086833,0.37378,0.30875,0.35155,0.26639,0.40929,0.4724,0.50146,0.41881,0.41538,0.51927,0.34389,0.33335,0.30656,0.35111,0.51283,0.40373,0.63408,0.46782,0.62884,0.39612,0.65077,0.59885,0.65971,0.68488,0.52078,0.6249,0,0.015647,0.48622,0.3961,0.4116,0.56948,0.47856,0.57858,0,0,0.17761,0.28275,0.15764,0.30425,0.52291,0.60809,0.013871,0,0.34959,0.58292,0.63571,0.63777,0.7215,0.65636,0.054245,0.020841,0.4419,0.33047,0.51514,0.4904,0.39141,0.53595,0.39577,0.48363,0.269,0.27809,0.42509,0.32007,0.16987,0.32503,0.58329,0.64385,0.59599,0.58658,0.22371,0
0.3305,0.32192,0.54491,0.54393,0.60487,0.66172,0.46218,0.44465,0.66871,0.62933,0.22209,0.073214,0.50882,0.30341,0.62919,0.52131,0.28537,0.0052625,0.56821,0.50497,0.35689,0.3301,0.64498,0.56099,1,0.8572,0.45135,0.49758,0,0,0.50192,0.53712,0.52074,0.48116,0.46594,0.3075,0.20678,0.085427,0,0,0.13458,0.049324,0.49307,0.20773,0.53272,0.45189,0.47875,0.28109,0.4799,0.46616,0.54789,0.42392,0.36262,0.4456,0.46191,0.43303,0.29041,0.37868,0.48537,0.45522,0.49776,0.27266,0.50577,0.26452,0.61438,0.36214,0.61461,0.61104,0.47459,0.52969,0.060583,0.14642,0.4978,0.3755,0.38875,0.44127,0.31966,0.35659,0.072709,0,0.27285,0.30582,0.22135,0.38205,0.42684,0.42837,0.15354,0.093879,0.28676,0.4383,0.4351,0.44254,0.39551,0.48204,0,0,0.21153,0.28321,0.45908,0.45559,0.41448,0.57202,0.38712,0.53222,0.063188,0.16085,0.24676,0.10164,0,0.013212,0.3772,0.5483,0.58488,0.35284,0,0.13266
0.35526,0.32453,0.48048,0.54288,0.53416,0.75897,0.47252,0.49671,0.66974,0.65786,0.314,0.18057,0.4891,0.34315,0.59115,0.55168,0.29685,0,0.60841,0.55999,0.33022,0.31032,0.55559,0.5618,0.8572,1,0.39156,0.60675,0.062374,0,0.51739,0.61488,0.52316,0.50093,0.44181,0.30404,0.18216,0.16238,0,0,0.082919,0,0.43537,0.16541,0.4641,0.44486,0.393,0.21915,0.43424,0.44802,0.44161,0.42603,0.34814,0.39375,0.49531,0.37921,0.23996,0.34404,0.50875,0.4989,0.49624,0.36021,0.50152,0.21297,0.60103,0.41462,0.61717,0.63586,0.44678,0.49933,0.014248,0.076721,0.59476,0.47109,0.46146,0.49355,0.40587,0.48235,0.080915,0,0.30111,0.2826,0.31361,0.3984,0.43816,0.41821,0.1967,0.1026,0.28087,0.4577,0.51854,0.45809,0.48386,0.54022,0,0,0.29566,0.31077,0.53295,0.53397,0.53145,0.62318,0.46917,0.58453,0.093508,0.22859,0.20606,0.17483,0,0.019093,0.4385,0.61345,0.60082,0.39673,0,0.08494
0.093909,0.15224,0.10316,0.13824,0.34737,0.31494,0,0.10275,0.31249,0.19633,0.08443,0.18042,0.13478,0.22589,0.3234,0.3213,0.16794,0.24126,0.15379,0.18141,0.28464,0.34103,0.10858,0.09228,0.45135,0.39156,1,0.75265,0.062911,0.21276,0.30031,0.21228,0.3522,0.27774,0.14024,0.083082,0,0.038499,0,0,0.020097,0.065102,0.128,0.18368,0.24803,0.26642,0.07144,0.057634,0.16567,0.23097,0.23464,0.19436,0.15673,0.082699,0.090366,0.082952,0.13096,0.17839,0.14711,0.19523,0.21313,0.18889,0.25519,0.27303,0.25696,0.17748,0.16684,0.14717,0.2218,0.1932,0.15858,0.23016,0.25815,0.20747,0.17253,0.22518,0,0,0.15842,0.19657,0.34777,0.35561,0.29333,0.33273,0.33746,0.32698,0.15892,0.15409,0.093666,0.15947,0.020187,0,0.030946,0.010096,0,0,0,0.034962,0.067361,0.11487,0.2582,0.18164,0.10533,0.14989,0,0,0,0,0,0,0,0.16225,0.23144,0,0,0.2131
0.2288,0.28003,0.22155,0.33345,0.3939,0.59021,0.17831,0.35027,0.41689,0.3981,0.21233,0.24056,0.16442,0.2805,0.28267,0.32068,0.1446,0.029376,0.36572,0.39432,0.32175,0.42307,0.22599,0.25387,0.49758,0.60675,0.75265,1,0.010899,0,0.25988,0.27772,0.40172,0.3851,0.16935,0.072622,0,0,0,0,0,0,0.16318,0.08078,0.28098,0.32601,0.081188,0.061016,0.24474,0.28445,0.15484,0.24048,0.23114,0.20068,0.13696,0.067059,0.1219,0.24124,0.26073,0.32403,0.29827,0.30912,0.32088,0.29704,0.23348,0.20908,0.29962,0.32166,0.29586,0.29365,0.20819,0.26995,0.37587,0.30479,0.38251,0.39151,0.15503,0.20324,0.013099,0,0.1605,0.1253,0.18673,0.19531,0.20909,0.18515,0,0,0.019473,0.23558,0.24017,0.18503,0.23386,0.21109,0,0,0.0029074,0.074992,0.25141,0.2555,0.37925,0.2919,0.2317,0.24721,0,0.01303,0,0.040464,0,0.0088249,0.12191,0.30441,0.31971,0.16582,0,0.13256
0.21275,0,0,0,0,0,0.12163,0,0,0,0.40554,0.19658,0.1628,0.074759,0.14519,0.18242,0.56033,0.28554,0.090836,0.04692,0,0,0,0,0,0.062374,0.062911,0.010899,1,0.57881,0.25982,0.18556,0.086455,0,0,0.059665,0.24486,0.3354,0.27177,0.25549,0.34741,0.11159,0.13083,0.26644,0,0.048165,0.015443,0.13973,0.027194,0.0067492,0.01873,0.089793,0.080849,0.050635,0.1211,0.15458,0.18092,0.010545,0.005903,0,0.012187,0.0049978,0.089262,0,0,0,0.00051212,0,0.097623,0,0,0,0.39741,0.3822,0,0.020132,0.079848,0.13281,0.61229,0.26251,0.46596,0.2724,0.16087,0.27405,0.011335,0.094,0.20235,0.21596,0,0.15853,0.029297,0,0,0.0081671,0,0.12624,0.1096,0.19733,0.068224,0.1589,0.018964,0.045186,0,0.071037,0,0.017328,0,0,0,0,0.12806,0.047104,0.016914,0.15927,0,0.032842
0,0.040872,0,0,0,0,0,0,0,0,0.087672,0.24268,0,0.15601,0.032583,0.17466,0.32979,0.54761,0,0,0.085508,0.032617,0,0,0,0,0.21276,0,0.57881,1,0.11598,0,0.053985,0,0,0,0,0.26352,0.26188,0.25788,0.16407,0.27182,0.043365,0.33692,0.012322,0.16753,0,0.063021,0,0.042477,0.010828,0.056615,0.021928,0,0.053951,0.028,0.092393,0.05198,0,0,0,0.0099038,0,0.073141,0,0,0,0,0,0,0,0,0.16906,0.2656,0,0,0,0,0.50282,0.68344,0.52008,0.5136,0.35245,0.41144,0.10063,0.093952,0.38217,0.3468,0.0017195,0,0,0,0,0,0.0032277,0.16152,0,0.097945,0,0,0,0,0,0,0,0,0,0,0,0,0,0,0,0,0,0.025134
0.37737,0.30772,0.43137,0.45455,0.3322,0.26307,0.4752,0.37593,0.43469,0.31099,0.38785,0.26975,0.57379,0.49137,0.55801,0.59456,0.46383,0.34797,0.54827,0.5454,0.43386,0.40016,0.56709,0.56173,0.50192,0.51739,0.30031,0.25988,0.25982,0.11598,1,0.86716,0.74748,0.68923,0.41556,0.22389,0.046779,0.025485,0,0,0.038771,0.0087066,0.31066,0.14676,0.35596,0.34687,0.22458,0.066242,0.23301,0.3348,0.3264,0.25932,0.19399,0.23259,0.27119,0.23186,0.38189,0.33395,0.35634,0.29599,0.542,0.39959,0.66856,0.46797,0.61177,0.46553,0.46176,0.44267,0.42465,0.44558,0.1966,0.28043,0.64846,0.55676,0.36844,0.51458,0.15931,0.28428,0.2059,0.06319,0.39169,0.52366,0.23984,0.40497,0.37221,0.54584,0.080603,0.021242,0.032983,0.33907,0.26173,0.24321,0.31502,0.32349,0,0,0.070916,0.15531,0.31973,0.33691,0.31046,0.41143,0.25123,0.41572,0,0.056249,0.2241,0.073851,0,0.10341,0.21252,0.53627,0.5262,0.32621,0,0.047972
0.47841,0.40612,0.54613,0.66516,0.43352,0.41772,0.60321,0.60187,0.56291,0.52011,0.38443,0.3986,0.59221,0.51914,0.63082,0.66312,0.40034,0.23205,0.63551,0.62067,0.31356,0.2578,0.66605,0.71974,0.53712,0.61488,0.21228,0.27772,0.18556,0,0.86716,1,0.66506,0.63942,0.54155,0.39104,0.099305,0.12598,0,0,0.14774,0.036278,0.39049,0.14394,0.40317,0.39747,0.34745,0.18842,0.35835,0.46936,0.43635,0.39086,0.36584,0.42996,0.42943,0.37228,0.4062,0.40095,0.50001,0.4622,0.5973,0.52469,0.65693,0.42575,0.66621,0.59018,0.61952,0.63516,0.53854,0.59989,0.014704,0.11625,0.64966,0.6037,0.40789,0.56002,0.32943,0.47141,0.11402,0,0.38999,0.48301,0.27546,0.48241,0.50375,0.61779,0.15771,0.087594,0.22015,0.49227,0.52037,0.45425,0.52993,0.51887,0,0,0.30773,0.3001,0.49768,0.52755,0.46494,0.59307,0.44031,0.59554,0.053305,0.20166,0.23973,0.20131,0.0054843,0.10258,0.41682,0.63372,0.60902,0.46325,0,0
0.62152,0.61368,0.54423,0.56089,0.46782,0.42827,0.53814,0.50231,0.50741,0.39708,0.49699,0.42272,0.65257,0.70382,0.58883,0.66599,0.58774,0.49707,0.713,0.74635,0.53657,0.5759,0.57343,0.55425,0.52074,0.52316,0.3522,0.40172,0.086455,0.053985,0.74748,0.66506,1,0.93475,0.42263,0.14177,0,0,0,0,0,0,0.45547,0.21086,0.61281,0.61343,0.33141,0.19369,0.48073,0.57802,0.46078,0.50326,0.37172,0.39919,0.30999,0.31447,0.62498,0.62391,0.56267,0.47975,0.75393,0.54278,0.86434,0.73287,0.6061,0.48834,0.62642,0.59533,0.59311,0.60617,0.31598,0.43689,0.71643,0.59504,0.62333,0.65154,0.15979,0.28787,0.24026,0,0.41079,0.56864,0.28802,0.41752,0.41554,0.59538,0,0,0.04268,0.39315,0.30178,0.27642,0.34551,0.32967,0,0,0.12329,0.26657,0.44347,0.46763,0.40259,0.45386,0.29574,0.46133,0,0,0.17419,0.050558,0.078116,0.24091,0.28017,0.64518,0.65399,0.4215,0,0.047072
0.60493,0.65013,0.53087,0.60922,0.51316,0.44952,0.53835,0.56751,0.53691,0.46011,0.44387,0.38021,0.61638,0.68286,0.56104,0.66086,0.48638,0.42657,0.70681,0.78018,0.57128,0.62067,0.56102,0.55896,0.48116,0.50093,0.27774,0.3851,0,0,0.68923,0.63942,0.93475,1,0.40881,0.11955,0,0,0,0,0,0,0.40712,0.11956,0.58896,0.60192,0.32,0.15258,0.46653,0.5724,0.40288,0.44104,0.35289,0.363,0.27676,0.27108,0.59195,0.60601,0.57081,0.51992,0.74337,0.58303,0.84619,0.75883,0.57826,0.51438,0.62214,0.60082,0.57707,0.61052,0.36962,0.48064,0.67137,0.56791,0.70337,0.66535,0.22135,0.33593,0.13727,0,0.29406,0.43597,0.29349,0.37354,0.34756,0.50728,0,0,0.030483,0.32227,0.34053,0.28628,0.38605,0.34762,0,0,0.11647,0.22156,0.47846,0.45751,0.44229,0.43596,0.34102,0.4626,0,0,0.22618,0.17909,0.17922,0.34255,0.27751,0.65089,0.64712,0.45005,0,0.063903
0.33349,0.20022,0.62472,0.56869,0.38396,0.27399,0.57541,0.45103,0.45589,0.35464,0.19752,0.18978,0.4773,0.27604,0.43129,0.31116,0.18131,0.012806,0.412,0.30892,0.12258,0.10565,0.67091,0.67161,0.46594,0.44181,0.14024,0.16935,0,0,0.41556,0.54155,0.42263,0.40881,1,0.75834,0.33591,0.059096,0,0,0.031884,0,0.33806,0.042965,0.35514,0.18878,0.32233,0.1637,0.26282,0.30644,0.38629,0.31825,0.19111,0.24802,0.34501,0.28076,0.21469,0.2688,0.40927,0.28922,0.44858,0.30796,0.4056,0.23314,0.57347,0.5633,0.60506,0.59318,0.30799,0.48339,0.065178,0.095994,0.44888,0.2174,0.35087,0.36628,0.43237,0.50295,0.016276,0,0.11895,0.167,0.07033,0.15841,0.39267,0.45773,0,0,0.29247,0.33246,0.37281,0.3373,0.44052,0.48018,0.17407,0.16044,0.55745,0.26705,0.43773,0.39834,0.39993,0.46308,0.4731,0.42794,0.30716,0.27704,0.33013,0.36682,0.17658,0.33736,0.55324,0.50736,0.51978,0.44178,0.15039,0
0.16269,0.074885,0.45953,0.45583,0.22526,0.26393,0.43694,0.37922,0.35267,0.34382,0.1262,0.10341,0.29697,0.14562,0.306,0.26129,0.094371,0,0.26726,0.18761,0,0,0.51238,0.54992,0.3075,0.30404,0.083082,0.072622,0.059665,0,0.22389,0.39104,0.14177,0.11955,0.75834,1,0.33362,0.29735,0.15854,0.15152,0.27077,0.10489,0.23058,0.044018,0.092956,0,0.21392,0.17701,0.079375,0.12628,0.27746,0.1865,0.17652,0.23015,0.3108,0.26598,0.041474,0.095894,0.23776,0.14179,0.2308,0.18732,0.17439,0.063254,0.37087,0.38116,0.38608,0.4076,0.20604,0.34029,0,0,0.26831,0.23896,0.11606,0.28989,0.4303,0.49783,0,0,0.1712,0.12209,0.068913,0.17588,0.32355,0.36474,0.040135,0.028396,0.26933,0.37292,0.37224,0.33462,0.39907,0.41412,0.17385,0.2186,0.5388,0.26632,0.36802,0.35709,0.28508,0.37265,0.39125,0.36589,0.29182,0.34286,0.18967,0.24178,0.11249,0.14774,0.53113,0.3627,0.31439,0.43028,0.2643,0.005709
0.038762,0,0.11562,0,0.19074,0,0.13949,0,0.040238,0,0,0,0.12016,0,0.23672,0.026932,0.12114,0,0,0,0.0067932,0,0.10554,0.042435,0.20678,0.18216,0,0,0.24486,0,0.046779,0.099305,0,0,0.33591,0.33362,1,0.44538,0.33249,0.3937,0.32991,0.10785,0.14049,0,0,0,0.21959,0.042143,0.031766,0,0.054095,0,0,0.041488,0.17843,0.16731,0,0,0.1531,0.075171,0.00098439,0,0,0,0,0,0.22544,0.21469,0,0.12034,0,0,0.18626,0,0,0,0.48344,0.42717,0.27723,0.042712,0.10772,0.013736,0.048446,0.2016,0,0,0,0.095836,0,0.0070462,0.18944,0.22912,0.14681,0.32432,0.22784,0.39632,0.49093,0.20398,0.27849,0.19426,0.31235,0.34353,0.39722,0.37073,0.39988,0.46752,0.24236,0.28335,0.01253,0.15614,0.42594,0.26295,0.2289,0.17306,0.13313,0.17037
0,0,0.0095588,0.013603,0.12047,0.076665,0.037292,0,0.083702,0.087832,0,0,0,0,0.25088,0.19253,0.174,0.10378,0.017061,0,0,0,0,0.0079613,0.085427,0.16238,0.038499,0,0.3354,0.26352,0.025485,0.12598,0,0,0.059096,0.29735,0.44538,1,0.68556,0.76253,0.5959,0.42636,0.21362,0.37561,0.0050843,0,0.1713,0.31859,0.079332,0,0.21754,0.089127,0.21262,0.20274,0.34547,0.38699,0,0,0.080746,0.082301,0,0,0,0,0.020931,0,0.13747,0.12419,0.12123,0.044143,0,0,0.12294,0.15995,0,0,0.092161,0.18481,0.3225,0.23798,0.51944,0.37166,0.33917,0.43809,0.35305,0.246,0.63902,0.67355,0.34363,0.33514,0.19969,0.20526,0.064095,0.1977,0,0.18301,0.39191,0.46154,0.26299,0.3515,0.21593,0.24834,0.29244,0.25677,0.1182,0.33608,0,0,0,0,0.28964,0.14234,0.1294,0.16714,0.13824,0.13669
0,0,0,0,0,0,0,0,0,0,0,0,0,0,0,0,0,0,0,0,0,0,0,0,0,0,0,0,0.27177,0.26188,0,0,0,0,0,0.15854,0.33249,0.68556,1,0.8927,0.71979,0.43529,0.16072,0.38093,0,0,0.16129,0.32454,0,0,0.15411,0,0.11913,0.093438,0.30465,0.33455,0,0,0,0,0,0,0,0,0,0,0,0,0,0,0,0,0,0,0,0,0,0,0.23919,0.31165,0.36265,0.19674,0.16391,0.22337,0.27108,0.092197,0.70761,0.75381,0.40419,0.2456,0.087263,0.097308,0,0.054575,0.10467,0.29446,0.35566,0.38364,0.099115,0.1581,0.024753,0.048044,0.14112,0.05196,0.20604,0.22732,0,0,0,0,0.14649,0,0,0,0.14725,0.0095551
0,0,0,0,0,0,0,0,0,0,0,0,0,0,0.028081,0,0,0,0,0,0,0,0,0,0,0,0,0,0.25549,0.25788,0,0,0,0,0,0.15152,0.3937,0.76253,0.8927,1,0.65754,0.50995,0.13984,0.39125,0,0,0.14073,0.29992,0,0,0.13659,0,0.093037,0.04245,0.2295,0.29059,0,0,0,0,0,0,0,0,0,0,0,0,0,0,0,0,0,0,0,0,0,0,0.26056,0.39087,0.37187,0.22775,0.14276,0.27089,0.2638,0.1253,0.69507,0.79614,0.38841,0.1879,0.063157,0.053491,0,0.012297,0,0.2319,0.29785,0.37946,0.11066,0.12181,0.055578,0.027518,0.16574,0.01226,0.17754,0.23014,0,0,0,0,0.083004,0,0,0,0.10011,0.052381
0.013037,0,0.070954,0.052363,0.11833,0,0.093953,0,0.015323,0.077537,0,0,0.032622,0,0.25708,0.13937,0.22169,0,0,0,0,0,0.027942,0.021544,0.13458,0.082919,0.020097,0,0.34741,0.16407,0.038771,0.14774,0,0,0.031884,0.27077,0.32991,0.5959,0.71979,0.65754,1,0.39324,0.2999,0.35402,0.0015583,0,0.32476,0.33421,0.073537,0,0.25971,0.10511,0.20084,0.29334,0.36808,0.48745,0,0,0.066235,0.03731,0,0,0,0,0.030165,0,0.12534,0.12795,0.15975,0.097477,0,0,0.12542,0.11295,0,0,0.10975,0.10416,0.34824,0.22166,0.47352,0.34624,0.082461,0.32278,0.27998,0.30297,0.56614,0.63162,0.30344,0.36448,0.24292,0.29086,0.15681,0.21122,0,0,0.26556,0.3547,0.27398,0.32397,0.092694,0.27263,0.24634,0.30376,0.11425,0.14672,0,0,0,0,0.27645,0.19823,0.18208,0.21284,0.046709,0.030013
0,0.044797,0.025435,0.060789,0,0.076159,0,0.045714,0.12339,0.026654,0,0.02814,0.053238,0,0.15746,0.11086,0.21346,0.20704,0.027363,0.034122,0,0,0.051653,0.057654,0.049324,0,0.065102,0,0.11159,0.27182,0.0087066,0.036278,0,0,0,0.10489,0.10785,0.42636,0.43529,0.50995,0.39324,1,0.23352,0.46287,0.057008,0.12052,0.085045,0.34522,0.12536,0.12684,0.271,0.18014,0.21031,0.20613,0.12862,0.17218,0.01554,0.070749,0.075596,0.10883,0.06831,0,0.078949,0.088525,0.037673,0,0.050534,0.043612,0.11225,0.024876,0,0,0.077196,0.19328,0,0.049962,0,0.059783,0.16555,0.24421,0.36274,0.3836,0.15328,0.27405,0.30807,0.22988,0.47413,0.54394,0.2665,0.20553,0.19572,0.097063,0.052315,0.079863,0,0.0066028,0.18591,0.41808,0.2195,0.28796,0.15899,0.12813,0.21729,0.098143,0.062533,0.091713,0.034147,0,0,0,0.14893,0.056212,0.014407,0.16405,0.14902,0
0.54689,0.5185,0.53272,0.56066,0.47805,0.49542,0.5402,0.49785,0.41679,0.46103,0.32004,0.31475,0.50558,0.4351,0.5107,0.54585,0.48704,0.34127,0.55251,0.53457,0.14246,0.081223,0.44053,0.42147,0.49307,0.43537,0.128,0.16318,0.13083,0.043365,0.31066,0.39049,0.45547,0.40712,0.33806,0.23058,0.14049,0.21362,0.16072,0.13984,0.2999,0.23352,1,0.78012,0.86351,0.80861,0.86206,0.87712,0.8135,0.71398,0.7999,0.68929,0.73802,0.74634,0.72857,0.804,0.54047,0.553,0.56127,0.47665,0.48825,0.23298,0.55414,0.34122,0.38554,0.18928,0.70852,0.67432,0.64974,0.59849,0,0,0.42268,0.29783,0.20727,0.29071,0.20622,0.33962,0.2605,0,0.51343,0.53404,0.30052,0.5149,0.58026,0.62614,0.33638,0.24839,0.42321,0.64216,0.49777,0.4785,0.38265,0.37718,0,0.10841,0.45703,0.76421,0.68144,0.70854,0.42215,0.44283,0.43804,0.51162,0.068642,0.15017,0.079933,0,0,0,0.56259,0.57448,0.52095,0.46643,0.14158,0.021458
0.23954,0.2784,0.16012,0.17386,0.17772,0.24711,0.17645,0.13287,0.11977,0.12118,0.18718,0.17467,0.20662,0.152,0.23753,0.29081,0.39996,0.38749,0.23891,0.23083,0,0,0.090367,0.086833,0.20773,0.16541,0.18368,0.08078,0.26644,0.33692,0.14676,0.14394,0.21086,0.11956,0.042965,0.044018,0,0.37561,0.38093,0.39125,0.35402,0.46287,0.78012,1,0.63447,0.65253,0.59161,0.843,0.56164,0.46324,0.64301,0.49492,0.58973,0.4591,0.52025,0.64557,0.3498,0.32482,0.22538,0.20628,0.16244,0.032691,0.29066,0.16353,0.17524,0,0.31867,0.25662,0.39894,0.23161,0,0,0.21468,0.15761,0,0.02221,0,0,0.31578,0.29732,0.58231,0.57463,0.29296,0.39984,0.54463,0.51561,0.55174,0.47739,0.33113,0.46162,0.1155,0.064888,0,0,0,0.032073,0.17718,0.63723,0.31791,0.42618,0.12172,0.10407,0.10605,0.16528,0,0,0,0,0,0,0.18508,0.16256,0.1388,0.14033,0,0
0.61116,0.59238,0.51373,0.52808,0.48258,0.50539,0.4842,0.46413,0.44871,0.42999,0.33187,0.37498,0.50678,0.52728,0.48274,0.52421,0.44387,0.41065,0.57464,0.56772,0.34345,0.33136,0.4069,0.37378,0.53272,0.4641,0.24803,0.28098,0,0.012322,0.35596,0.40317,0.61281,0.58896,0.35514,0.092956,0,0.0050843,0,0,0.0015583,0.057008,0.86351,0.63447,1,0.92625,0.74163,0.72898,0.86361,0.80241,0.78183,0.7465,0.67739,0.66308,0.62608,0.68224,0.62906,0.61964,0.60874,0.54856,0.57842,0.32719,0.62085,0.47648,0.47595,0.30483,0.72832,0.70027,0.61685,0.61535,0.033713,0.18548,0.4418,0.31469,0.37717,0.35735,0.053696,0.20914,0.2145,0,0.40136,0.49927,0.31465,0.45669,0.54418,0.58762,0.18155,0.079536,0.29309,0.52384,0.36135,0.33747,0.2643,0.286,0,0.064313,0.29151,0.61955,0.56386,0.61245,0.38198,0.39793,0.3419,0.46942,0,0,0.084617,0,0.0052936,0.072342,0.39307,0.52815,0.53262,0.33489,0,0.010699
0.56739,0.62861,0.38453,0.50555,0.41401,0.54419,0.37979,0.52283,0.4493,0.48038,0.37371,0.48341,0.44704,0.60094,0.46553,0.58433,0.46406,0.47531,0.57497,0.62801,0.32157,0.31817,0.28656,0.30875,0.45189,0.44486,0.26642,0.32601,0.048165,0.16753,0.34687,0.39747,0.61343,0.60192,0.18878,0,0,0,0,0,0,0.12052,0.80861,0.65253,0.92625,1,0.67253,0.69994,0.83884,0.86695,0.7206,0.77871,0.72106,0.65912,0.61377,0.62048,0.58325,0.61718,0.58545,0.61956,0.57043,0.45329,0.62392,0.55308,0.4362,0.34861,0.63974,0.65826,0.60263,0.56561,0.032616,0.15597,0.44968,0.38289,0.39669,0.3712,0,0.16932,0.18758,0.017353,0.44121,0.54428,0.38384,0.49904,0.54327,0.57858,0.25729,0.13684,0.31402,0.5214,0.3994,0.30332,0.27453,0.22718,0,0,0.18719,0.59154,0.54532,0.60574,0.4168,0.37701,0.329,0.44819,0,0,0.0038628,0,0,0,0.30351,0.49246,0.50084,0.32634,0,0.0050043
0.45274,0.46263,0.42028,0.51169,0.44846,0.44715,0.42193,0.45897,0.33939,0.44459,0.16365,0.24751,0.36372,0.32285,0.44217,0.46383,0.37715,0.23047,0.40823,0.3885,0.14932,0.077261,0.36799,0.35155,0.47875,0.393,0.07144,0.081188,0.015443,0,0.22458,0.34745,0.33141,0.32,0.32233,0.21392,0.21959,0.1713,0.16129,0.14073,0.32476,0.085045,0.86206,0.59161,0.74163,0.67253,1,0.77003,0.67754,0.62155,0.69861,0.5483,0.65107,0.68144,0.77318,0.79784,0.48327,0.51789,0.47191,0.46243,0.36488,0.25314,0.39139,0.26306,0.34649,0.22524,0.61134,0.58066,0.5655,0.57575,0,0,0.3157,0.16708,0.17879,0.17002,0.24912,0.30231,0.17555,0,0.35587,0.37566,0.16378,0.40502,0.47093,0.51134,0.21602,0.17233,0.43474,0.51551,0.45501,0.42937,0.36236,0.30664,0,0.13207,0.46466,0.6517,0.64674,0.61734,0.35625,0.4181,0.43313,0.50142,0.11793,0.15314,0.17341,0.02055,0,0.017389,0.49821,0.54715,0.52499,0.416,0,0.078678
0.39685,0.42398,0.37287,0.41228,0.26053,0.38002,0.36831,0.34004,0.23411,0.27703,0.17122,0.22925,0.2835,0.22654,0.28232,0.31285,0.35499,0.26823,0.37494,0.3646,0,0,0.28458,0.26639,0.28109,0.21915,0.057634,0.061016,0.13973,0.063021,0.066242,0.18842,0.19369,0.15258,0.1637,0.17701,0.042143,0.31859,0.32454,0.29992,0.33421,0.34522,0.87712,0.843,0.72898,0.69994,0.77003,1,0.71917,0.58785,0.72276,0.59604,0.77072,0.72322,0.65239,0.78701,0.46622,0.44396,0.41935,0.35007,0.27937,0.069635,0.33899,0.17226,0.15083,0,0.53255,0.48971,0.56158,0.45786,0,0,0.18937,0.14698,0.027752,0.091215,0.11505,0.24117,0.18651,0,0.4686,0.42615,0.23379,0.38069,0.54218,0.50539,0.41278,0.36286,0.42582,0.62109,0.39292,0.38676,0.20974,0.238,0.040921,0.19794,0.42221,0.81097,0.53345,0.60641,0.21991,0.27307,0.27248,0.33726,0.084938,0.12961,0.0026874,0,0,0,0.48123,0.3261,0.28401,0.33286,0.17755,0
