1,0.71086,0.54047,0.53853,0.46995,0.34223,0.6508,0.4973,0.47463,0.44277,0.779,0.13824,0.51432,0.32758,0.52567,0.33569,0.63679,0.55675,0.8427,0.71385,0.55428,0.46059,0.35923,0.3564,0.37166,0.38952,0.36604,0.29578,0.46364,0.11488,0.28682,0.26506,0.80324,0.72156,0.36765,0.25419,0.37291,0.50931,0.16984,0.29973,0.42441,0.38871,0.58113,0.53008,0.54495,0.6041,0.67124,0.58908,0.70656,0.69951,0.66891,0.64587,0.6585,0.6216,0.62245,0.66608,0.76466,0.69634,0.72297,0.62385,0.77034,0.60911,0.6453,0.53945,0.48599,0.41077,0.66886,0.60577,0.76744,0.64192,0.19594,0.3389,0.55343,0.45955,0.5635,0.45084,0.66674,0.55418,0.28913,0.19331,0.68219,0.69801,0.28824,0.27758,0.66314,0.58619,0.15245,0.26864,0.26059,0.54346,0.53665,0.64443,0.50217,0.63869,0,0,0.35464,0.18982,0.6762,0.7525,0.42202,0.62629,0.48258,0.64252,0.27761,0.49263,0.2669,0.29248,0.11527,0.032567,0.41411,0.60831,0.67158,0.68586,0.37405,0.14183
0.71086,1,0.1061,0.50357,0.46183,0.29399,0.24723,0.60092,0.34423,0.36024,0.64732,0.47486,0.26167,0.46805,0.4618,0.44528,0.63978,0.70844,0.76559,0.87432,0.5456,0.5569,0.10177,0.22745,0.25104,0.26381,0.29542,0.26864,0.1872,0.18681,0.40131,0.3508,0.68291,0.77938,0.28809,0.2831,0.39308,0.62582,0.16756,0.4386,0.33966,0.56804,0.41094,0.46974,0.3248,0.35915,0.55173,0.49925,0.45853,0.3989,0.37925,0.31379,0.39853,0.22645,0.65567,0.52495,0.74083,0.92241,0.56909,0.6653,0.54056,0.68444,0.45732,0.4611,0.35964,0.38877,0.52766,0.49893,0.7924,0.59919,0.26927,0.30346,0.51368,0.59691,0.6266,0.52591,0.69306,0.62088,0.29745,0.35425,0.56267,0.53539,0.31283,0.23672,0.58729,0.45664,0.30522,0.45873,0.51146,0.27753,0.5662,0.33554,0.47863,0.32113,0.0038028,0,0.34663,0.086562,0.77891,0.67943,0.63989,0.4162,0.67393,0.51347,0.24957,0.28691,0.36219,0.32016,0.25265,0.037602,0.3185,0.49415,0.64371,0.58663,0.19947,0.1688
0.54047,0.1061,1,0.56401,0.40378,0.35095,0.82286,0.36195,0.56054,0.39024,0.37682,0,0.46838,0,0.37489,0.052762,0.052849,0.039701,0.50601,0.21836,0.28858,0.13058,0.81077,0.64335,0.48989,0.35545,0.3462,0.26148,0.16687,0,0.089834,0.0098978,0.46136,0.32756,0.40861,0.15503,0.040352,0.014527,0,0,0.30132,0,0.5514,0.45776,0.58658,0.59661,0.45596,0.43267,0.63841,0.66219,0.62828,0.59636,0.5414,0.64274,0.25971,0.34898,0.10809,0.052847,0.34397,0.082854,0.49785,0.1701,0.29535,0.17982,0.56455,0.35761,0.41027,0.32424,0.28806,0.25375,0.23952,0.27812,0.26454,0.020195,0.24505,0.092353,0.22881,0.1827,0.070461,0,0.28988,0.32543,0,0,0.45052,0.39475,0,0,0.084388,0.39671,0.26814,0.65815,0.44102,0.64493,0,0,0,0,0.2012,0.35012,0,0.2481,0,0.18927,0.049994,0.34223,0,0,0,0,0.23726,0.46574,0.35218,0.32985,0.38187,0
0.53853,0.50357,0.56401,1,0.5506,0.58225,0.48275,0.82566,0.53133,0.62244,0.43205,0.15254,0.35892,0.30458,0.56893,0.50763,0.37854,0.26446,0.62982,0.60176,0.40056,0.43004,0.6361,0.74067,0.52267,0.55776,0.48047,0.43209,0.1184,0.21735,0.40139,0.35699,0.61345,0.63159,0.46288,0.31698,0.29983,0.38849,0.16144,0.38234,0.26328,0.28377,0.61351,0.65822,0.55097,0.57097,0.6174,0.6553,0.61326,0.59724,0.59304,0.5565,0.53198,0.45733,0.50594,0.39746,0.27476,0.4839,0.41108,0.48675,0.44496,0.5362,0.21261,0.24592,0.52046,0.58172,0.53506,0.5377,0.56923,0.52502,0.3839,0.28565,0.21921,0.26785,0.47302,0.24806,0.50304,0.47494,0.3657,0.19525,0.53909,0.36358,0.41105,0.22688,0.69834,0.51674,0.18275,0.20521,0.5532,0.23552,0.58961,0.52313,0.68452,0.48151,0.014642,0.062384,0.36208,0.19236,0.51187,0.48306,0.33939,0.14524,0.37704,0.22981,0.25084,0.26204,0.17469,0.13133,0,0.028054,0.33887,0.48433,0.51778,0.48491,0.35148,0.068038
0.46995,0.46183,0.40378,0.5506,1,0.51232,0.38747,0.40074,0.84134,0.7243,0.39972,0,0.36365,0.16512,0.60672,0.40436,0.24712,0.23265,0.40486,0.46672,0.48681,0.41972,0.52571,0.58224,0.72574,0.69661,0.74374,0.52771,0,0,0.10062,0.056891,0.45532,0.43555,0.62475,0.62773,0.37406,0.45012,0.2211,0.40386,0.16902,0.19962,0.52911,0.55501,0.52619,0.5603,0.61866,0.63592,0.60806,0.57853,0.63666,0.53471,0.69681,0.5048,0.73982,0.62862,0.32236,0.51267,0.72064,0.68414,0.59776,0.45733,0.22895,0.085064,0.67491,0.62944,0.72693,0.64432,0.64138,0.70032,0.20568,0.12835,0.22619,0.25225,0.49943,0.2125,0.52759,0.51032,0.24785,0.21337,0.3948,0.29074,0.21099,0.090765,0.69446,0.57385,0.19668,0.41471,0.6768,0.40456,0.75325,0.63037,0.72935,0.63677,0,0,0.33766,0.078085,0.69051,0.65231,0.60297,0.51066,0.68664,0.59562,0.34903,0.33901,0.28786,0.24478,0.055809,0,0.46119,0.68456,0.63975,0.54234,0.26237,0.062116
0.34223,0.29399,0.35095,0.58225,0.51232,1,0.35203,0.54543,0.58763,0.78416,0.21374,0.088887,0.19837,0.14248,0.53843,0.52985,0.10128,0.029883,0.34371,0.35765,0.27601,0.36176,0.44907,0.49681,0.44743,0.56126,0.51537,0.67498,0,0,0.15372,0.23133,0.33043,0.3554,0.4267,0.36701,0.24067,0.25479,0.14011,0.23452,0.11952,0.036444,0.50423,0.53981,0.3722,0.39508,0.51543,0.51418,0.46209,0.50633,0.49928,0.49054,0.455,0.44344,0.39229,0.39007,0.19836,0.30103,0.42273,0.46936,0.35082,0.44182,0.00062909,0.13628,0.38438,0.55203,0.43813,0.44729,0.33144,0.42836,0.21754,0.14565,0.16787,0.095516,0.41413,0.17804,0.35121,0.33882,0.15303,0,0.20915,0.099611,0.18847,0.12145,0.44218,0.42811,0.11978,0.19752,0.38944,0.27882,0.46374,0.42631,0.63056,0.48804,0,0,0.18955,0.13191,0.3703,0.39527,0.26602,0.23052,0.30519,0.26989,0.31926,0.32477,0.20473,0.21047,0,0,0.23541,0.31209,0.42698,0.40014,0.32862,0.14473
0.6508,0.24723,0.82286,0.48275,0.38747,0.35203,1,0.50113,0.62736,0.41077,0.57997,0.10216,0.68238,0.30021,0.49553,0.20979,0.22216,0.23742,0.61246,0.34833,0.41678,0.29373,0.53945,0.37447,0.27523,0.2578,0.25436,0.23259,0.35948,0,0.15088,0.059109,0.57981,0.46168,0.39096,0.16676,0.22338,0.16231,0,0.027137,0.38386,0.084579,0.56466,0.486,0.52259,0.56958,0.55494,0.46879,0.64311,0.66772,0.64503,0.62444,0.58394,0.58954,0.36185,0.46792,0.29192,0.17438,0.45713,0.2223,0.70935,0.42015,0.52256,0.3828,0.71337,0.47865,0.42017,0.35958,0.30557,0.3014,0.24701,0.34857,0.42104,0.21901,0.39814,0.27736,0.42713,0.34866,0.11849,0,0.34921,0.44373,0.022682,0.033269,0.4117,0.43247,0,0,0.10053,0.47782,0.3032,0.57022,0.41583,0.5821,0,0,0.11422,0.031213,0.35947,0.45499,0.087553,0.40232,0.10504,0.30922,0.10955,0.40388,0,0.042494,0,0,0.29812,0.4404,0.50379,0.47119,0.331,0
0.4973,0.60092,0.36195,0.82566,0.40074,0.54543,0.50113,1,0.45648,0.57768,0.50195,0.57358,0.41329,0.63474,0.51139,0.64054,0.41363,0.41616,0.61803,0.67442,0.40143,0.46121,0.30693,0.43287,0.19151,0.28589,0.28228,0.35772,0.22054,0.32297,0.3309,0.29145,0.52515,0.61863,0.26554,0.173,0.30917,0.41069,0.11014,0.3247,0.23005,0.32977,0.4859,0.54118,0.32218,0.39244,0.55096,0.53998,0.45031,0.47126,0.42983,0.436,0.40237,0.31801,0.43012,0.34387,0.34648,0.48959,0.34056,0.47619,0.47709,0.74034,0.28426,0.4661,0.46383,0.63112,0.34556,0.4095,0.45819,0.43715,0.40498,0.34275,0.24038,0.33673,0.45523,0.38049,0.52029,0.50196,0.32584,0.12388,0.4639,0.38942,0.42599,0.25189,0.50603,0.45816,0.18273,0.17291,0.46319,0.26434,0.5445,0.37349,0.61387,0.31495,0.14546,0.067401,0.40884,0.20484,0.52858,0.42997,0.3639,0.11738,0.33947,0.13134,0.18319,0.18273,0.14954,0.16249,0.092039,0.13962,0.33386,0.36028,0.53122,0.4304,0.23383,0.041134
0.47463,0.34423,0.56054,0.53133,0.84134,0.58763,0.62736,0.45648,1,0.76814,0.40647,0,0.53478,0.23128,0.70863,0.43831,0.21253,0.16993,0.41665,0.4016,0.4626,0.41424,0.604,0.56328,0.65225,0.64109,0.6495,0.50943,0,0,0.11291,0.073949,0.45999,0.42342,0.60959,0.48901,0.31198,0.29972,0.13861,0.27262,0.22693,0.057906,0.54219,0.54454,0.46273,0.49826,0.59745,0.58996,0.58541,0.59252,0.64838,0.54496,0.65203,0.53056,0.5933,0.57464,0.25481,0.36734,0.62541,0.51827,0.62545,0.43531,0.23503,0.1346,0.75952,0.66728,0.58512,0.49636,0.48071,0.54544,0.261,0.20309,0.26568,0.19083,0.51843,0.25892,0.47053,0.45863,0.21799,0.049754,0.29781,0.27441,0.10831,0.021819,0.59804,0.53446,0.076288,0.27414,0.56519,0.42897,0.58062,0.57552,0.67569,0.61681,0,0,0.26447,0.10765,0.57725,0.57568,0.43856,0.44896,0.50714,0.48232,0.36099,0.45381,0.1915,0.21643,0.032753,0,0.40917,0.59895,0.58838,0.58018,0.40562,0.10551
0.44277,0.36024,0.39024,0.62244,0.7243,0.78416,0.41077,0.57768,0.76814,1,0.25238,0.056044,0.27136,0.29041,0.61395,0.65624,0.15741,0.11082,0.32453,0.41706,0.43516,0.43079,0.51945,0.61997,0.65077,0.7028,0.68022,0.65281,0,0,0.080299,0.12126,0.33702,0.36076,0.57035,0.60463,0.43809,0.46832,0.33067,0.4685,0.22688,0.078637,0.53116,0.53932,0.3818,0.43505,0.61005,0.64271,0.5107,0.56904,0.59194,0.55927,0.61136,0.55794,0.60294,0.61535,0.31476,0.39387,0.62519,0.62893,0.52573,0.55515,0.023073,0.15552,0.519,0.77504,0.59264,0.58703,0.48322,0.67655,0.23268,0.17107,0.17987,0.11292,0.44401,0.224,0.47629,0.51269,0.25645,0,0.26555,0.18823,0.26181,0.19606,0.54485,0.60935,0.21408,0.36012,0.53179,0.56306,0.70547,0.6171,0.77449,0.65149,0.013544,0.070673,0.42909,0.27713,0.56748,0.55431,0.47156,0.43755,0.52337,0.50398,0.41653,0.39597,0.31643,0.29447,0,0.074218,0.51584,0.54852,0.55606,0.50883,0.34861,0.16449
0.779,0.64732,0.37682,0.43205,0.39972,0.21374,0.57997,0.50195,0.40647,0.25238,1,0.36277,0.72243,0.50786,0.56272,0.27755,0.66493,0.67116,0.71847,0.63075,0.50979,0.4471,0.22615,0.24302,0.21854,0.25808,0.22068,0.16093,0.50468,0.26873,0.30641,0.23327,0.69868,0.67231,0.19525,0.10832,0.27309,0.38271,0.070411,0.17472,0.3181,0.36153,0.42563,0.40981,0.35879,0.42518,0.54851,0.45217,0.55698,0.56028,0.50382,0.48804,0.53084,0.41961,0.53414,0.49293,0.56774,0.59639,0.54401,0.49983,0.68206,0.59887,0.71211,0.61792,0.47098,0.32473,0.4723,0.41062,0.57754,0.44786,0.24653,0.32528,0.48269,0.51666,0.53405,0.37118,0.60014,0.49389,0.24182,0.23529,0.65604,0.6876,0.32234,0.18673,0.59,0.47329,0.11038,0.17387,0.27312,0.3624,0.45854,0.41749,0.42678,0.42687,0.081332,0,0.37508,0.12927,0.64653,0.6432,0.44014,0.46779,0.4389,0.46116,0.12407,0.29667,0.2255,0.19429,0.20424,0.13802,0.4083,0.51519,0.65801,0.57963,0.23972,0.044198
0.13824,0.47486,0,0.15254,0,0.088887,0.10216,0.57358,0,0.056044,0.36277,1,0.20157,0.76118,0.14016,0.49187,0.25908,0.48761,0.2852,0.46061,0.15721,0.22058,0,0,0,0,0,0.00906,0.25625,0.38537,0.16799,0.15307,0.13685,0.28509,0,0,0.10032,0.19998,0,0.068392,0.095488,0.30233,0.039887,0.082642,0,0,0.12269,0.056792,0,0,0,0,0,0,0.062914,0.025334,0.27776,0.27987,0,0.10758,0.16345,0.51333,0.1919,0.46374,0.038844,0.2427,0,0,0.042718,0.024354,0.21724,0.29765,0.24422,0.3984,0.20205,0.37133,0.24742,0.21276,0.11198,0.1077,0.079222,0.19295,0.19914,0.18053,0,0.16106,0.12534,0.065523,0.063853,0.1062,0.16881,0,0.14893,0,0.13773,0.007156,0.1703,0.049723,0.27423,0.13175,0.19011,0,0.1122,0,0,0,0.10909,0.099471,0.16233,0.13997,0.11782,0.047419,0.26366,0.11333,0,0.0346
0.51432,0.26167,0.46838,0.35892,0.36365,0.19837,0.68238,0.41329,0.53478,0.27136,0.72243,0.20157,1,0.57594,0.69872,0.31045,0.42717,0.35021,0.48904,0.31427,0.3165,0.26842,0.4004,0.33043,0.2796,0.25988,0.23326,0.12046,0.36365,0.1679,0.28541,0.23097,0.51189,0.44761,0.33509,0.12555,0.2229,0.20604,0.087845,0.13994,0.31038,0.18668,0.42141,0.4116,0.35067,0.35394,0.45544,0.38551,0.4798,0.45215,0.49388,0.44129,0.4764,0.31004,0.39128,0.39718,0.26291,0.25459,0.35694,0.23956,0.53476,0.35775,0.52393,0.33944,0.5863,0.39695,0.35841,0.30667,0.29033,0.2322,0.23465,0.2296,0.28417,0.29671,0.37785,0.20305,0.4097,0.30384,0.22002,0.16614,0.42917,0.4503,0.28785,0.15266,0.52515,0.48252,0.13787,0.15519,0.30787,0.33736,0.27775,0.31131,0.36081,0.36418,0.123,0.020453,0.30045,0.16111,0.39895,0.42448,0.23922,0.24388,0.23713,0.24308,0.11992,0.34161,0.18725,0.10699,0.071158,0.074738,0.25512,0.37525,0.49307,0.46486,0.29966,0.10432
0.32758,0.46805,0,0.30458,0.16512,0.14248,0.30021,0.63474,0.23128,0.29041,0.50786,0.76118,0.57594,1,0.4626,0.63222,0.43647,0.51907,0.39097,0.48542,0.3239,0.35106,0,0.072745,0,0.078458,0.097014,0.1057,0.32523,0.35319,0.25937,0.25182,0.34899,0.42727,0.13857,0.088439,0.29364,0.36383,0.16104,0.28774,0.26114,0.37446,0.23945,0.26512,0.058254,0.077961,0.33658,0.2823,0.19148,0.18606,0.16916,0.15665,0.19717,0.0014412,0.32691,0.27702,0.40923,0.39469,0.19913,0.27159,0.38776,0.58366,0.32836,0.44418,0.32268,0.46775,0.10422,0.16036,0.21153,0.22788,0.29011,0.31865,0.28547,0.42403,0.36465,0.37112,0.43956,0.39213,0.3127,0.18598,0.29802,0.34842,0.37258,0.2746,0.26934,0.47529,0.23895,0.30028,0.28687,0.32738,0.32458,0.054165,0.34547,0.071421,0.2174,0.11563,0.38706,0.20309,0.4481,0.27745,0.37791,0.11095,0.3097,0.11003,0.097012,0.13887,0.30986,0.21041,0.11183,0.17071,0.25703,0.22412,0.41714,0.37243,0.11373,0.13381
0.52567,0.4618,0.37489,0.56893,0.60672,0.53843,0.49553,0.51139,0.70863,0.61395,0.56272,0.14016,0.69872,0.4626,1,0.64924,0.43035,0.28582,0.52227,0.50494,0.46286,0.48548,0.52282,0.53623,0.62114,0.60267,0.55446,0.48251,0.27588,0.10994,0.50639,0.51304,0.59792,0.6028,0.62388,0.47613,0.41866,0.40107,0.30773,0.42352,0.31764,0.2578,0.54287,0.61754,0.44863,0.42602,0.62222,0.61752,0.55403,0.51486,0.61325,0.52173,0.58256,0.39148,0.63761,0.59294,0.39584,0.48745,0.52045,0.54079,0.52074,0.48666,0.27773,0.20228,0.64375,0.64482,0.56714,0.55084,0.50568,0.4888,0.4084,0.29161,0.39536,0.36687,0.65192,0.34628,0.57672,0.52625,0.4251,0.24439,0.43694,0.33313,0.45127,0.20233,0.70941,0.66837,0.32071,0.44006,0.65667,0.40922,0.47906,0.35408,0.58365,0.45392,0.1105,0.040778,0.48632,0.26018,0.57769,0.55269,0.48821,0.31363,0.52985,0.39525,0.26101,0.35179,0.30253,0.20241,0.047284,0.13826,0.44738,0.40779,0.55382,0.62031,0.33909,0.13162
0.33569,0.44528,0.052762,0.50763,0.40436,0.52985,0.20979,0.64054,0.43831,0.65624,0.27755,0.49187,0.31045,0.63222,0.64924,1,0.31092,0.23602,0.3392,0.56358,0.3702,0.3966,0.15236,0.32978,0.34135,0.41241,0.46143,0.50901,0.21318,0.293,0.31398,0.3987,0.31018,0.38246,0.33773,0.34082,0.38132,0.37328,0.33692,0.4681,0.19933,0.24243,0.36453,0.42638,0.17268,0.19191,0.45374,0.47004,0.26491,0.30219,0.30065,0.29381,0.34894,0.21306,0.44784,0.45548,0.429,0.42015,0.42988,0.53635,0.37829,0.6053,0.022156,0.27261,0.36963,0.70351,0.33878,0.38204,0.38715,0.4762,0.23449,0.25763,0.31195,0.31844,0.4565,0.45456,0.39389,0.4075,0.45485,0.17673,0.28721,0.22123,0.56037,0.43531,0.39615,0.59375,0.44665,0.48575,0.47973,0.45303,0.51012,0.26665,0.55171,0.30676,0.23287,0.23049,0.48072,0.37229,0.49443,0.39719,0.51375,0.27139,0.49851,0.34297,0.28681,0.20946,0.43156,0.35161,0.090804,0.19088,0.34228,0.30468,0.42976,0.47719,0.16204,0.20852
0.63679,0.63978,0.052849,0.37854,0.24712,0.10128,0.22216,0.41363,0.21253,0.15741,0.66493,0.25908,0.42717,0.43647,0.43035,0.31092,1,0.72398,0.65317,0.68872,0.42741,0.37616,0,0.11327,0.093213,0.22881,0.12828,0.070817,0.56438,0.47348,0.40251,0.4218,0.63221,0.66879,0.091072,0.069902,0.30197,0.45472,0.26617,0.3372,0.28276,0.45934,0.31823,0.29113,0.28094,0.26119,0.41397,0.3381,0.32661,0.25195,0.23164,0.17906,0.26866,0.072588,0.41119,0.34418,0.72309,0.70319,0.41631,0.48918,0.44156,0.47466,0.63325,0.48282,0.2209,0.1536,0.37742,0.36859,0.66254,0.43588,0.10401,0.16722,0.3811,0.50714,0.42244,0.42085,0.52711,0.45047,0.49613,0.44855,0.80519,0.76454,0.51943,0.45973,0.52967,0.28842,0.37396,0.41005,0.32147,0.20783,0.34936,0.20335,0.22963,0.18245,0.28828,0.23961,0.46994,0.33577,0.57079,0.53014,0.46138,0.40107,0.48232,0.45233,0.18565,0.25786,0.4353,0.28402,0.28096,0.19078,0.27412,0.38589,0.47597,0.46533,0.19263,0.23788
0.55675,0.70844,0.039701,0.26446,0.23265,0.029883,0.23742,0.41616,0.16993,0.11082,0.67116,0.48761,0.35021,0.51907,0.28582,0.23602,0.72398,1,0.58656,0.61413,0.39346,0.39594,0,0,0,0.051085,0.018712,0,0.42382,0.44772,0.31212,0.27208,0.55838,0.60488,0.059443,0.07287,0.32889,0.52612,0.16831,0.3221,0.33215,0.54073,0.24983,0.2254,0.18451,0.18909,0.38772,0.28219,0.25976,0.22053,0.18029,0.14308,0.25933,0.044312,0.4442,0.35934,0.69176,0.71056,0.43293,0.47012,0.52751,0.57287,0.65236,0.64638,0.26247,0.18131,0.35603,0.33172,0.58543,0.4269,0.11213,0.15678,0.40909,0.56652,0.37092,0.35136,0.52696,0.41363,0.35699,0.44958,0.63481,0.7008,0.33176,0.26658,0.39525,0.25812,0.19408,0.30692,0.23942,0.22455,0.32379,0.17758,0.17067,0.14274,0.12612,0.058013,0.35856,0.15316,0.57694,0.50243,0.484,0.38785,0.48814,0.41722,0.11052,0.16031,0.3064,0.22094,0.2789,0.14297,0.33413,0.34239,0.47201,0.40897,0.11172,0.11208
0.8427,0.76559,0.50601,0.62982,0.40486,0.34371,0.61246,0.61803,0.41665,0.32453,0.71847,0.2852,0.48904,0.39097,0.52227,0.3392,0.65317,0.58656,1,0.84515,0.50416,0.4526,0.34623,0.3606,0.24973,0.2756,0.24232,0.23423,0.37491,0.2059,0.43351,0.38823,0.81242,0.79549,0.26603,0.086397,0.23048,0.41985,0.049879,0.25012,0.33217,0.4779,0.54377,0.51756,0.53534,0.54979,0.57376,0.49937,0.62942,0.55954,0.50744,0.46632,0.47487,0.389,0.4879,0.46427,0.67456,0.69485,0.5502,0.49914,0.61779,0.55922,0.57615,0.47453,0.46673,0.30998,0.51823,0.44856,0.73634,0.47793,0.28945,0.35352,0.50435,0.52336,0.56463,0.51867,0.62258,0.52482,0.34497,0.29215,0.65402,0.67346,0.30023,0.29849,0.6088,0.45242,0.16475,0.25714,0.30055,0.32956,0.43484,0.46295,0.41956,0.42903,0,0,0.19855,0.080322,0.61162,0.61689,0.37272,0.38715,0.39408,0.42018,0.16798,0.36195,0.1591,0.1762,0.08322,0,0.23037,0.50253,0.57911,0.58995,0.33087,0.10167
0.71385,0.87432,0.21836,0.60176,0.46672,0.35765,0.34833,0.67442,0.4016,0.41706,0.63075,0.46061,0.31427,0.48542,0.50494,0.56358,0.68872,0.61413,0.84515,1,0.61325,0.5805,0.17077,0.32168,0.26453,0.30457,0.31661,0.35334,0.28799,0.29511,0.40489,0.38879,0.66542,0.75329,0.19391,0.16597,0.26091,0.49906,0.16042,0.3888,0.29301,0.52948,0.46278,0.46468,0.35965,0.36748,0.52717,0.48451,0.44853,0.36959,0.30027,0.25545,0.33149,0.20944,0.52558,0.45654,0.73112,0.80242,0.52291,0.60893,0.48883,0.63361,0.4053,0.44226,0.35176,0.38367,0.46336,0.42635,0.80482,0.59818,0.32681,0.37918,0.48662,0.59156,0.6022,0.62093,0.61795,0.5953,0.3676,0.31497,0.61011,0.60863,0.42516,0.41262,0.56345,0.43003,0.35388,0.44943,0.46385,0.36786,0.5774,0.41057,0.49791,0.36808,0.035276,0.026825,0.33487,0.168,0.71607,0.61548,0.56546,0.41066,0.56566,0.48405,0.23612,0.30302,0.32579,0.29136,0.21382,0.063547,0.28396,0.4927,0.60055,0.57486,0.23771,0.15879
0.55428,0.5456,0.28858,0.40056,0.48681,0.27601,0.41678,0.40143,0.4626,0.43516,0.50979,0.15721,0.3165,0.3239,0.46286,0.3702,0.42741,0.39346,0.50416,0.61325,1,0.76816,0.21915,0.29122,0.36798,0.37554,0.31213,0.36621,0.215,0.019004,0.32479,0.23242,0.50774,0.53221,0.32691,0.32707,0.35706,0.45023,0.1859,0.3816,0.46809,0.33594,0.43533,0.36064,0.36826,0.33493,0.50785,0.46761,0.44075,0.37813,0.37509,0.3288,0.38876,0.31797,0.5665,0.5517,0.5641,0.55892,0.51368,0.5128,0.49136,0.49166,0.36933,0.3282,0.42658,0.39646,0.46284,0.43252,0.55441,0.57003,0.57938,0.54094,0.5937,0.45523,0.63133,0.53355,0.62262,0.64193,0.1509,0.11008,0.3865,0.37314,0.17959,0.12783,0.41123,0.42754,0.15394,0.38372,0.36101,0.47644,0.42774,0.3617,0.40113,0.38938,0.032725,0,0.3296,0.099353,0.54475,0.48754,0.48204,0.42566,0.48655,0.47324,0.25889,0.30355,0.1974,0.31298,0.15238,0.13493,0.39328,0.39702,0.48256,0.48305,0.18287,0.067826
0.46059,0.5569,0.13058,0.43004,0.41972,0.36176,0.29373,0.46121,0.41424,0.43079,0.4471,0.22058,0.26842,0.35106,0.48548,0.3966,0.37616,0.39594,0.4526,0.5805,0.76816,1,0.17328,0.28776,0.29488,0.37754,0.26308,0.38291,0.12161,0.049069,0.40749,0.33703,0.49842,0.56977,0.31143,0.32839,0.38558,0.50155,0.24789,0.4365,0.36908,0.45465,0.38908,0.39991,0.26113,0.26931,0.47184,0.45533,0.37914,0.31792,0.36068,0.3257,0.34443,0.22841,0.53042,0.44331,0.46849,0.57557,0.4079,0.50578,0.37533,0.49602,0.25295,0.26957,0.33927,0.37714,0.40912,0.40335,0.48285,0.53894,0.61436,0.49486,0.46631,0.48721,0.58092,0.39704,0.62533,0.63546,0.11288,0.094273,0.32187,0.23181,0.20507,0.092388,0.42034,0.36337,0.16124,0.41087,0.43205,0.25287,0.40314,0.21027,0.36301,0.22784,0.048417,0,0.33138,0.072643,0.47995,0.3886,0.44547,0.20834,0.47187,0.3238,0.28999,0.28543,0.23634,0.2618,0.051879,0.094355,0.32927,0.28422,0.44438,0.51905,0.2469,0.11138
0.35923,0.10177,0.81077,0.6361,0.52571,0.44907,0.53945,0.30693,0.604,0.51945,0.22615,0,0.4004,0,0.52282,0.15236,0,0,0.34623,0.17077,0.21915,0.17328,1,0.90058,0.76596,0.60129,0.54305,0.39188,0,0,0.19896,0.13976,0.37432,0.29287,0.56919,0.34558,0.11309,0.10629,0.025496,0.15459,0.20483,0,0.49824,0.49897,0.52786,0.514,0.42349,0.49038,0.56242,0.56829,0.60554,0.52012,0.51392,0.5302,0.3336,0.31846,0,0.11339,0.26256,0.11625,0.28871,0.055284,0.027213,0,0.52119,0.43165,0.44322,0.36211,0.28509,0.30997,0.30522,0.22096,0.12303,0,0.2778,0,0.23835,0.22731,0.11347,0.031751,0.18832,0.089645,0.035319,0,0.5932,0.4916,0,0,0.3972,0.28167,0.37651,0.58836,0.58068,0.62715,0,0,0.071834,0.035984,0.2151,0.32143,0,0.084162,0.065462,0.14124,0.17633,0.36626,0,0,0,0,0.26862,0.47634,0.325,0.32054,0.4326,0.0024703
0.3564,0.22745,0.64335,0.74067,0.58224,0.49681,0.37447,0.43287,0.56328,0.61997,0.24302,0,0.33043,0.072745,0.53623,0.32978,0.11327,0,0.3606,0.32168,0.29122,0.28776,0.90058,1,0.77075,0.69733,0.59527,0.45335,0,0,0.20005,0.19349,0.35042,0.32403,0.49092,0.39611,0.19668,0.23839,0.14623,0.30319,0.16883,0.021782,0.46035,0.48507,0.4563,0.46006,0.4551,0.54448,0.51695,0.51882,0.53617,0.46157,0.48062,0.47486,0.39918,0.33092,0.071702,0.24363,0.2874,0.23972,0.24822,0.15621,0,0,0.4237,0.48138,0.42932,0.36698,0.40009,0.44003,0.31117,0.20279,0.075302,0.0092065,0.27805,0.015673,0.31818,0.34445,0.19663,0.07429,0.27002,0.12864,0.20605,0.083267,0.63279,0.54923,0.089244,0.1638,0.50318,0.30837,0.53969,0.58743,0.68249,0.59831,0,0.02387,0.22328,0.13455,0.32097,0.35277,0.11871,0.095594,0.19523,0.18876,0.21588,0.31795,0.12546,0.014748,0,0,0.3568,0.52838,0.38291,0.33072,0.39217,0.051097
0.37166,0.25104,0.48989,0.52267,0.72574,0.44743,0.27523,0.19151,0.65225,0.65077,0.21854,0,0.2796,0,0.62114,0.34135,0.093213,0,0.24973,0.26453,0.36798,0.29488,0.76596,0.77075,1,0.81573,0.74099,0.53265,0,0,0.24826,0.2297,0.38582,0.34679,0.71065,0.64107,0.30994,0.32716,0.25997,0.37527,0.23915,0.029701,0.52074,0.55408,0.51746,0.49188,0.50584,0.58541,0.55765,0.54214,0.60088,0.49122,0.56523,0.49399,0.5561,0.52479,0.19511,0.33465,0.47026,0.42783,0.32554,0.17062,0,0,0.48091,0.51885,0.61425,0.56734,0.45498,0.55458,0.29276,0.25129,0.25254,0.1694,0.43566,0.11633,0.40326,0.39752,0.23581,0.20073,0.22891,0.10574,0.13936,0.065342,0.63603,0.58502,0.17405,0.33138,0.56135,0.38528,0.53305,0.53391,0.63893,0.60542,0,0.0036684,0.2975,0.13412,0.46031,0.4972,0.37149,0.33252,0.46603,0.45435,0.34444,0.37721,0.29069,0.17003,0,0,0.43098,0.54624,0.42141,0.44207,0.35275,0.11893
0.38952,0.26381,0.35545,0.55776,0.69661,0.56126,0.2578,0.28589,0.64109,0.7028,0.25808,0,0.25988,0.078458,0.60267,0.41241,0.22881,0.051085,0.2756,0.30457,0.37554,0.37754,0.60129,0.69733,0.81573,1,0.65889,0.4639,0,0,0.15884,0.21708,0.40146,0.35563,0.62671,0.63004,0.49821,0.44659,0.29587,0.43679,0.2465,0.091154,0.55951,0.58972,0.49424,0.49948,0.61213,0.70299,0.56823,0.55605,0.60468,0.52772,0.59577,0.50658,0.58166,0.54709,0.25373,0.38232,0.47247,0.48045,0.33566,0.24506,0,0,0.4141,0.52529,0.59376,0.57386,0.46769,0.63408,0.19623,0.20055,0.21543,0.19747,0.43507,0.1476,0.49704,0.4973,0.3047,0.083436,0.29938,0.16858,0.19787,0.10313,0.62459,0.61903,0.14696,0.3595,0.49865,0.33813,0.616,0.53168,0.67217,0.60837,0,0.017135,0.38755,0.18935,0.51041,0.52852,0.42617,0.40213,0.52271,0.50547,0.31483,0.33832,0.29269,0.14613,0,0.063652,0.52451,0.56817,0.51176,0.49237,0.2716,0.064156
0.36604,0.29542,0.3462,0.48047,0.74374,0.51537,0.25436,0.28228,0.6495,0.68022,0.22068,0,0.23326,0.097014,0.55446,0.46143,0.12828,0.018712,0.24232,0.31661,0.31213,0.26308,0.54305,0.59527,0.74099,0.65889,1,0.77051,0.0026459,0,0.1163,0.15762,0.30892,0.29103,0.57918,0.56739,0.31925,0.29865,0.25088,0.28657,0.10474,0.040767,0.44462,0.4698,0.40061,0.42144,0.49502,0.53046,0.47455,0.49759,0.58592,0.48301,0.67505,0.52915,0.58104,0.49124,0.21774,0.31735,0.58299,0.53021,0.46327,0.33583,0.081248,0.056074,0.46139,0.59984,0.57259,0.52676,0.45582,0.53111,0.15001,0.19181,0.16339,0.1388,0.41385,0.22986,0.39778,0.41984,0.3864,0.13461,0.33145,0.20162,0.26951,0.17323,0.58395,0.57486,0.21758,0.30478,0.58125,0.47328,0.63073,0.54414,0.66372,0.59359,0,0.077481,0.32716,0.16405,0.48226,0.484,0.45349,0.40287,0.50983,0.50065,0.20575,0.23534,0.2334,0.1817,0,0.11752,0.36462,0.47735,0.36613,0.36222,0.1953,0.10365
0.29578,0.26864,0.26148,0.43209,0.52771,0.67498,0.23259,0.35772,0.50943,0.65281,0.16093,0.00906,0.12046,0.1057,0.48251,0.50901,0.070817,0,0.23423,0.35334,0.36621,0.38291,0.39188,0.45335,0.53265,0.4639,0.77051,1,0.031724,0,0.21467,0.24764,0.22428,0.26948,0.36851,0.38557,0.21721,0.23247,0.19321,0.20518,0.076683,0.036576,0.38623,0.40517,0.27196,0.28591,0.42022,0.42262,0.35096,0.39085,0.43229,0.37864,0.46199,0.43358,0.40902,0.36617,0.2257,0.25755,0.45343,0.47379,0.36234,0.38615,0.0010907,0.11198,0.35105,0.5145,0.39592,0.38215,0.35349,0.41475,0.28512,0.27792,0.22469,0.13284,0.42138,0.28628,0.33028,0.37723,0.20638,0,0.20958,0.099176,0.24673,0.16291,0.40088,0.45965,0.19371,0.26685,0.46481,0.43938,0.46906,0.40213,0.59049,0.45103,0.010548,0.048596,0.235,0.12307,0.33182,0.33039,0.33633,0.26846,0.34545,0.32097,0.24502,0.24374,0.16904,0.24944,0,0.10282,0.25399,0.23381,0.28581,0.33171,0.21832,0.15603
0.46364,0.1872,0.16687,0.1184,0,0,0.35948,0.22054,0,0,0.50468,0.25625,0.36365,0.32523,0.27588,0.21318,0.56438,0.42382,0.37491,0.28799,0.215,0.12161,0,0,0,0,0.0026459,0.031724,1,0.60525,0.19901,0.21066,0.3402,0.30171,0,0,0.079767,0.083964,0.11771,0,0.17512,0.13774,0.15533,0.074417,0.096721,0.13199,0.22532,0.13674,0.19531,0.23212,0.17287,0.21072,0.22582,0.20707,0.062138,0.15753,0.39046,0.16475,0.16639,0.14422,0.34422,0.29987,0.53105,0.54728,0.031263,0.043654,0.063746,0.11738,0.18072,0.12058,0.089208,0.27848,0.37939,0.33788,0.17982,0.31868,0.26259,0.18262,0.45774,0.27796,0.61025,0.64663,0.4373,0.39077,0.15381,0.17409,0.09008,0,0,0.31122,0.041602,0.13356,0.030364,0.13131,0.28252,0.30605,0.41466,0.40746,0.1579,0.20232,0.025419,0.26227,0.010392,0.18733,0,0.11103,0.13339,0.098244,0.046996,0.2855,0.31855,0.11156,0.15799,0.24666,0.16051,0.092641
0.11488,0.18681,0,0.21735,0,0,0,0.32297,0,0,0.26873,0.38537,0.1679,0.35319,0.10994,0.293,0.47348,0.44772,0.2059,0.29511,0.019004,0.049069,0,0,0,0,0,0,0.60525,1,0.14533,0.12488,0.084203,0.13869,0,0,0,0.1333,0.13046,0.14564,0.060217,0.38486,0.084858,0.051468,0.017256,0.010992,0.060387,0.013042,0,0,0,0,0,0,0,0,0.14386,0.17403,0,0.10838,0.028396,0.20899,0.2206,0.39332,0,0,0,0,0.17701,0.047261,0,0,0.044986,0.31759,0,0.17986,0,0,0.48086,0.57008,0.60888,0.56853,0.69405,0.56279,0.19639,0.023978,0.36085,0.015846,0.047094,0,0.091439,0,0.054172,0,0.453,0.50303,0.41944,0.50706,0.12736,0.054763,0.10779,0,0.073281,0.0014557,0.11683,0.042489,0.27464,0.16483,0.16233,0.20888,0.12834,0.13008,0.11008,0.12895,0.15452,0.20472
0.28682,0.40131,0.089834,0.40139,0.10062,0.15372,0.15088,0.3309,0.11291,0.080299,0.30641,0.16799,0.28541,0.25937,0.50639,0.31398,0.40251,0.31212,0.43351,0.40489,0.32479,0.40749,0.19896,0.20005,0.24826,0.15884,0.1163,0.21467,0.19901,0.14533,1,0.91503,0.59935,0.65944,0.37164,0.18675,0.28307,0.25293,0.30316,0.3081,0.24288,0.25818,0.22272,0.31624,0.23509,0.14583,0.24971,0.20272,0.18822,0.059002,0.15751,0.079186,0.058947,0,0.29843,0.18233,0.3832,0.43046,0.14807,0.28431,0.14223,0.27479,0.22767,0.16973,0.30998,0.20508,0.30116,0.34079,0.31369,0.1334,0.44223,0.34409,0.30363,0.22225,0.45382,0.20603,0.39089,0.34067,0.31844,0.28627,0.27797,0.14046,0.31625,0.18121,0.38809,0.17147,0.36887,0.46944,0.41793,0,0,0,0.0091348,0,0.12048,0.059093,0.20515,0.063639,0.21353,0.14999,0.31939,0,0.29145,0.060459,0.049463,0.033202,0.1988,0.1398,0,0.042524,0,0,0.18406,0.30083,0.065916,0.16751
0.26506,0.3508,0.0098978,0.35699,0.056891,0.23133,0.059109,0.29145,0.073949,0.12126,0.23327,0.15307,0.23097,0.25182,0.51304,0.3987,0.4218,0.27208,0.38823,0.38879,0.23242,0.33703,0.13976,0.19349,0.2297,0.21708,0.15762,0.24764,0.21066,0.12488,0.91503,1,0.54185,0.61871,0.34891,0.21267,0.28703,0.24787,0.3678,0.35217,0.21012,0.21477,0.21087,0.31147,0.2035,0.094913,0.23848,0.20316,0.12621,0.0077838,0.098128,0.037097,0.023746,0,0.25942,0.17988,0.43088,0.39951,0.13363,0.27576,0.077581,0.21877,0.15168,0.13286,0.20979,0.1993,0.26352,0.32209,0.28419,0.12185,0.36501,0.31235,0.27694,0.20942,0.39906,0.23229,0.34983,0.31613,0.40022,0.2282,0.2666,0.13871,0.37699,0.28139,0.35017,0.21378,0.43083,0.52372,0.37641,0,0,0,0,0,0.16244,0.14942,0.217,0.11887,0.18831,0.13686,0.30525,0,0.28471,0.09079,0.031235,0.0037005,0.25503,0.1252,0,0.090729,0,0,0.14063,0.26135,0.011762,0.15085
0.80324,0.68291,0.46136,0.61345,0.45532,0.33043,0.57981,0.52515,0.45999,0.33702,0.69868,0.13685,0.51189,0.34899,0.59792,0.31018,0.63221,0.55838,0.81242,0.66542,0.50774,0.49842,0.37432,0.35042,0.38582,0.40146,0.30892,0.22428,0.3402,0.084203,0.59935,0.54185,1,0.93009,0.53944,0.33633,0.40973,0.50722,0.23849,0.3365,0.39484,0.46398,0.54314,0.55827,0.53507,0.53926,0.60122,0.52412,0.6274,0.56155,0.60394,0.52343,0.53556,0.36712,0.59876,0.53456,0.67139,0.70317,0.58684,0.57449,0.63965,0.56185,0.60764,0.47122,0.61672,0.43091,0.66418,0.62145,0.65935,0.49779,0.3747,0.40188,0.57887,0.5144,0.66084,0.43344,0.70843,0.59881,0.34276,0.30097,0.62313,0.56617,0.25832,0.19398,0.70355,0.5019,0.18984,0.38269,0.46074,0.28585,0.37131,0.34535,0.37948,0.36826,0,0,0.31759,0.081127,0.59312,0.59717,0.45721,0.39513,0.50271,0.45569,0.18873,0.352,0.22945,0.21036,0.097834,0.012646,0.28222,0.38748,0.59078,0.62194,0.23259,0.094906
0.72156,0.77938,0.32756,0.63159,0.43555,0.3554,0.46168,0.61863,0.42342,0.36076,0.67231,0.28509,0.44761,0.42727,0.6028,0.38246,0.66879,0.60488,0.79549,0.75329,0.53221,0.56977,0.29287,0.32403,0.34679,0.35563,0.29103,0.26948,0.30171,0.13869,0.65944,0.61871,0.93009,1,0.5045,0.35529,0.42343,0.55376,0.24517,0.41026,0.42961,0.48124,0.50188,0.55054,0.45787,0.43875,0.58509,0.50275,0.53325,0.4398,0.48758,0.3988,0.43994,0.24306,0.61309,0.49912,0.68314,0.7697,0.52765,0.58553,0.55878,0.60677,0.54541,0.47805,0.53984,0.42517,0.60786,0.60278,0.66251,0.48946,0.44336,0.44077,0.56914,0.56662,0.6697,0.4679,0.7371,0.65638,0.35673,0.36381,0.60736,0.54863,0.32227,0.24694,0.67275,0.43339,0.30664,0.45256,0.5392,0.22898,0.39721,0.24375,0.39763,0.26117,0.028553,0,0.35265,0.081072,0.64052,0.57491,0.51528,0.31222,0.54396,0.39491,0.16936,0.27345,0.28937,0.2347,0.13796,0.055583,0.2704,0.34905,0.58418,0.57723,0.20754,0.12923
0.36765,0.28809,0.40861,0.46288,0.62475,0.4267,0.39096,0.26554,0.60959,0.57035,0.19525,0,0.33509,0.13857,0.62388,0.33773,0.091072,0.059443,0.26603,0.19391,0.32691,0.31143,0.56919,0.49092,0.71065,0.62671,0.57918,0.36851,0,0,0.37164,0.34891,0.53944,0.5045,1,0.84108,0.54324,0.47783,0.3479,0.47113,0.37721,0.10946,0.58005,0.64321,0.59863,0.56079,0.60576,0.62218,0.60464,0.55569,0.70239,0.59812,0.63674,0.46161,0.69658,0.66544,0.28262,0.3896,0.55528,0.49929,0.47038,0.32251,0.13686,0,0.67599,0.64673,0.75428,0.77162,0.35803,0.51656,0.24948,0.17969,0.36276,0.17031,0.48686,0.11534,0.55352,0.52126,0.20741,0.11131,0.14393,0.029218,0.029819,0,0.60347,0.60351,0.20251,0.44804,0.60435,0.357,0.42801,0.40555,0.4985,0.50454,0,0,0.26438,0.0044589,0.46873,0.50305,0.44964,0.36978,0.52998,0.45972,0.25027,0.32294,0.21725,0.15699,0,0,0.34017,0.36198,0.43634,0.46874,0.19286,0.060659
0.25419,0.2831,0.15503,0.31698,0.62773,0.36701,0.16676,0.173,0.48901,0.60463,0.10832,0,0.12555,0.088439,0.47613,0.34082,0.069902,0.07287,0.086397,0.16597,0.32707,0.32839,0.34558,0.39611,0.64107,0.63004,0.56739,0.38557,0,0,0.18675,0.21267,0.33633,0.35529,0.84108,1,0.63585,0.58416,0.43161,0.56805,0.32508,0.10303,0.4502,0.51547,0.45366,0.45591,0.57748,0.62152,0.46966,0.44169,0.55933,0.4989,0.58821,0.41425,0.74108,0.71361,0.29932,0.3915,0.5624,0.56982,0.39948,0.33707,0.059886,0,0.50528,0.61299,0.71407,0.75399,0.37611,0.62898,0.11395,0.040086,0.25307,0.12824,0.34925,0.094641,0.52951,0.54801,0.14393,0.076259,0.10111,0,0.054746,0.00511,0.4784,0.52416,0.2447,0.51807,0.58513,0.43406,0.58929,0.42818,0.48066,0.49411,0,0,0.33415,0.0035293,0.52139,0.50119,0.5248,0.45564,0.61151,0.5423,0.19794,0.17068,0.2909,0.14043,0,0.020008,0.43417,0.40002,0.43052,0.36682,0,0
0.37291,0.39308,0.040352,0.29983,0.37406,0.24067,0.22338,0.30917,0.31198,0.43809,0.27309,0.10032,0.2229,0.29364,0.41866,0.38132,0.30197,0.32889,0.23048,0.26091,0.35706,0.38558,0.11309,0.19668,0.30994,0.49821,0.31925,0.21721,0.079767,0,0.28307,0.28703,0.40973,0.42343,0.54324,0.63585,1,0.7923,0.64989,0.68753,0.52485,0.40337,0.36341,0.43587,0.35442,0.33882,0.56514,0.58337,0.37245,0.34231,0.48173,0.41075,0.50412,0.33315,0.67009,0.63355,0.45801,0.47994,0.53531,0.55454,0.48757,0.48802,0.1911,0.10017,0.37543,0.47839,0.60517,0.61324,0.4018,0.61514,0.035865,0.07221,0.31565,0.19267,0.32421,0.08957,0.66394,0.60637,0.31356,0.20578,0.29107,0.24657,0.29992,0.24311,0.4938,0.48543,0.3864,0.53425,0.44097,0.35449,0.51429,0.29563,0.35867,0.34673,0.22753,0.093949,0.52548,0.25365,0.55537,0.50299,0.53511,0.44284,0.5699,0.52543,0.14301,0.097752,0.37183,0.23344,0.073866,0.17007,0.4665,0.34311,0.48406,0.41162,0,0.122
0.50931,0.62582,0.014527,0.38849,0.45012,0.25479,0.16231,0.41069,0.29972,0.46832,0.38271,0.19998,0.20604,0.36383,0.40107,0.37328,0.45472,0.52612,0.41985,0.49906,0.45023,0.50155,0.10629,0.23839,0.32716,0.44659,0.29865,0.23247,0.083964,0.1333,0.25293,0.24787,0.50722,0.55376,0.47783,0.58416,0.7923,1,0.61547,0.77755,0.47168,0.64684,0.45186,0.47956,0.41834,0.40145,0.61141,0.60315,0.43752,0.36231,0.4644,0.39719,0.50315,0.30264,0.72886,0.66244,0.57653,0.69969,0.59921,0.69381,0.48857,0.5742,0.28159,0.23061,0.35988,0.44816,0.69439,0.71023,0.60026,0.72514,0.12232,0.058329,0.30602,0.35028,0.35916,0.18321,0.6777,0.63448,0.25401,0.3385,0.46078,0.41678,0.37093,0.33126,0.61473,0.5329,0.45293,0.57595,0.54784,0.41498,0.60921,0.39566,0.45979,0.37957,0.26469,0.16085,0.57299,0.29947,0.67521,0.62268,0.61289,0.44119,0.64437,0.56656,0.2993,0.27622,0.45197,0.35578,0.24176,0.16192,0.47366,0.46007,0.58182,0.48151,0.11184,0.21284
0.16984,0.16756,0,0.16144,0.2211,0.14011,0,0.11014,0.13861,0.33067,0.070411,0,0.087845,0.16104,0.30773,0.33692,0.26617,0.16831,0.049879,0.16042,0.1859,0.24789,0.025496,0.14623,0.25997,0.29587,0.25088,0.19321,0.11771,0.13046,0.30316,0.3678,0.23849,0.24517,0.3479,0.43161,0.64989,0.61547,1,0.75663,0.28916,0.40736,0.20452,0.25041,0.22306,0.16768,0.29133,0.31654,0.13653,0.077842,0.19008,0.11917,0.19771,0.072883,0.40512,0.40121,0.33326,0.30381,0.38004,0.44047,0.2146,0.19698,0.0099764,0,0.12031,0.26895,0.4355,0.44677,0.26609,0.4444,0.013035,0,0.043519,0,0.12985,0,0.34419,0.39697,0.40061,0.21985,0.29676,0.204,0.52338,0.49458,0.42276,0.3768,0.58695,0.62166,0.40676,0.33987,0.28141,0.13722,0.17607,0.14807,0.49765,0.48381,0.60326,0.54104,0.33477,0.29567,0.42318,0.26382,0.40167,0.38548,0.15709,0.022728,0.44183,0.2524,0.11019,0.33253,0.33653,0.12546,0.22105,0.19057,0,0.21641
0.29973,0.4386,0,0.38234,0.40386,0.23452,0.027137,0.3247,0.27262,0.4685,0.17472,0.068392,0.13994,0.28774,0.42352,0.4681,0.3372,0.3221,0.25012,0.3888,0.3816,0.4365,0.15459,0.30319,0.37527,0.43679,0.28657,0.20518,0,0.14564,0.3081,0.35217,0.3365,0.41026,0.47113,0.56805,0.68753,0.77755,0.75663,1,0.59207,0.58148,0.4519,0.49478,0.43807,0.36217,0.52001,0.56232,0.35015,0.24893,0.33197,0.27734,0.33951,0.17441,0.64805,0.60686,0.4306,0.55712,0.46102,0.55943,0.29172,0.33435,0.015095,0,0.2734,0.38959,0.58348,0.59239,0.49677,0.63838,0.11097,0,0.23219,0.25691,0.348,0.14789,0.48723,0.4911,0.31045,0.36268,0.36134,0.25964,0.51089,0.44779,0.56633,0.50773,0.62073,0.70027,0.56119,0.36033,0.50536,0.27966,0.40654,0.28537,0.35062,0.29028,0.57574,0.42214,0.58237,0.51005,0.57012,0.3018,0.58521,0.46512,0.28211,0.16827,0.49518,0.33628,0.15157,0.19971,0.37739,0.38954,0.49474,0.44832,0.1226,0.24167
0.42441,0.33966,0.30132,0.26328,0.16902,0.11952,0.38386,0.23005,0.22693,0.22688,0.3181,0.095488,0.31038,0.26114,0.31764,0.19933,0.28276,0.33215,0.33217,0.29301,0.46809,0.36908,0.20483,0.16883,0.23915,0.2465,0.10474,0.076683,0.17512,0.060217,0.24288,0.21012,0.39484,0.42961,0.37721,0.32508,0.52485,0.47168,0.28916,0.59207,1,0.45448,0.5426,0.47129,0.49561,0.3761,0.54912,0.48274,0.46498,0.33253,0.41227,0.34933,0.36103,0.30309,0.50128,0.55232,0.35983,0.35683,0.32458,0.23613,0.35897,0.22958,0.20814,0.12783,0.31596,0.19367,0.43026,0.40648,0.32446,0.37893,0.17228,0.22342,0.58492,0.40275,0.43979,0.25877,0.44264,0.35218,0.098195,0.31519,0.3035,0.37712,0.19284,0.25193,0.37553,0.36671,0.33277,0.30805,0.16663,0.36456,0.25994,0.25417,0.26701,0.30348,0.1008,0.0039002,0.28308,0.18504,0.45726,0.43968,0.26901,0.3072,0.28772,0.35123,0.16003,0.27257,0.27524,0.26143,0.02195,0.03587,0.25061,0.3858,0.49599,0.52517,0.3043,0.25573
0.38871,0.56804,0,0.28377,0.19962,0.036444,0.084579,0.32977,0.057906,0.078637,0.36153,0.30233,0.18668,0.37446,0.2578,0.24243,0.45934,0.54073,0.4779,0.52948,0.33594,0.45465,0,0.021782,0.029701,0.091154,0.040767,0.036576,0.13774,0.38486,0.25818,0.21477,0.46398,0.48124,0.10946,0.10303,0.40337,0.64684,0.40736,0.58148,0.45448,1,0.38656,0.36554,0.33944,0.27225,0.3795,0.32033,0.28798,0.15059,0.22573,0.15657,0.22074,0.017193,0.41382,0.33804,0.45412,0.56514,0.32202,0.42695,0.28701,0.36375,0.29911,0.22361,0.20081,0.089229,0.39296,0.33738,0.48026,0.38111,0.16837,0.090444,0.33243,0.54268,0.3103,0.27748,0.42088,0.338,0.26102,0.49887,0.50062,0.49165,0.44149,0.40891,0.48833,0.33461,0.41578,0.37786,0.3585,0.15181,0.30015,0.11567,0.1898,0.036594,0.19933,0.10319,0.35138,0.22068,0.48975,0.40265,0.44092,0.18862,0.43957,0.32563,0.18216,0.20478,0.27692,0.22982,0.24968,0.056003,0.18257,0.29297,0.4207,0.40909,0.13637,0.19348
0.58113,0.41094,0.5514,0.61351,0.52911,0.50423,0.56466,0.4859,0.54219,0.53116,0.42563,0.039887,0.42141,0.23945,0.54287,0.36453,0.31823,0.24983,0.54377,0.46278,0.43533,0.38908,0.49824,0.46035,0.52074,0.55951,0.44462,0.38623,0.15533,0.084858,0.22272,0.21087,0.54314,0.50188,0.58005,0.4502,0.36341,0.45186,0.20452,0.4519,0.5426,0.38656,1,0.93283,0.85844,0.83625,0.88285,0.83281,0.86366,0.74803,0.73889,0.6996,0.65542,0.6013,0.66877,0.71725,0.34469,0.43353,0.49827,0.46453,0.48785,0.36627,0.22425,0.089032,0.56116,0.50351,0.64852,0.65243,0.50836,0.51469,0.23224,0.26326,0.42887,0.38923,0.49603,0.32501,0.48335,0.42292,0.29497,0.17051,0.47123,0.41339,0.24798,0.22796,0.68372,0.60808,0.26184,0.27424,0.40064,0.42675,0.53437,0.60933,0.6901,0.62769,0.05358,0.046902,0.36466,0.27841,0.65641,0.71011,0.41182,0.43609,0.45559,0.48613,0.38076,0.50835,0.21654,0.23445,0.023563,0,0.35367,0.62495,0.69998,0.66506,0.42083,0.14804
0.53008,0.46974,0.45776,0.65822,0.55501,0.53981,0.486,0.54118,0.54454,0.53932,0.40981,0.082642,0.4116,0.26512,0.61754,0.42638,0.29113,0.2254,0.51756,0.46468,0.36064,0.39991,0.49897,0.48507,0.55408,0.58972,0.4698,0.40517,0.074417,0.051468,0.31624,0.31147,0.55827,0.55054,0.64321,0.51547,0.43587,0.47956,0.25041,0.49478,0.47129,0.36554,0.93283,1,0.79711,0.80961,0.85783,0.86933,0.82757,0.7459,0.74951,0.71233,0.64683,0.5646,0.71727,0.71069,0.32157,0.48516,0.48402,0.50328,0.45795,0.40258,0.14055,0.012636,0.58285,0.57393,0.64297,0.65977,0.48993,0.50033,0.25427,0.26792,0.41439,0.40563,0.53656,0.30355,0.52247,0.45281,0.32493,0.20713,0.41672,0.31213,0.28288,0.18076,0.7255,0.63126,0.31145,0.35129,0.53587,0.33084,0.54822,0.51033,0.71428,0.54425,0.08548,0.039929,0.3997,0.26057,0.67423,0.70893,0.4921,0.36231,0.53248,0.44137,0.35787,0.43123,0.27057,0.23674,0.029476,0.0055306,0.34775,0.573,0.69272,0.64126,0.35754,0.14184
0.54495,0.3248,0.58658,0.55097,0.52619,0.3722,0.52259,0.32218,0.46273,0.3818,0.35879,0,0.35067,0.058254,0.44863,0.17268,0.28094,0.18451,0.53534,0.35965,0.36826,0.26113,0.52786,0.4563,0.51746,0.49424,0.40061,0.27196,0.096721,0.017256,0.23509,0.2035,0.53507,0.45787,0.59863,0.45366,0.35442,0.41834,0.22306,0.43807,0.49561,0.33944,0.85844,0.79711,1,0.92301,0.73953,0.69845,0.8671,0.72185,0.71178,0.6688,0.63411,0.5692,0.60171,0.6372,0.31517,0.37231,0.5223,0.43306,0.48458,0.25918,0.26916,0,0.54275,0.35135,0.69123,0.66762,0.52622,0.48544,0.1308,0.15024,0.35028,0.27161,0.39891,0.18347,0.41004,0.33638,0.21953,0.20947,0.45426,0.38348,0.20764,0.2154,0.63817,0.51304,0.20706,0.24413,0.34407,0.33843,0.43862,0.58935,0.51267,0.58383,0,0,0.22958,0.1507,0.53686,0.61047,0.34439,0.41339,0.38675,0.45854,0.23537,0.3792,0.11739,0.10316,0,0,0.25198,0.5865,0.56895,0.53722,0.29437,0.043492
