1,0.67118,0.43882,0.30062,0.30126,0.17612,0.44164,0.19715,0.31599,0.23484,0.21828,0.26549,0.19994,0.12635,0.24838,0.20978,0.33407,0.40621,0.5884,0.61867,0.22398,0.10005,0.19591,0.1223,0.34199,0.37786,0.36041,0.40489,0,0,0.1227,0.12298,0.25586,0.2042,0.29376,0.11869,0.094428,0.11288,0.18309,0.26264,0.050737,0.12376,0.096937,0.083394,0.2637,0.19047,0,0,0.16992,0.13543,0.20848,0.17287,0.18437,0.19789,0.17204,0.24529,0.67634,0.54654,0.37957,0.22063,0.47586,0.30298,0.23851,0.12706,0.44244,0.38263,0.40536,0.22333,0.64952,0.50189,0.2867,0.35424,0.06477,0.096433,0.069051,0.20873,0.095887,0.079172,0.19752,0.29982,0.36514,0.46401,0.092414,0.29947,0.46992,0.40198,0.043042,0.09657,0.26977,0.30641,0,0.0013148,0,0.070457,0.0066841,0.083411,0.20467,0.32221,0.0978,0.18311,0.060671,0.054008,0.014984,0.19389,0.055276,0.12383,0.038729,0.15714,0.13987,0,0.14775,0.086321,0.24791,0.21241,0,0.056104
0.67118,1,0.2529,0.13105,0.22607,0.1888,0.24052,0.0042736,0.28421,0.065433,0.15503,0.27967,0.078933,0.11935,0.35004,0.19078,0.2135,0.43908,0.40654,0.49058,0.15621,0.1606,0.082248,0.0494,0.19923,0.20514,0.29091,0.28712,0.074724,0.030733,0.04924,0.069716,0.2435,0.18901,0.18978,0.07983,0.05586,0.026776,0.070657,0.13159,0.069464,0.086436,0.029414,0.010869,0.25442,0.12569,0,0,0.21367,0.16336,0.14599,0.099382,0.1377,0.016029,0.056201,0.037811,0.56382,0.79496,0.34473,0.077573,0.39176,0.22802,0.22017,0.25426,0.2765,0.15033,0.27309,0.046889,0.6213,0.38238,0.1477,0.29449,0.10407,0.16966,0.0060249,0.032698,0,0,0.11182,0.17863,0.27367,0.30406,0.14122,0.15997,0.36559,0.23814,0.017957,0.11593,0.26085,0.050092,0,0,0,0.0075202,0.072431,0.062093,0.16293,0.22811,0.0026497,0.028776,0.057224,0.11282,0.021372,0.24095,0,0,0,0.091936,0.11354,0.066467,0.11523,0.016726,0.02516,0.094736,0,0
0.43882,0.2529,1,0.62593,0.2944,0.24136,0.75972,0.36148,0.46677,0.24948,0.2337,0,0.46317,0.040298,0.41407,0.13291,0.13204,0.19832,0.53173,0.49608,0.099311,0.04413,0.84002,0.72843,0.53958,0.44536,0.078938,0.25149,0.16405,0.05448,0.41533,0.3563,0.48327,0.3667,0.60952,0.37775,0.1558,0.013907,0.25182,0.32637,0.21572,0.034228,0.14243,0,0.11261,0.070645,0.15129,0.096882,0.0802,0.00642,0.11059,0.093073,0.19505,0.24542,0.27028,0.29238,0.24432,0.083146,0.0036737,0,0.23836,0.017109,0.26412,0.0077705,0.55302,0.27257,0.41313,0.31455,0.38731,0.51856,0,0.34062,0.24237,0.10401,0.17409,0.16517,0.23459,0.22935,0.056044,0.0085728,0.26582,0.33565,0.19277,0.2836,0.49452,0.52545,0.11864,0.27279,0.32364,0.35778,0.18764,0.36141,0.35011,0.45302,0.25972,0.28708,0.22922,0.18998,0.12054,0.12237,0,0.082338,0,0,0.11846,0,0.11099,0.013193,0.15627,0.27756,0.23073,0.079255,0,0.13757,0.29783,0.12779
0.30062,0.13105,0.62593,1,0.31567,0.50243,0.50562,0.76394,0.41522,0.36592,0.038351,0.066609,0.16645,0.31415,0.37291,0.47804,0.05461,0.22634,0.57217,0.62341,0.3568,0.27774,0.68914,0.78007,0.36104,0.54592,0.11419,0.20694,0.15298,0.19919,0.55756,0.6038,0.6036,0.62746,0.28535,0.3548,0,0,0.025953,0.26603,0.15103,0.097824,0.37708,0.11777,0.2399,0.28081,0.4006,0.30413,0.25958,0.15185,0.16095,0.14394,0.29105,0.33638,0.32551,0.32312,0.28163,0.17686,0.068184,0.25828,0.12467,0.35954,0.31754,0.40756,0.13932,0.31418,0.39088,0.55092,0.34423,0.58278,0.23611,0.39371,0.29543,0.37223,0.34393,0.35985,0.27381,0.3313,0.14206,0.014575,0.39093,0.40616,0.36972,0.49421,0.28993,0.39531,0.11533,0.14947,0.23553,0.50084,0.4714,0.43325,0.58603,0.45234,0.18197,0.19207,0.29603,0.25208,0.38747,0.29404,0.13888,0.11396,0.25661,0.1179,0.23155,0,0.21972,0.063197,0.21039,0.24606,0.32215,0.27935,0.18577,0.25581,0.20695,0.060834
0.30126,0.22607,0.2944,0.31567,1,0.47636,0.20663,0.16386,0.75467,0.48567,0,0.08539,0.089779,0.095822,0.55641,0.48409,0,0.12066,0.37645,0.42234,0.50591,0.39412,0.24008,0.27635,0.64947,0.6417,0.75126,0.68232,0.019721,0.1072,0.34632,0.36008,0.21226,0.22477,0.18865,0.15124,0.10226,0.30121,0.10019,0.33401,0.15877,0.15768,0.16002,0.091569,0.15395,0.23625,0.11406,0.072222,0.16678,0.16689,0.045832,0.069426,0.1118,0.10692,0.11928,0.20517,0.38032,0.29416,0.43062,0.45013,0.26216,0.41114,0.18014,0.26826,0.22724,0.36527,0.47034,0.38706,0.39868,0.45558,0.28633,0.44162,0.16154,0.27356,0.20695,0.29135,0.16014,0.24104,0.13484,0.10755,0.27641,0.27504,0.33702,0.47058,0.39659,0.38475,0.072067,0.24197,0.25131,0.41467,0.070776,0.087305,0.076978,0.17056,0.17634,0.21005,0.26725,0.30676,0.18496,0.22592,0.20404,0.14845,0.33779,0.28706,0,0,0.15355,0.21255,0.20075,0.19548,0.26625,0.2584,0.23933,0.19267,0,0
0.17612,0.1888,0.24136,0.50243,0.47636,1,0.38629,0.59401,0.63395,0.73287,0,0.3092,0.21998,0.35992,0.51297,0.6571,0,0.15249,0.19149,0.35227,0.29287,0.2982,0.23762,0.33361,0.34639,0.58585,0.27813,0.41309,0.21056,0.21416,0.21581,0.31693,0.29374,0.36884,0.037938,0.065562,0,0,0,0.12287,0.014428,0.0071634,0.38843,0.22755,0.24535,0.26684,0.28436,0.23693,0.3596,0.25754,0.28712,0.24615,0.34872,0.28724,0.19793,0.19813,0.37077,0.19863,0.40881,0.38235,0.46743,0.51965,0.37481,0.41124,0.23892,0.49149,0.36988,0.42536,0.28842,0.43606,0.14753,0.35688,0.29441,0.35057,0.22969,0.33658,0.080705,0.16538,0.18816,0.034196,0.32935,0.26115,0.37379,0.53548,0.19671,0.22861,0.14214,0.1911,0.33784,0.45241,0.32127,0.21724,0.31268,0.41614,0.19863,0.20051,0.27644,0.33697,0.36834,0.31841,0.32816,0.41712,0.45536,0.43095,0.051744,0,0.17352,0.21403,0.24473,0.26857,0.27308,0.28048,0.2784,0.25561,0.053952,0
0.44164,0.24052,0.75972,0.50562,0.20663,0.38629,1,0.57285,0.5027,0.43577,0.33414,0.053981,0.70398,0.17262,0.39078,0.19484,0.048521,0.12164,0.398,0.41195,0.10162,0.020674,0.53783,0.45566,0.29028,0.35791,0.018442,0.21004,0.19495,0.043727,0.17993,0.18972,0.38224,0.38108,0.43218,0.19252,0.15123,0.031897,0.20841,0.28074,0.15472,0,0.16403,0,0.09256,0.051328,0.093447,0.085926,0.078777,0,0.11084,0.096364,0.19003,0.18549,0.20186,0.20594,0.22383,0.018864,0.14604,0,0.57282,0.23869,0.45779,0.15031,0.68427,0.55258,0.3456,0.29321,0.29273,0.45875,0.049734,0.37567,0.26338,0.144,0.24015,0.27981,0.26245,0.26289,0,0,0.13253,0.21044,0.15699,0.27068,0.33974,0.29934,0.075684,0.19719,0.36909,0.41216,0.2089,0.36332,0.30223,0.50844,0.25753,0.27784,0.23449,0.17497,0.12055,0.14293,0,0.24006,0,0.080747,0.14887,0.016074,0.093701,0.017778,0.18321,0.30027,0.19458,0.092415,0.034618,0.17028,0.26737,0.11747
0.19715,0.0042736,0.36148,0.76394,0.16386,0.59401,0.57285,1,0.35769,0.49501,0.079875,0.24864,0.3019,0.54896,0.30326,0.54421,0,0.1828,0.33248,0.39201,0.21147,0.13326,0.3887,0.47481,0.031978,0.30047,0,0.074593,0.20371,0.2379,0.2589,0.34085,0.49791,0.62097,0.078803,0.10989,0,0.05437,0,0.21011,0.15491,0.16478,0.4632,0.27581,0.2596,0.29018,0.39579,0.3577,0.29805,0.19854,0.32933,0.26714,0.40498,0.30363,0.29894,0.23353,0.2327,0.096179,0.14066,0.28754,0.39313,0.5739,0.41513,0.54308,0.14141,0.52489,0.2557,0.49354,0.19661,0.41951,0.22992,0.35905,0.28687,0.36327,0.32853,0.44189,0.27362,0.31967,0.035309,0,0.27876,0.25816,0.26001,0.42346,0.11653,0.14764,0.0064438,0.051017,0.23537,0.45334,0.45512,0.35986,0.53879,0.45084,0.18321,0.15257,0.28747,0.22056,0.37879,0.29494,0.19259,0.20831,0.25694,0.15386,0.22459,0,0.11546,0,0.17881,0.26007,0.20839,0.22838,0.16913,0.25617,0.2504,0.01636
0.31599,0.28421,0.46677,0.41522,0.75467,0.63395,0.5027,0.35769,1,0.62146,0,0.053858,0.32085,0.079466,0.5822,0.40421,0.0064372,0.11775,0.35783,0.46159,0.39638,0.24156,0.34292,0.36987,0.52993,0.57794,0.44863,0.48886,0.11349,0.095742,0.25013,0.29051,0.2408,0.24352,0.20346,0.12798,0.070998,0.032943,0.056394,0.19912,0.018547,0,0.17275,0,0.19955,0.24189,0.15497,0.073278,0.21845,0.15808,0.066414,0.056897,0.22614,0.16733,0.18045,0.22602,0.41137,0.26151,0.40843,0.3648,0.43923,0.46541,0.34165,0.30492,0.38859,0.46383,0.45403,0.37339,0.4431,0.541,0.14732,0.39375,0.19654,0.21895,0.21032,0.26228,0.096075,0.16729,0.15553,0.085042,0.34337,0.33613,0.32143,0.46773,0.4319,0.37758,0.045958,0.25594,0.40719,0.48061,0.23098,0.20389,0.27022,0.35291,0.23437,0.23723,0.2346,0.21477,0.21513,0.22403,0.10771,0.21243,0.21564,0.2136,0.047005,0,0.1905,0.16602,0.23958,0.26907,0.24863,0.23748,0.17735,0.14884,0.011775,0
0.23484,0.065433,0.24948,0.36592,0.48567,0.73287,0.43577,0.49501,0.62146,1,0.044203,0.30324,0.3605,0.3152,0.4454,0.58465,0,0.025457,0.23719,0.36833,0.33586,0.18043,0.23916,0.28726,0.41083,0.53879,0.31748,0.37664,0.04409,0.053017,0.16457,0.29879,0.17872,0.27896,0.11544,0.14195,0.022625,0.083844,0.10528,0.26431,0.18955,0,0.36769,0.17898,0.21394,0.24962,0.16604,0.12365,0.29571,0.16857,0.2467,0.22432,0.28765,0.31772,0.31346,0.35788,0.3161,0.079044,0.49772,0.41717,0.55352,0.54149,0.37343,0.2385,0.45642,0.63896,0.42324,0.41922,0.34977,0.47527,0.19344,0.31315,0.18977,0.18863,0.36781,0.43217,0.035046,0.12336,0.095457,0.081608,0.22388,0.24158,0.35936,0.43301,0.23314,0.29502,0.27261,0.23861,0.4268,0.57927,0.35479,0.28315,0.30173,0.4307,0.080546,0.12977,0.20488,0.26985,0.30482,0.36428,0.29684,0.32483,0.41812,0.44588,0.27747,0.11554,0.36561,0.40111,0.18737,0.13821,0.30131,0.29328,0.44172,0.34941,0.067862,0.010041
0.21828,0.15503,0.2337,0.038351,0,0,0.33414,0.079875,0,0.044203,1,0.35229,0.53145,0.35213,0.32246,0.11066,0.34178,0.23846,0.31061,0.19686,0.086428,0.069468,0.26748,0.26103,0.093231,0,0,0,0.33613,0.16254,0.056133,0.065953,0.23922,0.20428,0.30474,0.15087,0.012482,0.11625,0.1536,0.13,0.21229,0.11194,0.050082,0.084746,0.041002,0,0,0.0091363,0,0,0.18718,0.17851,0.10374,0,0.13332,0.0023632,0,0.012555,0.088094,0,0.28628,0.077311,0.21639,0.11019,0.39392,0.2972,0.20524,0.1551,0.087093,0.15435,0.17073,0.29782,0.36724,0.16762,0.14972,0.043045,0.26572,0.1673,0,0,0.090104,0.015637,0.087867,0,0.29362,0.1493,0.18085,0.17542,0.25198,0,0,0,0,0,0,0,0.036033,0.027713,0,0,0.095702,0.026999,0,0,0,0,0,0.033993,0,0.048085,0.0046748,0,0,0,0,0
0.26549,0.27967,0,0.066609,0.08539,0.3092,0.053981,0.24864,0.053858,0.30324,0.35229,1,0.21887,0.74823,0.26917,0.46351,0.11638,0.3128,0.23127,0.24881,0.27286,0.25055,0,0,0.092599,0.13512,0.16241,0.1928,0.26884,0.35546,0.1919,0.2826,0.14961,0.30932,0,0.11798,0,0.11515,0.024625,0.13187,0.15276,0.19887,0.26836,0.33628,0.082822,0.21089,0.073004,0.16551,0.28161,0.17699,0.3044,0.28181,0.23512,0.040304,0.32846,0.21746,0.37628,0.40907,0.51557,0.41415,0.54111,0.53572,0.44187,0.48153,0.13673,0.42774,0.26698,0.26493,0.16853,0.11554,0.21108,0.34569,0.35853,0.42199,0.31911,0.33763,0.058622,0.097068,0.12585,0.029396,0.13588,0.068421,0.30848,0.23984,0,0,0.22469,0.099074,0.22187,0.069853,0,0,0,0,0.048948,0.080393,0.28724,0.36564,0.30989,0.32626,0.50019,0.20043,0.46193,0.50054,0.051447,0,0.22526,0.34899,0.13015,0.085256,0.29765,0.28063,0.34655,0.31563,0,0
0.19994,0.078933,0.46317,0.16645,0.089779,0.21998,0.70398,0.3019,0.32085,0.3605,0.53145,0.21887,1,0.30831,0.39033,0.080218,0.063393,0,0.19046,0.20627,0.063011,0.0085191,0.36021,0.29413,0.19179,0.10697,0,0.094203,0.17011,0.014327,0.01739,0.036467,0.13617,0.15609,0.29785,0.054746,0.094767,0.002157,0.13701,0.11894,0.13147,0,0.1859,0.051535,0.12689,0.073836,0.052514,0.069741,0.070847,0,0.096524,0.097101,0.09443,0.050794,0.16939,0.1467,0.031758,0,0.15536,0,0.52112,0.16225,0.34936,0.0020253,0.58806,0.42763,0.22136,0.16023,0.083432,0.28719,0.022877,0.27092,0.18873,0.062828,0.23092,0.2257,0.16092,0.12176,0,0,0.0075049,0.06597,0.083126,0.058962,0.23018,0.16653,0.07963,0.1509,0.30526,0.20016,0.17239,0.22941,0.2328,0.32896,0.10871,0.095129,0.13426,0.092536,0.10755,0.12249,0.0024309,0.15495,0.0032088,0.038558,0.17419,0.1198,0.1,0.050891,0.041499,0.22226,0.12002,0.053482,0.024639,0.25105,0.21275,0.12555
0.12635,0.11935,0.040298,0.31415,0.095822,0.35992,0.17262,0.54896,0.079466,0.3152,0.35213,0.74823,0.30831,1,0.40363,0.61831,0.1424,0.21145,0.23888,0.24702,0.17658,0.15015,0.14463,0.23014,0.0011804,0.067973,0.030032,0.10192,0.21176,0.29908,0.19629,0.28125,0.329,0.46828,0.014655,0.091496,0,0.1256,0,0.13984,0.27639,0.2639,0.48229,0.48883,0.26999,0.29134,0.23602,0.28112,0.32268,0.22755,0.44461,0.3601,0.3815,0.13446,0.32893,0.20563,0.21879,0.23325,0.32026,0.33612,0.44744,0.5243,0.49456,0.52531,0.07938,0.43137,0.27731,0.36707,0.098866,0.14765,0.27058,0.39726,0.2985,0.38875,0.28216,0.33547,0.12837,0.15394,0.11264,0,0.26301,0.16503,0.291,0.27383,0.11726,0.079712,0.09467,0.034991,0.18397,0.1635,0.097409,0,0.14003,0.08108,0.015371,0.0014506,0.23653,0.27753,0.30367,0.29394,0.41755,0.19579,0.41509,0.35799,0.18794,0,0.15606,0.11646,0.090867,0.10078,0.17395,0.19412,0.22582,0.30749,0.05791,0.03463
0.24838,0.35004,0.41407,0.37291,0.55641,0.51297,0.39078,0.30326,0.5822,0.4454,0.32246,0.26917,0.39033,0.40363,1,0.63408,0.13877,0.22208,0.52422,0.53135,0.34784,0.30717,0.45124,0.46632,0.48665,0.44208,0.32626,0.3526,0.34866,0.32079,0.37837,0.3346,0.47101,0.41292,0.33052,0.15171,0.10513,0.1726,0.13354,0.30996,0.28695,0.22759,0.33583,0.18999,0.39387,0.2961,0.23649,0.19323,0.36452,0.28744,0.29422,0.27904,0.25083,0.12737,0.20537,0.23124,0.30616,0.29399,0.4422,0.32975,0.37623,0.42385,0.35319,0.35668,0.3197,0.37602,0.53679,0.40237,0.38193,0.4339,0.23158,0.44708,0.4326,0.3972,0.24617,0.19897,0.17063,0.14324,0.15364,0.04214,0.4309,0.3337,0.56281,0.45857,0.55233,0.43933,0.24011,0.38284,0.41382,0.2643,0,0,0.064321,0.15767,0.23001,0.16723,0.29146,0.22114,0.15252,0.13612,0.20246,0.18236,0.27171,0.25774,0,0,0.067519,0.17923,0.10147,0.28562,0.17467,0.10965,0.060458,0.19679,0,0
0.20978,0.19078,0.13291,0.47804,0.48409,0.6571,0.19484,0.54421,0.40421,0.58465,0.11066,0.46351,0.080218,0.61831,0.63408,1,0.10338,0.24005,0.37647,0.45487,0.39331,0.32505,0.23375,0.34433,0.28366,0.47007,0.37854,0.32186,0.18151,0.27217,0.34663,0.43479,0.40233,0.48217,0.056379,0.063785,0.051582,0.26124,0.068368,0.27964,0.32754,0.30466,0.47987,0.42854,0.37658,0.30605,0.26756,0.25483,0.37567,0.29847,0.38368,0.32282,0.29802,0.22828,0.1978,0.20636,0.32065,0.26153,0.41517,0.44393,0.36326,0.61354,0.3472,0.48827,0.13684,0.4667,0.37596,0.41632,0.28228,0.3775,0.40089,0.48578,0.29391,0.4212,0.21843,0.30876,0.10525,0.14023,0.26317,0.15777,0.44185,0.38407,0.46127,0.5888,0.27736,0.30608,0.17502,0.17646,0.21299,0.37076,0.17353,0,0.14326,0.18785,0.050788,0.032722,0.24463,0.3211,0.29696,0.2612,0.36391,0.29284,0.4952,0.45558,0.052589,0,0.11372,0.22338,0.17987,0.14732,0.21683,0.22181,0.28966,0.26196,0,0
0.33407,0.2135,0.13204,0.05461,0,0,0.048521,0,0.0064372,0,0.34178,0.11638,0.063393,0.1424,0.13877,0.10338,1,0.39905,0.24505,0.32857,0.024882,0,0.078911,0.067964,0.15328,0.098912,0.08818,0.028911,0,0,0.13929,0.10388,0.14523,0.093248,0.11692,0,0.055684,0,0.11186,0,0.049352,0.19184,0.067368,0.18729,0.19975,0.086071,0,0,0,0.075177,0.22409,0.15429,0.10647,0.057805,0,0,0.17311,0.12027,0,0,0,0,0,0,0.098583,0,0.14573,0.022504,0.22581,0.076249,0.28473,0.059876,0,0,0,0,0,0,0.67424,0.46403,0.68957,0.53241,0,0.070748,0.44281,0.34773,0,0,0.028096,0,0,0,0,0,0,0,0,0.031357,0,0,0,0.17186,0,0.023417,0,0.17871,0,0,0.034463,0,0,0,0,0,0,0
0.40621,0.43908,0.19832,0.22634,0.12066,0.15249,0.12164,0.1828,0.11775,0.025457,0.23846,0.3128,0,0.21145,0.22208,0.24005,0.39905,1,0.35534,0.36392,0.1155,0.10035,0.12522,0.12679,0.1244,0.22259,0.084638,0.078694,0.31661,0.34905,0.26713,0.28383,0.34127,0.34776,0.0099146,0,0,0.1418,0,0.070123,0.14241,0.20609,0.11036,0.07625,0.18394,0.18475,0.10786,0.11451,0.23181,0.15686,0.22174,0.16499,0.1452,0.016382,0.089324,0.068717,0.43993,0.41396,0.18622,0.13412,0.1458,0.20737,0.15755,0.32009,0.098518,0.20042,0.21643,0.21101,0.34874,0.3075,0.12711,0.32483,0.29408,0.37091,0.0070056,0.14885,0.029104,0.019092,0.23784,0.22339,0.41304,0.3971,0.13826,0.20361,0.22365,0.20421,0,0.052173,0.14849,0,0,0,0,0,0.16221,0.075573,0.23333,0.26585,0.11787,0.091939,0.10412,0.10296,0.077118,0.16014,0,0,0,0.042931,0.10827,0.13055,0.098469,0.071106,0.014708,0.035854,0,0
0.5884,0.40654,0.53173,0.57217,0.37645,0.19149,0.398,0.33248,0.35783,0.23719,0.31061,0.23127,0.19046,0.23888,0.52422,0.37647,0.24505,0.35534,1,0.89041,0.3445,0.24899,0.50864,0.48556,0.45951,0.46792,0.25998,0.26611,0.22537,0.22848,0.47793,0.44501,0.60272,0.56451,0.40883,0.37965,0.016131,0.15675,0.24632,0.47335,0.2489,0.23186,0.25614,0.10666,0.27653,0.23965,0.17989,0.11548,0.21783,0.11358,0.16994,0.13981,0.23859,0.24233,0.4002,0.40029,0.42692,0.39214,0.27457,0.29809,0.18981,0.34899,0.2445,0.2961,0.26244,0.30256,0.52858,0.44074,0.64848,0.62565,0.21204,0.4197,0.39299,0.37352,0.35954,0.30759,0.22945,0.26221,0.13828,0.16762,0.46064,0.48791,0.51837,0.46253,0.47384,0.43452,0.34525,0.32237,0.42949,0.38874,0.056306,0.11436,0.11087,0.14397,0.17078,0.17351,0.33674,0.26455,0.26822,0.24788,0.10405,0,0.13322,0.1132,0.093936,0,0.23944,0.2624,0.14671,0.18282,0.33477,0.25655,0.2314,0.26154,0.027174,0.0011067
0.61867,0.49058,0.49608,0.62341,0.42234,0.35227,0.41195,0.39201,0.46159,0.36833,0.19686,0.24881,0.20627,0.24702,0.53135,0.45487,0.32857,0.36392,0.89041,1,0.35125,0.19281,0.46801,0.48406,0.50804,0.57831,0.37085,0.40018,0.043472,0.056693,0.43447,0.43139,0.48619,0.4906,0.30819,0.32126,0,0.076362,0.25697,0.407,0.16745,0.17444,0.29727,0.17755,0.32018,0.26023,0.12558,0.032795,0.23875,0.12803,0.20619,0.13817,0.26763,0.28736,0.39825,0.42967,0.44591,0.42514,0.35502,0.32481,0.23971,0.37017,0.18778,0.24325,0.25975,0.31616,0.50774,0.39749,0.68537,0.66726,0.30416,0.37447,0.22799,0.27508,0.25354,0.24488,0.1321,0.15187,0.28396,0.34473,0.56541,0.61248,0.46629,0.48209,0.52804,0.5399,0.29129,0.19883,0.50707,0.45544,0.18349,0.15441,0.21376,0.23674,0.0060733,0.040829,0.20497,0.24747,0.22698,0.25565,0.11757,0.062766,0.11671,0.16769,0.15783,0.10819,0.25013,0.30262,0.16558,0.061864,0.27714,0.21256,0.34208,0.28065,0,0.017805
0.22398,0.15621,0.099311,0.3568,0.50591,0.29287,0.10162,0.21147,0.39638,0.33586,0.086428,0.27286,0.063011,0.17658,0.34784,0.39331,0.024882,0.1155,0.3445,0.35125,1,0.81961,0.14054,0.2318,0.44424,0.48785,0.48007,0.4081,0.1722,0.26036,0.49719,0.47615,0.30533,0.36369,0.20631,0.30714,0.072506,0.29007,0.084784,0.34917,0.12367,0.19688,0.17973,0.049966,0.13191,0.20592,0.16486,0.12185,0.23657,0.15776,0.058179,0.031677,0.16123,0.076016,0.20311,0.16214,0.30862,0.28075,0.32656,0.40449,0.15082,0.42906,0.2107,0.33737,0.10904,0.28552,0.39283,0.43139,0.30256,0.3262,0.5998,0.62265,0.34913,0.51165,0.45811,0.40262,0.37926,0.41638,0.15777,0.0007079,0.24839,0.21926,0.27241,0.35574,0.18548,0.23351,0.11152,0.2268,0.14564,0.30798,0.15649,0.057328,0.072319,0,0.046368,0.049825,0.18894,0.15978,0.26365,0.21706,0.24561,0,0.38658,0.18896,0.025173,0,0.19963,0.19286,0.15241,0.14686,0.30303,0.30693,0.24871,0.19052,0,0
0.10005,0.1606,0.04413,0.27774,0.39412,0.2982,0.020674,0.13326,0.24156,0.18043,0.069468,0.25055,0.0085191,0.15015,0.30717,0.32505,0,0.10035,0.24899,0.19281,0.81961,1,0.083604,0.15122,0.36896,0.42683,0.28334,0.25582,0.44593,0.50832,0.49325,0.4349,0.34519,0.3855,0.13667,0.22086,0.11675,0.31964,0.11209,0.35444,0.11068,0.22408,0.10868,0,0.047899,0.20572,0.27545,0.2487,0.25411,0.18689,0.037818,0.038401,0.13855,0.048736,0.13092,0.074937,0.33903,0.30203,0.33512,0.38147,0.10358,0.3924,0.1714,0.378,0.0041927,0.18816,0.35999,0.42349,0.19902,0.27632,0.32361,0.57631,0.53424,0.68938,0.54838,0.44311,0.45841,0.51279,0.099959,0,0.1161,0.049987,0.31016,0.37809,0.040079,0.0653,0.20874,0.38667,0.10018,0.22975,0.053206,0.028162,0,0,0.24948,0.20442,0.34659,0.28071,0.31589,0.19281,0.19387,0,0.40014,0.19979,0,0,0.096042,0.17419,0.051782,0.30061,0.36598,0.37588,0.13023,0.14309,0.0093228,0
0.19591,0.082248,0.84002,0.68914,0.24008,0.23762,0.53783,0.3887,0.34292,0.23916,0.26748,0,0.36021,0.14463,0.45124,0.23375,0.078911,0.12522,0.50864,0.46801,0.14054,0.083604,1,0.92975,0.48548,0.40221,0.0049823,0.13986,0.16803,0.093807,0.51037,0.48875,0.51507,0.39279,0.53448,0.40004,0.019892,0,0.12799,0.24113,0.23789,0.032475,0.25725,0,0.18998,0.093402,0.24689,0.17663,0.17532,0.074978,0.19777,0.16222,0.23343,0.29526,0.31323,0.27557,0.036731,0,0,0,0.042232,0,0.22384,0.044809,0.35058,0.15411,0.35579,0.33774,0.25994,0.4767,0.052073,0.30713,0.2254,0.12487,0.2076,0.099632,0.1972,0.19703,0.027284,0,0.25701,0.26747,0.24781,0.20557,0.48815,0.52224,0.14797,0.26029,0.27123,0.27886,0.32234,0.37801,0.45793,0.43188,0.19697,0.20058,0.15542,0.087958,0.17553,0.12342,0,0.017222,0,0,0.21441,0.0020971,0.15236,0,0.12387,0.21494,0.17473,0.084413,0,0.12246,0.31093,0.10581
0.1223,0.0494,0.72843,0.78007,0.27635,0.33361,0.45566,0.47481,0.36987,0.28726,0.26103,0,0.29413,0.23014,0.46632,0.34433,0.067964,0.12679,0.48556,0.48406,0.2318,0.15122,0.92975,1,0.3986,0.40825,0.0222,0.14133,0.15982,0.14728,0.49323,0.53347,0.52442,0.45488,0.44714,0.42317,0,0,0.029788,0.22504,0.21047,0.025107,0.32372,0.039675,0.22534,0.17782,0.33046,0.26133,0.21821,0.10857,0.17531,0.15162,0.27749,0.29682,0.35306,0.30706,0.042505,0,0,0.03913,0.029904,0.12109,0.29167,0.21202,0.24432,0.203,0.38149,0.44609,0.24486,0.52101,0.099303,0.32853,0.2336,0.20168,0.24492,0.14853,0.18515,0.20306,0.019246,0,0.28218,0.27837,0.31678,0.2657,0.47219,0.52717,0.13793,0.2535,0.29742,0.35061,0.44391,0.42104,0.56825,0.45248,0.16875,0.16042,0.17258,0.10503,0.24382,0.19523,0.0030958,0.030698,0.098897,0,0.23417,0,0.17688,0.029028,0.14108,0.21202,0.22589,0.16953,0.0168,0.12506,0.20884,0.032739
0.34199,0.19923,0.53958,0.36104,0.64947,0.34639,0.29028,0.031978,0.52993,0.41083,0.093231,0.092599,0.19179,0.0011804,0.48665,0.28366,0.15328,0.1244,0.45951,0.50804,0.44424,0.36896,0.48548,0.3986,1,0.78949,0.56114,0.62441,0.080574,0.052636,0.61121,0.52763,0.3324,0.26143,0.50932,0.42311,0.087326,0.13364,0.3319,0.38092,0.19042,0.10935,0.11948,0.03225,0.13374,0.16668,0.024029,0,0.1628,0.10231,0.066639,0.092712,0.046284,0.10987,0.27938,0.33595,0.2893,0.1929,0.38108,0.27829,0.13081,0.093385,0.029028,0,0.39637,0.24473,0.56543,0.37955,0.3794,0.39917,0.20978,0.3535,0.26631,0.19905,0.27954,0.18706,0.15613,0.1771,0.32563,0.22577,0.35663,0.39422,0.37123,0.38077,0.42409,0.54282,0.3822,0.41128,0.35195,0.28536,0.03364,0.044426,0.054797,0.097894,0.08744,0.17072,0.16198,0.21644,0.13471,0.16445,0.22638,0.0568,0.27613,0.21504,0.18256,0.11299,0.35699,0.44115,0.10032,0.069645,0.28112,0.14496,0.22196,0.22892,0.037116,0.11797
0.37786,0.20514,0.44536,0.54592,0.6417,0.58585,0.35791,0.30047,0.57794,0.53879,0,0.13512,0.10697,0.067973,0.44208,0.47007,0.098912,0.22259,0.46792,0.57831,0.48785,0.42683,0.40221,0.40825,0.78949,1,0.52379,0.61257,0.063069,0.10812,0.6291,0.65651,0.40214,0.44342,0.34764,0.35348,0.0054771,0.17388,0.26412,0.39921,0.17437,0.14345,0.25328,0.13816,0.20701,0.25211,0.11381,0.087318,0.25137,0.15122,0.13372,0.16081,0.081296,0.27045,0.27429,0.37967,0.35375,0.19421,0.43086,0.38742,0.17373,0.31136,0.091465,0.15855,0.33391,0.39552,0.57197,0.51876,0.39293,0.51932,0.26037,0.43731,0.22149,0.31701,0.25513,0.33317,0.16302,0.2238,0.37785,0.29427,0.41447,0.50476,0.43821,0.55781,0.27986,0.53555,0.34839,0.33726,0.26059,0.44811,0.1815,0.16928,0.10044,0.18068,0.095428,0.18715,0.23685,0.34348,0.30131,0.31917,0.26957,0.11268,0.43341,0.34575,0.22819,0.14303,0.39535,0.51178,0.17766,0.091415,0.37389,0.32181,0.41796,0.39776,0.029136,0.13373
0.36041,0.29091,0.078938,0.11419,0.75126,0.27813,0.018442,0,0.44863,0.31748,0,0.16241,0,0.030032,0.32626,0.37854,0.08818,0.084638,0.25998,0.37085,0.48007,0.28334,0.0049823,0.0222,0.56114,0.52379,1,0.82168,0,0,0.19422,0.22311,0,0,0.16411,0.16731,0,0.23872,0.15061,0.27827,0,0.12516,0.057291,0.11158,0.042408,0.10351,0,0,0.013693,0.065327,0,0.015211,0.06072,0.078168,0.07432,0.16581,0.33966,0.35348,0.40854,0.38378,0.22769,0.2924,0.085302,0.11935,0.18488,0.26982,0.33447,0.17508,0.3805,0.22299,0.43193,0.25912,0,0.021995,0,0.11913,0,0.017268,0.16619,0.30034,0.23196,0.29788,0.19806,0.28848,0.32858,0.34787,0.044471,0.033361,0.21087,0.30161,0,0,0,0.022815,0,0,0.017556,0.16688,0.015307,0.15707,0.24903,0.15058,0.21429,0.27587,0.11764,0.14242,0.16342,0.22077,0.175,0,0.11788,0.093704,0.35379,0.13175,0,0.016199
0.40489,0.28712,0.25149,0.20694,0.68232,0.41309,0.21004,0.074593,0.48886,0.37664,0,0.1928,0.094203,0.10192,0.3526,0.32186,0.028911,0.078694,0.26611,0.40018,0.4081,0.25582,0.13986,0.14133,0.62441,0.61257,0.82168,1,0,0,0.19248,0.21218,0.030624,0.049095,0.21225,0.15913,0,0.13848,0.21748,0.33154,0,0.039577,0.14201,0.17892,0.078728,0.12918,0,0,0.018233,0.025014,0.018509,0.031605,0.13775,0.12909,0.19836,0.24173,0.36832,0.322,0.46325,0.39304,0.32697,0.2955,0.12563,0.1011,0.28066,0.36589,0.42982,0.26826,0.40344,0.32823,0.29437,0.28972,0,0.0071929,0,0.11206,0.017922,0.022567,0.14315,0.27688,0.22662,0.34849,0.20972,0.3256,0.32727,0.42111,0.080291,0.10845,0.34919,0.37436,0.063121,0.055748,0.066865,0.092945,0,0.035645,0.10395,0.21783,0.089619,0.23909,0.30414,0.16652,0.26306,0.26903,0.20236,0.19223,0.20214,0.28975,0.16655,0,0.16319,0.13062,0.37225,0.23372,0,0.063233
0,0.074724,0.16405,0.15298,0.019721,0.21056,0.19495,0.20371,0.11349,0.04409,0.33613,0.26884,0.17011,0.21176,0.34866,0.18151,0,0.31661,0.22537,0.043472,0.1722,0.44593,0.16803,0.15982,0.080574,0.063069,0,0,1,0.90634,0.38015,0.28559,0.52637,0.5136,0.027937,0.033243,0.10338,0.16738,0,0.25773,0.21749,0.23611,0.10998,0,0.051265,0.20906,0.41672,0.49894,0.26344,0.20021,0.098104,0.16377,0.16747,0,0.13418,0.058722,0.2428,0.14078,0.18572,0.15999,0.17867,0.27651,0.28709,0.44587,0.020058,0.13574,0.24325,0.32353,0.04647,0.21916,0,0.31764,0.83042,0.70931,0.44943,0.27709,0.33404,0.36104,0.019156,0,0.10602,0,0.4327,0.36988,0,0,0.24327,0.50734,0.12884,0.0036817,0,0,0,0,0.68176,0.50551,0.54844,0.27705,0.29518,0.10234,0.042906,0,0.20042,0.079663,0,0,0,0,0.042519,0.66363,0.3719,0.29394,0,0,0.25928,0
0,0.030733,0.05448,0.19919,0.1072,0.21416,0.043727,0.2379,0.095742,0.053017,0.16254,0.35546,0.014327,0.29908,0.32079,0.27217,0,0.34905,0.22848,0.056693,0.26036,0.50832,0.093807,0.14728,0.052636,0.10812,0,0,0.90634,1,0.47656,0.40142,0.5523,0.60678,0,0.11172,0.026043,0.26468,0,0.27438,0.23204,0.32013,0.19375,0.010515,0.074303,0.29665,0.47871,0.57999,0.30618,0.22555,0.067473,0.12446,0.16667,0,0.17061,0.11617,0.28521,0.20301,0.23556,0.30509,0.14026,0.40327,0.33328,0.58843,0,0.15237,0.29646,0.42615,0.020913,0.23096,0,0.37276,0.80727,0.81114,0.52602,0.4213,0.29997,0.38181,0.027692,0,0.089365,0,0.50107,0.43455,0,0,0.21542,0.46825,0.062832,0.061484,0,0,0,0,0.71622,0.5468,0.62073,0.34088,0.43572,0.23116,0.15433,0,0.35824,0.21303,0,0,0,0.079911,0.12825,0.69651,0.49332,0.46271,0,0.063976,0.28241,0
0.1227,0.04924,0.41533,0.55756,0.34632,0.21581,0.17993,0.2589,0.25013,0.16457,0.056133,0.1919,0.01739,0.19629,0.37837,0.34663,0.13929,0.26713,0.47793,0.43447,0.49719,0.49325,0.51037,0.49323,0.61121,0.6291,0.19422,0.19248,0.38015,0.47656,1,0.89658,0.69939,0.68004,0.36559,0.41369,0.016678,0.18615,0.03397,0.33198,0.30165,0.35213,0.28502,0.076607,0.15288,0.26924,0.23874,0.23686,0.27221,0.1405,0.065224,0.056934,0.022988,0.064606,0.23112,0.2334,0.22932,0.145,0.2025,0.27805,0,0.19817,0.1647,0.26202,0.12814,0.11055,0.51973,0.51899,0.18752,0.41567,0.25653,0.52907,0.52181,0.58426,0.47662,0.37526,0.31682,0.37612,0.39314,0.064173,0.40513,0.34799,0.48,0.48238,0.13374,0.28652,0.24921,0.33334,0.033279,0.1202,0.060412,0.050765,0.074831,0.0019462,0.31305,0.34063,0.35502,0.31843,0.36324,0.25145,0.26669,0,0.42609,0.33121,0.079233,0,0.38107,0.3855,0.23873,0.31668,0.3804,0.36994,0.18182,0.29956,0.16781,0.10488
0.12298,0.069716,0.3563,0.6038,0.36008,0.31693,0.18972,0.34085,0.29051,0.29879,0.065953,0.2826,0.036467,0.28125,0.3346,0.43479,0.10388,0.28383,0.44501,0.43139,0.47615,0.4349,0.48875,0.53347,0.52763,0.65651,0.22311,0.21218,0.28559,0.40142,0.89658,1,0.60727,0.67213,0.31344,0.45749,0,0.15613,0,0.29206,0.27033,0.26193,0.32999,0.11109,0.17373,0.27508,0.22682,0.22688,0.27432,0.11583,0.061378,0.073594,0.025622,0.1024,0.27527,0.25855,0.22833,0.16611,0.24968,0.33004,0.030411,0.28731,0.25643,0.36142,0.17947,0.25287,0.53228,0.57109,0.21182,0.4644,0.25398,0.51525,0.40695,0.53575,0.44727,0.40838,0.246,0.32751,0.34048,0.083867,0.34373,0.32975,0.47658,0.45537,0.085426,0.27526,0.2573,0.26045,0.065951,0.19906,0.1863,0.14212,0.16658,0.10135,0.24418,0.29348,0.34107,0.33801,0.38114,0.29923,0.35974,0.052754,0.5158,0.40678,0.19877,0,0.47716,0.46824,0.28977,0.25681,0.4391,0.41141,0.29233,0.36644,0.12591,0.12737
0.25586,0.2435,0.48327,0.6036,0.21226,0.29374,0.38224,0.49791,0.2408,0.17872,0.23922,0.14961,0.13617,0.329,0.47101,0.40233,0.14523,0.34127,0.60272,0.48619,0.30533,0.34519,0.51507,0.52442,0.3324,0.40214,0,0.030624,0.52637,0.5523,0.69939,0.60727,1,0.9218,0.45673,0.3155,0.060041,0.16681,0,0.39857,0.37788,0.41912,0.35458,0.09583,0.3758,0.34063,0.34578,0.32033,0.36725,0.21846,0.25224,0.17589,0.19495,0.04871,0.17965,0.16532,0.30686,0.25553,0.18082,0.20562,0.12961,0.34952,0.24583,0.47501,0.18297,0.25239,0.54467,0.59412,0.31594,0.50958,0.16541,0.54628,0.60582,0.63401,0.39534,0.38098,0.3537,0.40004,0.23728,0,0.45688,0.36551,0.4301,0.48433,0.25636,0.33349,0.17123,0.41637,0.1147,0.19222,0.0013417,0.026572,0.1016,0.17071,0.41748,0.34923,0.3905,0.24108,0.30892,0.1331,0.11285,0.097492,0.26796,0.21433,0,0,0.13915,0.12335,0.17127,0.42199,0.27453,0.22908,0,0.16686,0.2096,0
0.2042,0.18901,0.3667,0.62746,0.22477,0.36884,0.38108,0.62097,0.24352,0.27896,0.20428,0.30932,0.15609,0.46828,0.41292,0.48217,0.093248,0.34776,0.56451,0.4906,0.36369,0.3855,0.39279,0.45488,0.26143,0.44342,0,0.049095,0.5136,0.60678,0.68004,0.67213,0.9218,1,0.35082,0.37673,0.026855,0.22913,0,0.43981,0.37189,0.43522,0.42222,0.19022,0.33358,0.39648,0.38877,0.39608,0.37496,0.20327,0.22722,0.16669,0.23433,0.092265,0.28609,0.25711,0.34973,0.28049,0.28971,0.34127,0.23124,0.51426,0.36678,0.6249,0.16727,0.38775,0.57462,0.68818,0.30165,0.51174,0.17247,0.55812,0.60797,0.71208,0.50173,0.51028,0.39348,0.4621,0.22605,0,0.41007,0.33229,0.50446,0.56033,0.094932,0.2155,0.23827,0.39017,0.16622,0.29576,0.087288,0.1124,0.1327,0.18023,0.42232,0.36537,0.46912,0.33402,0.43699,0.29084,0.2268,0.11946,0.40496,0.3068,0,0,0.25887,0.23371,0.20922,0.43816,0.4271,0.39527,0.10524,0.31287,0.23922,0
0.29376,0.18978,0.60952,0.28535,0.18865,0.037938,0.43218,0.078803,0.20346,0.11544,0.30474,0,0.29785,0.014655,0.33052,0.056379,0.11692,0.0099146,0.40883,0.30819,0.20631,0.13667,0.53448,0.44714,0.50932,0.34764,0.16411,0.21225,0.027937,0,0.36559,0.31344,0.45673,0.35082,1,0.69411,0.16288,0.16663,0.2921,0.3506,0.20066,0.15313,0.11485,0,0.22496,0.075681,0,0,0.091359,0,0.080414,0,0.048391,0.081146,0.20616,0.18705,0.069118,0.019982,0.055329,0,0.16803,0,0.12414,0,0.61996,0.27289,0.55058,0.38144,0.27935,0.19881,0.16697,0.28877,0.19947,0.078525,0.18601,0.11695,0.22716,0.22436,0.087712,0.049472,0.17111,0.17958,0.083433,0.045157,0.43838,0.51012,0.2589,0.33826,0.23055,0.17854,0.040706,0.090401,0.085747,0.13282,0.09358,0.14861,0.038422,0,0.046278,0.017645,0,0,0.046266,0,0.21016,0.11592,0.26161,0.19014,0.067182,0.048034,0.20276,0.025765,0,0.14042,0.22366,0.25012
0.11869,0.07983,0.37775,0.3548,0.15124,0.065562,0.19252,0.10989,0.12798,0.14195,0.15087,0.11798,0.054746,0.091496,0.15171,0.063785,0,0,0.37965,0.32126,0.30714,0.22086,0.40004,0.42317,0.42311,0.35348,0.16731,0.15913,0.033243,0.11172,0.41369,0.45749,0.3155,0.37673,0.69411,1,0,0.088401,0.21979,0.30708,0.041306,0.035571,0.14871,0,0.066152,0.14395,0.11515,0.099508,0.15663,0.036454,0,0.011789,0.17915,0.21463,0.50874,0.47352,0.14285,0.088468,0.2118,0.19595,0.12808,0.11177,0.29856,0.14698,0.34534,0.23995,0.55477,0.51262,0.2485,0.15144,0.07617,0.17986,0.25914,0.21448,0.43515,0.25738,0.26153,0.35821,0.010657,0,0,0,0.30361,0.14711,0.086828,0.23988,0.51457,0.41065,0.30756,0.30601,0.18956,0.24799,0.16365,0.074003,0.12859,0.24442,0.13639,0.11605,0.2807,0.30705,0.17067,0,0.26863,0.043841,0.30813,0.11178,0.56861,0.45309,0.10165,0.044309,0.5356,0.34653,0.29742,0.24514,0.2849,0.31466
0.094428,0.05586,0.1558,0,0.10226,0,0.15123,0,0.070998,0.022625,0.012482,0,0.094767,0,0.10513,0.051582,0.055684,0,0.016131,0,0.072506,0.11675,0.019892,0,0.087326,0.0054771,0,0,0.10338,0.026043,0.016678,0,0.060041,0.026855,0.16288,0,1,0.4984,0.45683,0.34907,0.46498,0.21215,0.01502,0.061777,0,0,0.11556,0.095708,0.012637,0.064437,0.15045,0.11508,0.066799,0.10589,0.012695,0.027375,0.050255,0,0.056792,0,0.024776,0,0,0,0.13349,0.00075658,0.13505,0.066291,0.18397,0.14653,0.052877,0.13754,0.06618,0.057312,0.10719,0.059495,0.49906,0.40785,0.051157,0,0.048201,0.0014286,0.04378,0.18417,0.16481,0.078784,0.067276,0.22765,0,0.056242,0.019808,0.084359,0,0.025833,0.11096,0.089507,0.059099,0.043413,1.6703e-05,0.016345,0,0,0,0,0,0,0,0,0,0.095135,0,0,0,0.046436,0.090905,0
0.11288,0.026776,0.013907,0,0.30121,0,0.031897,0.05437,0.032943,0.083844,0.11625,0.11515,0.002157,0.1256,0.1726,0.26124,0,0.1418,0.15675,0.076362,0.29007,0.31964,0,0,0.13364,0.17388,0.23872,0.13848,0.16738,0.26468,0.18615,0.15613,0.16681,0.22913,0.16663,0.088401,0.4984,1,0.19124,0.57474,0.43489,0.43436,0.18852,0.16463,0.011917,0.15462,0.24081,0.27282,0.059708,0.11815,0.17727,0.17381,0.25467,0.16897,0.21905,0.21692,0.13052,0.1157,0.23523,0.29835,0.12755,0.26366,0.019087,0.1483,0.14061,0.28136,0.36868,0.33757,0.21179,0.26777,0.1899,0.3633,0.19081,0.34554,0.24155,0.38552,0.42043,0.47014,0,0,0.056992,0.055825,0.21604,0.34009,0.13211,0.17776,0.13168,0.29681,0.11106,0.24891,0.057327,0.15578,0,0,0.25754,0.2434,0.28513,0.21479,0.26911,0.31675,0.081414,0,0.20201,0.073446,0,0,0.043295,0.04762,0.040775,0.21263,0.30091,0.36478,0.15977,0.19174,0.21381,0.067373
0.18309,0.070657,0.25182,0.025953,0.10019,0,0.20841,0,0.056394,0.10528,0.1536,0.024625,0.13701,0,0.13354,0.068368,0.11186,0,0.24632,0.25697,0.084784,0.11209,0.12799,0.029788,0.3319,0.26412,0.15061,0.21748,0,0,0.03397,0,0,0,0.2921,0.21979,0.45683,0.19124,1,0.53114,0.25145,0.12046,0,0.10469,0,0,0,0,0,0,0.16585,0.12842,0.096924,0.16795,0.33866,0.31837,0.02839,0.025593,0.15772,0.041476,0.01125,0,0,0,0.24192,0.11323,0.19599,0.092574,0.24603,0.053828,0.074589,0,0.030856,0,0.075883,0,0.27847,0.19829,0.094884,0.24871,0.11148,0.19661,0.11611,0.095439,0.2646,0.27352,0.4733,0.28234,0.35481,0.1373,0.048621,0.062166,0,0,0,0,0,0.0046781,0,0.092497,0,0,0,0,0.1288,0.22899,0.1894,0.23415,0,0,0,0,0.21108,0.20852,0,0.17832
0.26264,0.13159,0.32637,0.26603,0.33401,0.12287,0.28074,0.21011,0.19912,0.26431,0.13,0.13187,0.11894,0.13984,0.30996,0.27964,0,0.070123,0.47335,0.407,0.34917,0.35444,0.24113,0.22504,0.38092,0.39921,0.27827,0.33154,0.25773,0.27438,0.33198,0.29206,0.39857,0.43981,0.3506,0.30708,0.34907,0.57474,0.53114,1,0.31418,0.36723,0.21243,0.10336,0.076122,0.22846,0.34274,0.28982,0.15706,0.093476,0.17855,0.14892,0.33435,0.28909,0.50843,0.57144,0.31476,0.23117,0.36491,0.39967,0.20075,0.30505,0.10764,0.16909,0.24131,0.3399,0.57537,0.51954,0.45659,0.44517,0.041637,0.28249,0.34587,0.32928,0.37082,0.37193,0.39847,0.44068,0,0,0.1864,0.22726,0.45658,0.49928,0.26261,0.32246,0.4694,0.56887,0.41734,0.46266,0.11566,0.31331,0.052058,0.099825,0.24162,0.25917,0.39152,0.25387,0.40103,0.47939,0.047726,0,0.20044,0.032809,0.10144,0,0.29181,0.26438,0,0.19674,0.44075,0.4032,0.33335,0.33414,0.28466,0.12016
0.050737,0.069464,0.21572,0.15103,0.15877,0.014428,0.15472,0.15491,0.018547,0.18955,0.21229,0.15276,0.13147,0.27639,0.28695,0.32754,0.049352,0.14241,0.2489,0.16745,0.12367,0.11068,0.23789,0.21047,0.19042,0.17437,0,0,0.21749,0.23204,0.30165,0.27033,0.37788,0.37189,0.20066,0.041306,0.46498,0.43489,0.25145,0.31418,1,0.47794,0.17145,0.16724,0.10888,0.0076932,0.045188,0.077998,0.084669,0.048326,0.25454,0.2227,0.078299,0.042718,0.088099,0.054862,0,0.053444,0.012317,0,0,0.085584,0,0.084174,0.11589,0.12953,0.18224,0.20081,0.13773,0.23524,0.12229,0.24975,0.20083,0.23362,0.21896,0.20882,0.21853,0.18626,0.11646,0.043917,0.21361,0.22545,0.16485,0.18685,0.2118,0.29202,0.053866,0.18696,0,0.0078832,0,0,0,0.035444,0.072705,0.041681,0.092141,0.030794,0.013912,0.02109,0,0.0088831,0.12418,0.13127,0,0,0,0.050444,0,0.087657,0,0,0,0.22083,0.085109,0.0166
0.12376,0.086436,0.034228,0.097824,0.15768,0.0071634,0,0.16478,0,0,0.11194,0.19887,0,0.2639,0.22759,0.30466,0.19184,0.20609,0.23186,0.17444,0.19688,0.22408,0.032475,0.025107,0.10935,0.14345,0.12516,0.039577,0.23611,0.32013,0.35213,0.26193,0.41912,0.43522,0.15313,0.035571,0.21215,0.43436,0.12046,0.36723,0.47794,1,0.18109,0.21825,0.17646,0.18498,0.14753,0.19683,0.12232,0.12807,0.2323,0.14975,0.068185,0,0.030843,0.02698,0.14575,0.17687,0.081482,0.14891,0.029196,0.17971,0.047635,0.22161,0,0.030777,0.21404,0.19606,0.10063,0.12629,0.20526,0.25964,0.26654,0.37973,0.17984,0.27496,0.15166,0.1486,0.33066,0.093361,0.29969,0.24623,0.13709,0.22827,0.067625,0.12746,0,0.07627,0,0,0,0,0,0,0.09161,0.03043,0.14678,0.079705,0.16602,0.12842,0.23492,0,0.2468,0.13439,0,0,0,0.02236,0,0.097024,0.042077,0.057757,0,0.16476,0.003434,0
0.096937,0.029414,0.14243,0.37708,0.16002,0.38843,0.16403,0.4632,0.17275,0.36769,0.050082,0.26836,0.1859,0.48229,0.33583,0.47987,0.067368,0.11036,0.25614,0.29727,0.17973,0.10868,0.25725,0.32372,0.11948,0.25328,0.057291,0.14201,0.10998,0.19375,0.28502,0.32999,0.35458,0.42222,0.11485,0.14871,0.01502,0.18852,0,0.21243,0.17145,0.18109,1,0.7964,0.65265,0.68241,0.69112,0.65208,0.7179,0.66783,0.6619,0.6444,0.61759,0.65542,0.51198,0.50426,0.27571,0.18593,0.38261,0.53221,0.3105,0.46622,0.32695,0.33502,0.033911,0.29614,0.53045,0.60098,0.22183,0.36361,0.19837,0.26443,0.15903,0.30979,0.29956,0.42787,0.15337,0.16425,0.093362,0,0.37632,0.35028,0.43063,0.39641,0.18717,0.30938,0.12983,0.10772,0.2565,0.38808,0.36575,0.22011,0.35216,0.28389,0.17338,0.17748,0.41248,0.40774,0.57988,0.50664,0.30214,0.11985,0.39063,0.28404,0.20781,0,0.21597,0.15109,0.27025,0.28168,0.40497,0.42009,0.36837,0.4777,0.19611,0
0.083394,0.010869,0,0.11777,0.091569,0.22755,0,0.27581,0,0.17898,0.084746,0.33628,0.051535,0.48883,0.18999,0.42854,0.18729,0.07625,0.10666,0.17755,0.049966,0,0,0.039675,0.03225,0.13816,0.11158,0.17892,0,0.010515,0.076607,0.11109,0.09583,0.19022,0,0,0.061777,0.16463,0.10469,0.10336,0.16724,0.21825,0.7964,1,0.58181,0.59458,0.49497,0.54147,0.5689,0.62065,0.64245,0.65651,0.41327,0.45958,0.36698,0.37726,0.19348,0.20816,0.32733,0.4364,0.18972,0.32244,0.14571,0.24317,0,0.1074,0.28282,0.32957,0.026415,0.10333,0.25977,0.11941,0.025705,0.16191,0.10713,0.2553,0.10934,0.043276,0.19301,0.13172,0.35749,0.3674,0.27867,0.27104,0.09479,0.22296,0.071909,0,0.10855,0.13293,0.076988,0,0.071686,0,0,0,0.24845,0.37163,0.33064,0.32468,0.34584,0.02699,0.30662,0.20451,0.096761,0,0.056005,0.11555,0.10258,0,0.13671,0.1577,0.31372,0.42,0,0
0.2637,0.25442,0.11261,0.2399,0.15395,0.24535,0.09256,0.2596,0.19955,0.21394,0.041002,0.082822,0.12689,0.26999,0.39387,0.37658,0.19975,0.18394,0.27653,0.32018,0.13191,0.047899,0.18998,0.22534,0.13374,0.20701,0.042408,0.078728,0.051265,0.074303,0.15288,0.17373,0.3758,0.33358,0.22496,0.066152,0,0.011917,0,0.076122,0.10888,0.17646,0.65265,0.58181,1,0.7665,0.51483,0.43965,0.75253,0.70319,0.57151,0.52177,0.27729,0.31246,0.2155,0.28337,0.2853,0.31538,0.3366,0.37834,0.21234,0.33061,0.11366,0.26137,0.05144,0.14893,0.4421,0.43374,0.16646,0.24805,0.22677,0.1815,0.10899,0.18068,0.11265,0.18877,0,0,0.2292,0.13463,0.46398,0.4741,0.19029,0.2146,0.32422,0.42669,0.015654,0.12339,0.11598,0.11957,0.032193,0,0.11816,0.032249,0.0026596,0,0.21504,0.19855,0.24788,0.1448,0.19603,0,0.20415,0.13495,0.051629,0,0,0.046911,0.10139,0.068844,0.086857,0.047202,0.056384,0.24174,0,0
0.19047,0.12569,0.070645,0.28081,0.23625,0.26684,0.051328,0.29018,0.24189,0.24962,0,0.21089,0.073836,0.29134,0.2961,0.30605,0.086071,0.18475,0.23965,0.26023,0.20592,0.20572,0.093402,0.17782,0.16668,0.25211,0.10351,0.12918,0.20906,0.29665,0.26924,0.27508,0.34063,0.39648,0.075681,0.14395,0,0.15462,0,0.22846,0.0076932,0.18498,0.68241,0.59458,0.7665,1,0.76463,0.70675,0.81731,0.81064,0.50646,0.58042,0.363,0.43195,0.38227,0.48136,0.45338,0.35269,0.51908,0.65721,0.27509,0.50401,0.30645,0.45235,0,0.23108,0.5908,0.65371,0.18121,0.32962,0.079825,0.19699,0.30869,0.40313,0.37731,0.43916,0.19776,0.20679,0.1351,0,0.35184,0.34421,0.37252,0.40519,0.12341,0.26121,0.11904,0.2445,0.15739,0.27295,0.045286,0.0076872,0.16197,0.054033,0.25213,0.24594,0.51594,0.47239,0.51938,0.4614,0.28009,0.0031117,0.34065,0.25536,0,0,0.056524,0.12987,0.17637,0.29592,0.41024,0.39898,0.25154,0.29445,0.10189,0
