1,0.53128,0.39223,0.12695,0.024579,0.025739,0.56208,0.24076,0.09505,0.12431,0.64851,0.43352,0.68308,0.46748,0.30387,0.1894,0.48405,0.29149,0.57552,0.42662,0.18689,0.079938,0.11372,0,0,0,0,0.00069284,0.39584,0.15435,0,0.0037462,0.40474,0.3502,0,0.00038763,0,0,0,0,0,0,0.33067,0.36735,0.35796,0.39591,0.11682,0.21958,0.51896,0.49023,0.51001,0.51723,0.45354,0.44853,0.17943,0.43487,0.79925,0.40132,0.6454,0.30803,0.62607,0.30594,0.61347,0.41741,0.12481,0.12717,0.22852,0.16881,0.34084,0.30635,0.26079,0.30183,0.43442,0.43706,0.23959,0.39084,0.19413,0.31391,0.36657,0.075422,0.22918,0.46102,0.088629,0.35625,0.22639,0.39651,0.069407,0.29478,0.0013543,0.55181,0.1863,0.51704,0,0.37796,0,0,0,0,0.20326,0.35907,0,0.4476,0.090827,0.26868,0,0.02696,0.15125,0,0.070885,0,0,0.24445,0.26522,0.24551,0,0
0.53128,1,0.13125,0.25866,0,0.055956,0.07425,0.24575,0,0,0.45274,0.35206,0.27071,0.29253,0.26559,0,0.27014,0.61721,0.5959,0.59836,0,0.23853,0.12727,0.049634,0,0,0.040355,0.14691,0.059848,0.34907,0.059428,0,0.459,0.42287,0.25272,0.22049,0,0,0,0,0,0.052796,0.57576,0.58398,0.48046,0.5559,0.47734,0.41135,0.65312,0.54599,0.66118,0.44259,0.73017,0.38173,0.48463,0.23833,0.4552,0.87613,0.3413,0.35938,0.37062,0.29159,0.28964,0.29664,0.22928,0.16448,0.33588,0.24412,0.61188,0.46374,0.32287,0,0.15007,0.42053,0.34715,0.10172,0.42152,0.25398,0.35649,0.31294,0.54449,0.46298,0.15502,0.33543,0.51647,0.16353,0.17961,0,0.54487,0,0.45471,0.23922,0.043895,0,0,0,0.28461,0.018818,0.56852,0.42725,0.23193,0,0.32547,0.1174,0.33794,0,0.094056,0,0.19906,0,0.13141,0.43237,0.33051,0.33354,0.18395,0.027302
0.39223,0.13125,1,0.58609,0.42518,0.045573,0.755,0.33424,0.48148,0,0.34484,0.2154,0.46159,0.1213,0.39375,0,0.10843,0.084931,0.3831,0.32655,0.31472,0.15707,0.70736,0.6383,0.34171,0.32947,0.13048,0.31491,0.060909,0,0.39602,0.42687,0.21461,0.24092,0.41741,0.3494,0,0,0.054189,0,0,0,0.14813,0.10697,0.29078,0.22972,0.12239,0.21217,0.20649,0.3158,0.41088,0.3666,0.27946,0.39854,0.09729,0.28694,0.34116,0.029206,0.36342,0,0.42063,0.026893,0.10522,0.023623,0.50023,0.233,0.33102,0.15948,0.33079,0.095515,0.064921,0.18097,0.35726,0.27427,0.1563,0.28471,0.23157,0.30717,0.021737,0,0,0.077057,0,0,0.11365,0.17646,0,0,0.031244,0.45647,0.1343,0.41937,0.26304,0.43851,0,0,0,0.010203,0,0.24831,0,0.12379,0,0,0.016929,0.16573,0,0,0.11033,0,0.056851,0.19278,0.12547,0.045608,0.10526,0
0.12695,0.25866,0.58609,1,0.3137,0.33196,0.50284,0.78254,0.38366,0.25184,0.27848,0.47797,0.26483,0.3222,0.31878,0.072136,0,0.18012,0.34975,0.48001,0.10546,0.23878,0.4151,0.60939,0.28556,0.38782,0.18583,0.31494,0,0.13484,0.36994,0.39098,0.37441,0.51955,0.35107,0.38617,0,0,0,0,0,0,0.15663,0.16757,0.38195,0.31782,0.10939,0.20327,0.35245,0.47624,0.44568,0.41954,0.28938,0.25971,0.1543,0.11354,0.014033,0.16405,0.35568,0.39662,0.42753,0.45765,0.03713,0.25362,0.40072,0.5248,0.38741,0.39186,0.22603,0.095756,0.26407,0,0.17716,0.3107,0.30067,0.15048,0.38161,0.26396,0,0,0.10157,0.068477,0.053518,0.10192,0.3182,0.2278,0.07787,0,0.31706,0.19087,0.3755,0.19513,0.44369,0.12595,0,0,0,0,0.16679,0.19077,0.30325,0,0.013743,0,0.16387,0.028564,0,0,0.23016,0.040782,0,0.15944,0,0,0.0087196,0
0.024579,0,0.42518,0.3137,1,0.50729,0.41176,0.13315,0.85221,0.35682,0,0,0.03585,0.10876,0.45214,0.30386,0.19293,0,0.06658,0.096235,0.26093,0.16106,0.36513,0.34467,0.50717,0.597,0.23447,0.34446,0.30592,0.17387,0.29924,0.34519,0.012264,0.050531,0,0,0.0011091,0,0,0,0.21938,0.011525,0,0,0,0,0,0.085691,0,0.045024,0,0.09684,0,0.1826,0,0.11217,0,0,0,0,0,0,0.14789,0.11442,0,0,0,0,0,0,0.017173,0.07046,0.22077,0.0041451,0.0016843,0.1408,0,0,0,0.041854,0,0.15446,0.1566,0.11131,0,0.21579,0,0,0,0.28733,0,0.11416,0.11905,0.22533,0.038593,0,0,0.093499,0,0.066184,0,0,0,0,0,0,0,0,0.059563,0.10745,0,0,0,0,0,0.08168
0.025739,0.055956,0.045573,0.33196,0.50729,1,0.12723,0.14778,0.48309,0.71658,0,0.0011001,0,0.090842,0.2784,0.12956,0,0,0.087765,0.13581,0.036387,0.13988,0.085399,0.16057,0.3797,0.51759,0.21783,0.35071,0.09494,0.14051,0.19046,0.17522,0.036956,0.083935,0,0,0.040798,0,0,0,0.22325,0.11979,0,0,0.034531,0.026693,0.016764,0.086813,0.15784,0.16257,0.091739,0.19376,0,0.16327,0,0,0,0,0,0.081011,0,0.071999,0,0.069109,0,0,0,0,0,0,0.11174,0,0,0,0,0,0,0,0,0.011084,0.0019636,0.030808,0.13178,0.11085,0,0.11384,0,0.03043,0,0.033585,0,0,0.081153,0.014565,0.17796,0.094673,0,0,0,0,0.017051,0,0,0,0,0,0.094448,0.25916,0.15264,0,0,0,0,0,0,0
0.56208,0.07425,0.755,0.50284,0.41176,0.12723,1,0.47678,0.46035,0.059569,0.44074,0.36476,0.61375,0.39432,0.29738,0.13857,0.21746,0.040634,0.36291,0.28997,0.1421,0,0.34521,0.32873,0.17591,0.19058,0,0.040938,0.31744,0,0.20959,0.25756,0.29988,0.32724,0.066313,0.048436,0,0,0,0,0,0,0.11357,0.10361,0.32777,0.2807,0.025195,0.15719,0.32295,0.40767,0.38538,0.52031,0.19306,0.40601,0,0.27388,0.39526,0,0.47776,0.16203,0.55009,0.26433,0.41528,0.36306,0.24101,0.18357,0.19895,0.12126,0.08711,0.027953,0.16119,0.19557,0.40244,0.26381,0.12652,0.31397,0.14662,0.28495,0.074143,0,0,0.18882,0.041009,0.14924,0.089442,0.39976,0,0.10002,0,0.5834,0.097816,0.47832,0.26524,0.52544,0,0,0,0,0,0.21782,0,0.20875,0,0,0,0.1332,0,0,0.14925,0,0,0.093989,0.057458,0,0,0
0.24076,0.24575,0.33424,0.78254,0.13315,0.14778,0.47678,1,0.19137,0.23464,0.37345,0.73396,0.29551,0.552,0.12214,0.19259,0,0.19329,0.36416,0.42548,0.149,0.16363,0.1097,0.27036,0,0.017652,0,0.0045642,0.030864,0.30184,0.19131,0.26133,0.58366,0.70512,0.18489,0.29037,0,0,0,0,0,0,0.18964,0.20936,0.42081,0.39348,0.035049,0.15,0.48259,0.55006,0.48796,0.53269,0.34372,0.23908,0.17673,0.21389,0.065503,0.20535,0.51419,0.62621,0.5173,0.69519,0.32243,0.57298,0.24186,0.61498,0.44262,0.5298,0,0,0.42753,0,0.34027,0.53071,0.42452,0.31227,0.27557,0.16705,0,0,0.23547,0.14492,0.1437,0.31016,0.47355,0.40296,0.21476,0.037984,0.32693,0.22403,0.49415,0.21275,0.42458,0.14324,0,0,0,0,0.23666,0.21037,0.41065,0.14402,0.18457,0.051802,0.15865,0,0.12245,0,0.040845,0,0,0.20503,0.092361,0.0012284,0,0
0.09505,0,0.48148,0.38366,0.85221,0.48309,0.46035,0.19137,1,0.38036,0.050388,0.10357,0.2101,0.25317,0.51424,0.20421,0.13775,0,0.051815,0.067951,0.086094,0.039365,0.26075,0.31683,0.35394,0.48341,0.14441,0.34714,0.25122,0.10423,0.14827,0.181,0,0,0,0,0,0,0,0,0.10808,0.0079156,0,0,0,0,0,0.0028303,0,0.04288,0,0.1321,0,0.20483,0,0.059461,0.03342,0,0.085192,0,0.12481,0.070977,0.16093,0.19129,0,0,0,0,0,0,0,0,0.22713,0.0011186,0,0.12831,0,0.013512,0,0,0,0.054338,0.045776,0,0,0.18576,0,0,0,0.31947,0,0.17551,0.17151,0.19399,0.0042722,0,0,0.051071,0,0.045131,0,0,0,0,0,0,0,0.02631,0.083837,0.08155,0,0,0,0,0,0
0.12431,0,0,0.25184,0.35682,0.71658,0.059569,0.23464,0.38036,1,0.0083671,0.27584,0.063585,0.20596,0.21085,0.41722,0,0,0.17269,0.094817,0.16707,0.1016,0.0026494,0.049134,0.031858,0.14595,0.046131,0.13276,0.077882,0.13743,0.04709,0.11687,0.0060259,0.071706,0,0,0,0,0,0,0.083332,0,0,0,0,0,0,0,0.12576,0.15458,0.055373,0.14588,0,0.12752,0,0.054173,0.0010316,0,0.22384,0.23556,0.12504,0.29999,0.12869,0.1936,0,0.10339,0,0,0,0,0.26195,0.022032,0.0068877,0.07107,0.12109,0.11547,0,0,0,0,0,0.069044,0.12924,0.23368,0.10122,0.18468,0.07558,0.15011,0,0.14576,0.064461,0.041732,0.0086089,0.062342,0.27817,0.027103,0,0,0,0,0.038479,0.24773,0,0.024579,0,0,0.36312,0.089691,0.047365,0,0,0,0,0,0,0
0.64851,0.45274,0.34484,0.27848,0,0,0.44074,0.37345,0.050388,0.0083671,1,0.58586,0.85076,0.55289,0.40226,0.027102,0.21264,0.36082,0.46688,0.31617,0,0,0,0,0,0,0,0.018161,0.23755,0.23006,0,0,0.32616,0.34054,0.04492,0.042501,0,0,0,0,0,0,0.23915,0.29089,0.3222,0.25068,0.14644,0.14208,0.45106,0.43826,0.6154,0.46869,0.46266,0.27805,0.23846,0.22451,0.41377,0.44403,0.61258,0.38514,0.78403,0.45765,0.46578,0.38877,0.26972,0.26231,0.28418,0.21486,0.414,0.2582,0.25978,0,0.42605,0.41895,0.31131,0.27168,0.49012,0.38525,0,0.075562,0.080351,0.15725,0.12458,0.099636,0.24575,0.13264,0.090935,0,0.31653,0.21121,0.28824,0.3544,0.064946,0.092555,0,0,0.10843,0.052663,0.29767,0.38432,0.2434,0.22505,0.17696,0.16428,0.2267,0.039202,0.0072197,0,0.26123,0.095999,0.097627,0.37082,0.25963,0.24965,0.18927,0
0.43352,0.35206,0.2154,0.47797,0,0.0011001,0.36476,0.73396,0.10357,0.27584,0.58586,1,0.47495,0.70701,0.18806,0.34605,0.15909,0.37577,0.48551,0.44337,0.067956,0.14412,0,0.058869,0,0,0,0,0.2353,0.3493,0.061481,0.12165,0.45838,0.58744,0,0.079429,0,0,0,0,0,0,0.1309,0.21461,0.31311,0.34731,0,0.081405,0.494,0.56995,0.52793,0.5516,0.42754,0.31698,0.10618,0.32308,0.29767,0.35619,0.65928,0.70665,0.67379,0.79624,0.47351,0.72198,0.15516,0.48189,0.24524,0.34925,0.11094,0.042178,0.32979,0,0.43017,0.50913,0.39841,0.41563,0.27968,0.19583,0,0,0.23612,0.27946,0.20077,0.40921,0.33622,0.43801,0.28946,0.13442,0.23543,0.41432,0.49578,0.3969,0.18082,0.10187,0,0,0,0,0.28837,0.38761,0.3352,0.26716,0.22602,0.1694,0.14983,0,0.15197,0,0.054136,0,0,0.3534,0.20531,0.16707,0,0.025279
0.68308,0.27071,0.46159,0.26483,0.03585,0,0.61375,0.29551,0.2101,0.063585,0.85076,0.47495,1,0.55155,0.39558,0.061213,0.29902,0.25218,0.27981,0.18352,0,0,0,0,0,0,0,0.06047,0.29978,0.11637,0,0,0.15523,0.17704,0,0,0,0,0,0,0,0,0.097767,0.15367,0.28339,0.18892,0.02351,0.077074,0.37419,0.42429,0.52315,0.46936,0.30917,0.32057,0.049294,0.23661,0.50641,0.23619,0.61253,0.2579,0.82366,0.38201,0.46297,0.39377,0.18943,0.11713,0.12913,0.063044,0.34211,0.17146,0.12537,0.093148,0.42675,0.32074,0.19638,0.2907,0.27733,0.31004,0,0.00082282,0,0.1966,0.027371,0.074889,0.032972,0.20579,0,0,0.090123,0.38902,0.10179,0.44238,0.065008,0.33323,0,0,0,0.02095,0.12533,0.32715,0,0.30643,0,0.02693,0.055398,0.034449,0,0.011519,0.19849,0,0,0.28331,0.14157,0.10952,0.08482,0
0.46748,0.29253,0.1213,0.3222,0.10876,0.090842,0.39432,0.552,0.25317,0.20596,0.55289,0.70701,0.55155,1,0.16773,0.21039,0.33349,0.33882,0.26341,0.25385,0,0,0,0,0,0,0,0,0.43841,0.4648,0,0,0.32051,0.39586,0,0,0,0,0,0,0,0,0,0.099663,0.14738,0.20653,0,0.017164,0.39561,0.45151,0.42877,0.51013,0.30657,0.25696,0,0.12073,0.31198,0.20974,0.4279,0.41793,0.56935,0.61114,0.62082,0.74192,0,0.1194,0,0.044442,0.026696,0,0.17913,0,0.32992,0.43078,0.15519,0.23999,0.084317,0.086239,0.032654,0.0083058,0.3233,0.34941,0.19369,0.31161,0.15525,0.43466,0,0,0.070259,0.30518,0.19607,0.27965,0.1862,0.16631,0,0,0,0.028056,0.12438,0.23653,0.11179,0.1746,0,0,0.094952,0,0,0,0.077804,0.0046289,0,0.2048,0,0,0.13337,0.089648
0.30387,0.26559,0.39375,0.31878,0.45214,0.2784,0.29738,0.12214,0.51424,0.21085,0.40226,0.18806,0.39558,0.16773,1,0.39986,0.30349,0.23363,0.46469,0.46115,0.096651,0.26688,0.36705,0.24175,0.3152,0.33449,0.4301,0.48167,0.3453,0.33627,0.37671,0.30274,0.27958,0.28974,0.13473,0.086231,0.033561,0,0.018477,0.075881,0.12485,0.2065,0.21462,0.32203,0.29334,0.28608,0.19185,0.34422,0.25736,0.34083,0.35005,0.33563,0.26331,0.37395,0.19672,0.28594,0.27091,0.26318,0.25078,0.1339,0.30265,0.13454,0.29464,0.22982,0.29545,0.19754,0.12065,0.08824,0.45152,0.16874,0.17446,0,0.38152,0.17204,0.31502,0.1742,0.37776,0.31837,0,0.25915,0.16262,0.31016,0.45116,0.27532,0.31343,0.31794,0.22724,0,0.2073,0.2721,0.28292,0.36381,0.010089,0,0,0,0.27222,0.3079,0.42659,0.55951,0.16849,0.0319,0.24708,0.23134,0.25038,0.19355,0,0.1698,0.36421,0.31362,0.20695,0.43354,0.19926,0.28826,0.14258,0.10143
0.1894,0,0,0.072136,0.30386,0.12956,0.13857,0.19259,0.20421,0.41722,0.027102,0.34605,0.061213,0.21039,0.39986,1,0.24986,0.014815,0.27959,0.31682,0.20345,0.11288,0.091503,0.10437,0,0.006763,0.097365,0.032401,0.34196,0.23636,0.14595,0.29757,0.23062,0.27836,0,0.0060635,0,0,0,0,0.25629,0,0.040371,0.18857,0.10033,0.18266,0,0.15609,0.11093,0.2247,0.031423,0.27543,0.0053423,0.32144,0.05998,0.39487,0.18302,0,0.32383,0.34722,0.138,0.36962,0.27155,0.36195,0.062443,0.35057,0.016473,0.19164,0,0,0.175,0.12376,0.28669,0.19824,0.12228,0.33717,0,0.13316,0.033954,0.11669,0.086516,0.39085,0.48266,0.66308,0.23024,0.62545,0.37465,0.49847,0,0.50819,0.23489,0.34787,0,0.082399,0.1586,0.057576,0,0.21411,0.27851,0.40162,0.20355,0.40481,0.26641,0.33909,0.11694,0.051834,0.29279,0.11178,0.10139,0,0,0.26896,0.12675,0.1905,0,0.21735
0.48405,0.27014,0.10843,0,0.19293,0,0.21746,0,0.13775,0,0.21264,0.15909,0.29902,0.33349,0.30349,0.24986,1,0.54815,0.27366,0.27978,0.056816,0.18868,0.0080442,0,0.037694,0.065731,0,0.13929,0.71111,0.5627,0.0043416,0,0.28941,0.22673,0,0,0,0,0,0,0.172,0.054533,0,0.14952,0.11556,0.18217,0.049924,0.15172,0.14924,0.17942,0.10321,0.17335,0.091139,0.16691,0,0.27677,0.5803,0.24345,0.14137,0,0.17928,0.051608,0.55478,0.38418,0,0,0,0,0.1998,0.015449,0,0.018111,0.35759,0.29345,0.065395,0.27555,0,0.08745,0.48777,0.50932,0.5378,0.74005,0.45095,0.45756,0.084727,0.38906,0.092774,0.09314,0,0.27138,0,0.25861,0,0.12683,0.010178,0.043698,0.070091,0.42886,0.24869,0.45172,0,0.22207,0.11322,0.18967,0.078551,0.14888,0.18283,0.18955,0.087497,0.12443,0.020289,0.38349,0.043491,0.17064,0.136,0.26062
0.29149,0.61721,0.084931,0.18012,0,0,0.040634,0.19329,0,0,0.36082,0.37577,0.25218,0.33882,0.23363,0.014815,0.54815,1,0.38107,0.40068,0,0.21457,0.035278,0,0,0,0,0.13938,0.36539,0.59828,0.083832,0,0.36944,0.36495,0.026591,0,0,0.0053376,0,0,0,0.0057421,0.31533,0.38545,0.30737,0.35609,0.32315,0.29076,0.39933,0.39143,0.42934,0.29672,0.42419,0.2174,0.2335,0.20053,0.33301,0.63278,0.22978,0.25358,0.30379,0.29846,0.28382,0.41024,0.094856,0.067506,0.098643,0.076354,0.43398,0.25072,0.1113,0,0.21796,0.36066,0.25388,0.10683,0.35706,0.26276,0.32803,0.57918,0.56,0.61521,0.2968,0.35397,0.25041,0.15085,0.1539,0,0.30587,0.026798,0.32795,0.20386,0.0020273,0,0,0,0.29667,0.31003,0.48905,0.46553,0.18549,0,0.31552,0.066526,0.35092,0.094915,0.10852,0.064511,0.15937,0.19609,0.2142,0.46417,0.2028,0.23123,0.22946,0.265
0.57552,0.5959,0.3831,0.34975,0.06658,0.087765,0.36291,0.36416,0.051815,0.17269,0.46688,0.48551,0.27981,0.26341,0.46469,0.27959,0.27366,0.38107,1,0.81285,0.23722,0.31876,0.46708,0.30021,0.026996,0,0.082903,0.13116,0.2867,0.31483,0.45422,0.38949,0.60828,0.58899,0.30942,0.30757,0,0,0,0,0,0,0.42834,0.45393,0.44506,0.51353,0.24148,0.35265,0.51859,0.54331,0.49001,0.46831,0.58085,0.48011,0.21356,0.32603,0.42778,0.50723,0.41515,0.36115,0.35928,0.34121,0.36811,0.35385,0.39828,0.33392,0.3478,0.27148,0.42275,0.22495,0.45574,0.16483,0.38823,0.46964,0.45972,0.37649,0.38147,0.2448,0.1342,0.1565,0.24429,0.37772,0.30524,0.45735,0.48752,0.3369,0.36976,0.22536,0.25559,0.31233,0.4896,0.49961,0.14519,0.16878,0,0,0.10969,0.022791,0.42048,0.52203,0.15503,0.17607,0.20312,0.20963,0.2278,0.056899,0.14811,0,0.22151,0.047383,0.051099,0.47034,0.31765,0.32123,0.091737,0.077983
0.42662,0.59836,0.32655,0.48001,0.096235,0.13581,0.28997,0.42548,0.067951,0.094817,0.31617,0.44337,0.18352,0.25385,0.46115,0.31682,0.27978,0.40068,0.81285,1,0.19613,0.5058,0.49747,0.41678,0.22357,0.1691,0.18276,0.22921,0.23717,0.36086,0.56322,0.51176,0.66795,0.6641,0.36062,0.3646,0,0,0,0,0,0.01815,0.48055,0.55304,0.53568,0.60444,0.29875,0.45642,0.52459,0.53907,0.5026,0.49198,0.57781,0.45791,0.29096,0.26979,0.37534,0.46711,0.3058,0.38401,0.28458,0.33889,0.26731,0.37219,0.38915,0.44531,0.44493,0.40571,0.5239,0.30751,0.38451,0.13254,0.33716,0.44934,0.5167,0.33361,0.45717,0.30747,0.04822,0.1911,0.25881,0.42319,0.39186,0.46936,0.49632,0.48447,0.36061,0.17049,0.25393,0.30148,0.53088,0.48699,0.21922,0.091161,0,0,0.18012,0.15062,0.57371,0.63481,0.32637,0.062981,0.33377,0.24862,0.42718,0.21359,0.12476,0.13754,0.23237,0.14056,0.19308,0.57658,0.21863,0.3772,0.16921,0.14627
0.18689,0,0.31472,0.10546,0.26093,0.036387,0.1421,0.149,0.086094,0.16707,0,0.067956,0,0,0.096651,0.20345,0.056816,0,0.23722,0.19613,1,0.55104,0.48413,0.34252,0.071078,0.063879,0.14865,0.11337,0.091962,0.1513,0.39757,0.46797,0.26627,0.22206,0.28618,0.33026,0.022036,0.034204,0.090968,0.13317,0.0009981,0,0.21783,0.15666,0.1325,0.15597,0.12772,0.2807,0.10423,0.11952,0.086393,0.059632,0.159,0.30131,0.17217,0.44738,0.12822,0,0.16709,8.6532e-05,0,0,0.046357,0,0.31647,0.19346,0.20663,0.13869,0,0,0.36785,0.50171,0.2423,0.32128,0.31963,0.4367,0,0.06871,0.092655,0.1286,0,0.15921,0.13938,0.27673,0.25059,0.18204,0.33326,0.26298,0.034022,0.23089,0.23324,0.22138,0.044177,0.35095,0.21276,0,0.059236,0,0.10592,0.16144,0,0.37897,0.037468,0.076034,0,0,0.35339,0,0,0,0,0.17515,0.25817,0.1032,0,0
0.079938,0.23853,0.15707,0.23878,0.16106,0.13988,0,0.16363,0.039365,0.1016,0,0.14412,0,0,0.26688,0.11288,0.18868,0.21457,0.31876,0.5058,0.55104,1,0.45075,0.3669,0.30704,0.32745,0.22624,0.30974,0.15599,0.39107,0.57621,0.56202,0.37552,0.3642,0.30264,0.32003,0,0.067861,0.065988,0.15413,0.050667,0.065663,0.30112,0.31778,0.32048,0.31016,0.21424,0.39776,0.21277,0.20023,0.24548,0.11786,0.3229,0.25362,0.1832,0.1977,0.073708,0.17202,0.0091227,0.047552,0,0.0060233,0,0.038677,0.34883,0.26253,0.26288,0.21231,0.20738,0,0.28592,0.28868,0.17475,0.28105,0.47103,0.32754,0.20344,0.12622,0,0.27045,0.13008,0.2121,0.31564,0.26915,0.27794,0.18501,0.32531,0.10616,0.16324,0.066828,0.29433,0.24349,0.1663,0.19302,0,0,0.25947,0.20945,0.35243,0.43447,0.12457,0.14563,0.17662,0.12948,0.19306,0.20518,0.13822,0.10589,0.039178,0.39497,0.36658,0.49485,0.076386,0.18729,0.09175,0.16254
0.11372,0.12727,0.70736,0.4151,0.36513,0.085399,0.34521,0.1097,0.26075,0.0026494,0,0,0,0,0.36705,0.091503,0.0080442,0.035278,0.46708,0.49747,0.48413,0.45075,1,0.86282,0.55903,0.43202,0.26971,0.27377,0,0,0.72705,0.7445,0.22166,0.21994,0.63783,0.51153,0.098791,0.045074,0.11546,0.10141,0.0056624,0.063305,0.26781,0.20819,0.23893,0.24218,0.19325,0.32295,0.096855,0.17467,0.23968,0.16426,0.29534,0.38621,0.13706,0.13052,0.10073,0,0,0,0,0,0,0,0.6173,0.25067,0.30539,0.10993,0.28362,0.048437,0.20599,0.3075,0.16213,0.15775,0.27604,0.24988,0.22324,0.21133,0,0.08846,0,0.057165,0.055924,0.021837,0.28006,0.11581,0.15577,0.049206,0.10466,0.25579,0.25675,0.33366,0.30534,0.3486,0,0,0.034501,0.05012,0.1229,0.26893,0,0.001151,0,0,0.15566,0.23449,0,0,0.12365,0.13167,0.20689,0.23142,0.14768,0.13385,0.15808,0
0,0.049634,0.6383,0.60939,0.34467,0.16057,0.32873,0.27036,0.31683,0.049134,0,0.058869,0,0,0.24175,0.10437,0,0,0.30021,0.41678,0.34252,0.3669,0.86282,1,0.5541,0.47693,0.25558,0.24514,0,0,0.63426,0.69371,0.12744,0.19327,0.60555,0.51546,0.064166,0.023985,0.10697,0.072467,0,0.040956,0.16105,0.098709,0.17044,0.1584,0.10365,0.23082,0.055687,0.16424,0.18243,0.14238,0.17118,0.33162,0.070184,0.036612,0,0,0,0,0,0,0,0,0.52323,0.32033,0.2757,0.15663,0.20554,0.081292,0.12999,0.17405,0.03064,0.10107,0.21586,0.20825,0.23714,0.24685,0,0,0,0,0,0.007428,0.17276,0.10213,0.065818,0.096788,0.05653,0.24919,0.25847,0.25933,0.40169,0.27626,0,0,0,0,0.0064041,0.12336,0.036805,0,0,0,0.13685,0.19695,0,0,0.13262,0.070039,0.08428,0.075051,0.01047,0,0.099292,0
0,0,0.34171,0.28556,0.50717,0.3797,0.17591,0,0.35394,0.031858,0,0,0,0,0.3152,0,0.037694,0,0.026996,0.22357,0.071078,0.30704,0.55903,0.5541,1,0.88144,0.4285,0.37211,0.055078,0.0016,0.52753,0.46283,0,0,0.28264,0.1642,0.30528,0.18471,0.10942,0.25953,0.41067,0.4064,0.033653,0.059309,0.090571,0.038647,0.08952,0.1907,0,0,0.028655,0.054039,0,0.11297,0,0,0,0,0,0,0,0,0,0,0.24294,0,0.022223,0,0.20937,0.073117,0.0010682,0.056363,0,0,0,0,0.11364,0.11103,0,0.094206,0,0,0.14088,0,0,0.076476,0,0,0,0.035054,0,0.019474,0.14477,0.099511,0,0.019847,0,0.16968,0,0.03385,0,0,0,0,0.16016,0.39537,0,0.36822,0.32644,0.22243,0.23537,0.015393,0,0,0.20506,0.065161
0,0,0.32947,0.38782,0.597,0.51759,0.19058,0.017652,0.48341,0.14595,0,0,0,0,0.33449,0.006763,0.065731,0,0,0.1691,0.063879,0.32745,0.43202,0.47693,0.88144,1,0.44562,0.50713,0.16392,0.14599,0.55695,0.5022,0.021931,0.094046,0.17227,0.13094,0.26081,0.12387,0.060032,0.25925,0.39846,0.39889,0,0,0.098023,0.014524,0.074927,0.1854,0,0.0042544,0.014692,0.056965,0,0.070359,0,0,0,0,0,0,0,0,0,0,0.15326,0.02523,0,0,0.12857,0,0.033845,0.020808,0,0,0,0,0.09937,0.15259,0,0.19699,0,0.034455,0.22268,0,0,0.12381,0,0,0,0.07518,0,0,0.071687,0.028378,0,0.060613,0.0050097,0.26358,0,0.022423,0,0,0,0,0.1299,0.387,0,0.39224,0.29787,0.27677,0.20753,0,0,0,0.18787,0.09116
0,0.040355,0.13048,0.18583,0.23447,0.21783,0,0,0.14441,0.046131,0,0,0,0,0.4301,0.097365,0,0,0.082903,0.18276,0.14865,0.22624,0.26971,0.25558,0.4285,0.44562,1,0.81665,0,0.010382,0.39475,0.26654,0.10325,0.14478,0.3569,0.32266,0.20906,0.15053,0.31358,0.412,0.17267,0.20427,0.085563,0.082534,0.20175,0.089427,0.22414,0.2282,0,0.062563,0.066256,0,0,0.011252,0.1875,0.12521,0.046767,0.15084,0.012794,0,0,0,0,0,0.32728,0.19447,0.21124,0.17974,0.37342,0.32646,0.051352,0,0,0,0,0,0.30966,0.31652,0,0.20038,0,0.046327,0.25576,0.017377,0.15524,0.059888,0.30407,0.012045,0.16177,0.07478,0.0020224,0,0,0,0,0.027893,0.19401,0.19518,0.1576,0.12959,0.088871,0,0.13768,0.14921,0.077156,0.2073,0,0.28356,0.23269,0.2367,0.30418,0.087611,0,0.12111,0,0.0042218
0.00069284,0.14691,0.31491,0.31494,0.34446,0.35071,0.040938,0.0045642,0.34714,0.13276,0.018161,0,0.06047,0,0.48167,0.032401,0.13929,0.13938,0.13116,0.22921,0.11337,0.30974,0.27377,0.24514,0.37211,0.50713,0.81665,1,0.0017133,0.086271,0.35858,0.27192,0.20486,0.22213,0.30722,0.31505,0.077845,0.047608,0.23645,0.30545,0.026244,0.098658,0.077107,0.08518,0.28068,0.17432,0.20688,0.2331,0.035883,0.12741,0.16909,0.056437,0.049502,0.11926,0.13452,0.22895,0.22187,0.23145,0.11357,0.038224,0.091911,0,0,0,0.27412,0.18823,0.24311,0.21304,0.47549,0.27231,0,0,0.075872,0,0.023985,0,0.26424,0.28737,0,0.23718,0.018781,0.15742,0.19283,0.018996,0.072458,0.13108,0.21185,0,0.10671,0.18792,0,0.044247,0,0,0,0,0.16036,0.21963,0.15482,0.25325,0.11671,0,0.16903,0.1707,0.13368,0.23652,0,0.28122,0.15822,0.23039,0.29756,0.18278,0,0.14197,0.089821,0.10853
0.39584,0.059848,0.060909,0,0.30592,0.09494,0.31744,0.030864,0.25122,0.077882,0.23755,0.2353,0.29978,0.43841,0.3453,0.34196,0.71111,0.36539,0.2867,0.23717,0.091962,0.15599,0,0,0.055078,0.16392,0,0.0017133,1,0.68207,0.19696,0.15015,0.32226,0.28892,0,0,0.010334,0,0,0,0.34607,0.15373,0.0031256,0.14726,0.067712,0.12992,0.082249,0.23789,0.14938,0.17885,0.10182,0.27987,0.04372,0.28557,0,0.26133,0.3955,0.040605,0.10952,0,0.17277,0.14539,0.58939,0.50333,0,0,0,0,0,0,0.19631,0.09841,0.38333,0.176,0.12711,0.2845,0.046493,0.18614,0.20583,0.49731,0.39822,0.6404,0.64813,0.51535,0.035355,0.46575,0.11232,0.12199,0,0.3344,0,0.26319,0,0.17103,0.13034,0.21128,0.09303,0.46858,0.20425,0.35569,0,0.17674,0,0.11242,0.067688,0.2272,0.15956,0.21891,0.18013,0.17863,0.019446,0.2613,0,0.050371,0.16556,0.19581
0.15435,0.34907,0,0.13484,0.17387,0.14051,0,0.30184,0.10423,0.13743,0.23006,0.3493,0.11637,0.4648,0.33627,0.23636,0.5627,0.59828,0.31483,0.36086,0.1513,0.39107,0,0,0.0016,0.14599,0.010382,0.086271,0.68207,1,0.21959,0.1473,0.47853,0.48552,0,0,0,0,0,0,0.13468,0.16981,0.19013,0.33108,0.21757,0.28486,0.25914,0.35904,0.33499,0.34354,0.31006,0.30377,0.27688,0.22094,0.12874,0.21095,0.10182,0.33422,0.071498,0.16288,0.14041,0.28666,0.45376,0.5315,0,0.058921,0,0,0,0,0.32078,0,0.26416,0.40277,0.32759,0.19538,0.18986,0.10344,0.12049,0.66251,0.61119,0.62075,0.7144,0.58362,0.37186,0.32703,0.26211,0,0.22612,0,0.2737,0.073016,0.022736,0,0.11068,0.043726,0.38638,0.49104,0.50474,0.45095,0.14815,0.030997,0.24074,0.054502,0.26286,0.05485,0.26886,0.050838,0.16227,0.38813,0.18307,0.49238,0.025479,0.095107,0.174,0.28807
0,0.059428,0.39602,0.36994,0.29924,0.19046,0.20959,0.19131,0.14827,0.04709,0,0.061481,0,0,0.37671,0.14595,0.0043416,0.083832,0.45422,0.56322,0.39757,0.57621,0.72705,0.63426,0.52753,0.55695,0.39475,0.35858,0.19696,0.21959,1,0.9164,0.42509,0.46154,0.54839,0.48192,0.078496,0.059926,0.092716,0.21878,0.06795,0.14077,0.2597,0.25234,0.30048,0.25731,0.20708,0.33424,0.088096,0.13856,0.18327,0.1126,0.18806,0.2514,0.15179,0.11281,0.016149,0.048879,0,0,0,0,0,0,0.53627,0.33183,0.32601,0.21836,0.22211,0.039419,0.39211,0.24836,0.1665,0.12382,0.35906,0.22433,0.38479,0.31196,0,0.23708,0,0.077231,0.33013,0.17279,0.24533,0.17439,0.28026,0.10345,0.046462,0.16879,0.19375,0.15913,0.12365,0.033604,0,0,0.18605,0.20933,0.2468,0.28543,0.12114,0,0.1091,0.10414,0.27336,0.32712,0,0.19672,0.22252,0.26021,0.309,0.24232,0,0.16135,0.18242,0.022682
0.0037462,0,0.42687,0.39098,0.34519,0.17522,0.25756,0.26133,0.181,0.11687,0,0.12165,0,0,0.30274,0.29757,0,0,0.38949,0.51176,0.46797,0.56202,0.7445,0.69371,0.46283,0.5022,0.26654,0.27192,0.15015,0.1473,0.9164,1,0.38397,0.45117,0.54041,0.5143,0.075882,0.035778,0.062559,0.1585,0.079293,0.095693,0.20997,0.22119,0.24468,0.23568,0.095114,0.2826,0.023816,0.10872,0.135,0.10777,0.11924,0.265,0.10867,0.13385,0.011153,0,0,0,0,0,0,0,0.52882,0.41265,0.32916,0.25276,0.10089,0,0.38531,0.29897,0.15172,0.1335,0.31969,0.28003,0.26856,0.26405,0,0.16574,0,0.068258,0.26601,0.21511,0.24999,0.27525,0.23755,0.1991,0,0.29589,0.15691,0.18398,0.13494,0.13088,0,0,0.1094,0.17417,0.14864,0.22896,0.062694,0.045301,0.056842,0.087582,0.19815,0.3051,0,0.12382,0.15464,0.16873,0.2002,0.18295,0,0.098614,0.12649,0.0092168
0.40474,0.459,0.21461,0.37441,0.012264,0.036956,0.29988,0.58366,0,0.0060259,0.32616,0.45838,0.15523,0.32051,0.27958,0.23062,0.28941,0.36944,0.60828,0.66795,0.26627,0.37552,0.22166,0.12744,0,0.021931,0.10325,0.20486,0.32226,0.47853,0.42509,0.38397,1,0.93579,0.29387,0.37851,0,0,0,0,0,0,0.48392,0.53169,0.60644,0.60086,0.33116,0.43354,0.53854,0.50471,0.48419,0.45645,0.4866,0.29697,0.37346,0.40851,0.40123,0.48868,0.36804,0.40794,0.27753,0.37532,0.4754,0.49681,0.26415,0.51131,0.55202,0.55864,0.28029,0.22838,0.44816,0.094059,0.48677,0.58735,0.44003,0.36136,0.44852,0.36743,0.18904,0.22896,0.38078,0.42454,0.43398,0.48675,0.63471,0.54197,0.50257,0.22041,0.30142,0.21338,0.44899,0.26633,0.05748,0,0,0,0.19159,0.038951,0.50873,0.44705,0.38499,0.15852,0.46577,0.3979,0.23157,0.0092953,0.18028,0,0,0.038129,0.1625,0.42647,0.28619,0.36214,0.090525,0.032416
0.3502,0.42287,0.24092,0.51955,0.050531,0.083935,0.32724,0.70512,0,0.071706,0.34054,0.58744,0.17704,0.39586,0.28974,0.27836,0.22673,0.36495,0.58899,0.6641,0.22206,0.3642,0.21994,0.19327,0,0.094046,0.14478,0.22213,0.28892,0.48552,0.46154,0.45117,0.93579,1,0.32809,0.43211,0,0,0,0,0,0,0.42334,0.49952,0.60868,0.58697,0.28011,0.41912,0.53362,0.56385,0.5033,0.49753,0.45161,0.27506,0.32247,0.37389,0.33463,0.46396,0.42444,0.49352,0.37345,0.50603,0.42174,0.54644,0.33945,0.61717,0.56316,0.60855,0.23303,0.18592,0.48473,0.028827,0.43025,0.56175,0.45574,0.33698,0.49288,0.39193,0.098394,0.21943,0.36195,0.41288,0.45557,0.51202,0.64966,0.57373,0.5115,0.20947,0.31275,0.24678,0.45447,0.25723,0.054897,0,0,0,0.1752,0.054896,0.50214,0.43465,0.39849,0.14682,0.41077,0.34656,0.25174,0.011664,0.13042,0,0.039478,0.074092,0.13349,0.40893,0.22582,0.30116,0.074475,0.049006
0,0.25272,0.41741,0.35107,0,0,0.066313,0.18489,0,0,0.04492,0,0,0,0.13473,0,0,0.026591,0.30942,0.36062,0.28618,0.30264,0.63783,0.60555,0.28264,0.17227,0.3569,0.30722,0,0,0.54839,0.54041,0.29387,0.32809,1,0.91853,0.11529,0.17158,0.36782,0.26262,0,0.065625,0.45445,0.36782,0.47931,0.38613,0.32844,0.33833,0.18763,0.20334,0.34031,0.15859,0.33569,0.19944,0.4504,0.1506,0.056705,0.29335,0.12132,0.064903,0.041964,0,0,0,0.80564,0.57198,0.76528,0.58618,0.40351,0.3369,0.25857,0.1041,0.060799,0.15523,0.29574,0.079002,0.47963,0.32387,0,0.033786,0,0,0,0,0.44941,0.047357,0.34531,0.12521,0.44375,0.025761,0.3107,0.12932,0.14893,0,0,0,0.26179,0,0.27165,0.1971,0.24666,0,0.29469,0.20087,0.32987,0.25384,0,0,0.095979,0.062888,0.40366,0.22209,0.23474,0.3271,0.20165,0
0.00038763,0.22049,0.3494,0.38617,0,0,0.048436,0.29037,0,0,0.042501,0.079429,0,0,0.086231,0.0060635,0,0,0.30757,0.3646,0.33026,0.32003,0.51153,0.51546,0.1642,0.13094,0.32266,0.31505,0,0,0.48192,0.5143,0.37851,0.43211,0.91853,1,0.094787,0.18034,0.35378,0.28889,0,0,0.4654,0.39822,0.48845,0.4133,0.29369,0.34459,0.22034,0.24399,0.31897,0.18134,0.31629,0.19738,0.47333,0.27811,0.056846,0.26965,0.20305,0.21334,0.087595,0.055584,0,0,0.70234,0.66665,0.80743,0.71875,0.32972,0.30442,0.28162,0.14066,0.091634,0.21018,0.29049,0.09118,0.47602,0.36241,0,0.02473,0,0,0.019706,0.052952,0.4338,0.12696,0.41151,0.22123,0.41752,0.09014,0.36798,0.16554,0.11833,0,0,0,0.26332,0,0.29676,0.21392,0.37403,0.049604,0.39251,0.29137,0.30229,0.18315,0,0,0.010926,0.0032587,0.37804,0.24525,0.29428,0.38058,0.11338,0
0,0,0,0,0.0011091,0.040798,0,0,0,0,0,0,0,0,0.033561,0,0,0,0,0,0.022036,0,0.098791,0.064166,0.30528,0.26081,0.20906,0.077845,0.010334,0,0.078496,0.075882,0,0,0.11529,0.094787,1,0.77816,0.66138,0.78308,0.67802,0.63835,0.17158,0.11576,0,0,0.32741,0.26275,0,0,0,0,0,0.067316,0.31879,0.084198,0,0,0,0,0,0,0,0,0,0,0,0,0.044982,0.2864,0,0.26243,0,0,0,0,0.13571,0.38338,0.10317,0.17148,0,0,0.074856,0,0,0,0,0.20008,0,0.13593,0,0.099972,0,0.051335,0.27204,0.56491,0.29235,0.26302,0.0061336,0,0,0,0.050902,0.15444,0.051412,0.40739,0,0.46345,0.12008,0,0.32494,0,0.0065837,0.087491,0.098802,0
0,0,0,0,0,0,0,0,0,0,0,0,0,0,0,0,0,0.0053376,0,0,0.034204,0.067861,0.045074,0.023985,0.18471,0.12387,0.15053,0.047608,0,0,0.059926,0.035778,0,0,0.17158,0.18034,0.77816,1,0.59567,0.77223,0.37919,0.42036,0.32369,0.22931,0,0.015727,0.39679,0.32595,0,0,0,0,0.042036,0.068096,0.39035,0.15727,0,0,0,0,0,0,0,0,0,0,0.1573,0.12354,0.15329,0.36557,0,0.30583,0,0,0,0,0.29846,0.47629,0.16243,0.19884,0.025551,0,0.016111,0,0,0,0.080474,0.18399,0.10914,0.045487,0.13062,0.16472,0.0079754,0.05452,0.078021,0.32729,0.33085,0.17286,0.12693,0,0.19108,0.084227,0.17997,0.21956,0.099374,0.30804,0,0.32644,0.043176,0.096135,0.47948,0,0.15219,0.16162,0.11105,0
0,0,0.054189,0,0,0,0,0,0,0,0,0,0,0,0.018477,0,0,0,0,0,0.090968,0.065988,0.11546,0.10697,0.10942,0.060032,0.31358,0.23645,0,0,0.092716,0.062559,0,0,0.36782,0.35378,0.66138,0.59567,1,0.80713,0.33065,0.38803,0.18361,0.10737,0.011568,0,0.301,0.19957,0,0,0,0,0,0,0.53177,0.15433,0,0.015232,0,0,0,0,0,0,0.16382,0.10536,0.29703,0.21373,0.16606,0.41329,0,0.055318,0,0,0,0,0.30348,0.38414,0.028904,0.025202,0,0,0,0,0.06644,0,0.14459,0.16038,0.23564,0.027411,0.013219,0,0,0,0.18045,0.28756,0.41595,0.099404,0.04919,0,0.15885,0,0.19631,0.26352,0.0013158,0.17684,0,0.097864,0.022669,0.13919,0.43885,0,0.10434,0.12718,0.1176,0
0,0,0,0,0,0,0,0,0,0,0,0,0,0,0.075881,0,0,0,0,0,0.13317,0.15413,0.10141,0.072467,0.25953,0.25925,0.412,0.30545,0,0,0.21878,0.1585,0,0,0.26262,0.28889,0.78308,0.77223,0.80713,1,0.49698,0.55303,0.28226,0.21483,0.034038,0.011111,0.46799,0.37016,0,0,0,0,0,0.00083024,0.50781,0.27578,0,0,0,0,0,0,0,0,0.097105,0.05037,0.20971,0.17676,0.1456,0.38514,0,0.16854,0,0,0,0,0.36077,0.51094,0.027433,0.22819,0,0,0.15745,0,0,0,0.20876,0.18653,0.093297,0.082263,0.024819,0,0,0,0.1989,0.40109,0.45114,0.29772,0.17064,0,0.20555,0,0.24297,0.29577,0.064534,0.28867,0,0.39476,0.10876,0.1835,0.50306,0,0.09538,0.15478,0.031872,0
0,0,0,0,0.21938,0.22325,0,0,0.10808,0.083332,0,0,0,0,0.12485,0.25629,0.172,0,0,0,0.0009981,0.050667,0.0056624,0,0.41067,0.39846,0.17267,0.026244,0.34607,0.13468,0.06795,0.079293,0,0,0,0,0.67802,0.37919,0.33065,0.49698,1,0.72956,0,0.060926,0,0,0.21464,0.25023,0,0,0,0,0,0.037978,0.11314,0,0,0,0,0,0,0,0,0,0,0,0,0,0,0.0067585,0,0.058827,0,0,0,0,0,0.22287,0,0.31652,0,0.1669,0.48172,0.13516,0,0.24446,0,0.11898,0,0.12689,0,0.016328,0,0,0.32951,0.55142,0.23584,0.47097,0.10366,0.037046,0,0,0,0.052359,0.086381,0.43059,0,0.48539,0.25229,0.18893,0.17444,0,0,0,0.062186,0.080795
0,0.052796,0,0,0.011525,0.11979,0,0,0.0079156,0,0,0,0,0,0.2065,0,0.054533,0.0057421,0,0.01815,0,0.065663,0.063305,0.040956,0.4064,0.39889,0.20427,0.098658,0.15373,0.16981,0.14077,0.095693,0,0,0.065625,0,0.63835,0.42036,0.38803,0.55303,0.72956,1,0.19005,0.23058,0,0,0.44873,0.31396,0,0,0.051127,0,0,0.051362,0.33474,0,0,0,0,0,0,0,0,0,0,0,0,0,0.17463,0.18648,0,0,0,0,0,0,0.24616,0.23906,0,0.36468,0.094016,0.073605,0.39494,0,0.07709,0.078984,0,0,0.12764,0,0,0,0,0,0.35167,0.60005,0.48095,0.57545,0.24758,0.063947,0.07746,0,0.09163,0,0.3285,0.44186,0,0.47658,0.48773,0.33398,0.36731,0,0,0.039684,0.32572,0.046737
0.33067,0.57576,0.14813,0.15663,0,0,0.11357,0.18964,0,0,0.23915,0.1309,0.097767,0,0.21462,0.040371,0,0.31533,0.42834,0.48055,0.21783,0.30112,0.26781,0.16105,0.033653,0,0.085563,0.077107,0.0031256,0.19013,0.2597,0.20997,0.48392,0.42334,0.45445,0.4654,0.17158,0.32369,0.18361,0.28226,0,0.19005,1,0.91735,0.69297,0.77892,0.79652,0.78346,0.68279,0.53935,0.60778,0.49292,0.65641,0.53543,0.65045,0.48581,0.29634,0.5219,0.24373,0.2625,0.1269,0.06473,0.090838,0.11203,0.31459,0.26887,0.56691,0.45796,0.4103,0.45935,0.33996,0.22924,0.12554,0.30541,0.34281,0.15467,0.56904,0.51379,0.22714,0.22387,0.32144,0.27864,0.29806,0.39413,0.48787,0.29941,0.44324,0.25854,0.38648,0.14277,0.61005,0.35921,0.16382,0.049268,0,0.03352,0.40717,0.099684,0.64351,0.46413,0.37347,0.04012,0.47201,0.32233,0.34346,0.15079,0.10883,0.066823,0.13628,0.024419,0.39628,0.36992,0.4533,0.45856,0.11099,0
0.36735,0.58398,0.10697,0.16757,0,0,0.10361,0.20936,0,0,0.29089,0.21461,0.15367,0.099663,0.32203,0.18857,0.14952,0.38545,0.45393,0.55304,0.15666,0.31778,0.20819,0.098709,0.059309,0,0.082534,0.08518,0.14726,0.33108,0.25234,0.22119,0.53169,0.49952,0.36782,0.39822,0.11576,0.22931,0.10737,0.21483,0.060926,0.23058,0.91735,1,0.66383,0.78218,0.67274,0.75791,0.65215,0.5655,0.58626,0.53336,0.62459,0.53064,0.61326,0.5005,0.35134,0.54669,0.27051,0.31189,0.20727,0.167,0.20559,0.24401,0.29008,0.30522,0.51179,0.45547,0.42442,0.41929,0.36323,0.14049,0.22505,0.37167,0.39365,0.20023,0.57446,0.48906,0.20476,0.28092,0.39327,0.40339,0.41569,0.49502,0.49343,0.41543,0.43346,0.25452,0.3613,0.18088,0.5691,0.37069,0.076304,0,0,0.021991,0.43044,0.20313,0.71927,0.58952,0.38258,0.084328,0.50977,0.37215,0.39859,0.17706,0.10058,0.10277,0.17586,0.080328,0.38224,0.4877,0.45651,0.51501,0.16973,0
0.35796,0.48046,0.29078,0.38195,0,0.034531,0.32777,0.42081,0,0,0.3222,0.31311,0.28339,0.14738,0.29334,0.10033,0.11556,0.30737,0.44506,0.53568,0.1325,0.32048,0.23893,0.17044,0.090571,0.098023,0.20175,0.28068,0.067712,0.21757,0.30048,0.24468,0.60644,0.60868,0.47931,0.48845,0,0,0.011568,0.034038,0,0,0.69297,0.66383,1,0.90244,0.58403,0.65118,0.80316,0.75944,0.73673,0.69512,0.60492,0.49141,0.48113,0.46344,0.40005,0.50363,0.39803,0.38736,0.34944,0.24495,0.19954,0.27171,0.47818,0.49189,0.65974,0.60281,0.44967,0.38595,0.29828,0.084855,0.31887,0.38226,0.35459,0.20196,0.48972,0.39392,0.087769,0.10493,0.26063,0.34178,0.35903,0.39294,0.56052,0.52522,0.48489,0.19195,0.35486,0.2584,0.41649,0.3329,0.12932,0.028252,0,0,0.20848,0.11616,0.57197,0.50605,0.31585,0.049495,0.41816,0.32369,0.37228,0.17577,0.0055732,0,0.17701,0.10753,0.24144,0.43314,0.19358,0.32575,0.13821,0.044729
0.39591,0.5559,0.22972,0.31782,0,0.026693,0.2807,0.39348,0,0,0.25068,0.34731,0.18892,0.20653,0.28608,0.18266,0.18217,0.35609,0.51353,0.60444,0.15597,0.31016,0.24218,0.1584,0.038647,0.014524,0.089427,0.17432,0.12992,0.28486,0.25731,0.23568,0.60086,0.58697,0.38613,0.4133,0,0.015727,0,0.011111,0,0,0.77892,0.78218,0.90244,1,0.62015,0.74325,0.82606,0.81711,0.71066,0.72658,0.69391,0.59973,0.48721,0.53624,0.40528,0.53614,0.36308,0.42439,0.28118,0.25946,0.28303,0.37416,0.31687,0.39926,0.56274,0.5474,0.40854,0.37333,0.28864,0.15396,0.28764,0.40372,0.38848,0.23245,0.42692,0.36835,0.17348,0.11871,0.39723,0.44364,0.39393,0.52716,0.55129,0.57218,0.46851,0.25421,0.32066,0.3103,0.552,0.45758,0.20441,0.089774,0,0,0.23649,0.13814,0.63769,0.58761,0.31034,0.034241,0.41108,0.31194,0.3836,0.18547,0.015008,0,0.11867,0.10814,0.24394,0.4951,0.26484,0.35457,0.17187,0.085273
0.11682,0.47734,0.12239,0.10939,0,0.016764,0.025195,0.035049,0,0,0.14644,0,0.02351,0,0.19185,0,0.049924,0.32315,0.24148,0.29875,0.12772,0.21424,0.19325,0.10365,0.08952,0.074927,0.22414,0.20688,0.082249,0.25914,0.20708,0.095114,0.33116,0.28011,0.32844,0.29369,0.32741,0.39679,0.301,0.46799,0.21464,0.44873,0.79652,0.67274,0.58403,0.62015,1,0.82399,0.59539,0.45733,0.57194,0.41983,0.57625,0.46937,0.68882,0.4686,0.1862,0.47555,0.10124,0.092792,0.027493,0,0.069453,0.052606,0.21821,0.090453,0.35526,0.24553,0.38467,0.45471,0.13792,0.060494,0,0.08732,0.072266,0,0.51893,0.51941,0.20738,0.37463,0.36051,0.28685,0.42461,0.289,0.43957,0.21492,0.42899,0.082531,0.40469,0.071453,0.44879,0.20614,0.068272,0,0.13473,0.25994,0.5337,0.34511,0.61363,0.37687,0.27934,0,0.36068,0.16074,0.31385,0.20583,0.047548,0.2139,0.25216,0.17424,0.43178,0.2608,0.29182,0.31317,0.15005,0
0.21958,0.41135,0.21217,0.20327,0.085691,0.086813,0.15719,0.15,0.0028303,0,0.14208,0.081405,0.077074,0.017164,0.34422,0.15609,0.15172,0.29076,0.35265,0.45642,0.2807,0.39776,0.32295,0.23082,0.1907,0.1854,0.2282,0.2331,0.23789,0.35904,0.33424,0.2826,0.43354,0.41912,0.33833,0.34459,0.26275,0.32595,0.19957,0.37016,0.25023,0.31396,0.78346,0.75791,0.65118,0.74325,0.82399,1,0.6098,0.60358,0.5292,0.54634,0.57838,0.65909,0.54965,0.59429,0.22863,0.37934,0.18974,0.19016,0.10464,0.067128,0.17251,0.18166,0.23682,0.18989,0.37078,0.33493,0.29686,0.33314,0.19323,0.25742,0.1261,0.23598,0.27678,0.20375,0.45513,0.53319,0.10503,0.34515,0.37715,0.40978,0.50306,0.48121,0.44518,0.42076,0.47657,0.20564,0.25881,0.26992,0.51699,0.44347,0.16828,0.085257,0,0.059216,0.41929,0.3163,0.61641,0.55657,0.26774,0,0.35913,0.25775,0.34667,0.2682,0.054287,0.14208,0.17682,0.28251,0.46642,0.44002,0.31869,0.33687,0.15759,0.0093995
0.51896,0.65312,0.20649,0.35245,0,0.15784,0.32295,0.48259,0,0.12576,0.45106,0.494,0.37419,0.39561,0.25736,0.11093,0.14924,0.39933,0.51859,0.52459,0.10423,0.21277,0.096855,0.055687,0,0,0,0.035883,0.14938,0.33499,0.088096,0.023816,0.53854,0.53362,0.18763,0.22034,0,0,0,0,0,0,0.68279,0.65215,0.80316,0.82606,0.59539,0.6098,1,0.88756,0.87432,0.85458,0.78294,0.61343,0.48166,0.479,0.40111,0.57203,0.48523,0.53787,0.45018,0.40925,0.4079,0.49381,0.19904,0.28451,0.4273,0.41347,0.37384,0.38238,0.30382,0.039641,0.2141,0.42072,0.29572,0.16361,0.35726,0.27978,0.14624,0.060631,0.37536,0.39206,0.31159,0.46349,0.53488,0.48198,0.34806,0.18516,0.3634,0.27817,0.57337,0.41474,0.2411,0.14261,0,0,0.14424,0.030045,0.56935,0.47152,0.29889,0.10613,0.34657,0.17513,0.29489,0,0.16468,0,0.17007,0,0.0049366,0.36774,0.28741,0.27294,0.025276,0
0.49023,0.54599,0.3158,0.47624,0.045024,0.16257,0.40767,0.55006,0.04288,0.15458,0.43826,0.56995,0.42429,0.45151,0.34083,0.2247,0.17942,0.39143,0.54331,0.53907,0.11952,0.20023,0.17467,0.16424,0,0.0042544,0.062563,0.12741,0.17885,0.34354,0.13856,0.10872,0.50471,0.56385,0.20334,0.24399,0,0,0,0,0,0,0.53935,0.5655,0.75944,0.81711,0.45733,0.60358,0.88756,1,0.79703,0.89033,0.71936,0.64691,0.34867,0.53958,0.36513,0.49378,0.56396,0.59886,0.54734,0.51785,0.43177,0.56793,0.24854,0.34287,0.37847,0.4169,0.31809,0.29721,0.26233,0.071205,0.24148,0.40981,0.30446,0.21619,0.33498,0.29656,0.049435,0.063146,0.35433,0.45172,0.33705,0.5404,0.50883,0.52658,0.36269,0.19914,0.3269,0.40409,0.57724,0.53424,0.25855,0.21076,0,0,0.027073,0.027555,0.5004,0.51515,0.23394,0.12106,0.2409,0.13979,0.25594,0,0.072971,0,0.14602,0.047281,0,0.41717,0.2258,0.18118,0.016141,0.034232
0.51001,0.66118,0.41088,0.44568,0,0.091739,0.38538,0.48796,0,0.055373,0.6154,0.52793,0.52315,0.42877,0.35005,0.031423,0.10321,0.42934,0.49001,0.5026,0.086393,0.24548,0.23968,0.18243,0.028655,0.014692,0.066256,0.16909,0.10182,0.31006,0.18327,0.135,0.48419,0.5033,0.34031,0.31897,0,0,0,0,0,0.051127,0.60778,0.58626,0.73673,0.71066,0.57194,0.5292,0.87432,0.79703,1,0.82412,0.80848,0.56973,0.56763,0.40387,0.37957,0.58397,0.507,0.4487,0.58494,0.38333,0.32511,0.37088,0.40934,0.38384,0.5024,0.41203,0.50776,0.37207,0.30105,0,0.21188,0.38997,0.30567,0.1206,0.49424,0.37599,0.065305,0.13644,0.26262,0.29385,0.271,0.26962,0.56547,0.39484,0.2653,0,0.52079,0.27329,0.51861,0.37613,0.25893,0.11303,0,0,0.25938,0.15659,0.55154,0.46316,0.26697,0.041248,0.26763,0.058389,0.36488,0.099374,0.016406,0,0.28591,0.097913,0.14938,0.42375,0.2327,0.23458,0.16367,0
0.51723,0.44259,0.3666,0.41954,0.09684,0.19376,0.52031,0.53269,0.1321,0.14588,0.46869,0.5516,0.46936,0.51013,0.33563,0.27543,0.17335,0.29672,0.46831,0.49198,0.059632,0.11786,0.16426,0.14238,0.054039,0.056965,0,0.056437,0.27987,0.30377,0.1126,0.10777,0.45645,0.49753,0.15859,0.18134,0,0,0,0,0,0,0.49292,0.53336,0.69512,0.72658,0.41983,0.54634,0.85458,0.89033,0.82412,1,0.66776,0.65091,0.40627,0.52795,0.37452,0.34816,0.57259,0.56299,0.56057,0.50444,0.46704,0.55801,0.22361,0.35413,0.39726,0.43089,0.27744,0.28542,0.2357,0.019663,0.23339,0.33013,0.21645,0.16468,0.30026,0.28519,0.046674,0.024256,0.25936,0.40976,0.37139,0.4676,0.46102,0.63784,0.25847,0.21875,0.24717,0.50487,0.49424,0.5363,0.27529,0.28966,0,0,0.079035,0.15395,0.46575,0.48865,0.25671,0.16938,0.24314,0.14682,0.33289,0.14918,0.090771,0,0.23704,0.0098149,0,0.35379,0.13947,0.17262,0.072923,0.023884
