1,0.76452,0.77545,0.81848,0.19413,0.22911,0.69771,0.65114,0.096087,0.25955,0.35868,0.41676,0.35638,0.335,0.31533,0.23706,0.15494,0.25959,0.87638,0.82977,0.014396,0.0078336,0.59066,0.60117,0.13555,0.11301,0.25383,0.1382,0,0,0.50473,0.59095,0.80835,0.83256,0.30231,0.27445,0,0,0,0,0,0.15229,0.39006,0.20065,0.33224,0.48483,0.28005,0.32054,0.47909,0.52392,0.40163,0.32146,0.27245,0.29241,0.23115,0.19324,0.91116,0.78096,0.73846,0.63101,0.78874,0.52232,0.69624,0.62326,0.1856,0.28608,0.65353,0.59537,0.69128,0.67058,0.094649,0.092491,0.10489,0.13482,0.18369,0.2695,0,0,0.032784,0,0.26107,0.15856,0.3982,0.26791,0.20745,0.071508,0.21646,0.10394,0.31832,0.070016,0.25588,0.20884,0.14606,0.11175,0,0,0.032147,0.087734,0.08656,0.093738,0.22934,0.19286,0.1972,0.22702,0,0,0.10151,0.24224,0,0.16893,0.10739,0,0,0,0,0
0.76452,1,0.68852,0.81827,0.13832,0.47125,0.59431,0.55008,0.10672,0.20085,0.3566,0.39099,0.32568,0.41033,0.37735,0.22738,0.036775,0.17512,0.84377,0.83502,0,0,0.63709,0.54882,0.21953,0.33474,0.39492,0.28927,0,0,0.45638,0.5349,0.69097,0.74817,0.34415,0.28386,0,0,0,0.020861,0,0.046977,0.46316,0.12437,0.29822,0.49225,0.43818,0.35345,0.47359,0.49808,0.46408,0.38729,0.46541,0.4717,0.36525,0.35162,0.71666,0.9241,0.59898,0.65881,0.52534,0.40675,0.51849,0.56966,0.17799,0.23589,0.73751,0.70329,0.82347,0.73646,0,0,0,0.039913,0.067772,0.18886,0,0,0.053367,0.065226,0.26123,0.30463,0.48295,0.38512,0.28452,0.12968,0.38207,0.16912,0.56836,0.17438,0.40383,0.34287,0.30032,0.16032,0.075604,0.17863,0.27201,0.16889,0.22893,0.083592,0.333,0.32553,0.3026,0.23613,0,0,0.20091,0.46128,0,0.38582,0.23383,0,0.081931,0.034031,0,0
0.77545,0.68852,1,0.84633,0.30054,0.29605,0.8792,0.71244,0.18137,0.33842,0.19513,0.28561,0.22014,0.19722,0.22157,0.17558,0,0.09653,0.73721,0.68195,0.034708,0.085502,0.74423,0.71245,0.14212,0.062111,0.22388,0.094802,0,0,0.48625,0.60871,0.68433,0.70799,0.35362,0.30189,0,0,0,0,0,0.00605,0.29135,0.027763,0.27765,0.34886,0.17728,0.20993,0.26315,0.29276,0.28845,0.1399,0.22644,0.21776,0.1636,0.092119,0.71616,0.73421,0.62374,0.50514,0.61248,0.44136,0.45968,0.45994,0.35867,0.27238,0.59921,0.47971,0.56954,0.578,0.050301,0.086975,0,0,0.20732,0.23935,0,0,0,0,0.06226,0.014575,0.20904,0.099029,0.077266,0,0.071618,0,0.36265,0,0.27235,0.26138,0.31596,0.20586,0,0,0.030435,0,0.038877,0,0.1476,0.2327,0.078683,0.12651,0,0,0,0.15221,0,0.15666,0.015702,0,0,0,0,0
0.81848,0.81827,0.84633,1,0.37327,0.45626,0.81557,0.78497,0.33442,0.28106,0.29243,0.34675,0.33506,0.37424,0.38714,0.25128,0.055893,0.16257,0.82989,0.81747,0,0,0.73201,0.75239,0.30149,0.2215,0.40159,0.32474,0,0,0.53175,0.63977,0.76212,0.79321,0.47804,0.40838,0,0,0,0,0.0057413,0.068807,0.46776,0.1484,0.36425,0.52064,0.3943,0.29051,0.44559,0.43964,0.4084,0.33651,0.3787,0.39789,0.33032,0.27158,0.79645,0.84269,0.63453,0.58115,0.60067,0.44697,0.52024,0.49447,0.34766,0.45573,0.75069,0.68506,0.73058,0.75253,0.087815,0.018337,0.074752,0.096109,0.23701,0.32811,0,0,0.032655,0,0.24148,0.23097,0.41128,0.2995,0.27359,0.13499,0.30928,0.12744,0.4439,0.27786,0.38921,0.34336,0.33132,0.3151,0,0.076589,0.13555,0.13519,0.14945,0.15148,0.29485,0.33354,0.2375,0.27191,0,0.0027515,0.12195,0.18538,0.027566,0.27977,0.15883,0,0.031647,0.011592,0,0
0.19413,0.13832,0.30054,0.37327,1,0.47877,0.36339,0.2923,0.83772,0.36905,0.076674,0,0.10607,0.030134,0.6873,0.29255,0.35837,0.20992,0.25254,0.26241,0.18182,0.17716,0.36447,0.35172,0.60308,0.32088,0.38115,0.35754,0.21764,0.062747,0.35973,0.34397,0.28587,0.27458,0.55018,0.47677,0.26799,0.25145,0.28225,0.21153,0.31956,0.19546,0.34279,0.34011,0.29952,0.34122,0.31429,0.28217,0.22057,0.16648,0.21765,0.15731,0.2242,0.25915,0.36855,0.3241,0.30859,0.25651,0.15368,0.10407,0.19426,0.12029,0.32938,0.15736,0.52812,0.4905,0.37121,0.32587,0.20677,0.27368,0.25228,0.1412,0.39272,0.28086,0.3945,0.35649,0.32074,0.26112,0.26193,0,0.38822,0.32909,0.44027,0.31129,0.31603,0.34625,0.30644,0.29989,0.19324,0.43567,0.30252,0.30582,0.25285,0.3494,0,0.1522,0.20208,0.32145,0.21576,0.33531,0.22056,0.19633,0.21816,0.19866,0,0.13723,0.096705,0,0.15369,0.18633,0.25611,0.10069,0.12797,0.12675,0,0
0.22911,0.47125,0.29605,0.45626,0.47877,1,0.32179,0.1928,0.49915,0.12854,0.29119,0.04214,0.22613,0.25735,0.62311,0.32081,0.31917,0.078852,0.43457,0.47801,0,0,0.46676,0.25603,0.66023,0.7009,0.60725,0.76199,0.30022,0,0.41829,0.36604,0.24723,0.28794,0.6627,0.4621,0.37252,0.3447,0.33042,0.47911,0.2856,0.16351,0.5345,0.29217,0.32424,0.48909,0.6013,0.32981,0.38308,0.31231,0.43435,0.36621,0.47727,0.55256,0.49639,0.60251,0.30899,0.40923,0.27783,0.28479,0.11794,0,0.39127,0.20881,0.45394,0.33954,0.63742,0.61519,0.5819,0.55544,0.25112,0,0.33537,0.37372,0.4732,0.49325,0.23103,0.2766,0.25458,0.25102,0.48483,0.58603,0.65196,0.61365,0.45172,0.46176,0.66425,0.51567,0.494,0.69021,0.51156,0.54749,0.35716,0.44219,0.19634,0.44711,0.41581,0.49236,0.3884,0.44548,0.32719,0.46864,0.33051,0.34559,0.087678,0.11483,0.14882,0.35348,0.31968,0.42919,0.47504,0.20514,0.26143,0.19632,0.20626,0.058312
0.69771,0.59431,0.8792,0.81557,0.36339,0.32179,1,0.84905,0.26152,0.36057,0.44034,0.4194,0.484,0.29697,0.31611,0.25098,0.054075,0.10815,0.67779,0.61892,0.062737,0.09537,0.77637,0.75357,0.20859,0.086079,0.22448,0.14245,0,0,0.549,0.62676,0.69333,0.70641,0.44639,0.38139,0,0,0,0,0,0,0.3558,0.11961,0.26231,0.36682,0.25179,0.26601,0.36528,0.36202,0.38838,0.29951,0.29461,0.33919,0.24638,0.20056,0.6215,0.62703,0.59221,0.46465,0.61391,0.49335,0.39174,0.35943,0.49713,0.53908,0.64792,0.54597,0.53709,0.62406,0.17449,0.15084,0.061075,0.053145,0.26585,0.29954,0.054678,0.063956,0,0,0.082687,0.042484,0.28592,0.13994,0.11833,0,0.13721,0,0.35769,0.10749,0.28806,0.28287,0.24816,0.22781,0,0,0.022169,0.045447,0.037662,0.069063,0.12016,0.18589,0.070447,0.11887,0,0,0,0.076253,0.0019942,0.15818,0.05382,0,0,0,0,0
0.65114,0.55008,0.71244,0.78497,0.2923,0.1928,0.84905,1,0.23859,0.51255,0.50572,0.55942,0.59477,0.50737,0.2823,0.39944,0,0.036447,0.62942,0.59364,0.08736,0.065473,0.59576,0.74119,0,0,0.12646,0,0,0,0.35831,0.53359,0.67049,0.70765,0.20097,0.29164,0,0,0,0,0,0,0.3451,0.096947,0.17191,0.29375,0.28814,0.318,0.42135,0.45114,0.45723,0.43423,0.38977,0.38527,0.33805,0.25022,0.53173,0.55296,0.59745,0.54197,0.61245,0.59047,0.22395,0.26608,0.22543,0.61174,0.56407,0.52786,0.52033,0.6003,0.073587,0.068462,0,0,0.1813,0.24361,0,0,0,0,0,0,0.25176,0.086989,0.11123,0,0.12093,0,0.42816,0.063633,0.34144,0.28897,0.31422,0.13688,0,0,0.079051,0.038616,0.12024,0.084585,0.23118,0.11477,0.17405,0.12718,0,0,0.1026,0.17949,0,0.22025,0.064147,0,0.068236,0.033215,0,0
0.096087,0.10672,0.18137,0.33442,0.83772,0.49915,0.26152,0.23859,1,0.05125,0.10833,0.01314,0.075773,0,0.64316,0.089889,0.23343,0.022689,0.16134,0.14847,0,0,0.20522,0.13776,0.55295,0.30431,0.35679,0.50939,0.25264,0.017096,0.25521,0.20358,0.14392,0.17229,0.47518,0.27685,0.36454,0.28632,0.36615,0.31175,0.51245,0.1422,0.2745,0.20453,0.27094,0.27847,0.26871,0.10106,0.22713,0.16616,0.20767,0.21705,0.11814,0.19089,0.30627,0.34326,0.21053,0.19981,0.21534,0.16296,0.18095,0.16693,0.24999,0.18168,0.41257,0.39561,0.31907,0.28605,0.14211,0.22916,0.25343,0.094976,0.42572,0.32465,0.45948,0.43461,0.24996,0.17622,0.11114,0,0.2365,0.25628,0.31458,0.22026,0.13343,0.23352,0.26743,0.20779,0.056468,0.52925,0.28004,0.2672,0.25912,0.47445,0.060234,0.26706,0.17379,0.39845,0.24525,0.47829,0.38498,0.3925,0.32469,0.3524,0,0.23244,0.17564,0,0.3249,0.16987,0.23067,0.054536,0.18211,0.15182,0.080324,0
0.25955,0.20085,0.33842,0.28106,0.36905,0.12854,0.36057,0.51255,0.05125,1,0.22431,0.14893,0.38479,0.39168,0.29234,0.65665,0.059733,0.09184,0.3359,0.32291,0.35305,0.24864,0.25815,0.44044,0,0,0,0,0,0.041509,0.086147,0.26021,0.4425,0.43116,0.0084859,0.32906,0,0,0,0,0,0.11614,0.32117,0.27025,0.10662,0.19161,0.30406,0.50425,0.29797,0.29947,0.34381,0.21594,0.4177,0.33317,0.39351,0.22981,0.19067,0.22322,0.2488,0.28891,0.28533,0.30159,0.097309,0.074921,0.076612,0.3145,0.31677,0.29616,0.30216,0.32692,0,0,0,0,0.074453,0.073848,0.15303,0.15089,0.083306,0,0.077499,0,0.26805,0.11418,0.23083,0.080311,0.11948,0.12137,0.48074,0,0.31996,0.26451,0.29775,0,0,0,0.27931,0.043399,0.24881,0,0.097236,0,0.1781,0,0.0040554,0,0.10232,0.33286,0,0.29957,0.22193,0.29989,0.21495,0.20953,0,0
0.35868,0.3566,0.19513,0.29243,0.076674,0.29119,0.44034,0.50572,0.10833,0.22431,1,0.78072,0.91309,0.5891,0.44816,0.38268,0.32817,0.17569,0.33689,0.29275,0.19229,0.0848,0.34461,0.28605,0.15366,0.36448,0.13296,0.091029,0.2534,0.24414,0.43993,0.41484,0.34196,0.42333,0.19732,0.20953,0.021924,0.1793,0,0.17995,0.0071397,0.080646,0.28724,0.24555,0.065669,0.16605,0.30654,0.33167,0.46426,0.47677,0.53338,0.59025,0.30185,0.35537,0.30633,0.37292,0.19185,0.26655,0.41684,0.4264,0.45902,0.45228,0.25621,0.23925,0.13845,0.37524,0.34786,0.37995,0.34922,0.34022,0.43479,0.35186,0.23748,0.29643,0.23162,0.24819,0.21801,0.27621,0.11464,0.083684,0.074963,0.082134,0.35668,0.20185,0.11559,0.051747,0.26395,0.14952,0.32833,0.087326,0.13446,0.13389,0,0,0,0.047209,0.093365,0.13662,0.089821,0.091624,0.07203,0,0.039054,0,0,0,0.14389,0.26253,0,0.1503,0.15475,0,0,0,0,0
0.41676,0.39099,0.28561,0.34675,0,0.04214,0.4194,0.55942,0.01314,0.14893,0.78072,1,0.69199,0.55884,0.20815,0.23994,0.050411,0.18044,0.30849,0.24894,0.095723,0.019975,0.25619,0.2675,0,0.1524,0.054103,0,0.063627,0.23871,0.42983,0.41019,0.34479,0.44005,0,0,0,0,0,0,0,0,0.013899,0,0,0,0,0.026257,0.26821,0.31906,0.32212,0.40784,0.02408,0.058347,0.017938,0.070654,0.20217,0.31949,0.48297,0.51459,0.51103,0.62177,0.21538,0.42287,0,0.21316,0.14145,0.15954,0.20052,0.1738,0.35733,0.35634,0.096828,0.209,0.082652,0.13932,0,0.031344,0,0.052418,0,0,0.033853,0,0,0,0,0,0.087609,0,0,0,0,0,0,0,0,0,0,0,0.11617,0,0,0,0,0,0.078435,0.13685,0,0,0,0,0,0,0,0
0.35638,0.32568,0.22014,0.33506,0.10607,0.22613,0.484,0.59477,0.075773,0.38479,0.91309,0.69199,1,0.66668,0.46038,0.51981,0.3457,0.19882,0.37012,0.34373,0.34227,0.22838,0.3543,0.37766,0.082824,0.25443,0.14101,0.0041045,0.24805,0.28318,0.37237,0.37676,0.40268,0.44474,0.21056,0.33788,0.023598,0.18872,0,0.1606,0,0.1473,0.43493,0.40246,0.15321,0.2791,0.44387,0.50435,0.59021,0.55688,0.64482,0.65935,0.41244,0.432,0.4618,0.45254,0.21156,0.27627,0.38104,0.39097,0.47077,0.45274,0.24345,0.19304,0.18011,0.49549,0.42589,0.44036,0.40724,0.41167,0.42932,0.33874,0.27556,0.31158,0.27064,0.27531,0.2982,0.33182,0.20319,0.07743,0.13794,0.10658,0.40977,0.23591,0.23171,0.13156,0.29688,0.20277,0.42612,0.10424,0.23104,0.20078,0.0021622,0,0,0.036962,0.20321,0.21207,0.19491,0.12278,0.057896,0,0.086465,0,0,0,0.1921,0.28916,0,0.24099,0.26448,0.066322,0.058066,0.054967,0,0
0.335,0.41033,0.19722,0.37424,0.030134,0.25735,0.29697,0.50737,0,0.39168,0.5891,0.55884,0.66668,1,0.46215,0.69341,0.21396,0.40321,0.39831,0.45629,0.21628,0.10234,0.46702,0.58006,0.12306,0.39272,0.12242,0,0.15178,0.21368,0.41838,0.56224,0.47364,0.47253,0.16753,0.23744,0,0.036406,0,0.09255,0,0.1785,0.33171,0.32602,0.15416,0.29938,0.36916,0.42482,0.37132,0.29695,0.37247,0.33237,0.36114,0.29074,0.32291,0.28042,0.32871,0.36556,0.16009,0.20277,0.20135,0.087102,0.18134,0.082209,0.095808,0.46019,0.32594,0.33044,0.47131,0.36822,0.36516,0.36345,0.21255,0.31983,0.17434,0.23293,0.07764,0.14025,0.30807,0.27026,0.29443,0.34001,0.47843,0.39505,0.50916,0.41538,0.35807,0.26094,0.47786,0.050162,0.098248,0.074297,0,0,0,0,0.14085,0.057995,0.057761,0,0,0,0,0,0,0,0.15921,0.35973,0,0.2385,0.1325,0,0,0,0,0
0.31533,0.37735,0.22157,0.38714,0.6873,0.62311,0.31611,0.2823,0.64316,0.29234,0.44816,0.20815,0.46038,0.46215,1,0.58155,0.56658,0.3466,0.45631,0.46406,0.20994,0.11388,0.46637,0.36029,0.65066,0.66026,0.4957,0.44171,0.55407,0.36586,0.4815,0.457,0.39148,0.40637,0.62513,0.52234,0.31393,0.44875,0.21076,0.40774,0.29723,0.382,0.57016,0.55201,0.38801,0.55086,0.55936,0.52718,0.52369,0.44155,0.51291,0.4661,0.40436,0.44791,0.53552,0.56647,0.39065,0.38951,0.26652,0.26661,0.2718,0.10827,0.4957,0.25354,0.53527,0.52315,0.5526,0.51907,0.48603,0.44765,0.45002,0.29411,0.61435,0.60944,0.55739,0.5664,0.38799,0.42242,0.50245,0.2996,0.60602,0.62467,0.78826,0.62922,0.59435,0.58676,0.61084,0.48959,0.46571,0.4826,0.36485,0.36716,0.18687,0.16404,0,0.22307,0.36414,0.44888,0.36073,0.34075,0.28398,0.17721,0.28736,0.17891,0,0,0.30971,0.32514,0.057986,0.37206,0.48697,0.14349,0.16027,0.15401,0,0
0.23706,0.22738,0.17558,0.25128,0.29255,0.32081,0.25098,0.39944,0.089889,0.65665,0.38268,0.23994,0.51981,0.69341,0.58155,1,0.34484,0.31784,0.36496,0.40938,0.42896,0.28778,0.30714,0.44162,0.11754,0.2721,0.2512,0.00066902,0.23751,0.32462,0.31219,0.43157,0.38823,0.37095,0.19935,0.38716,0,0.22696,0,0.18641,0,0.33776,0.41054,0.4715,0.18609,0.35937,0.43169,0.57416,0.3941,0.34502,0.4241,0.32449,0.42456,0.37168,0.49017,0.43137,0.22562,0.19974,0.1271,0.12977,0.14989,0.045837,0.15998,0,0.22654,0.45995,0.36324,0.34797,0.43321,0.37138,0.27153,0.24603,0.31563,0.37773,0.34102,0.37745,0.31783,0.37204,0.39788,0.21345,0.42601,0.38544,0.58286,0.54081,0.55929,0.49018,0.40703,0.39402,0.52905,0.14664,0.2758,0.2798,0.20185,0,0,0.067238,0.33778,0.23525,0.28701,0.076529,0.13133,0,0.2067,0.035045,0.087042,0,0.22139,0.40006,0,0.31367,0.31404,0.19718,0.14218,0.17054,0.019399,0
0.15494,0.036775,0,0.055893,0.35837,0.31917,0.054075,0,0.23343,0.059733,0.32817,0.050411,0.3457,0.21396,0.56658,0.34484,1,0.62678,0.22806,0.25853,0.38762,0.3255,0.22999,0.13534,0.58972,0.57259,0.34074,0.34008,0.78977,0.60412,0.52254,0.34514,0.27497,0.23378,0.57252,0.47004,0.41507,0.57176,0.20242,0.35042,0.31548,0.28829,0.42496,0.59919,0.24486,0.43864,0.33796,0.32317,0.35137,0.24117,0.25321,0.21155,0.16228,0.19453,0.25776,0.26212,0.23616,0.044004,0,0,0.11055,0,0.52749,0.16082,0.44747,0.33775,0.28129,0.27626,0.23676,0.16244,0.52789,0.40117,0.66429,0.61423,0.47855,0.40533,0.52307,0.53383,0.77791,0.44129,0.74856,0.68219,0.60007,0.52078,0.50855,0.54885,0.45132,0.44685,0.12296,0.34666,0.034246,0.13866,0,0,0,0.080065,0.13616,0.27823,0.12992,0.17308,0,0,0.06484,0.040759,0,0,0.16654,0.11042,0,0.1101,0.3012,0.022342,0.010554,0.11112,0,0
0.25959,0.17512,0.09653,0.16257,0.20992,0.078852,0.10815,0.036447,0.022689,0.09184,0.17569,0.18044,0.19882,0.40321,0.3466,0.31784,0.62678,1,0.27441,0.33776,0.33139,0.3118,0.38054,0.36788,0.46017,0.46517,0.26218,0.10895,0.39015,0.51183,0.61309,0.53243,0.38561,0.32269,0.37281,0.28608,0,0.13016,0,0,0.015063,0.029393,0.23589,0.36946,0.089125,0.29625,0.071432,0.18046,0.11212,0,0,0,0,0,0.0054021,0,0.35787,0.21265,0,0,0.039144,0,0.43598,0.23532,0.33405,0.27901,0.12049,0.064615,0.21219,0.031738,0.4791,0.5193,0.42117,0.45398,0.21219,0.16194,0.22119,0.2309,0.65924,0.56517,0.54193,0.58511,0.31846,0.28096,0.36321,0.37411,0.07411,0.077042,0,0,0,0,0,0,0,0,0,0,0,0,0,0,0,0,0,0,0,0,0,0,0,0,0,0,0,0
0.87638,0.84377,0.73721,0.82989,0.25254,0.43457,0.67779,0.62942,0.16134,0.3359,0.33689,0.30849,0.37012,0.39831,0.45631,0.36496,0.22806,0.27441,1,0.96476,0,0,0.68107,0.62214,0.21554,0.21702,0.43708,0.25958,0,0,0.48041,0.56457,0.76937,0.78794,0.42723,0.39871,0,0,0,0,0,0.13961,0.61394,0.30378,0.35351,0.61617,0.50298,0.47427,0.59317,0.61977,0.55239,0.44444,0.48989,0.50188,0.44228,0.39571,0.81182,0.79547,0.65984,0.61903,0.65979,0.41869,0.66515,0.56616,0.32167,0.40771,0.79975,0.74008,0.85257,0.81077,0.059819,0,0.15791,0.18827,0.3005,0.35883,0,0.022881,0.10007,0.00193,0.39484,0.36054,0.59669,0.44616,0.38594,0.24708,0.40779,0.23888,0.5481,0.23576,0.52045,0.45356,0.36637,0.25397,0,0.095084,0.2686,0.20693,0.2954,0.21618,0.37773,0.31018,0.36639,0.32401,0,0,0.22795,0.44933,0.018153,0.3558,0.31084,0.083226,0.19207,0.11887,0,0
0.82977,0.83502,0.68195,0.81747,0.26241,0.47801,0.61892,0.59364,0.14847,0.32291,0.29275,0.24894,0.34373,0.45629,0.46406,0.40938,0.25853,0.33776,0.96476,1,0.00407,0.010939,0.67782,0.64876,0.27614,0.28785,0.50752,0.32246,0.0076982,0,0.50215,0.60338,0.76467,0.77106,0.46248,0.45966,0,0,0.026859,0.048719,0,0.20222,0.63654,0.35548,0.3918,0.66028,0.55837,0.50287,0.57313,0.58589,0.53126,0.41993,0.52864,0.52838,0.47945,0.42047,0.80835,0.78662,0.56768,0.53709,0.55571,0.30977,0.63665,0.50619,0.32989,0.45332,0.81771,0.77248,0.9059,0.80988,0.084504,0,0.17788,0.20778,0.29653,0.36329,0,0.038569,0.18577,0.07906,0.49841,0.47579,0.65143,0.55302,0.4924,0.37241,0.47261,0.33876,0.56853,0.31149,0.51618,0.44518,0.34969,0.23836,0,0.12605,0.31067,0.24339,0.28949,0.19495,0.33445,0.27395,0.3469,0.28891,0.027359,0.0037804,0.21857,0.43466,0.028234,0.39975,0.33954,0.050583,0.14641,0.084503,0,0
0.014396,0,0.034708,0,0.18182,0,0.062737,0.08736,0,0.35305,0.19229,0.095723,0.34227,0.21628,0.20994,0.42896,0.38762,0.33139,0,0.00407,1,0.95049,0,0.10087,0.031141,0.069334,0.089679,0,0.33078,0.55873,0.19285,0.16509,0.085206,0.066773,0.10626,0.39728,0.29994,0.46024,0.16226,0.20354,0,0.39257,0.23142,0.53126,0.15608,0.1359,0.18571,0.43637,0.19693,0.11161,0.22401,0.12276,0.13016,0.056855,0.2239,0.13999,0,0,0,0,0.07949,0.011724,0.16914,0,0.060421,0.14337,0.035596,0.032936,0.020779,0,0.58957,0.64401,0.48427,0.41625,0.40839,0.34538,0.74884,0.71905,0.36255,0.14439,0.27562,0.1478,0.14619,0.17703,0.21759,0.2199,0.031647,0.23428,0.080823,0,0,0,0,0,0,0,0.10588,0.026217,0.052385,0,0,0,0,0,0,0,0,0.0038995,0,0.0080675,0.19842,0.14886,0,0,0,0
0.0078336,0,0.085502,0,0.17716,0,0.09537,0.065473,0,0.24864,0.0848,0.019975,0.22838,0.10234,0.11388,0.28778,0.3255,0.3118,0,0.010939,0.95049,1,0.0045499,0.090084,0.059456,0.031258,0.11249,0,0.25596,0.47132,0.19526,0.1514,0.057757,0.03999,0.16723,0.41901,0.33474,0.43707,0.20887,0.20898,0,0.3699,0.20789,0.45581,0.16395,0.11715,0.14515,0.35147,0.11266,0.028657,0.14757,0.050372,0.091047,0.024097,0.16274,0.087334,0,0,0,0,0.057566,0.0031519,0.17439,0.023806,0.10087,0.11384,0.045481,0.039009,0.010807,0,0.58884,0.6319,0.46621,0.39914,0.40654,0.38147,0.74823,0.71517,0.28735,0.09789,0.24548,0.14298,0.069375,0.14878,0.17927,0.18857,0,0.21222,0.036719,0,0,0.014605,0,0,0,0,0.054553,0,0.017129,0,0,0,0,0,0,0,0,0,0,0,0.16937,0.14583,0,0,0,0
0.59066,0.63709,0.74423,0.73201,0.36447,0.46676,0.77637,0.59576,0.20522,0.25815,0.34461,0.25619,0.3543,0.46702,0.46637,0.30714,0.22999,0.38054,0.68107,0.67782,0,0.0045499,1,0.88646,0.50415,0.45087,0.28758,0.21057,0,0,0.65995,0.74249,0.64579,0.60678,0.62555,0.436,0,0,0,0,0,0,0.41306,0.15854,0.22745,0.40702,0.29564,0.26436,0.26424,0.20962,0.25567,0.14768,0.3164,0.33289,0.20411,0.1746,0.63472,0.66861,0.33526,0.26216,0.36394,0.12152,0.44036,0.24869,0.64606,0.57202,0.59966,0.48972,0.58504,0.55462,0.22753,0.18724,0.12942,0.15613,0.23732,0.28164,0,0.035798,0.26454,0.078815,0.3382,0.39635,0.49992,0.31633,0.43855,0.27698,0.36645,0.13621,0.47865,0.20655,0.24861,0.31503,0.21951,0.17428,0,0,0.016241,0,0.00094886,0,0,0.091033,0,0,0,0,0,0.17967,0.017588,0.19449,0.053804,0,0,0,0,0
0.60117,0.54882,0.71245,0.75239,0.35172,0.25603,0.75357,0.74119,0.13776,0.44044,0.28605,0.2675,0.37766,0.58006,0.36029,0.44162,0.13534,0.36788,0.62214,0.64876,0.10087,0.090084,0.88646,1,0.28151,0.24064,0.16323,0,0,0,0.56704,0.75486,0.71758,0.66144,0.42386,0.37973,0,0,0,0,0,0,0.32227,0.14113,0.18471,0.3357,0.22842,0.26811,0.20146,0.15894,0.17192,0.083486,0.29816,0.2626,0.17786,0.067695,0.64001,0.61475,0.2804,0.2058,0.34526,0.13542,0.27919,0.12121,0.48079,0.62283,0.49514,0.40577,0.53049,0.49657,0.14382,0.17998,0.024152,0.022179,0.10219,0.16267,0,0,0.23025,0,0.26843,0.2628,0.40029,0.23652,0.43826,0.2661,0.24888,0.099124,0.44224,0.078969,0.14848,0.1924,0.16715,0.04088,0,0,0,0,0,0,0,0,0,0,0,0,0,0.10046,0,0.17011,0,0,0,0,0,0
0.13555,0.21953,0.14212,0.30149,0.60308,0.66023,0.20859,0,0.55295,0,0.15366,0,0.082824,0.12306,0.65066,0.11754,0.58972,0.46017,0.21554,0.27614,0.031141,0.059456,0.50415,0.28151,1,0.82857,0.56561,0.70493,0.54602,0.25113,0.63428,0.45766,0.19071,0.16586,0.80194,0.48091,0.41993,0.44837,0.31434,0.37935,0.50379,0.17847,0.34746,0.34765,0.33821,0.42058,0.29894,0.11156,0.20134,0.059104,0.12457,0.086757,0.087409,0.17569,0.18601,0.24372,0.30396,0.25597,0,0,0,0,0.44863,0.15887,0.63631,0.37197,0.3535,0.29774,0.2804,0.21828,0.50264,0.29523,0.54143,0.53337,0.42603,0.40198,0.30032,0.31409,0.5402,0.39655,0.61319,0.70032,0.53671,0.51548,0.43861,0.51625,0.46344,0.38145,0.074914,0.59137,0.08841,0.16245,0,0.25708,0,0.2212,0.10189,0.28472,0.034044,0.21747,0,0.16651,0,0.065981,0,0,0,0,0.20242,0.079559,0.2012,0,0,0,0,0
0.11301,0.33474,0.062111,0.2215,0.32088,0.7009,0.086079,0,0.30431,0,0.36448,0.1524,0.25443,0.39272,0.66026,0.2721,0.57259,0.46517,0.21702,0.28785,0.069334,0.031258,0.45087,0.24064,0.82857,1,0.48506,0.58654,0.60477,0.37396,0.62452,0.49278,0.19926,0.21423,0.65043,0.39937,0.33192,0.44834,0.20864,0.46194,0.28469,0.19709,0.33788,0.3391,0.27307,0.38319,0.36586,0.20639,0.24006,0.122,0.21819,0.1801,0.21078,0.25802,0.21912,0.3257,0.2269,0.27546,0,0.0077162,0,0,0.39268,0.15368,0.4308,0.23503,0.3359,0.32291,0.3786,0.21708,0.50351,0.3295,0.46708,0.5281,0.34559,0.33487,0.25238,0.33197,0.59157,0.57906,0.59058,0.72442,0.5974,0.58091,0.50581,0.53393,0.55922,0.43554,0.28717,0.44105,0.046473,0.13173,0,0,0,0.20024,0.16873,0.24002,0.048523,0.047559,0,0.044019,0,0,0,0,0.069235,0.19067,0.047817,0.20886,0.25805,0,0,0,0,0
0.25383,0.39492,0.22388,0.40159,0.38115,0.60725,0.22448,0.12646,0.35679,0,0.13296,0.054103,0.14101,0.12242,0.4957,0.2512,0.34074,0.26218,0.43708,0.50752,0.089679,0.11249,0.28758,0.16323,0.56561,0.48506,1,0.78286,0.40687,0.26476,0.3284,0.24901,0.14209,0.19853,0.49707,0.44779,0.3716,0.29747,0.41987,0.3096,0.40131,0.26219,0.50817,0.35545,0.23205,0.47394,0.472,0.34585,0.3613,0.34118,0.40215,0.43853,0.32542,0.40232,0.44464,0.44813,0.30484,0.35636,0.18077,0.20771,0.11059,0.043264,0.37905,0.31003,0.34077,0.35678,0.50244,0.50407,0.50043,0.40927,0.25243,0.016985,0.36733,0.33355,0.37949,0.33411,0.19339,0.19071,0.28155,0.40145,0.57585,0.63714,0.55629,0.64098,0.39203,0.48291,0.39833,0.40862,0.27446,0.62449,0.47011,0.36884,0.23384,0.33876,0.1568,0.37061,0.45346,0.33177,0.30665,0.37611,0.34057,0.31902,0.28646,0.32813,0.13448,0.14158,0.12145,0.11604,0.20365,0.21274,0.38565,0.11466,0.20579,0.13597,0.23665,0.0052801
0.1382,0.28927,0.094802,0.32474,0.35754,0.76199,0.14245,0,0.50939,0,0.091029,0,0.0041045,0,0.44171,0.00066902,0.34008,0.10895,0.25958,0.32246,0,0,0.21057,0,0.70493,0.58654,0.78286,1,0.42729,0.081388,0.35819,0.18605,0.036344,0.074648,0.60309,0.31011,0.55308,0.4245,0.51932,0.52283,0.63502,0.1889,0.35195,0.19606,0.2571,0.38798,0.38325,0.067823,0.2448,0.18153,0.24472,0.29121,0.18718,0.32544,0.29486,0.43581,0.24967,0.27351,0.17623,0.148,0.041221,0,0.36907,0.25883,0.39298,0.24383,0.44137,0.44407,0.37775,0.35108,0.28376,0,0.4213,0.41401,0.43692,0.45718,0.18486,0.19495,0.22797,0.31719,0.49226,0.61089,0.46191,0.56524,0.28285,0.42985,0.48167,0.43083,0.097507,0.81415,0.33919,0.33408,0.18097,0.53837,0.20419,0.47249,0.26439,0.46843,0.24269,0.52232,0.34983,0.52945,0.30107,0.4472,0.12883,0.2188,0.093379,0,0.433,0.18723,0.33106,0.012759,0.17253,0.12785,0.25702,0.03974
0,0,0,0,0.21764,0.30022,0,0,0.25264,0,0.2534,0.063627,0.24805,0.15178,0.55407,0.23751,0.78977,0.39015,0,0.0076982,0.33078,0.25596,0,0,0.54602,0.60477,0.40687,0.42729,1,0.79439,0.30293,0.086435,0,0,0.36919,0.2734,0.63967,0.76343,0.42985,0.55076,0.54111,0.45418,0.29807,0.53675,0.22402,0.28543,0.29746,0.2342,0.25559,0.17262,0.23592,0.26424,0.058421,0.10211,0.22429,0.2945,0,0,0,0,0,0,0.35609,0.1302,0.2628,0.15363,0.066961,0.10073,0.060844,0,0.57302,0.36833,0.73781,0.70758,0.47874,0.40564,0.51781,0.53583,0.64596,0.52463,0.64774,0.62337,0.49955,0.54258,0.39656,0.53824,0.394,0.46537,0.0073256,0.39358,0.023243,0.042369,0,0,0.047988,0.25681,0.27177,0.32869,0.15549,0.23204,0.053456,0,0.084116,0.059974,0,0,0.22224,0.089766,0.035796,0.1392,0.38416,0.080367,0.056582,0.0577,0.056352,0
0,0,0,0,0.062747,0,0,0,0.017096,0.041509,0.24414,0.23871,0.28318,0.21368,0.36586,0.32462,0.60412,0.51183,0,0,0.55873,0.47132,0,0,0.25113,0.37396,0.26476,0.081388,0.79439,1,0.24453,0.0658,0,0,0.057409,0.12511,0.33442,0.57266,0.11988,0.22408,0.19601,0.3091,0.11627,0.43183,0,0.067696,0.03952,0.18652,0.13271,0.062798,0.13372,0.16651,0,0,0.0435,0.053015,0,0,0,0,0,0,0.20243,0.12324,0.061486,0.064572,0,0,0,0,0.57199,0.52795,0.59663,0.61386,0.33367,0.26949,0.50821,0.52698,0.55545,0.55911,0.41119,0.40748,0.20145,0.29521,0.17917,0.31545,0.020765,0.1502,0,0,0,0,0,0,0,0,0.082218,0,0,0,0,0,0,0,0,0,0.052858,0,0,0,0.10659,0,0,0,0,0
0.50473,0.45638,0.48625,0.53175,0.35973,0.41829,0.549,0.35831,0.25521,0.086147,0.43993,0.42983,0.37237,0.41838,0.4815,0.31219,0.52254,0.61309,0.48041,0.50215,0.19285,0.19526,0.65995,0.56704,0.63428,0.62452,0.3284,0.35819,0.30293,0.24453,1,0.90638,0.66267,0.63799,0.56943,0.30762,0,0.090557,0,0.10539,0.135,0.098239,0.1718,0.2209,0.28278,0.3229,0.09467,0.067928,0.18791,0.088539,0.096398,0,0,0.022797,0.040841,0.041729,0.53426,0.47886,0.25694,0.13719,0.34433,0.14062,0.55821,0.43354,0.48441,0.35099,0.36973,0.27798,0.40395,0.29166,0.57967,0.53264,0.46076,0.48461,0.3986,0.36651,0.21959,0.2583,0.39906,0.24686,0.42463,0.44577,0.39868,0.34861,0.26464,0.23857,0.22509,0.14051,0.087691,0.14955,0,0,0,0,0,0,0,0.0044239,0,0,0,0,0,0,0,0,0,0,0,0,0,0,0,0,0,0
0.59095,0.5349,0.60871,0.63977,0.34397,0.36604,0.62676,0.53359,0.20358,0.26021,0.41484,0.41019,0.37676,0.56224,0.457,0.43157,0.34514,0.53243,0.56457,0.60338,0.16509,0.1514,0.74249,0.75486,0.45766,0.49278,0.24901,0.18605,0.086435,0.0658,0.90638,1,0.77179,0.75314,0.48204,0.32884,0,0,0,0,0,0.12457,0.16804,0.15642,0.2788,0.3268,0.11812,0.13505,0.15623,0.10789,0.094889,0,0.078813,0.077355,0.069387,0.025433,0.62366,0.56734,0.33427,0.22169,0.40009,0.17801,0.48064,0.38527,0.44426,0.4448,0.42337,0.34579,0.49057,0.37604,0.42955,0.44304,0.2927,0.31932,0.29249,0.29308,0.09152,0.13179,0.30864,0.12775,0.36569,0.37221,0.42484,0.34974,0.35582,0.2714,0.24279,0.1667,0.23641,0.072131,0,0,0,0,0,0,0,0,0,0,0,0,0,0,0,0,0,0.073381,0,0.084092,0,0,0,0,0,0
0.80835,0.69097,0.68433,0.76212,0.28587,0.24723,0.69333,0.67049,0.14392,0.4425,0.34196,0.34479,0.40268,0.47364,0.39148,0.38823,0.27497,0.38561,0.76937,0.76467,0.085206,0.057757,0.64579,0.71758,0.19071,0.19926,0.14209,0.036344,0,0,0.66267,0.77179,1,0.96577,0.41197,0.39175,0,0,0,0,0,0.15534,0.3758,0.27793,0.42645,0.517,0.3085,0.34599,0.42537,0.37088,0.30544,0.17354,0.30589,0.27495,0.27435,0.15892,0.80805,0.72755,0.51189,0.42088,0.61689,0.38153,0.60135,0.49426,0.28385,0.38283,0.64594,0.56004,0.67338,0.62494,0.14124,0.15044,0.16273,0.18541,0.19156,0.25129,0,0.010839,0.19629,0,0.34943,0.24299,0.46939,0.30287,0.32538,0.16832,0.27676,0.15463,0.36985,0.013955,0.13669,0.11839,0.056924,0,0,0,0.096263,0.11175,0.045578,0,0.085488,0,0.10744,0.021155,0,0,0.11404,0.22922,0,0.28638,0.12721,0,0,0,0,0
0.83256,0.74817,0.70799,0.79321,0.27458,0.28794,0.70641,0.70765,0.17229,0.43116,0.42333,0.44005,0.44474,0.47253,0.40637,0.37095,0.23378,0.32269,0.78794,0.77106,0.066773,0.03999,0.60678,0.66144,0.16586,0.21423,0.19853,0.074648,0,0,0.63799,0.75314,0.96577,1,0.37909,0.38748,0,0,0,0,0,0.16926,0.37081,0.24199,0.40666,0.50088,0.31903,0.35627,0.45222,0.43842,0.37473,0.27738,0.32511,0.31332,0.29972,0.20129,0.78618,0.75228,0.6093,0.54413,0.66535,0.48882,0.59094,0.56217,0.2175,0.36057,0.66919,0.61055,0.68961,0.63721,0.14146,0.13833,0.14555,0.18631,0.2068,0.26736,0,0.023443,0.13341,0,0.3044,0.20852,0.4635,0.31072,0.26968,0.12521,0.2685,0.1468,0.39948,0.022052,0.18149,0.15281,0.084871,0,0,0.00326,0.14811,0.11833,0.083928,0,0.16307,0.034209,0.1543,0.063924,0,0,0.15372,0.2907,0,0.30603,0.16467,0,0,0,0,0
0.30231,0.34415,0.35362,0.47804,0.55018,0.6627,0.44639,0.20097,0.47518,0.0084859,0.19732,0,0.21056,0.16753,0.62513,0.19935,0.57252,0.37281,0.42723,0.46248,0.10626,0.16723,0.62555,0.42386,0.80194,0.65043,0.49707,0.60309,0.36919,0.057409,0.56943,0.48204,0.41197,0.37909,1,0.77559,0.39307,0.39032,0.27815,0.41516,0.34289,0.29319,0.56227,0.48279,0.56226,0.6614,0.51992,0.36817,0.37672,0.24606,0.33201,0.21918,0.37433,0.42481,0.41346,0.43235,0.4698,0.38412,0.12804,0.037141,0.16258,0,0.56217,0.18525,0.77237,0.51823,0.64196,0.57508,0.50365,0.51467,0.42719,0.23277,0.51378,0.50313,0.51947,0.5185,0.40172,0.41669,0.48264,0.18278,0.64366,0.66144,0.67313,0.58031,0.6043,0.5425,0.64065,0.50286,0.38359,0.62031,0.31859,0.45038,0.1796,0.37986,0,0.19872,0.23967,0.45164,0.2737,0.34873,0.075597,0.21697,0.13735,0.1899,0,0.1234,0.095478,0.11313,0.19231,0.31669,0.42946,0.094436,0.094719,0.15385,0.058734,0
0.27445,0.28386,0.30189,0.40838,0.47677,0.4621,0.38139,0.29164,0.27685,0.32906,0.20953,0,0.33788,0.23744,0.52234,0.38716,0.47004,0.28608,0.39871,0.45966,0.39728,0.41901,0.436,0.37973,0.48091,0.39937,0.44779,0.31011,0.2734,0.12511,0.30762,0.32884,0.39175,0.38748,0.77559,1,0.38762,0.40845,0.29508,0.37137,0.14822,0.45234,0.67898,0.65276,0.56996,0.68798,0.67547,0.67096,0.5053,0.4154,0.49693,0.38406,0.60218,0.58776,0.60777,0.52706,0.37794,0.31372,0.13807,0.10482,0.18097,0,0.43722,0.10975,0.53213,0.52645,0.67142,0.66756,0.56368,0.57931,0.35608,0.19121,0.43026,0.40874,0.42558,0.42862,0.54586,0.56602,0.42287,0.072131,0.59243,0.5161,0.65187,0.56961,0.62798,0.528,0.57425,0.55276,0.52664,0.44002,0.45751,0.50429,0.26068,0.18752,0,0.10014,0.4311,0.44161,0.42328,0.29104,0.075154,0.011407,0.22011,0.12237,0.035382,0.13728,0.17371,0.24876,0,0.41122,0.62339,0.33568,0.2376,0.27135,0.10473,0
0,0,0,0,0.26799,0.37252,0,0,0.36454,0,0.021924,0,0.023598,0,0.31393,0,0.41507,0,0,0,0.29994,0.33474,0,0,0.41993,0.33192,0.3716,0.55308,0.63967,0.33442,0,0,0,0,0.39307,0.38762,1,0.86732,0.84685,0.79842,0.74419,0.56517,0.29964,0.44087,0.35382,0.25013,0.42372,0.23201,0.22223,0.16535,0.26618,0.2875,0.21495,0.26205,0.38439,0.46654,0,0,0,0,0,0,0.20386,0,0.19978,0.12794,0.12152,0.1961,0.031896,0.034299,0.41587,0.16892,0.57645,0.50391,0.48575,0.45247,0.63715,0.60524,0.22411,0.1409,0.40426,0.37383,0.36749,0.45774,0.29057,0.41975,0.49109,0.63122,0.017224,0.63806,0.2844,0.29708,0.078506,0.29814,0.13707,0.34099,0.37745,0.56928,0.38659,0.56075,0.21832,0.23608,0.28236,0.32539,0.18171,0.27039,0.21183,0.041856,0.31844,0.28149,0.58179,0.35602,0.32389,0.23238,0.32216,0.13357
0,0,0,0,0.25145,0.3447,0,0,0.28632,0,0.1793,0,0.18872,0.036406,0.44875,0.22696,0.57176,0.13016,0,0,0.46024,0.43707,0,0,0.44837,0.44834,0.29747,0.4245,0.76343,0.57266,0.090557,0,0,0,0.39032,0.40845,0.86732,1,0.59697,0.7748,0.54498,0.56493,0.34771,0.59508,0.32084,0.29004,0.41636,0.36444,0.29874,0.2173,0.33005,0.31785,0.22182,0.27278,0.38379,0.49835,0,0,0,0,0,0,0.24083,0,0.24711,0.16993,0.10158,0.16336,0.014811,0.01572,0.55551,0.35522,0.68996,0.68228,0.56321,0.54073,0.7583,0.76962,0.4031,0.28166,0.47852,0.46512,0.44256,0.50647,0.38054,0.52141,0.4882,0.62249,0.085494,0.51268,0.2107,0.27545,0,0.13178,0,0.21216,0.3302,0.49037,0.35474,0.43967,0.14234,0.10542,0.23588,0.21585,0.107,0.1294,0.23384,0.13415,0.15837,0.237,0.55048,0.35102,0.26817,0.21941,0.1893,0
0,0,0,0,0.28225,0.33042,0,0,0.36615,0,0,0,0,0,0.21076,0,0.20242,0,0,0.026859,0.16226,0.20887,0,0,0.31434,0.20864,0.41987,0.51932,0.42985,0.11988,0,0,0,0,0.27815,0.29508,0.84685,0.59697,1,0.72251,0.77719,0.57499,0.2248,0.26005,0.3568,0.17416,0.3924,0.1776,0.14778,0.14739,0.22479,0.24813,0.23045,0.23542,0.42285,0.43543,0,0,0.041938,0.029276,0.03033,0.014479,0.17371,0.087523,0.11661,0.11914,0.15049,0.21714,0.12468,0.05527,0.20011,0,0.34729,0.26642,0.30017,0.27709,0.36542,0.3176,0.043244,0.023788,0.30113,0.23162,0.32756,0.40075,0.19131,0.27578,0.43099,0.60455,0.060353,0.61237,0.38492,0.33437,0.22169,0.37237,0.3752,0.50282,0.51971,0.57451,0.42804,0.57379,0.33323,0.31909,0.36217,0.38209,0.28638,0.34977,0.25101,0.060566,0.39828,0.43739,0.55048,0.3658,0.37367,0.25053,0.44152,0.29086
0,0.020861,0,0,0.21153,0.47911,0,0,0.31175,0,0.17995,0,0.1606,0.09255,0.40774,0.18641,0.35042,0,0,0.048719,0.20354,0.20898,0,0,0.37935,0.46194,0.3096,0.52283,0.55076,0.22408,0.10539,0,0,0,0.41516,0.37137,0.79842,0.7748,0.72251,1,0.5729,0.66892,0.27175,0.41604,0.41468,0.30145,0.48452,0.32903,0.25856,0.20846,0.36127,0.32023,0.35053,0.36336,0.48722,0.61226,0,0,0.039582,0.051194,0.014864,0,0.2478,0.067696,0.15698,0.076671,0.24456,0.32095,0.23904,0.2025,0.31064,0.084322,0.48329,0.48793,0.4108,0.43593,0.45342,0.4899,0.26361,0.15852,0.44342,0.39625,0.51559,0.6053,0.4319,0.45852,0.67448,0.75347,0.28124,0.60413,0.31689,0.37044,0.17348,0.28967,0.32313,0.52269,0.46504,0.69509,0.47586,0.55013,0.27024,0.30464,0.38923,0.35754,0.35113,0.32102,0.35938,0.2531,0.26834,0.5053,0.60862,0.377,0.35335,0.31956,0.37597,0.29216
0,0,0,0.0057413,0.31956,0.2856,0,0,0.51245,0,0.0071397,0,0,0,0.29723,0,0.31548,0.015063,0,0,0,0,0,0,0.50379,0.28469,0.40131,0.63502,0.54111,0.19601,0.135,0,0,0,0.34289,0.14822,0.74419,0.54498,0.77719,0.5729,1,0.48567,0.12926,0.20176,0.31614,0.18382,0.21068,0,0.10209,0.055083,0.06436,0.15318,0,0.045114,0.15932,0.22888,0.079142,0,0.037122,0,0.051289,0,0.24178,0.12647,0.2378,0.19779,0.059263,0.099783,0,0,0.31576,0.078351,0.47666,0.4189,0.32176,0.32635,0.23359,0.17785,0.10992,0.087071,0.31934,0.31124,0.26605,0.35175,0.1437,0.31791,0.30419,0.42347,0,0.65623,0.13514,0.09489,0,0.4005,0.26546,0.42697,0.20308,0.45316,0.16799,0.53739,0.2362,0.32186,0.20246,0.34675,0.04662,0.2425,0.1823,0,0.36309,0.15339,0.31167,0.0039581,0.10755,0.054275,0.21448,0
0.15229,0.046977,0.00605,0.068807,0.19546,0.16351,0,0,0.1422,0.11614,0.080646,0,0.1473,0.1785,0.382,0.33776,0.28829,0.029393,0.13961,0.20222,0.39257,0.3699,0,0,0.17847,0.19709,0.26219,0.1889,0.45418,0.3091,0.098239,0.12457,0.15534,0.16926,0.29319,0.45234,0.56517,0.56493,0.57499,0.66892,0.48567,1,0.26905,0.4972,0.54428,0.35635,0.41236,0.45208,0.2521,0.2341,0.34551,0.24449,0.29347,0.25457,0.41843,0.39994,0.20614,0.082596,0.13564,0.10264,0.20768,0.053964,0.354,0.1735,0.1249,0.1032,0.23322,0.27551,0.24879,0.19544,0.2992,0.20469,0.4609,0.50385,0.35074,0.42908,0.43896,0.47429,0.20068,0,0.47694,0.30386,0.52439,0.62982,0.4983,0.47506,0.49319,0.67931,0.25423,0.31876,0.28514,0.25883,0.12093,0.084156,0.3412,0.3185,0.49255,0.4745,0.39987,0.351,0.18911,0.09173,0.30437,0.22179,0.19201,0.20016,0.36689,0.25443,0,0.48099,0.60445,0.35273,0.25709,0.22666,0.19746,0.19996
0.39006,0.46316,0.29135,0.46776,0.34279,0.5345,0.3558,0.3451,0.2745,0.32117,0.28724,0.013899,0.43493,0.33171,0.57016,0.41054,0.42496,0.23589,0.61394,0.63654,0.23142,0.20789,0.41306,0.32227,0.34746,0.33788,0.50817,0.35195,0.29807,0.11627,0.1718,0.16804,0.3758,0.37081,0.56227,0.67898,0.29964,0.34771,0.2248,0.27175,0.12926,0.26905,1,0.73771,0.53829,0.82837,0.9162,0.80057,0.83816,0.73607,0.77594,0.66255,0.78428,0.77741,0.78689,0.74126,0.42538,0.41749,0.27766,0.30358,0.30059,0.065872,0.49209,0.21245,0.39315,0.49783,0.80241,0.78124,0.71656,0.71217,0.21284,0.020635,0.37558,0.36902,0.42932,0.46876,0.37723,0.3839,0.38597,0.20642,0.56733,0.56089,0.71387,0.54178,0.56938,0.51551,0.60548,0.47083,0.62711,0.51325,0.69893,0.6789,0.41744,0.30283,0,0.21736,0.58182,0.57089,0.63792,0.49364,0.32516,0.24516,0.43149,0.33981,0.13737,0.17912,0.2506,0.4962,0.17645,0.54405,0.72454,0.42295,0.40767,0.34034,0.1767,0
0.20065,0.12437,0.027763,0.1484,0.34011,0.29217,0.11961,0.096947,0.20453,0.27025,0.24555,0,0.40246,0.32602,0.55201,0.4715,0.59919,0.36946,0.30378,0.35548,0.53126,0.45581,0.15854,0.14113,0.34765,0.3391,0.35545,0.19606,0.53675,0.43183,0.2209,0.15642,0.27793,0.24199,0.48279,0.65276,0.44087,0.59508,0.26005,0.41604,0.20176,0.4972,0.73771,1,0.66612,0.78943,0.73695,0.82725,0.70103,0.5865,0.60708,0.4867,0.50771,0.50747,0.65223,0.58595,0.28498,0.13698,0.0054928,0,0.12035,0,0.39506,0.041048,0.31298,0.34675,0.50556,0.49086,0.42484,0.39605,0.45748,0.35555,0.55456,0.52931,0.4686,0.43089,0.62729,0.64091,0.57683,0.22708,0.67483,0.56796,0.62318,0.59278,0.60537,0.62113,0.48297,0.57586,0.32417,0.3419,0.31048,0.31843,0.0054846,0,0,0.15703,0.47949,0.54014,0.42608,0.31856,0.0078233,0,0.16742,0.072859,0.02856,0.08636,0.22004,0.25822,0,0.40585,0.66564,0.25367,0.1254,0.17317,0.043382,0
0.33224,0.29822,0.27765,0.36425,0.29952,0.32424,0.26231,0.17191,0.27094,0.10662,0.065669,0,0.15321,0.15416,0.38801,0.18609,0.24486,0.089125,0.35351,0.3918,0.15608,0.16395,0.22745,0.18471,0.33821,0.27307,0.23205,0.2571,0.22402,0,0.28278,0.2788,0.42645,0.40666,0.56226,0.56996,0.35382,0.32084,0.3568,0.41468,0.31614,0.54428,0.53829,0.66612,1,0.79982,0.61662,0.55922,0.57582,0.47505,0.44926,0.26537,0.39254,0.36073,0.54168,0.46008,0.46266,0.35032,0.22844,0.11761,0.26379,0,0.44049,0.22293,0.35413,0.20029,0.56375,0.49944,0.47403,0.45152,0.26493,0.1861,0.37275,0.38953,0.37222,0.383,0.3688,0.38707,0.21586,0,0.39865,0.29894,0.46871,0.44821,0.42379,0.35738,0.45873,0.49302,0.30318,0.34909,0.31199,0.32265,0.12862,0.15649,0.16667,0.24903,0.45693,0.56696,0.40258,0.34906,0.11576,0.1171,0.21307,0.18833,0.015279,0.13007,0.26425,0.23443,0.011633,0.49384,0.61166,0.15751,0.10953,0.13206,0.050098,0.017131
0.48483,0.49225,0.34886,0.52064,0.34122,0.48909,0.36682,0.29375,0.27847,0.19161,0.16605,0,0.2791,0.29938,0.55086,0.35937,0.43864,0.29625,0.61617,0.66028,0.1359,0.11715,0.40702,0.3357,0.42058,0.38319,0.47394,0.38798,0.28543,0.067696,0.3229,0.3268,0.517,0.50088,0.6614,0.68798,0.25013,0.29004,0.17416,0.30145,0.18382,0.35635,0.82837,0.78943,0.79982,1,0.79799,0.73025,0.77458,0.69552,0.63103,0.49384,0.59626,0.61855,0.6671,0.6131,0.59256,0.48614,0.27349,0.22919,0.28656,0,0.55069,0.26393,0.45587,0.4279,0.80812,0.76423,0.72116,0.69744,0.23011,0.10219,0.38329,0.40698,0.42822,0.44924,0.32209,0.3504,0.4395,0.16619,0.64328,0.60786,0.6871,0.60919,0.61211,0.5671,0.58088,0.49962,0.48551,0.48953,0.47535,0.50055,0.24001,0.2516,0,0.25958,0.48853,0.59039,0.49377,0.40304,0.19816,0.19184,0.30122,0.2837,0.086066,0.16624,0.26257,0.36418,0.059343,0.49544,0.6458,0.19387,0.2047,0.22809,0.098789,0
0.28005,0.43818,0.17728,0.3943,0.31429,0.6013,0.25179,0.28814,0.26871,0.30406,0.30654,0,0.44387,0.36916,0.55936,0.43169,0.33796,0.071432,0.50298,0.55837,0.18571,0.14515,0.29564,0.22842,0.29894,0.36586,0.472,0.38325,0.29746,0.03952,0.09467,0.11812,0.3085,0.31903,0.51992,0.67547,0.42372,0.41636,0.3924,0.48452,0.21068,0.41236,0.9162,0.73695,0.61662,0.79799,1,0.85038,0.80483,0.71582,0.79119,0.68713,0.84877,0.83327,0.89276,0.85155,0.33682,0.38028,0.2315,0.28598,0.22481,0.039021,0.38364,0.13255,0.30371,0.43626,0.77264,0.78823,0.70663,0.69582,0.16628,0,0.31711,0.32861,0.37276,0.42087,0.35557,0.38516,0.32337,0.11933,0.55336,0.52358,0.75579,0.62374,0.63048,0.55965,0.72979,0.64012,0.69508,0.58708,0.73246,0.69758,0.44089,0.29963,0.10231,0.40184,0.7248,0.72571,0.73366,0.5685,0.33581,0.26521,0.49043,0.35823,0.26794,0.27944,0.363,0.55347,0.13813,0.70157,0.85815,0.50759,0.45872,0.40309,0.29788,0.017583
0.32054,0.35345,0.20993,0.29051,0.28217,0.32981,0.26601,0.318,0.10106,0.50425,0.33167,0.026257,0.50435,0.42482,0.52718,0.57416,0.32317,0.18046,0.47427,0.50287,0.43637,0.35147,0.26436,0.26811,0.11156,0.20639,0.34585,0.067823,0.2342,0.18652,0.067928,0.13505,0.34599,0.35627,0.36817,0.67096,0.23201,0.36444,0.1776,0.32903,0,0.45208,0.80057,0.82725,0.55922,0.73025,0.85038,1,0.76169,0.71808,0.77525,0.65585,0.7743,0.74139,0.84656,0.76013,0.32926,0.33291,0.21346,0.26638,0.26102,0.099389,0.33429,0.11357,0.23351,0.40582,0.64742,0.65639,0.59503,0.57388,0.19704,0.099836,0.30468,0.31643,0.33683,0.36009,0.44159,0.47889,0.3471,0.07759,0.51077,0.4082,0.68511,0.55798,0.61158,0.51207,0.54968,0.55936,0.66717,0.28458,0.59998,0.58138,0.33532,0.046959,0,0.19844,0.66768,0.56382,0.65459,0.37288,0.19971,0.0055904,0.37216,0.18393,0.23094,0.18879,0.31218,0.53413,0,0.58507,0.76753,0.51258,0.38267,0.37386,0.17969,0
0.47909,0.47359,0.26315,0.44559,0.22057,0.38308,0.36528,0.42135,0.22713,0.29797,0.46426,0.26821,0.59021,0.37132,0.52369,0.3941,0.35137,0.11212,0.59317,0.57313,0.19693,0.11266,0.26424,0.20146,0.20134,0.24006,0.3613,0.2448,0.25559,0.13271,0.18791,0.15623,0.42537,0.45222,0.37672,0.5053,0.22223,0.29874,0.14778,0.25856,0.10209,0.2521,0.83816,0.70103,0.57582,0.77458,0.80483,0.76169,1,0.91588,0.89471,0.80892,0.68096,0.70316,0.77147,0.74797,0.41728,0.41303,0.47154,0.47345,0.46613,0.31092,0.48769,0.33507,0.17073,0.38054,0.75448,0.74497,0.66423,0.68699,0.22148,0.080641,0.32615,0.37221,0.38467,0.41614,0.33396,0.35659,0.24834,0.083194,0.37469,0.32905,0.59074,0.39959,0.34711,0.29433,0.49279,0.33969,0.49658,0.34854,0.58437,0.4965,0.28912,0.15283,0,0.23546,0.50907,0.58934,0.60841,0.49519,0.38412,0.22294,0.45796,0.36376,0.12696,0.13,0.38211,0.49374,0.069543,0.48528,0.63906,0.29683,0.36083,0.31965,0.072718,0
