1,0.79894,0.6266,0.7067,0.11795,0.4011,0.62092,0.6273,0.25699,0.33974,0.72901,0.70133,0.64456,0.5735,0.5192,0.61657,0.55763,0.60794,0.84199,0.75968,0.19971,0.29334,0.43068,0.50668,0.041594,0.18933,0.32634,0.37435,0.56304,0.40758,0.32914,0.35197,0.50255,0.50953,0.15897,0.18996,0.029165,0.42122,0.16431,0.38454,0.24237,0.51448,0,0.11966,0.25044,0.31475,0.36194,0.40048,0.46237,0.39378,0.36309,0.35623,0.45417,0.42876,0.25569,0.53188,0.85554,0.76158,0.65444,0.39617,0.76799,0.54788,0.4774,0.62207,0.28137,0.47167,0.35864,0.49657,0.6346,0.72497,0.31228,0.44271,0.64011,0.67958,0.58927,0.68249,0.35802,0.61689,0.4886,0,0.62876,0.62315,0.47275,0.60002,0.5741,0.52179,0.19109,0.37627,0.13294,0.6745,0.60626,0.63131,0.5703,0.61913,0,0.11803,0.43593,0.38735,0.53533,0.50576,0.55487,0.58333,0.61506,0.70895,0.39799,0.45548,0,0.30563,0,0.44287,0.34087,0.41227,0.42857,0.60313,0.51677,0.25282
0.79894,1,0.48078,0.7824,0.198,0.27963,0.6186,0.77064,0.39347,0.29108,0.57951,0.76538,0.61235,0.58542,0.48382,0.58176,0.49665,0.57754,0.81518,0.8211,0.18566,0.24181,0.34888,0.46554,0.025953,0.19058,0.28217,0.29832,0.56753,0.56108,0.30987,0.33228,0.5777,0.61654,0.071758,0.24137,0,0.36372,0.09001,0.35178,0.19854,0.60644,0.1233,0.24035,0.39575,0.45123,0.39117,0.4667,0.54764,0.44751,0.33185,0.38687,0.49299,0.4331,0.38129,0.48068,0.78393,0.88513,0.65699,0.59472,0.73194,0.71154,0.62095,0.76985,0.25293,0.52167,0.44716,0.57742,0.56467,0.75333,0.38506,0.38172,0.59771,0.68471,0.56117,0.5917,0.32737,0.52303,0.32371,0,0.62964,0.66443,0.40842,0.58632,0.56216,0.49445,0.11255,0.33843,0.22156,0.55935,0.69767,0.57534,0.5924,0.5646,0,0.098598,0.38374,0.38661,0.57619,0.54048,0.58001,0.56947,0.57706,0.57493,0.44865,0.44036,0.075835,0.44342,0,0.35773,0.29024,0.47486,0.49514,0.59631,0.52614,0.22414
0.6266,0.48078,1,0.69736,0.33849,0.3441,0.86196,0.47913,0.42668,0.22675,0.44756,0.34025,0.56173,0.37963,0.45765,0.32201,0.39029,0.46727,0.63369,0.60437,0.17641,0.29042,0.87488,0.82669,0.5493,0.54309,0.43501,0.40255,0.27994,0.16886,0.59231,0.5893,0.52998,0.55151,0.62722,0.49461,0,0.30669,0.25068,0.48654,0.10281,0.36387,0.10461,0.26107,0.39973,0.34699,0.22811,0.36785,0.4931,0.27525,0.61091,0.57979,0.33393,0.28406,0.29124,0.44278,0.54075,0.54858,0.4233,0.14484,0.6109,0.44376,0.40297,0.49815,0.66567,0.4641,0.61237,0.66134,0.59173,0.65334,0.20993,0.47155,0.49612,0.49634,0.48926,0.4636,0.29205,0.61278,0.31708,0,0.48729,0.54863,0.3918,0.41139,0.71418,0.64097,0.32101,0.27079,0.33719,0.68521,0.48564,0.44381,0.55666,0.6256,0,0.055044,0.3315,0.25025,0.31915,0.28251,0.42061,0.57588,0.41786,0.56963,0.18195,0.20637,0,0.15053,0,0.47154,0.53519,0.26273,0.32446,0.47209,0.34028,0.17506
0.7067,0.7824,0.69736,1,0.37368,0.43928,0.77437,0.86745,0.44845,0.45797,0.52267,0.69271,0.65301,0.6417,0.52582,0.61333,0.52341,0.53197,0.84383,0.84496,0.1584,0.26805,0.58818,0.71785,0.2769,0.48136,0.37296,0.37296,0.55117,0.54869,0.54485,0.52087,0.71217,0.76611,0.28758,0.44969,0.0015278,0.43715,0.19621,0.50873,0.11392,0.57192,0.31376,0.48156,0.64038,0.69603,0.55731,0.68203,0.74987,0.64733,0.65038,0.70385,0.57146,0.50874,0.50576,0.60987,0.63241,0.76881,0.71717,0.55063,0.8114,0.80612,0.68141,0.79701,0.51667,0.74993,0.68686,0.80859,0.67845,0.81778,0.33569,0.34912,0.58772,0.68625,0.54817,0.54394,0.49516,0.69925,0.41454,0.037395,0.69594,0.72576,0.49249,0.64143,0.70939,0.69152,0.18864,0.34791,0.39553,0.72756,0.77077,0.68858,0.68828,0.73252,0,0.16327,0.5514,0.60297,0.65564,0.65227,0.56969,0.70836,0.64511,0.72287,0.44872,0.37831,0.051871,0.46406,0,0.58631,0.55321,0.59372,0.59376,0.65225,0.50954,0.22467
0.11795,0.198,0.33849,0.37368,1,0.63813,0.33512,0.26333,0.43385,0.46711,0.14634,0.097134,0.23685,0.19221,0.4702,0.28556,0.10647,0.20817,0.1962,0.20836,0.34035,0.4821,0.38845,0.38007,0.57939,0.47106,0.54191,0.48316,0.030918,0.087745,0.24256,0.26411,0.19047,0.26162,0.22572,0.10338,0.0074218,0.14967,0.17515,0.35949,0,0.12573,0.18182,0.47469,0.42003,0.34795,0.13944,0.3489,0.45193,0.31267,0.49312,0.48494,0.28954,0.011066,0.22483,0.19739,0.056388,0.38931,0.38286,0.50935,0.3413,0.43093,0.23501,0.2295,0.4267,0.42609,0.65835,0.58,0.32282,0.39543,0,0.1574,0.1652,0.24024,0.17299,0.13035,0.19101,0.30147,0,0.097242,0.23542,0.30545,0.30306,0.096225,0.43956,0.33863,0.27095,0.16527,0.56973,0.24155,0.2933,0.20337,0.4241,0.39021,0,0.15425,0.096674,0.16102,0,0.066303,0.31561,0.4034,0.18182,0.33156,0.31897,0.23446,0.33695,0.32508,0.054274,0.42778,0.49905,0.19106,0.38758,0.31265,0.21526,0.30106
0.4011,0.27963,0.3441,0.43928,0.63813,1,0.27399,0.23806,0.099872,0.66758,0.24976,0.22112,0.23566,0.20172,0.42666,0.40785,0.23515,0.38849,0.38861,0.35044,0.18028,0.32451,0.35753,0.38859,0.43712,0.51942,0.63027,0.66651,0.098984,0.094796,0.26445,0.25632,0.19386,0.23773,0.2029,0.16171,0.15833,0.27319,0.31968,0.46887,0.11774,0.19165,0.23126,0.37363,0.37913,0.35052,0.29505,0.39483,0.46815,0.40341,0.38497,0.41529,0.27633,0.19358,0.3054,0.41455,0.36076,0.43415,0.5683,0.47482,0.49009,0.39684,0.28684,0.29456,0.2973,0.37493,0.58901,0.58294,0.35057,0.55476,0,0.23244,0.28696,0.27799,0.19867,0.281,0.1283,0.34843,0.14753,0.036308,0.34434,0.33347,0.38053,0.27952,0.44661,0.37993,0.28185,0.30806,0.26875,0.40392,0.31442,0.39226,0.39394,0.52411,0.065924,0.29066,0.32289,0.39363,0.29092,0.31255,0.38514,0.49501,0.41777,0.51833,0.3496,0.31069,0.18974,0.40294,0.1307,0.52596,0.56586,0.28182,0.34059,0.35565,0.32336,0.15855
0.62092,0.6186,0.86196,0.77437,0.33512,0.27399,1,0.6919,0.54008,0.28779,0.51027,0.48519,0.6416,0.49522,0.51266,0.43474,0.45847,0.50331,0.71973,0.74132,0.18115,0.30135,0.72343,0.75187,0.35352,0.4393,0.37411,0.34311,0.39641,0.33724,0.52588,0.52303,0.6003,0.64442,0.428,0.42223,0,0.304,0.14688,0.41271,0.12368,0.39116,0.20399,0.35235,0.5149,0.46383,0.32134,0.44166,0.5873,0.36074,0.63776,0.61493,0.42792,0.31885,0.26146,0.49785,0.53857,0.60082,0.49725,0.24758,0.68697,0.5617,0.58118,0.63368,0.66595,0.56442,0.60708,0.68528,0.51872,0.66874,0.20805,0.40699,0.51425,0.57649,0.50612,0.46817,0.35875,0.59675,0.31812,0,0.55277,0.65031,0.43464,0.50159,0.68959,0.65524,0.25022,0.27473,0.35829,0.70379,0.59239,0.53109,0.63868,0.66498,0,0.10171,0.35934,0.35618,0.38251,0.36402,0.4958,0.65585,0.37389,0.55855,0.24123,0.24678,0,0.22525,0,0.47365,0.3818,0.32804,0.47234,0.52419,0.33492,0.19508
0.6273,0.77064,0.47913,0.86745,0.26333,0.23806,0.6919,1,0.49618,0.3991,0.61204,0.83308,0.71995,0.7912,0.5234,0.7096,0.50379,0.44828,0.76781,0.79167,0.16013,0.21756,0.32486,0.51528,0,0.21188,0.19516,0.19212,0.57134,0.62233,0.35171,0.35906,0.59816,0.66633,0.030696,0.25291,0,0.37539,0.031959,0.28304,0.12307,0.52814,0.35534,0.45923,0.54641,0.6261,0.55627,0.64379,0.67741,0.62276,0.55193,0.59034,0.58516,0.45402,0.43309,0.49424,0.49137,0.68142,0.62197,0.55103,0.73219,0.79171,0.66308,0.76568,0.40456,0.74228,0.4794,0.6144,0.51018,0.69536,0.38507,0.258,0.5192,0.67173,0.53731,0.5466,0.51371,0.61688,0.40471,0.078163,0.65834,0.68137,0.4576,0.60601,0.61005,0.60253,0.08373,0.28004,0.41977,0.60096,0.79226,0.6324,0.61153,0.58575,0,0.11807,0.45041,0.57928,0.6274,0.61759,0.53519,0.58469,0.59802,0.61695,0.40756,0.30785,0.13002,0.43482,0,0.45335,0.33461,0.51785,0.54479,0.58177,0.41244,0.17701
0.25699,0.39347,0.42668,0.44845,0.43385,0.099872,0.54008,0.49618,1,0.22654,0.34836,0.33236,0.62709,0.43159,0.48679,0.28969,0.19435,0.15048,0.33925,0.38043,0.18352,0.22353,0.24238,0.24629,0.22541,0.22213,0.3792,0.28354,0.22194,0.25357,0.17041,0.15831,0.21585,0.28089,0.0172,0,0,0.13799,0.0173,0.22068,0,0.1262,0.10041,0.22051,0.19544,0.18129,0.12749,0.31105,0.36264,0.25064,0.32741,0.29396,0.36063,0.25834,0.39997,0.29552,0.11166,0.42192,0.28231,0.41293,0.31919,0.44468,0.19983,0.31487,0.30933,0.4398,0.35436,0.40583,0.32821,0.36545,0.14086,0.13171,0.33814,0.39904,0.34953,0.32058,0.25884,0.33159,0.18587,0.20268,0.30717,0.40034,0.30997,0.29268,0.43598,0.354,0.12625,0.16084,0.36485,0.20469,0.4907,0.30047,0.42689,0.37001,0,0.042975,0.10275,0.098718,0.18549,0.18893,0.30104,0.33679,0.25498,0.30594,0.33192,0.31106,0.074478,0.19265,0,0.26971,0.22396,0.21477,0.3194,0.33693,0.2115,0.18318
0.33974,0.29108,0.22675,0.45797,0.46711,0.66758,0.28779,0.3991,0.22654,1,0.31021,0.43839,0.39371,0.46772,0.56709,0.60493,0.35005,0.33596,0.41311,0.42128,0,0.08708,0.2249,0.34674,0.27942,0.47646,0.24307,0.22026,0.19633,0.18784,0.27377,0.27635,0.29564,0.33761,0.056201,0.072097,0.082719,0.17534,0.14611,0.25806,0,0,0.29962,0.4749,0.44921,0.4915,0.40823,0.54397,0.53748,0.58218,0.4728,0.57028,0.20259,0.28848,0.2714,0.35034,0.29495,0.36943,0.57983,0.46388,0.51273,0.47133,0.40881,0.40929,0.36948,0.58282,0.52405,0.55874,0.36848,0.52114,0,0.038306,0.20257,0.25131,0.18768,0.31702,0.31662,0.34174,0.35334,0.13802,0.37799,0.3696,0.31336,0.32121,0.42552,0.44673,0.089202,0.18033,0.17652,0.36517,0.33384,0.43499,0.30912,0.42887,0.022021,0.17642,0.26511,0.41192,0.38091,0.38646,0.22472,0.37078,0.33384,0.37604,0.32132,0.25141,0.093685,0.22438,0.057278,0.43527,0.40226,0.47068,0.34508,0.26508,0.18243,0.0082584
0.72901,0.57951,0.44756,0.52267,0.14634,0.24976,0.51027,0.61204,0.34836,0.31021,1,0.74796,0.75352,0.71146,0.63587,0.64403,0.54909,0.55564,0.65407,0.59865,0.29802,0.31495,0.27846,0.35335,0,0.027574,0.18291,0.16791,0.49085,0.39487,0.20263,0.22766,0.30298,0.30967,0,0,0.11547,0.43809,0.10749,0.17443,0.16136,0.28723,0.049998,0.063756,0.095575,0.14405,0.32502,0.31367,0.37681,0.36887,0.38316,0.26343,0.48415,0.38339,0.15633,0.38112,0.49069,0.52416,0.52201,0.35879,0.61436,0.45444,0.38777,0.50285,0.19508,0.37352,0.20019,0.31908,0.33831,0.50708,0.35691,0.37762,0.49931,0.56207,0.57969,0.58369,0.46998,0.55727,0.41271,0.11995,0.58148,0.56073,0.56495,0.51034,0.56053,0.45775,0.3456,0.38797,0.32765,0.52479,0.55399,0.5547,0.56012,0.49086,0.10635,0.181,0.30626,0.27268,0.32466,0.32293,0.4662,0.46896,0.45418,0.60069,0.29436,0.34712,0.066462,0.097638,0,0.37687,0.24344,0.2402,0.35089,0.48963,0.19702,0.082311
0.70133,0.76538,0.34025,0.69271,0.097134,0.22112,0.48519,0.83308,0.33236,0.43839,0.74796,1,0.70887,0.86146,0.53861,0.78197,0.56609,0.54051,0.74166,0.73292,0.14931,0.15947,0.18226,0.37233,0,0.090448,0.10177,0.10749,0.60072,0.59749,0.25683,0.2757,0.49759,0.52551,0,0.076726,0.014667,0.37736,0.046971,0.19709,0.12772,0.44208,0.20621,0.26674,0.3092,0.43308,0.50322,0.52568,0.53535,0.57209,0.3852,0.4433,0.48397,0.45071,0.35022,0.42301,0.58529,0.63469,0.61714,0.5165,0.70828,0.68793,0.59241,0.72127,0.20809,0.6163,0.28014,0.43841,0.47692,0.61248,0.37337,0.25756,0.50576,0.60036,0.55619,0.60786,0.49834,0.56205,0.46786,0.033206,0.63351,0.62352,0.43019,0.60916,0.52331,0.53159,0.085595,0.30785,0.23308,0.5449,0.6505,0.58916,0.46874,0.47688,0.021757,0.1519,0.38593,0.48685,0.59063,0.56464,0.44981,0.45664,0.59504,0.56071,0.39674,0.36708,0.035696,0.29659,0,0.36181,0.22505,0.4614,0.39249,0.48951,0.35324,0.063342
0.64456,0.61235,0.56173,0.65301,0.23685,0.23566,0.6416,0.71995,0.62709,0.39371,0.75352,0.70887,1,0.7249,0.66146,0.61285,0.42932,0.4034,0.64657,0.60612,0.18283,0.18583,0.3203,0.43164,0.013148,0.14948,0.21535,0.17924,0.46808,0.39655,0.26899,0.26684,0.42512,0.44442,0.031895,0.023349,0,0.3351,0.041106,0.22812,0,0.30593,0.12146,0.18649,0.19921,0.28817,0.36639,0.46685,0.48423,0.42798,0.43622,0.40485,0.45598,0.4305,0.37321,0.35293,0.43094,0.55401,0.48072,0.41733,0.62897,0.57538,0.42599,0.53195,0.34006,0.55289,0.33774,0.44915,0.46506,0.5387,0.36891,0.34263,0.52068,0.57193,0.54894,0.55763,0.36692,0.51649,0.49841,0.24104,0.5921,0.5566,0.48345,0.46733,0.60689,0.51508,0.15198,0.2526,0.37144,0.47652,0.67933,0.54394,0.48676,0.48369,0,0.060817,0.27631,0.26385,0.45867,0.41777,0.40007,0.42241,0.52322,0.54185,0.32222,0.31214,0.074432,0.26945,0,0.31242,0.3557,0.33133,0.35838,0.41229,0.28731,0.10694
0.5735,0.58542,0.37963,0.6417,0.19221,0.20172,0.49522,0.7912,0.43159,0.46772,0.71146,0.86146,0.7249,1,0.57483,0.83218,0.54599,0.43597,0.64597,0.67011,0.13753,0.1578,0.20136,0.38406,0,0.13342,0.0345,0.035213,0.52956,0.56715,0.29197,0.33753,0.45651,0.50749,0,0.090906,0.058093,0.40048,0.044658,0.14463,0.057432,0.28923,0.28152,0.36946,0.39479,0.49331,0.44196,0.54765,0.55938,0.6105,0.50717,0.49636,0.52319,0.47473,0.36103,0.4295,0.36797,0.52748,0.60194,0.54197,0.67139,0.65793,0.58308,0.63869,0.25933,0.61704,0.36594,0.48654,0.44478,0.57755,0.32889,0.19298,0.36638,0.49876,0.4509,0.50873,0.59372,0.60231,0.48284,0.18719,0.62374,0.65366,0.50185,0.62044,0.54887,0.60255,0.16105,0.35247,0.42747,0.54192,0.67737,0.6132,0.48902,0.49492,0.10664,0.20624,0.38065,0.48338,0.54607,0.5623,0.40373,0.44678,0.59671,0.58872,0.43841,0.38837,0.14176,0.28052,0.070623,0.39567,0.22854,0.43781,0.4283,0.49526,0.27817,0.06776
0.5192,0.48382,0.45765,0.52582,0.4702,0.42666,0.51266,0.5234,0.48679,0.56709,0.63587,0.53861,0.66146,0.57483,1,0.70565,0.48455,0.43436,0.55731,0.54061,0.24047,0.28584,0.36542,0.44814,0.18267,0.35039,0.27102,0.22951,0.45758,0.44576,0.42333,0.40489,0.39912,0.44715,0.1799,0.14989,0.023041,0.38588,0.13996,0.30269,0,0.19429,0.15814,0.2976,0.32818,0.35986,0.36629,0.4594,0.47707,0.40706,0.52359,0.46105,0.30132,0.30788,0.17344,0.21916,0.40198,0.52827,0.51925,0.48691,0.55736,0.53713,0.43606,0.4296,0.42136,0.52996,0.49246,0.55635,0.48694,0.59686,0.3126,0.42342,0.49741,0.55151,0.4855,0.57379,0.38401,0.44348,0.44515,0.19093,0.6427,0.63339,0.71508,0.56492,0.73295,0.62649,0.35758,0.3266,0.38656,0.44713,0.45191,0.41919,0.41967,0.43994,0.046528,0.15151,0.31458,0.25307,0.33205,0.27246,0.16699,0.31904,0.29007,0.40443,0.30759,0.34305,0.027024,0.11304,0,0.32932,0.28519,0.40646,0.32561,0.37496,0.21512,0.15793
0.61657,0.58176,0.32201,0.61333,0.28556,0.40785,0.43474,0.7096,0.28969,0.60493,0.64403,0.78197,0.61285,0.83218,0.70565,1,0.59398,0.45468,0.67691,0.66752,0.1999,0.26626,0.2112,0.44382,0,0.24882,0.16505,0.19801,0.59848,0.59558,0.34722,0.39306,0.47674,0.5258,0,0.16458,0.1257,0.49322,0.10822,0.25115,0.10943,0.34151,0.31037,0.44356,0.45174,0.5529,0.53168,0.56937,0.58084,0.60945,0.51414,0.53705,0.48321,0.40493,0.24551,0.38802,0.48893,0.55336,0.6679,0.55779,0.65969,0.65091,0.58958,0.58507,0.29062,0.63057,0.47041,0.57001,0.49216,0.63302,0.34556,0.28795,0.46207,0.53329,0.46728,0.57628,0.43916,0.49444,0.50899,0.12912,0.67388,0.6797,0.61422,0.70631,0.60892,0.67253,0.25772,0.43413,0.40481,0.57242,0.61012,0.56953,0.46007,0.51214,0.082193,0.22947,0.4185,0.49724,0.54647,0.5356,0.38521,0.4592,0.52341,0.55203,0.44043,0.44253,0.17906,0.39082,0.079037,0.40001,0.26426,0.5005,0.4963,0.5005,0.35882,0.19021
0.55763,0.49665,0.39029,0.52341,0.10647,0.23515,0.45847,0.50379,0.19435,0.35005,0.54909,0.56609,0.42932,0.54599,0.48455,0.59398,1,0.70527,0.63715,0.63574,0.28869,0.29848,0.3221,0.42735,0.052879,0.33587,0.09131,0.13794,0.6942,0.64459,0.46987,0.46449,0.5882,0.59197,0.074524,0.20788,0.11924,0.40157,0.10402,0.17476,0,0.21356,0.052426,0.34257,0.33095,0.46871,0.48337,0.40654,0.32214,0.3705,0.3475,0.36343,0.32613,0.42133,0.088343,0.33019,0.59088,0.52039,0.48595,0.33318,0.57392,0.47095,0.60692,0.55647,0.15793,0.37145,0.35934,0.49303,0.49644,0.54285,0.36826,0.25838,0.47795,0.53713,0.39176,0.45566,0.51408,0.4712,0.66247,0.30058,0.76458,0.73613,0.44119,0.62538,0.53089,0.62108,0.16003,0.31045,0.24227,0.56842,0.3956,0.51001,0.3772,0.47384,0.24024,0.2788,0.44243,0.41741,0.39968,0.47132,0.19938,0.32936,0.39801,0.46737,0.31381,0.36026,0,0.084197,0.12832,0.30004,0.16268,0.5133,0.41208,0.48535,0.29258,0.20754
0.60794,0.57754,0.46727,0.53197,0.20817,0.38849,0.50331,0.44828,0.15048,0.33596,0.55564,0.54051,0.4034,0.43597,0.43436,0.45468,0.70527,1,0.65695,0.63064,0.20499,0.2603,0.38957,0.45669,0.12759,0.33729,0.27945,0.27457,0.4671,0.4345,0.3723,0.32346,0.44829,0.43537,0.23822,0.24868,0.11926,0.35892,0.31697,0.42665,0.035057,0.28029,0.087902,0.21596,0.34203,0.3497,0.36771,0.33989,0.38646,0.31667,0.30973,0.33459,0.27511,0.33656,0.27156,0.44356,0.62386,0.62742,0.4736,0.35216,0.54801,0.48691,0.48062,0.57279,0.22331,0.30579,0.38525,0.51306,0.45326,0.60517,0.34005,0.47398,0.49271,0.57129,0.42145,0.49617,0.34475,0.47084,0.44273,0.27488,0.64673,0.66326,0.4243,0.56288,0.54288,0.53508,0.2513,0.43092,0.18232,0.56379,0.43776,0.50384,0.44291,0.52908,0.25419,0.36481,0.45927,0.42955,0.41866,0.42547,0.34212,0.45571,0.47504,0.4958,0.27908,0.36781,0,0.10469,0.17414,0.43171,0.35747,0.38293,0.37167,0.43415,0.35627,0.076952
0.84199,0.81518,0.63369,0.84383,0.1962,0.38861,0.71973,0.76781,0.33925,0.41311,0.65407,0.74166,0.64657,0.64597,0.55731,0.67691,0.63715,0.65695,1,0.9479,0.17571,0.26341,0.47069,0.60631,0.10251,0.37505,0.30369,0.31907,0.67456,0.57895,0.50769,0.49387,0.69337,0.7034,0.15153,0.28796,0.050951,0.46331,0.17777,0.4375,0.10052,0.53802,0.10038,0.25769,0.43486,0.52907,0.491,0.56277,0.55595,0.49517,0.45623,0.48227,0.5198,0.47617,0.33851,0.52758,0.74176,0.74133,0.66025,0.43969,0.77309,0.65391,0.67306,0.74172,0.3484,0.58756,0.48019,0.66685,0.74364,0.80697,0.34083,0.39855,0.63192,0.68174,0.57645,0.62518,0.4561,0.64276,0.47486,0.088069,0.75097,0.73273,0.53482,0.73675,0.66818,0.65549,0.16015,0.37123,0.25933,0.72348,0.69122,0.65808,0.61983,0.70079,0,0.17687,0.47615,0.47812,0.60803,0.57885,0.54067,0.65147,0.64188,0.71799,0.41243,0.43688,0,0.34807,0,0.52815,0.39562,0.55225,0.53397,0.62719,0.49089,0.20508
0.75968,0.8211,0.60437,0.84496,0.20836,0.35044,0.74132,0.79167,0.38043,0.42128,0.59865,0.73292,0.60612,0.67011,0.54061,0.66752,0.63574,0.63064,0.9479,1,0.12986,0.22066,0.49243,0.60655,0.14294,0.40575,0.25213,0.25334,0.65111,0.61257,0.53937,0.52728,0.73343,0.76683,0.15913,0.35543,0.095323,0.45533,0.21405,0.45768,0.10937,0.50378,0.21209,0.33259,0.53056,0.6035,0.49321,0.5772,0.58291,0.52363,0.47564,0.5118,0.52161,0.47215,0.34351,0.56626,0.66506,0.71845,0.6873,0.46421,0.77807,0.71342,0.7511,0.79904,0.386,0.60681,0.54696,0.71534,0.70584,0.84039,0.31338,0.36601,0.53398,0.61909,0.51593,0.55767,0.49182,0.6341,0.43337,0.049592,0.72724,0.74669,0.4875,0.74461,0.64708,0.67428,0.1994,0.43239,0.32432,0.74108,0.69198,0.6679,0.65555,0.70543,0.04861,0.23303,0.48393,0.51045,0.58568,0.58559,0.58119,0.65888,0.62073,0.67774,0.422,0.42795,0.043872,0.38661,0.019904,0.4974,0.37106,0.57291,0.59185,0.65101,0.48348,0.18949
0.19971,0.18566,0.17641,0.1584,0.34035,0.18028,0.18115,0.16013,0.18352,0,0.29802,0.14931,0.18283,0.13753,0.24047,0.1999,0.28869,0.20499,0.17571,0.12986,1,0.86851,0.2061,0.2803,0.17832,0.14304,0.35201,0.40867,0.27398,0.28759,0.26038,0.26254,0.040407,0.065467,0.054131,0,0,0.36759,0.091385,0.1165,0.21233,0.18724,0,0.12414,0.020912,0,0.19123,0.019521,0.13186,0.028111,0.17744,0.065248,0.27146,0,0.010547,0.077066,0.19101,0.22501,0.20501,0.20469,0.1384,0.11806,0.10855,0.10014,0.01854,0,0.15134,0.10661,0.090953,0.12177,0.52388,0.41878,0.41479,0.32417,0.43838,0.3147,0.20825,0.14353,0.071575,0,0.27746,0.31823,0.22728,0.074259,0.33841,0.23652,0.307,0.19348,0.292,0.19892,0.23123,0.1598,0.28041,0.19589,0.0588,0.24275,0.19988,0.084419,0,0.00023452,0.21351,0.22761,0,0.17617,0.066123,0.10362,0.11879,0.20308,0.1941,0.24385,0.24204,0,0.34648,0.23304,0.17737,0.36279
0.29334,0.24181,0.29042,0.26805,0.4821,0.32451,0.30135,0.21756,0.22353,0.08708,0.31495,0.15947,0.18583,0.1578,0.28584,0.26626,0.29848,0.2603,0.26341,0.22066,0.86851,1,0.35531,0.38675,0.31517,0.25741,0.40139,0.45815,0.31495,0.27618,0.33073,0.34449,0.21892,0.24193,0.14813,0.082491,0.1217,0.38359,0.28907,0.32774,0.26381,0.24016,0,0.26224,0.15941,0.099863,0.22941,0.13106,0.22487,0.1088,0.28874,0.22837,0.27769,0,0,0.20349,0.28043,0.35982,0.32804,0.31402,0.28341,0.25891,0.19344,0.2398,0.16844,0.13573,0.36277,0.30914,0.19628,0.25681,0.40637,0.46483,0.40366,0.35923,0.41505,0.31006,0.30346,0.35222,0.045603,0,0.3124,0.37561,0.28864,0.16511,0.38287,0.30864,0.36256,0.3147,0.37551,0.35469,0.23662,0.21306,0.41484,0.33051,0,0.27493,0.2119,0.14324,0,0,0.33076,0.35672,0.01376,0.26676,0.16828,0.23317,0.16255,0.24911,0.095292,0.38176,0.36699,0,0.45225,0.39498,0.35507,0.52565
0.43068,0.34888,0.87488,0.58818,0.38845,0.35753,0.72343,0.32486,0.24238,0.2249,0.27846,0.18226,0.3203,0.20136,0.36542,0.2112,0.3221,0.38957,0.47069,0.49243,0.2061,0.35531,1,0.91509,0.73368,0.71002,0.38729,0.35065,0.20679,0.10811,0.74361,0.7275,0.57747,0.59146,0.78219,0.62578,0,0.23115,0.40509,0.55079,0.12316,0.32121,0.13365,0.33782,0.45093,0.37184,0.17817,0.30708,0.41858,0.18263,0.55977,0.58028,0.14488,0.093252,0.17178,0.34214,0.43641,0.42899,0.34139,0.058555,0.48942,0.39227,0.36339,0.41458,0.73204,0.41531,0.68099,0.66443,0.48782,0.58087,0.21376,0.48719,0.35499,0.33759,0.40025,0.32693,0.25858,0.52666,0.17043,0,0.39945,0.44771,0.30811,0.30061,0.68256,0.60433,0.43008,0.30801,0.36999,0.68163,0.26022,0.24787,0.43325,0.48007,0,0.064035,0.25143,0.16686,0.15847,0.1475,0.32947,0.45259,0.25368,0.39238,0.047856,0.083536,0,0.12648,0,0.39111,0.57687,0.20171,0.26878,0.37971,0.31647,0.15651
0.50668,0.46554,0.82669,0.71785,0.38007,0.38859,0.75187,0.51528,0.24629,0.34674,0.35335,0.37233,0.43164,0.38406,0.44814,0.44382,0.42735,0.45669,0.60631,0.60655,0.2803,0.38675,0.91509,1,0.61233,0.71724,0.4096,0.38042,0.33897,0.28323,0.77642,0.76338,0.65638,0.67759,0.70357,0.64885,0,0.31112,0.335,0.54396,0.13067,0.41843,0.18615,0.42802,0.55355,0.52945,0.34986,0.4473,0.55272,0.34345,0.61529,0.68732,0.24635,0.18361,0.27228,0.37585,0.50253,0.50738,0.44069,0.17149,0.5762,0.52499,0.48704,0.51105,0.71828,0.55526,0.71714,0.73102,0.54801,0.63923,0.3582,0.50332,0.48644,0.48755,0.50657,0.4598,0.32254,0.54937,0.28123,0,0.53134,0.57299,0.40297,0.42054,0.77456,0.71736,0.39106,0.32158,0.3943,0.73827,0.41341,0.35456,0.45753,0.54711,0,0.10002,0.352,0.30245,0.35143,0.32038,0.34907,0.51141,0.35033,0.46043,0.080205,0.11235,0,0.23469,0,0.452,0.60259,0.31784,0.38237,0.41135,0.37613,0.1631
0.041594,0.025953,0.5493,0.2769,0.57939,0.43712,0.35352,0,0.22541,0.27942,0,0,0.013148,0,0.18267,0,0.052879,0.12759,0.10251,0.14294,0.17832,0.31517,0.73368,0.61233,1,0.8152,0.45189,0.39796,0,0,0.53991,0.49421,0.26151,0.27939,0.66592,0.42895,0,0.049714,0.30618,0.42088,0.048141,0.11427,0.14011,0.35455,0.35241,0.24532,0.091685,0.26143,0.28453,0.089639,0.43294,0.47105,0.035846,0,0.11969,0.14095,0.10079,0.16757,0.15292,0.041695,0.16691,0.14856,0.096989,0.066909,0.56416,0.24582,0.65319,0.54068,0.31369,0.30592,0.024024,0.26868,0.15253,0.071218,0.16681,0.063268,0.013041,0.2013,0,0,0.072325,0.12588,0.12422,0.017924,0.41712,0.35299,0.29547,0.096107,0.29407,0.31386,0.026325,0,0.18255,0.23114,0,0,0.04532,0,0,0,0.13008,0.23553,0.00079705,0.10579,0.0049044,0,0.11547,0.12038,0,0.31892,0.59402,0.092417,0.17402,0.10298,0.10262,0.09957
0.18933,0.19058,0.54309,0.48136,0.47106,0.51942,0.4393,0.21188,0.22213,0.47646,0.027574,0.090448,0.14948,0.13342,0.35039,0.24882,0.33587,0.33729,0.37505,0.40575,0.14304,0.25741,0.71002,0.71724,0.8152,1,0.4188,0.40143,0.22599,0.17899,0.76443,0.67845,0.56396,0.56481,0.62829,0.56373,0,0.18924,0.38742,0.51805,0,0.17427,0.18323,0.47445,0.52372,0.51595,0.31687,0.47536,0.4383,0.30279,0.48218,0.5769,0.098276,0.15497,0.24243,0.21951,0.2781,0.3113,0.34499,0.18818,0.3845,0.35844,0.33456,0.28177,0.55389,0.43396,0.70753,0.69669,0.50279,0.4935,0.12217,0.28519,0.28269,0.21674,0.22549,0.21278,0.22438,0.34928,0.27279,0.029909,0.40884,0.40096,0.28426,0.3314,0.579,0.6135,0.25044,0.23208,0.27974,0.52002,0.18766,0.20542,0.20209,0.36431,0,0.14127,0.25018,0.23755,0.23131,0.20864,0.083425,0.28814,0.22243,0.27942,0.098311,0.13056,0,0.14831,0,0.4111,0.58937,0.33597,0.25801,0.21773,0.25938,0.067689
0.32634,0.28217,0.43501,0.37296,0.54191,0.63027,0.37411,0.19516,0.3792,0.24307,0.18291,0.10177,0.21535,0.0345,0.27102,0.16505,0.09131,0.27945,0.30369,0.25213,0.35201,0.40139,0.38729,0.4096,0.45189,0.4188,1,0.90265,0.057103,0.10031,0.23072,0.1539,0.038876,0.081728,0.30124,0.18055,0,0.26571,0.21293,0.50196,0.13676,0.30075,0.039232,0.14393,0.22289,0.13751,0.11331,0.20077,0.38102,0.18181,0.26094,0.25479,0.26123,0.098046,0.46272,0.3759,0.27737,0.3966,0.34515,0.27764,0.30031,0.29435,0.10091,0.15473,0.29259,0.25842,0.4198,0.40869,0.25907,0.39174,0.11649,0.31108,0.4087,0.35529,0.32198,0.29195,0,0.21784,0,0,0.27336,0.31724,0.32727,0.23698,0.47128,0.30893,0.28185,0.28456,0.17353,0.27508,0.32607,0.25003,0.34776,0.47446,0,0.19318,0.28815,0.19692,0.25016,0.24174,0.33943,0.47238,0.29325,0.41605,0.23106,0.24646,0,0.32727,0.063557,0.47902,0.48612,0.11798,0.28254,0.28794,0.30711,0.20621
0.37435,0.29832,0.40255,0.37296,0.48316,0.66651,0.34311,0.19212,0.28354,0.22026,0.16791,0.10749,0.17924,0.035213,0.22951,0.19801,0.13794,0.27457,0.31907,0.25334,0.40867,0.45815,0.35065,0.38042,0.39796,0.40143,0.90265,1,0.075927,0.13726,0.25794,0.20261,0.083934,0.12715,0.28794,0.22979,0,0.32248,0.17579,0.43501,0.20209,0.31155,0.020804,0.18262,0.23084,0.15799,0.11769,0.16314,0.34559,0.16577,0.24185,0.23987,0.3233,0.10984,0.36007,0.36133,0.3584,0.42061,0.35522,0.28988,0.31278,0.2645,0.13961,0.16695,0.24068,0.22131,0.40121,0.38814,0.26984,0.39798,0.11353,0.28751,0.42169,0.34156,0.34539,0.28271,0,0.18732,0.047816,0,0.31127,0.34661,0.30693,0.22787,0.42867,0.33253,0.24208,0.29508,0.18661,0.31795,0.31741,0.24809,0.364,0.4673,0,0.25057,0.28899,0.21845,0.20568,0.21886,0.37393,0.49039,0.28893,0.4313,0.25768,0.28601,0.025366,0.34436,0.12305,0.43979,0.45779,0.046499,0.34082,0.35091,0.35217,0.30228
0.56304,0.56753,0.27994,0.55117,0.030918,0.098984,0.39641,0.57134,0.22194,0.19633,0.49085,0.60072,0.46808,0.52956,0.45758,0.59848,0.6942,0.4671,0.67456,0.65111,0.27398,0.31495,0.20679,0.33897,0,0.22599,0.057103,0.075927,1,0.85096,0.44879,0.41402,0.64054,0.64464,0,0.14248,0.15042,0.4753,0.10125,0.26657,0.10968,0.46041,0.068784,0.32108,0.34234,0.46636,0.59199,0.54179,0.42161,0.42231,0.34686,0.31026,0.45065,0.44621,0.034964,0.39344,0.52995,0.48166,0.53947,0.36532,0.56299,0.5334,0.56559,0.53826,0.011509,0.3359,0.29071,0.43726,0.6035,0.49681,0.42494,0.23763,0.51477,0.59584,0.43803,0.45702,0.48402,0.49179,0.55924,0.23028,0.754,0.73794,0.5507,0.74404,0.48114,0.55825,0.14103,0.34221,0.1405,0.54687,0.51042,0.55056,0.40082,0.46233,0.0081606,0.16488,0.52176,0.44801,0.48327,0.5117,0.25406,0.36874,0.353,0.41021,0.44358,0.4764,0,0.22951,0,0.37432,0.19958,0.5821,0.51635,0.55103,0.40767,0.38929
0.40758,0.56108,0.16886,0.54869,0.087745,0.094796,0.33724,0.62233,0.25357,0.18784,0.39487,0.59749,0.39655,0.56715,0.44576,0.59558,0.64459,0.4345,0.57895,0.61257,0.28759,0.27618,0.10811,0.28323,0,0.17899,0.10031,0.13726,0.85096,1,0.41763,0.35371,0.58927,0.61658,0,0.2005,0.10713,0.51556,0.07644,0.26573,0.0066848,0.43797,0.1719,0.40487,0.4686,0.56563,0.54792,0.48647,0.4927,0.49357,0.35614,0.34442,0.47479,0.45595,0.20175,0.36253,0.40576,0.48769,0.53065,0.47795,0.50592,0.62401,0.62255,0.57867,0.0044593,0.33704,0.31629,0.42703,0.45388,0.45797,0.45434,0.20602,0.45975,0.57598,0.41747,0.41582,0.46033,0.3929,0.5078,0.1869,0.75932,0.8092,0.46283,0.6957,0.50851,0.58638,0.11693,0.42075,0.24494,0.46238,0.55365,0.52242,0.41039,0.4371,0.21628,0.35837,0.56638,0.51333,0.50669,0.54477,0.2457,0.34425,0.33676,0.34897,0.43794,0.44968,0,0.29963,0.26378,0.31835,0.13323,0.55865,0.56049,0.55638,0.42043,0.43224
0.32914,0.30987,0.59231,0.54485,0.24256,0.26445,0.52588,0.35171,0.17041,0.27377,0.20263,0.25683,0.26899,0.29197,0.42333,0.34722,0.46987,0.3723,0.50769,0.53937,0.26038,0.33073,0.74361,0.77642,0.53991,0.76443,0.23072,0.25794,0.44879,0.41763,1,0.91821,0.72238,0.71112,0.6379,0.64194,0.0086212,0.36585,0.34605,0.48583,0,0.31815,0.055753,0.40369,0.51172,0.54115,0.38125,0.41577,0.42951,0.3007,0.51441,0.54995,0.17226,0.22343,0.11262,0.20236,0.38184,0.34779,0.37093,0.16054,0.45357,0.42263,0.4789,0.44629,0.5945,0.44899,0.57568,0.61424,0.55797,0.49184,0.4026,0.45203,0.35468,0.32491,0.31885,0.33784,0.35707,0.38653,0.40441,0,0.58703,0.55972,0.39589,0.50888,0.6662,0.71283,0.3127,0.33452,0.32243,0.63593,0.2524,0.26706,0.22767,0.33928,0.059895,0.15267,0.31217,0.25929,0.26153,0.25467,0.04287,0.24633,0.21638,0.30876,0,0.11482,0,0.1169,0,0.30842,0.40029,0.31318,0.30416,0.30233,0.29832,0.12859
0.35197,0.33228,0.5893,0.52087,0.26411,0.25632,0.52303,0.35906,0.15831,0.27635,0.22766,0.2757,0.26684,0.33753,0.40489,0.39306,0.46449,0.32346,0.49387,0.52728,0.26254,0.34449,0.7275,0.76338,0.49421,0.67845,0.1539,0.20261,0.41402,0.35371,0.91821,1,0.70592,0.70736,0.57433,0.59573,0.029676,0.33751,0.27337,0.37682,0.051448,0.29939,0.028824,0.40065,0.45705,0.50146,0.32573,0.35782,0.37966,0.25597,0.48497,0.52258,0.20244,0.18922,0,0.16642,0.40765,0.36148,0.36908,0.19278,0.4584,0.38538,0.50151,0.47378,0.57337,0.44843,0.55774,0.59219,0.54276,0.48615,0.32928,0.37758,0.29833,0.33085,0.29404,0.31941,0.34255,0.39388,0.32363,0,0.52024,0.51921,0.36473,0.47354,0.60228,0.67727,0.27414,0.27795,0.36326,0.63536,0.214,0.23992,0.24296,0.29972,0,0.038425,0.19139,0.16544,0.15696,0.19585,0.10757,0.2418,0.21204,0.31124,0.011437,0.11521,0,0.11687,0,0.26024,0.3224,0.24214,0.27632,0.28871,0.29,0.12529
0.50255,0.5777,0.52998,0.71217,0.19047,0.19386,0.6003,0.59816,0.21585,0.29564,0.30298,0.49759,0.42512,0.45651,0.39912,0.47674,0.5882,0.44829,0.69337,0.73343,0.040407,0.21892,0.57747,0.65638,0.26151,0.56396,0.038876,0.083934,0.64054,0.58927,0.72238,0.70592,1,0.96582,0.35316,0.5617,0.12981,0.35101,0.30083,0.45521,0.050135,0.44648,0.18415,0.48636,0.59795,0.69706,0.50431,0.55619,0.49237,0.42886,0.48176,0.57147,0.30337,0.3569,0.12499,0.34866,0.57387,0.57744,0.50979,0.35879,0.61853,0.62247,0.65847,0.68146,0.43052,0.53493,0.60677,0.70131,0.68861,0.6269,0.30436,0.30204,0.39017,0.48673,0.33732,0.38667,0.5023,0.60301,0.51502,0.042972,0.67452,0.67078,0.33405,0.61207,0.56414,0.69295,0.11814,0.32161,0.30394,0.73038,0.39732,0.43406,0.38224,0.45082,0.045579,0.16099,0.41356,0.40875,0.43067,0.45577,0.26691,0.37633,0.41835,0.41915,0.24945,0.28457,0,0.22792,0,0.31709,0.34903,0.57621,0.45499,0.5323,0.51251,0.30313
0.50953,0.61654,0.55151,0.76611,0.26162,0.23773,0.64442,0.66633,0.28089,0.33761,0.30967,0.52551,0.44442,0.50749,0.44715,0.5258,0.59197,0.43537,0.7034,0.76683,0.065467,0.24193,0.59146,0.67759,0.27939,0.56481,0.081728,0.12715,0.64464,0.61658,0.71112,0.70736,0.96582,1,0.36826,0.59527,0.098995,0.38839,0.26392,0.46678,0.063414,0.49093,0.26769,0.58095,0.68133,0.7628,0.51269,0.60641,0.58098,0.50233,0.56192,0.64728,0.36967,0.36101,0.16904,0.3925,0.55769,0.61308,0.58203,0.4419,0.67775,0.71196,0.71702,0.71924,0.48184,0.61737,0.68136,0.7736,0.70159,0.69108,0.30167,0.28222,0.3985,0.50471,0.35195,0.3868,0.52803,0.63004,0.48252,0.024665,0.69679,0.71339,0.40397,0.64522,0.60388,0.71218,0.15143,0.33147,0.36877,0.7191,0.47234,0.48062,0.45646,0.51483,0,0.14117,0.43744,0.4688,0.45481,0.49506,0.33175,0.46009,0.43961,0.46387,0.32513,0.32438,0.011923,0.30784,0,0.36869,0.37329,0.58795,0.50684,0.55806,0.51971,0.31215
0.15897,0.071758,0.62722,0.28758,0.22572,0.2029,0.428,0.030696,0.0172,0.056201,0,0,0.031895,0,0.1799,0,0.074524,0.23822,0.15153,0.15913,0.054131,0.14813,0.78219,0.70357,0.66592,0.62829,0.30124,0.28794,0,0,0.6379,0.57433,0.35316,0.36826,1,0.76414,0,0.15683,0.34374,0.47726,0.033774,0.17019,0.15577,0.29638,0.44052,0.29168,0.062295,0.14781,0.27851,0.00025548,0.40342,0.44177,0,0,0.11363,0.12662,0.21416,0.18661,0.067449,0,0.13786,0.12119,0.067872,0.092639,0.66379,0.21262,0.55026,0.46602,0.28567,0.30746,0.21141,0.44981,0.16191,0.086021,0.15943,0.13778,0.015652,0.20527,0.086233,0,0.20665,0.22653,0.22336,0.1611,0.53195,0.46624,0.40276,0.25982,0.19655,0.39107,0.0053176,0,0.14378,0.20046,0,0.028576,0.20908,0.05533,0.055689,0.0019255,0.035559,0.18085,0.06266,0.12075,0,0,0,0,0,0.21014,0.48835,0.063358,0.082509,0.09039,0.17047,0.061716
0.18996,0.24137,0.49461,0.44969,0.10338,0.16171,0.42223,0.25291,0,0.072097,0,0.076726,0.023349,0.090906,0.14989,0.16458,0.20788,0.24868,0.28796,0.35543,0,0.082491,0.62578,0.64885,0.42895,0.56373,0.18055,0.22979,0.14248,0.2005,0.64194,0.59573,0.5617,0.59527,0.76414,1,0.0074261,0.2909,0.35782,0.49114,0.10744,0.35718,0.33272,0.4297,0.62334,0.5552,0.21191,0.26673,0.39712,0.19635,0.36959,0.50276,0.02434,0.040192,0.19165,0.24487,0.29727,0.31145,0.20851,0.064888,0.27454,0.33509,0.32445,0.33713,0.53001,0.36071,0.58934,0.55663,0.30496,0.44192,0.23349,0.31725,0.19205,0.18127,0.13991,0.13536,0.18628,0.29654,0.15971,0,0.3463,0.37925,0.22266,0.37712,0.46965,0.56871,0.27859,0.34886,0.21522,0.51695,0.15241,0.1131,0.21208,0.28322,0.15144,0.15138,0.36509,0.29496,0.27775,0.24512,0.16265,0.27389,0.25412,0.23088,0.049803,0.078418,0,0.15399,0,0.21322,0.35055,0.22936,0.22566,0.25058,0.34459,0.10563
0.029165,0,0,0.0015278,0.0074218,0.15833,0,0,0,0.082719,0.11547,0.014667,0,0.058093,0.023041,0.1257,0.11924,0.11926,0.050951,0.095323,0,0.1217,0,0,0,0,0,0,0.15042,0.10713,0.0086212,0.029676,0.12981,0.098995,0,0.0074261,1,0.46527,0.57012,0.33044,0.26178,0.018605,0.19288,0.052099,0.057012,0.08666,0.29162,0.073984,0,0.10347,0,0,0.11452,0.072202,0,0.24576,0.056166,0.043072,0.17824,0.1513,0.022651,0.09953,0.05176,0.093697,0,0,0.068844,0.11134,0.041018,0.13903,0.042966,0.056699,0,0,0,0,0.20896,0.14521,0,0.053888,0.056816,0.080053,0.18349,0.28753,0,0.068058,0.27857,0.33146,0.10412,0.13062,0,0.10601,0.11819,0.10066,0.28642,0.28028,0.26173,0.21905,0,0.082743,0.091057,0.080627,0.066462,0.11075,0.21825,0.2254,0.22726,0.09965,0.11389,0.15916,0.020815,0.15714,0.097791,0.17585,0.087391,0.057467
0.42122,0.36372,0.30669,0.43715,0.14967,0.27319,0.304,0.37539,0.13799,0.17534,0.43809,0.37736,0.3351,0.40048,0.38588,0.49322,0.40157,0.35892,0.46331,0.45533,0.36759,0.38359,0.23115,0.31112,0.049714,0.18924,0.26571,0.32248,0.4753,0.51556,0.36585,0.33751,0.35101,0.38839,0.15683,0.2909,0.46527,1,0.38291,0.55301,0.30521,0.44503,0.25042,0.28254,0.3726,0.39302,0.47468,0.32902,0.41517,0.43192,0.40393,0.37054,0.47113,0.36585,0.22365,0.45821,0.42082,0.40405,0.49689,0.34914,0.42352,0.42663,0.40798,0.42315,0.10649,0.25355,0.34725,0.44194,0.31948,0.4674,0.31958,0.30048,0.36011,0.32234,0.29987,0.35398,0.2717,0.36591,0.32381,0.046997,0.53876,0.58934,0.49617,0.65405,0.5134,0.55028,0.36654,0.50719,0.28748,0.51158,0.46238,0.51012,0.46772,0.56256,0.28254,0.44902,0.60239,0.49974,0.34512,0.40355,0.33605,0.52294,0.31891,0.46957,0.36762,0.4231,0.10624,0.39323,0.24826,0.44858,0.29115,0.25752,0.46484,0.44675,0.26528,0.25873
0.16431,0.09001,0.25068,0.19621,0.17515,0.31968,0.14688,0.031959,0.0173,0.14611,0.10749,0.046971,0.041106,0.044658,0.13996,0.10822,0.10402,0.31697,0.17777,0.21405,0.091385,0.28907,0.40509,0.335,0.30618,0.38742,0.21293,0.17579,0.10125,0.07644,0.34605,0.27337,0.30083,0.26392,0.34374,0.35782,0.57012,0.38291,1,0.78772,0.097084,0.037644,0.10882,0.11935,0.232,0.14243,0.13057,0.095271,0.10783,0.077464,0.12852,0.22124,0,0,0.20063,0.37997,0.19759,0.22225,0.17856,0.014218,0.16676,0.25555,0.079681,0.23154,0.23918,0.11482,0.32063,0.31815,0.19333,0.36274,0.035234,0.302,0,0,0,0.046044,0.27037,0.37944,0.027188,0,0.20496,0.21836,0.1867,0.27275,0.30585,0.35433,0.4456,0.56473,0.2243,0.41801,0.017928,0.11478,0.28,0.3072,0.39472,0.5156,0.38705,0.28572,0.029292,0.029006,0.19878,0.23246,0.17736,0.17781,0.12753,0.26877,0.027298,0.12414,0.11655,0.36383,0.42088,0.11224,0.16022,0.3154,0.43348,0.2363
0.38454,0.35178,0.48654,0.50873,0.35949,0.46887,0.41271,0.28304,0.22068,0.25806,0.17443,0.19709,0.22812,0.14463,0.30269,0.25115,0.17476,0.42665,0.4375,0.45768,0.1165,0.32774,0.55079,0.54396,0.42088,0.51805,0.50196,0.43501,0.26657,0.26573,0.48583,0.37682,0.45521,0.46678,0.47726,0.49114,0.33044,0.55301,0.78772,1,0.14125,0.36541,0.1604,0.29071,0.45177,0.38292,0.28154,0.36999,0.41065,0.31275,0.35228,0.47147,0.16731,0.14444,0.40864,0.57741,0.39339,0.46599,0.38844,0.20519,0.40936,0.51192,0.28042,0.41606,0.41218,0.37142,0.55172,0.59065,0.45963,0.58711,0.12533,0.38978,0.27427,0.26424,0.19651,0.24531,0.2189,0.4766,0.1761,0,0.43797,0.48071,0.34007,0.49606,0.57037,0.55032,0.39163,0.57452,0.25068,0.57059,0.32288,0.35867,0.46363,0.59364,0.19265,0.47637,0.5575,0.46676,0.30026,0.27637,0.35828,0.51968,0.35473,0.37833,0.25019,0.34527,0,0.35967,0.076367,0.56245,0.60992,0.31162,0.37283,0.45641,0.52623,0.3172
0.24237,0.19854,0.10281,0.11392,0,0.11774,0.12368,0.12307,0,0,0.16136,0.12772,0,0.057432,0,0.10943,0,0.035057,0.10052,0.10937,0.21233,0.26381,0.12316,0.13067,0.048141,0,0.13676,0.20209,0.10968,0.0066848,0,0.051448,0.050135,0.063414,0.033774,0.10744,0.26178,0.30521,0.097084,0.14125,1,0.48432,0.12493,0.018771,0.031339,0,0.17234,0.015815,0.063847,0,0.035954,0.057091,0.26832,0,0,0.32184,0.25597,0.13787,0.1253,0.019646,0.14112,0.021651,0.095296,0.11373,0.013265,0,0.080802,0.063479,0,0.066886,0.18136,0.24767,0.13359,0.11921,0.15684,0.12248,0,0.068665,0,0,0,0.070414,0.050321,0.08952,0.010663,0.066291,0.16178,0.10484,0,0.29514,0.021702,0.08015,0.17172,0.13064,0,0,0.1532,0.14965,0.033487,0.066521,0.35754,0.27904,0.054742,0.11547,0.082289,0,0.12371,0.25733,0,0.22603,0.10799,0,0.15014,0.17659,0.061776,0.0702
0.51448,0.60644,0.36387,0.57192,0.12573,0.19165,0.39116,0.52814,0.1262,0,0.28723,0.44208,0.30593,0.28923,0.19429,0.34151,0.21356,0.28029,0.53802,0.50378,0.18724,0.24016,0.32121,0.41843,0.11427,0.17427,0.30075,0.31155,0.46041,0.43797,0.31815,0.29939,0.44648,0.49093,0.17019,0.35718,0.018605,0.44503,0.037644,0.36541,0.48432,1,0.20679,0.28847,0.34522,0.40471,0.42291,0.49176,0.46111,0.37682,0.31703,0.3915,0.44399,0.33642,0.23798,0.38803,0.51163,0.53999,0.43732,0.38692,0.48509,0.53204,0.37784,0.44643,0.22958,0.40271,0.33792,0.44028,0.45665,0.43915,0.35575,0.28231,0.49251,0.53977,0.419,0.43771,0.039894,0.31267,0.13404,0,0.39303,0.43059,0.38059,0.47855,0.4403,0.39366,0.04415,0.12704,0.10464,0.44948,0.4759,0.36382,0.31713,0.38909,0,0,0.37164,0.36225,0.47172,0.44709,0.37928,0.4585,0.34413,0.39338,0.23805,0.21206,0,0.42237,0,0.38667,0.3657,0.33617,0.30862,0.35822,0.38374,0.17205
0,0.1233,0.10461,0.31376,0.18182,0.23126,0.20399,0.35534,0.10041,0.29962,0.049998,0.20621,0.12146,0.28152,0.15814,0.31037,0.052426,0.087902,0.10038,0.21209,0,0,0.13365,0.18615,0.14011,0.18323,0.039232,0.020804,0.068784,0.1719,0.055753,0.028824,0.18415,0.26769,0.15577,0.33272,0.19288,0.25042,0.10882,0.1604,0.12493,0.20679,1,0.62949,0.61899,0.4996,0.41224,0.46556,0.48787,0.41615,0.45891,0.46491,0.19862,0.17051,0.29893,0.33087,0,0.098139,0.30767,0.31441,0.16844,0.35537,0.18612,0.21115,0.20582,0.28301,0.44351,0.41656,0.035791,0.31604,0.041945,0.008552,0.061652,0.063278,0.097109,0.085531,0.18544,0.21652,0,0.0050684,0.13531,0.20236,0.26635,0.26534,0.23512,0.26164,0.28464,0.20527,0.30679,0.20483,0.32325,0.27189,0.25742,0.25976,0.10555,0.15677,0.46252,0.57727,0.43603,0.49098,0.26557,0.31973,0.2631,0.24276,0.29801,0.095877,0.32587,0.40057,0,0.3133,0.21857,0.3799,0.30113,0.19481,0.087574,0
0.11966,0.24035,0.26107,0.48156,0.47469,0.37363,0.35235,0.45923,0.22051,0.4749,0.063756,0.26674,0.18649,0.36946,0.2976,0.44356,0.34257,0.21596,0.25769,0.33259,0.12414,0.26224,0.33782,0.42802,0.35455,0.47445,0.14393,0.18262,0.32108,0.40487,0.40369,0.40065,0.48636,0.58095,0.29638,0.4297,0.052099,0.28254,0.11935,0.29071,0.018771,0.28847,0.62949,1,0.79342,0.77166,0.51267,0.70498,0.64979,0.5868,0.686,0.75368,0.29391,0.24105,0.12758,0.34247,0.13539,0.33648,0.50356,0.49708,0.43717,0.54467,0.39251,0.40111,0.36896,0.49377,0.72865,0.68999,0.36491,0.43048,0.089638,0.014764,0.15282,0.23949,0.12908,0.14327,0.3675,0.39282,0.3345,0.13876,0.43417,0.48465,0.35975,0.36787,0.46167,0.56596,0.17489,0.19324,0.41508,0.3968,0.40324,0.40825,0.36427,0.41674,0.0015483,0.17038,0.44193,0.56689,0.34479,0.45126,0.21485,0.41828,0.22587,0.32392,0.36769,0.25235,0.26189,0.37661,0,0.4833,0.42083,0.53085,0.53116,0.39362,0.29622,0.29559
0.25044,0.39575,0.39973,0.64038,0.42003,0.37913,0.5149,0.54641,0.19544,0.44921,0.095575,0.3092,0.19921,0.39479,0.32818,0.45174,0.33095,0.34203,0.43486,0.53056,0.020912,0.15941,0.45093,0.55355,0.35241,0.52372,0.22289,0.23084,0.34234,0.4686,0.51172,0.45705,0.59795,0.68133,0.44052,0.62334,0.057012,0.3726,0.232,0.45177,0.031339,0.34522,0.61899,0.79342,1,0.90463,0.51316,0.62902,0.81596,0.68267,0.73638,0.77528,0.41367,0.34642,0.3316,0.50601,0.27591,0.45765,0.61819,0.48155,0.53391,0.64307,0.56149,0.56029,0.50261,0.54493,0.79533,0.77755,0.42808,0.59734,0.14663,0.16782,0.2047,0.32147,0.18131,0.20258,0.38498,0.43899,0.29095,0,0.48883,0.58666,0.37089,0.50892,0.54056,0.62052,0.24646,0.39646,0.40497,0.5601,0.52192,0.51405,0.5208,0.57519,0.15493,0.3258,0.59577,0.66495,0.5253,0.5857,0.37529,0.56642,0.35856,0.43214,0.368,0.29382,0.16576,0.43668,0.11468,0.54063,0.4668,0.56022,0.65787,0.48801,0.40727,0.27651
