1,0.89538,0.44397,0.64776,0.58432,0.38004,0.6334,0.70382,0.48946,0.47942,0.83184,0.68457,0.67013,0.72076,0.64239,0.57953,0.4579,0.34686,0.80939,0.7781,0.59574,0.58757,0.21499,0.17047,0.093759,0.19433,0.3718,0.37553,0.58088,0.4862,0.62319,0.5588,0.72398,0.6871,0.27819,0.27801,0.4621,0.38019,0.48656,0.45932,0.42272,0.50596,0.50206,0.47725,0.37033,0.45336,0.47532,0.42289,0.50982,0.54902,0.5563,0.55044,0.60549,0.55326,0.59648,0.56685,0.87055,0.81627,0.67584,0.68775,0.78016,0.68335,0.66556,0.63467,0.15943,0.35168,0.52178,0.46283,0.63355,0.53191,0.5096,0.52696,0.67308,0.57437,0.6475,0.5704,0.66993,0.4879,0.41243,0.22411,0.59868,0.56743,0.67172,0.67092,0.5915,0.37523,0.28548,0.49144,0.54215,0.50764,0.57556,0.48203,0.29244,0.14955,0.17525,0.23674,0.3371,0.40314,0.51566,0.38857,0.49755,0.5033,0.46899,0.50681,0.017191,0.16687,0.12335,0.24006,0.39878,0.12953,0.12852,0.18674,0.32348,0.31928,0.060397,0
0.89538,1,0.31714,0.61528,0.52205,0.31128,0.50093,0.65861,0.46426,0.40071,0.7318,0.73944,0.5327,0.64192,0.51715,0.48699,0.52471,0.47872,0.73651,0.80829,0.53517,0.54601,0.10545,0.066477,0,0.074044,0.34295,0.35082,0.59427,0.54614,0.61636,0.5547,0.75663,0.7482,0.19631,0.25246,0.44228,0.39941,0.4031,0.39596,0.35936,0.48235,0.41481,0.4134,0.3036,0.43341,0.39935,0.35348,0.44696,0.50386,0.47717,0.46934,0.54421,0.47142,0.55201,0.5005,0.88341,0.90835,0.68894,0.71101,0.73859,0.66822,0.63415,0.647,0.071256,0.29569,0.51089,0.47484,0.68122,0.62378,0.5105,0.50991,0.60695,0.51687,0.59298,0.53519,0.5853,0.47107,0.46835,0.31651,0.64053,0.60669,0.6515,0.68533,0.48546,0.29213,0.26683,0.44683,0.50581,0.45412,0.52748,0.38942,0.23741,0.011984,0.23384,0.30425,0.36792,0.39078,0.49146,0.32291,0.54515,0.509,0.48079,0.52905,0.0022996,0.15917,0.16408,0.26646,0.34964,0.16952,0.13523,0.16377,0.28794,0.28428,0.015754,0.03491
0.44397,0.31714,1,0.74713,0.41156,0.54072,0.83047,0.56662,0.28656,0.4758,0.37385,0.053709,0.51247,0.29303,0.52842,0.55737,0.018712,0,0.65782,0.50105,0.31985,0.41086,0.81567,0.76437,0.54486,0.60025,0.43838,0.39737,0.054363,0,0.47238,0.57034,0.44026,0.35749,0.56863,0.42456,0.46676,0.47342,0.43608,0.41608,0.18852,0.13515,0.5311,0.47127,0.54441,0.5072,0.50058,0.52522,0.40213,0.43196,0.42564,0.43079,0.43547,0.46709,0.35644,0.44198,0.17807,0.20783,0.20971,0.14277,0.44106,0.28772,0.2951,0.14099,0.63029,0.50545,0.55035,0.50173,0.34448,0.38543,0.4269,0.4694,0.26729,0.27045,0.47736,0.48774,0.60445,0.5671,0.20677,0.22091,0.24358,0.3656,0.38165,0.4272,0.58201,0.50904,0.27563,0.50071,0.40027,0.40372,0.54457,0.55806,0.5117,0.62245,0.21363,0.2463,0.41015,0.37855,0.42421,0.47952,0.081575,0.18453,0.25439,0.24614,0.20283,0.54819,0.05872,0.0744,0.26212,0.36855,0.36408,0.39077,0.38801,0.58387,0.46523,0.028459
0.64776,0.61528,0.74713,1,0.4652,0.52806,0.78743,0.81821,0.37806,0.49646,0.5683,0.41784,0.55782,0.54137,0.54386,0.59858,0.29483,0.20558,0.81672,0.78609,0.38745,0.44174,0.53786,0.59539,0.30211,0.45411,0.35978,0.34992,0.37142,0.32988,0.59579,0.66391,0.72143,0.69973,0.54749,0.51426,0.51662,0.47399,0.43231,0.48507,0.26575,0.33061,0.59736,0.54072,0.55092,0.64872,0.56983,0.55678,0.50375,0.50467,0.51227,0.50559,0.53188,0.49716,0.46628,0.49921,0.48925,0.52773,0.44323,0.37834,0.61431,0.57225,0.53962,0.49081,0.40736,0.60814,0.67896,0.72679,0.57387,0.60729,0.53091,0.47052,0.51169,0.49257,0.61812,0.61353,0.72041,0.64189,0.37777,0.30966,0.56113,0.58812,0.61002,0.66929,0.60423,0.55123,0.23508,0.52369,0.43358,0.47496,0.62808,0.48933,0.50123,0.31868,0.3174,0.36857,0.5427,0.501,0.57958,0.47098,0.33939,0.30529,0.46959,0.34362,0.13205,0.36483,0.10559,0.16543,0.40513,0.42383,0.37068,0.40339,0.40297,0.54469,0.36294,0.062924
0.58432,0.52205,0.41156,0.4652,1,0.70075,0.41595,0.51339,0.73004,0.69651,0.47291,0.34489,0.32121,0.41902,0.57327,0.52797,0.1546,0.062202,0.55071,0.49642,0.51052,0.50912,0.1721,0.12291,0.36294,0.37674,0.60322,0.61472,0.21753,0.09478,0.50432,0.48818,0.47202,0.44644,0.49709,0.46956,0.45266,0.50106,0.34128,0.4018,0.1861,0.14817,0.3851,0.37446,0.36912,0.41542,0.3803,0.4011,0.35512,0.39896,0.38306,0.3854,0.41805,0.37408,0.42955,0.43813,0.53868,0.54821,0.54085,0.53576,0.59138,0.57948,0.46414,0.38744,0.25198,0.449,0.55587,0.53253,0.48209,0.4647,0.59337,0.48871,0.3712,0.39868,0.55877,0.52185,0.59349,0.54538,0.1526,0.27323,0.41032,0.44672,0.52305,0.44799,0.45616,0.34248,0.22291,0.38852,0.4656,0.44268,0.65914,0.47736,0.46108,0.29716,0.12105,0.22325,0.30078,0.38898,0.4627,0.41925,0.4845,0.63182,0.5007,0.66819,0.060315,0.27647,0.10393,0.45684,0.30297,0.16652,0.29466,0.2185,0.23917,0.30623,0.040115,0
0.38004,0.31128,0.54072,0.52806,0.70075,1,0.41195,0.40132,0.53348,0.76171,0.2676,0.098591,0.25776,0.29002,0.63749,0.69895,0,0,0.52384,0.41681,0.33244,0.37404,0.3493,0.30138,0.47392,0.5508,0.65355,0.64485,0.0042689,0,0.33012,0.38654,0.33576,0.31184,0.55469,0.59304,0.35269,0.47409,0.34786,0.17269,0.092728,0,0.44651,0.40848,0.42093,0.4152,0.42761,0.44216,0.30582,0.35792,0.33666,0.36457,0.36571,0.36617,0.34111,0.34569,0.22659,0.30086,0.3151,0.2716,0.43058,0.44643,0.20951,0.22522,0.34199,0.53138,0.44126,0.4602,0.40127,0.42825,0.55566,0.46589,0.25031,0.26917,0.53948,0.52923,0.59925,0.67942,0.058498,0.31597,0.2274,0.38528,0.4283,0.41755,0.47295,0.43893,0.28649,0.38614,0.44371,0.4945,0.56001,0.49133,0.50454,0.41797,0.022871,0.16006,0.33948,0.34134,0.45039,0.4244,0.29565,0.41966,0.30285,0.44209,0,0.31245,0.040735,0.21837,0.057408,0.071327,0.24566,0.34838,0.28948,0.34587,0.16981,0
0.6334,0.50093,0.83047,0.78743,0.41595,0.41195,1,0.78474,0.35987,0.41879,0.64524,0.38524,0.72995,0.55086,0.4977,0.47569,0.25111,0.19803,0.747,0.65752,0.37194,0.4202,0.61996,0.57344,0.41093,0.49045,0.22685,0.21268,0.35138,0.28567,0.52145,0.52677,0.62452,0.55239,0.46408,0.36604,0.38533,0.33738,0.3903,0.43375,0.27149,0.31199,0.5582,0.51375,0.48943,0.53225,0.53842,0.55042,0.50495,0.54201,0.54895,0.54611,0.52616,0.50356,0.433,0.48037,0.43209,0.42759,0.45435,0.35516,0.59509,0.46129,0.57426,0.45312,0.43407,0.45806,0.66553,0.60164,0.44271,0.48128,0.43425,0.51984,0.43573,0.45873,0.51801,0.49475,0.60346,0.4767,0.30025,0.11583,0.41133,0.44639,0.49927,0.54463,0.55391,0.40095,0.22626,0.46185,0.36179,0.38237,0.58617,0.5649,0.4173,0.43673,0.26914,0.32195,0.47061,0.44723,0.52482,0.47522,0.24702,0.31974,0.40601,0.34783,0.19316,0.43178,0.11248,0.15724,0.35516,0.40392,0.42627,0.3663,0.48195,0.60978,0.4073,0.11602
0.70382,0.65861,0.56662,0.81821,0.51339,0.40132,0.78474,1,0.52837,0.52556,0.76021,0.67491,0.69573,0.78511,0.50963,0.52948,0.46438,0.34491,0.79097,0.74629,0.43258,0.48488,0.39732,0.40389,0.2408,0.39547,0.17992,0.17264,0.53812,0.5038,0.64322,0.64321,0.76294,0.73771,0.50821,0.4362,0.42963,0.33878,0.33813,0.45588,0.35757,0.50971,0.54492,0.52201,0.42813,0.55844,0.5472,0.5256,0.47794,0.47524,0.46811,0.49869,0.52749,0.42242,0.42337,0.43605,0.55465,0.54811,0.45628,0.40948,0.68749,0.73217,0.69214,0.60301,0.36016,0.66851,0.61906,0.67433,0.43002,0.46227,0.48733,0.44794,0.59783,0.59979,0.56044,0.51805,0.62928,0.46085,0.40766,0.11893,0.55153,0.46517,0.55753,0.59675,0.55555,0.37738,0.1039,0.37163,0.29832,0.32583,0.59786,0.42246,0.487,0.21585,0.27302,0.29151,0.41061,0.41036,0.51027,0.37617,0.46681,0.41926,0.52124,0.40599,0.09964,0.25534,0.09977,0.16395,0.35669,0.36711,0.33595,0.15899,0.30238,0.4798,0.22003,0
0.48946,0.46426,0.28656,0.37806,0.73004,0.53348,0.35987,0.52837,1,0.76419,0.51011,0.4568,0.31861,0.46597,0.43742,0.39646,0.29816,0.27117,0.50378,0.45266,0.35973,0.41047,0.12837,0.0045666,0.25649,0.34717,0.27952,0.26394,0.33308,0.19177,0.52406,0.4526,0.52387,0.48608,0.32171,0.26792,0.26344,0.24563,0.13206,0.24494,0.19241,0.16933,0.16907,0.17579,0.11037,0.22612,0.20347,0.23848,0.14052,0.25371,0.19361,0.27462,0.28929,0.24363,0.21762,0.22649,0.45106,0.43358,0.42683,0.43688,0.56505,0.50107,0.53238,0.43632,0.18295,0.38593,0.40516,0.42271,0.33792,0.33143,0.48191,0.40226,0.35483,0.3627,0.30654,0.33035,0.35522,0.30848,0.23016,0.169,0.34633,0.2956,0.33346,0.27255,0.3067,0.22051,0,0.14627,0.15852,0.12548,0.49735,0.30059,0.4451,0.18802,0.10544,0.059706,0.13302,0.16706,0.24037,0.2674,0.51686,0.5489,0.4733,0.55104,0.061212,0.1359,0.10492,0.32665,0.17225,0.17569,0.23988,0,0,0.16763,0,0
0.47942,0.40071,0.4758,0.49646,0.69651,0.76171,0.41879,0.52556,0.76419,1,0.41377,0.30618,0.33375,0.43455,0.55645,0.62908,0.1226,0.07831,0.53498,0.45103,0.27881,0.34156,0.26563,0.17625,0.37668,0.49053,0.40095,0.38623,0.10332,0,0.39595,0.44309,0.43232,0.39802,0.41956,0.38783,0.27685,0.27554,0.2506,0.17304,0.083175,0.026641,0.2508,0.21097,0.22611,0.2527,0.25464,0.24599,0.17828,0.25366,0.19535,0.27613,0.30315,0.27813,0.25061,0.23774,0.34599,0.36031,0.36922,0.33893,0.52997,0.52313,0.36837,0.33592,0.32752,0.5291,0.39375,0.4103,0.35769,0.35491,0.55711,0.4579,0.25878,0.25773,0.41679,0.41774,0.50239,0.49201,0.094556,0.18226,0.25028,0.29621,0.34392,0.30301,0.35261,0.28824,0.10855,0.25908,0.24893,0.25975,0.53691,0.39943,0.50889,0.39834,0,0,0.04773,0.092989,0.26766,0.31287,0.32671,0.5552,0.31072,0.46031,0,0.14997,0,0.16892,0.058501,0.060707,0.16812,0.064185,0.058672,0.1816,0,0
0.83184,0.7318,0.37385,0.5683,0.47291,0.2676,0.64524,0.76021,0.51011,0.41377,1,0.81267,0.79806,0.83414,0.58079,0.4527,0.56444,0.43937,0.74109,0.71974,0.45487,0.45249,0.14749,0.087009,0.18037,0.28801,0.14631,0.1182,0.69959,0.60491,0.51056,0.37117,0.69464,0.62733,0.26378,0.23586,0.35512,0.26603,0.37335,0.38484,0.40971,0.53114,0.5164,0.48065,0.32386,0.42868,0.53787,0.46988,0.54555,0.56365,0.62092,0.64134,0.64602,0.52858,0.50947,0.47161,0.71235,0.66282,0.64552,0.6397,0.80183,0.72534,0.7942,0.71778,0.13903,0.38968,0.53109,0.49661,0.43443,0.41656,0.34843,0.37189,0.61452,0.57801,0.54258,0.47531,0.56256,0.36483,0.39727,0.11062,0.54277,0.46302,0.63508,0.60992,0.46329,0.23617,0.1767,0.3172,0.31876,0.29044,0.57957,0.48377,0.33446,0.15462,0.21831,0.16436,0.37469,0.33456,0.50097,0.39663,0.58714,0.49511,0.56678,0.48806,0.023538,0.10776,0.19158,0.21452,0.2477,0.17647,0.21488,0.034263,0.3081,0.37825,0.017366,0
0.68457,0.73944,0.053709,0.41784,0.34489,0.098591,0.38524,0.67491,0.4568,0.30618,0.81267,1,0.57477,0.81474,0.40558,0.36515,0.61653,0.56573,0.59382,0.67841,0.41775,0.38899,0,0,0,0.013502,0.033772,0.019259,0.73421,0.72484,0.46466,0.36873,0.65028,0.64416,0.018986,0.087387,0.23118,0.18056,0.21793,0.24696,0.32142,0.49055,0.29443,0.30528,0.081059,0.2694,0.34605,0.29538,0.38374,0.44925,0.44935,0.50196,0.53054,0.38146,0.41856,0.339,0.69156,0.64378,0.58386,0.63897,0.62653,0.685,0.73644,0.7518,0,0.26753,0.32545,0.36392,0.40607,0.38688,0.37734,0.33466,0.59553,0.55058,0.43476,0.37328,0.39943,0.25493,0.45016,0.11365,0.53976,0.42572,0.55512,0.55105,0.25965,0.018675,0.052667,0.14512,0.19052,0.16677,0.43783,0.304,0.25627,0,0.16946,0.13778,0.23655,0.20819,0.33721,0.21981,0.6384,0.45016,0.49255,0.44317,0,0,0.095765,0.21558,0.15522,0.117,0.11625,0,0.090673,0.13065,0,0
0.67013,0.5327,0.51247,0.55782,0.32121,0.25776,0.72995,0.69573,0.31861,0.33375,0.79806,0.57477,1,0.72492,0.58947,0.40215,0.41307,0.25263,0.63374,0.56953,0.33473,0.3628,0.26527,0.20277,0.27647,0.31316,0.10139,0.08802,0.48748,0.4007,0.3577,0.27936,0.57257,0.51002,0.38179,0.32568,0.33229,0.33041,0.39127,0.37113,0.30891,0.45817,0.54917,0.48334,0.42852,0.46982,0.55541,0.50013,0.542,0.56902,0.61931,0.63015,0.59197,0.53547,0.44823,0.42726,0.49249,0.44861,0.49349,0.45897,0.7377,0.64023,0.62046,0.53942,0.37051,0.50939,0.52514,0.49659,0.31553,0.34706,0.33009,0.35039,0.46518,0.46882,0.43682,0.45002,0.53778,0.40612,0.28773,0,0.41743,0.36769,0.50762,0.46747,0.5241,0.34279,0.14463,0.31572,0.3119,0.31429,0.54623,0.5333,0.38893,0.30303,0.11209,0.16174,0.39609,0.37768,0.50774,0.41851,0.42545,0.40096,0.49782,0.40905,0.12298,0.27853,0.039747,0.1602,0.19325,0.16186,0.30448,0.15297,0.36348,0.46326,0.19779,0
0.72076,0.64192,0.29303,0.54137,0.41902,0.29002,0.55086,0.78511,0.46597,0.43455,0.83414,0.81474,0.72492,1,0.52062,0.47831,0.49827,0.3447,0.65905,0.61888,0.46253,0.46904,0.15444,0.10413,0.17901,0.30178,0.12299,0.096329,0.55755,0.51052,0.53434,0.45752,0.61671,0.58218,0.29108,0.22371,0.36916,0.24059,0.37871,0.44384,0.43285,0.55291,0.47083,0.43455,0.30083,0.38403,0.50942,0.43242,0.47517,0.48295,0.53104,0.57822,0.58366,0.4336,0.44572,0.4251,0.59327,0.56368,0.48627,0.51341,0.66452,0.73852,0.62794,0.61213,0.11597,0.48995,0.41099,0.44756,0.33388,0.33549,0.38221,0.33674,0.60579,0.58098,0.47293,0.4161,0.48879,0.29079,0.3261,0,0.50639,0.4074,0.53233,0.50526,0.47603,0.29267,0.069362,0.26287,0.25513,0.25174,0.53958,0.4097,0.42197,0.15587,0.14291,0.14949,0.29906,0.31055,0.43905,0.35146,0.59269,0.46606,0.51421,0.43626,0,0,0,0.1547,0.25014,0.18549,0.22826,0,0.18871,0.28905,0,0
0.64239,0.51715,0.52842,0.54386,0.57327,0.63749,0.4977,0.50963,0.43742,0.55645,0.58079,0.40558,0.58947,0.52062,1,0.78878,0.20229,0.098036,0.68079,0.58925,0.4864,0.45154,0.26459,0.20454,0.18707,0.27759,0.59127,0.59983,0.34262,0.17503,0.39908,0.41438,0.49465,0.47583,0.47134,0.45924,0.36311,0.51677,0.55911,0.32097,0.18751,0.20721,0.56158,0.5084,0.45028,0.50192,0.5823,0.55691,0.50451,0.56299,0.57909,0.59074,0.61715,0.56007,0.62436,0.6096,0.48824,0.48431,0.50446,0.53302,0.63037,0.58124,0.49518,0.45926,0.32122,0.48271,0.49526,0.46908,0.5024,0.44764,0.58911,0.52217,0.46859,0.44565,0.71381,0.63151,0.69729,0.67643,0.1373,0.29573,0.3576,0.46032,0.71014,0.62743,0.59503,0.39133,0.46349,0.54492,0.65105,0.62525,0.63707,0.62786,0.5124,0.39672,0.10934,0.24345,0.45342,0.5012,0.55512,0.52459,0.47904,0.47414,0.42662,0.51737,0.095934,0.35283,0.16064,0.28898,0.19581,0.017434,0.2016,0.26396,0.27926,0.39099,0.22011,0
0.57953,0.48699,0.55737,0.59858,0.52797,0.69895,0.47569,0.52948,0.39646,0.62908,0.4527,0.36515,0.40215,0.47831,0.78878,1,0.15389,0.17126,0.65394,0.53749,0.47786,0.49171,0.32119,0.3239,0.13281,0.26119,0.66514,0.66756,0.22485,0.12448,0.32808,0.45835,0.47399,0.44684,0.49945,0.55838,0.39109,0.49632,0.58662,0.21565,0.27011,0.19598,0.51268,0.49123,0.43817,0.50314,0.5234,0.50396,0.42722,0.44782,0.43958,0.46613,0.50991,0.4828,0.55682,0.52865,0.45383,0.42168,0.39547,0.37248,0.59412,0.58085,0.42508,0.41549,0.40412,0.58386,0.42261,0.45954,0.41964,0.36243,0.64855,0.61165,0.44127,0.45732,0.71828,0.66305,0.75442,0.75976,0.25603,0.48408,0.35657,0.5275,0.61706,0.63692,0.59888,0.50715,0.46032,0.52502,0.6,0.66891,0.58469,0.57447,0.4881,0.37816,0,0.10592,0.31949,0.38614,0.51043,0.47237,0.32399,0.36128,0.25291,0.33663,0,0.29245,0.094226,0.13409,0.054393,0,0.089702,0.30577,0.26464,0.30589,0.1879,0
0.4579,0.52471,0.018712,0.29483,0.1546,0,0.25111,0.46438,0.29816,0.1226,0.56444,0.61653,0.41307,0.49827,0.20229,0.15389,1,0.79288,0.45974,0.5178,0.40812,0.39101,0,0,0,0.0082652,0,0,0.81318,0.78841,0.42004,0.33809,0.63764,0.66054,0.056369,0.071055,0.37522,0.20309,0.2762,0.28193,0.54905,0.63657,0.28602,0.27094,0.11963,0.24633,0.25748,0.2239,0.28411,0.19776,0.22642,0.2207,0.24681,0.13488,0.21705,0.1805,0.62446,0.60008,0.36944,0.40954,0.50154,0.52522,0.65258,0.63614,0.033694,0.2636,0.3242,0.38794,0.2986,0.3137,0.14098,0.13865,0.6432,0.62483,0.38551,0.30362,0.29948,0.13203,0.67172,0.22561,0.70002,0.52558,0.42885,0.40854,0.31155,0.19015,0,0.087966,0.045682,0.064482,0.19192,0.10454,0.026353,0,0.11502,0.10102,0.27858,0.26977,0.33033,0.12191,0.48997,0.3116,0.50541,0.3953,0.15776,0.10596,0.098873,0.17708,0.16614,0.189,0.22621,0,0.086796,0.31345,0,0
0.34686,0.47872,0,0.20558,0.062202,0,0.19803,0.34491,0.27117,0.07831,0.43937,0.56573,0.25263,0.3447,0.098036,0.17126,0.79288,1,0.34147,0.43397,0.32596,0.31405,0,0,0,0,0,0,0.68899,0.72676,0.2826,0.22631,0.55283,0.57468,0,0,0.17524,0.14107,0.1926,0.12028,0.39766,0.5444,0.1737,0.20291,0.075005,0.24258,0.15327,0.1506,0.25302,0.19228,0.17412,0.15948,0.17918,0.083596,0.19657,0.093954,0.55826,0.54683,0.45398,0.43205,0.48915,0.39925,0.60561,0.63623,0,0.12867,0.33009,0.35592,0.24271,0.26189,0.12787,0.20883,0.46013,0.53292,0.29747,0.22508,0.15766,0.084433,0.57813,0.3902,0.58956,0.53276,0.37125,0.376,0.19161,0.12338,0.00082493,0.064667,0.033868,0.041513,0.18825,0.12291,0.019653,0,0,0.0065449,0.20263,0.18629,0.27504,0.11305,0.41828,0.35942,0.37096,0.32818,0.065023,0.032792,0.10309,0.2266,0.019673,0.061732,0.17821,0,0.089186,0.19807,0,0
0.80939,0.73651,0.65782,0.81672,0.55071,0.52384,0.747,0.79097,0.50378,0.53498,0.74109,0.59382,0.63374,0.65905,0.68079,0.65394,0.45974,0.34147,1,0.90982,0.55979,0.59848,0.44369,0.39288,0.22895,0.38052,0.36946,0.3605,0.56608,0.476,0.68208,0.69128,0.80579,0.76618,0.4659,0.41154,0.52433,0.47949,0.55907,0.51614,0.46771,0.47681,0.63178,0.57022,0.5048,0.58912,0.60597,0.58158,0.52699,0.51961,0.54836,0.55358,0.59669,0.52864,0.57562,0.58668,0.65514,0.68594,0.54477,0.56166,0.70272,0.64167,0.70699,0.6343,0.32078,0.50612,0.6759,0.67191,0.69033,0.66767,0.56121,0.57151,0.70254,0.6911,0.74999,0.70582,0.75779,0.61803,0.46533,0.31027,0.65381,0.65827,0.72968,0.74761,0.67939,0.51159,0.28509,0.54463,0.51145,0.51438,0.67145,0.55159,0.46446,0.28146,0.21944,0.31743,0.50693,0.52759,0.61514,0.48868,0.51057,0.47685,0.56227,0.55293,0.086324,0.33243,0.15261,0.32345,0.40876,0.30307,0.38659,0.28132,0.34439,0.52969,0.19824,0
0.7781,0.80829,0.50105,0.78609,0.49642,0.41681,0.65752,0.74629,0.45266,0.45103,0.71974,0.67841,0.56953,0.61888,0.58925,0.53749,0.5178,0.43397,0.90982,1,0.46132,0.50511,0.2973,0.26301,0.13579,0.3039,0.28708,0.28795,0.63508,0.58523,0.63572,0.62629,0.83575,0.814,0.32182,0.31649,0.46823,0.45344,0.43321,0.45024,0.40643,0.43372,0.55088,0.50643,0.42477,0.54984,0.50761,0.50107,0.50585,0.52528,0.53233,0.53556,0.58744,0.49863,0.52255,0.52518,0.73652,0.77529,0.66628,0.65812,0.68465,0.64468,0.74221,0.7344,0.16474,0.40214,0.71909,0.68967,0.80271,0.80782,0.51389,0.52724,0.67306,0.69021,0.72447,0.66452,0.67297,0.54866,0.45652,0.29327,0.7195,0.6769,0.72288,0.75929,0.54378,0.381,0.22151,0.44762,0.43574,0.42072,0.63889,0.48801,0.37811,0.16325,0.21237,0.2968,0.47589,0.46991,0.58266,0.45791,0.5641,0.48899,0.61765,0.59352,0.095834,0.28051,0.15597,0.38671,0.38165,0.301,0.40428,0.27095,0.32035,0.48468,0.12796,0
0.59574,0.53517,0.31985,0.38745,0.51052,0.33244,0.37194,0.43258,0.35973,0.27881,0.45487,0.41775,0.33473,0.46253,0.4864,0.47786,0.40812,0.32596,0.55979,0.46132,1,0.87528,0.17585,0.1204,0.079988,0.074096,0.48359,0.43377,0.47169,0.35067,0.59085,0.53094,0.47515,0.46988,0.30586,0.31131,0.49993,0.41313,0.47498,0.43288,0.41884,0.38696,0.38156,0.40053,0.33457,0.4103,0.37423,0.3943,0.37016,0.39478,0.39787,0.36287,0.37873,0.32933,0.47359,0.50393,0.56064,0.52087,0.40093,0.44854,0.49502,0.44593,0.43731,0.35877,0.15574,0.27588,0.34869,0.34093,0.43776,0.34088,0.63688,0.57905,0.73435,0.61877,0.56115,0.59221,0.60953,0.50753,0.50285,0.43954,0.52801,0.54276,0.51611,0.48176,0.53916,0.44947,0.23813,0.4281,0.46248,0.5344,0.42411,0.38319,0.24507,0.094581,0.18373,0.3335,0.36609,0.5189,0.44818,0.36512,0.45512,0.38968,0.39184,0.44083,0.026117,0.25088,0.1762,0.34631,0.32576,0.19935,0.19184,0.21975,0.32212,0.30962,0.15301,0.035773
0.58757,0.54601,0.41086,0.44174,0.50912,0.37404,0.4202,0.48488,0.41047,0.34156,0.45249,0.38899,0.3628,0.46904,0.45154,0.49171,0.39101,0.31405,0.59848,0.50511,0.87528,1,0.29669,0.22389,0.17751,0.172,0.50749,0.45849,0.39999,0.31617,0.59103,0.55573,0.49707,0.46892,0.36561,0.36202,0.5775,0.47983,0.48727,0.47744,0.44291,0.46647,0.38964,0.41688,0.37763,0.44125,0.37929,0.41803,0.3583,0.38502,0.37014,0.35208,0.38486,0.3284,0.46745,0.51135,0.52961,0.5009,0.36273,0.40107,0.51969,0.45141,0.42249,0.3122,0.2669,0.36576,0.39929,0.38866,0.46297,0.3982,0.65459,0.62694,0.71999,0.64068,0.54546,0.58523,0.64699,0.53097,0.55571,0.40574,0.52253,0.54742,0.44898,0.46448,0.59217,0.4834,0.19216,0.42068,0.46392,0.52549,0.48199,0.41335,0.32132,0.15296,0.19018,0.35357,0.37476,0.52672,0.49072,0.38229,0.45201,0.39044,0.40857,0.46677,0.0025606,0.32928,0.1325,0.36003,0.33145,0.26346,0.21879,0.2728,0.32673,0.40112,0.20813,0.016431
0.21499,0.10545,0.81567,0.53786,0.1721,0.3493,0.61996,0.39732,0.12837,0.26563,0.14749,0,0.26527,0.15444,0.26459,0.32119,0,0,0.44369,0.2973,0.17585,0.29669,1,0.92942,0.64058,0.68163,0.29308,0.26228,0,0,0.50322,0.61347,0.27748,0.20624,0.5031,0.2744,0.29388,0.31873,0.22215,0.36493,0.15642,0.12231,0.35955,0.31757,0.41269,0.32171,0.30777,0.34808,0.15751,0.14764,0.10292,0.12206,0.17478,0.21233,0.053491,0.1784,0,0,0,0,0.11228,0.078818,0.027032,0,0.60505,0.39735,0.3335,0.31437,0.20355,0.20371,0.27447,0.3287,0.17907,0.14369,0.22682,0.23488,0.35474,0.29542,0.1836,0.10701,0.1171,0.1875,0.058107,0.19159,0.4903,0.40901,0.057315,0.3497,0.13409,0.12454,0.26378,0.24738,0.39773,0.45648,0.17651,0.15796,0.23847,0.17625,0.17409,0.24902,0,0,0.08212,0.017503,0.20546,0.47912,0.021563,0,0.22012,0.41188,0.31417,0.2589,0.2228,0.51479,0.45685,0
0.17047,0.066477,0.76437,0.59539,0.12291,0.30138,0.57344,0.40389,0.0045666,0.17625,0.087009,0,0.20277,0.10413,0.20454,0.3239,0,0,0.39288,0.26301,0.1204,0.22389,0.92942,1,0.52823,0.59781,0.28754,0.28137,0,0,0.39315,0.53769,0.23085,0.17247,0.53673,0.32392,0.29609,0.29141,0.22918,0.37371,0.11848,0.096408,0.3601,0.31381,0.44932,0.37059,0.30672,0.32858,0.16659,0.11796,0.096574,0.092599,0.13432,0.17687,0.074303,0.20975,0,0,0,0,0.083119,0.070154,0,0,0.62315,0.43545,0.32041,0.32781,0.18683,0.16868,0.2438,0.26301,0.13972,0.11549,0.22745,0.25577,0.38257,0.31446,0.1413,0.11399,0.10376,0.16984,0.056425,0.20559,0.4812,0.47646,0.089103,0.38933,0.17569,0.20285,0.22895,0.19376,0.35048,0.39698,0.2122,0.19742,0.24576,0.21717,0.21159,0.23548,0,0,0.029447,0,0.20759,0.45403,0.033706,0,0.29822,0.41252,0.24319,0.34254,0.28133,0.49319,0.54413,0.055899
0.093759,0,0.54486,0.30211,0.36294,0.47392,0.41093,0.2408,0.25649,0.37668,0.18037,0,0.27647,0.17901,0.18707,0.13281,0,0,0.22895,0.13579,0.079988,0.17751,0.64058,0.52823,1,0.87343,0.24999,0.19359,0,0,0.2818,0.26399,0.15199,0.057876,0.45737,0.29865,0.24989,0.28393,0.17504,0.35641,0.15161,0.013873,0.36542,0.30203,0.40304,0.27827,0.31411,0.32599,0.19012,0.14461,0.15721,0.16468,0.18708,0.18223,0.032604,0.097044,0,0,0.011035,0,0.18083,0.16589,0.014797,0,0.46151,0.38335,0.36021,0.32879,0.090168,0.16052,0.14479,0.15383,0.093676,0.079621,0.17406,0.12083,0.23174,0.19242,0,0,0.096671,0.12527,0.073906,0.079025,0.33851,0.34734,0.024757,0.21446,0.0031964,0,0.32092,0.28035,0.32907,0.38607,0.02573,0.033399,0.23413,0.10012,0.20678,0.30781,0.036294,0.12331,0.24764,0.2231,0.051626,0.28967,0,0,0.031364,0.32629,0.42195,0.19961,0.25399,0.47756,0.15811,0
0.19433,0.074044,0.60025,0.45411,0.37674,0.5508,0.49045,0.39547,0.34717,0.49053,0.28801,0.013502,0.31316,0.30178,0.27759,0.26119,0.0082652,0,0.38052,0.3039,0.074096,0.172,0.68163,0.59781,0.87343,1,0.23547,0.19921,0,0,0.4123,0.42003,0.31381,0.2192,0.45681,0.28855,0.23634,0.21899,0.12972,0.30543,0.15132,0.023246,0.35332,0.30599,0.33113,0.26884,0.32182,0.32735,0.19569,0.17584,0.14998,0.2044,0.20686,0.17331,0,0.022455,0.0062671,0.071744,0.057348,0.0052609,0.23965,0.2792,0.157,0.076944,0.4367,0.47108,0.40164,0.41025,0.1832,0.27815,0.21571,0.20064,0.15656,0.17958,0.24171,0.19624,0.28401,0.23806,0.021303,0,0.15696,0.16298,0.14663,0.19153,0.32575,0.33815,0,0.17307,0,0,0.3645,0.25736,0.42211,0.40457,0.035341,0,0.17671,0.033913,0.20218,0.28247,0.086107,0.14108,0.28028,0.2539,0,0.26907,0,0,0.047279,0.35021,0.35655,0.12838,0.21525,0.47405,0.11978,0
0.3718,0.34295,0.43838,0.35978,0.60322,0.65355,0.22685,0.17992,0.27952,0.40095,0.14631,0.033772,0.10139,0.12299,0.59127,0.66514,0,0,0.36946,0.28708,0.48359,0.50749,0.29308,0.28754,0.24999,0.23547,1,0.95725,0,0,0.31502,0.37281,0.18944,0.16962,0.45247,0.52629,0.33433,0.56038,0.46445,0.23414,0,0,0.38223,0.36733,0.41112,0.41263,0.35722,0.35823,0.29144,0.34404,0.3322,0.27632,0.36449,0.3611,0.46703,0.47805,0.28255,0.31397,0.2969,0.27648,0.36189,0.29348,0.085426,0.029724,0.32231,0.3265,0.33036,0.28656,0.40568,0.32698,0.58031,0.55208,0.21273,0.20285,0.53481,0.55423,0.567,0.66259,0.087124,0.55583,0.17534,0.40287,0.43188,0.45958,0.48849,0.39028,0.51585,0.56565,0.68338,0.6813,0.50422,0.45798,0.34873,0.28619,0.11403,0.2804,0.36052,0.42799,0.4035,0.36943,0.22223,0.30137,0.17103,0.35488,0.0039698,0.36287,0.21857,0.23259,0.10946,0.056937,0.075789,0.4189,0.33973,0.27532,0.2439,0.040379
0.37553,0.35082,0.39737,0.34992,0.61472,0.64485,0.21268,0.17264,0.26394,0.38623,0.1182,0.019259,0.08802,0.096329,0.59983,0.66756,0,0,0.3605,0.28795,0.43377,0.45849,0.26228,0.28137,0.19359,0.19921,0.95725,1,0,0,0.27163,0.35415,0.19024,0.17671,0.44709,0.52873,0.34683,0.58741,0.46955,0.24645,0,0,0.34754,0.33878,0.38112,0.38181,0.3283,0.32763,0.27454,0.3192,0.30296,0.24683,0.32954,0.32284,0.48487,0.47514,0.31511,0.33844,0.29792,0.27759,0.34793,0.29735,0.099552,0.038072,0.31917,0.32627,0.32721,0.28449,0.44563,0.34484,0.57193,0.5433,0.18889,0.18327,0.54805,0.51887,0.58074,0.65864,0.054257,0.49868,0.1851,0.40208,0.43966,0.47035,0.50649,0.38188,0.53457,0.59411,0.71029,0.68328,0.49982,0.43076,0.30699,0.24706,0.079334,0.25575,0.3349,0.41862,0.42081,0.36153,0.18517,0.29351,0.15011,0.35678,0.030584,0.3608,0.18546,0.25945,0.1534,0.031463,0.082533,0.4424,0.33334,0.25887,0.25093,0.072399
0.58088,0.59427,0.054363,0.37142,0.21753,0.0042689,0.35138,0.53812,0.33308,0.10332,0.69959,0.73421,0.48748,0.55755,0.34262,0.22485,0.81318,0.68899,0.56608,0.63508,0.47169,0.39999,0,0,0,0,0,0,1,0.91478,0.4575,0.33435,0.69759,0.70536,0,0.047903,0.25063,0.13953,0.23992,0.22821,0.52302,0.60263,0.33091,0.33393,0.107,0.28544,0.30122,0.28371,0.34936,0.3317,0.36147,0.37088,0.36361,0.27441,0.28197,0.24427,0.66261,0.5934,0.48644,0.54472,0.531,0.51916,0.75793,0.74063,0,0.1677,0.36457,0.40535,0.41393,0.38553,0.21204,0.20402,0.74063,0.66891,0.46705,0.37727,0.33892,0.19916,0.64119,0.28278,0.69173,0.52365,0.61289,0.57532,0.26642,0.14465,0.071083,0.12427,0.10142,0.13036,0.23563,0.19624,0.040873,0,0.24485,0.17969,0.34188,0.29758,0.30901,0.15202,0.53373,0.33709,0.50589,0.41435,0.091374,0.029264,0.22976,0.24005,0.1899,0.12881,0.11268,0,0.1095,0.23217,0,0
0.4862,0.54614,0,0.32988,0.09478,0,0.28567,0.5038,0.19177,0,0.60491,0.72484,0.4007,0.51052,0.17503,0.12448,0.78841,0.72676,0.476,0.58523,0.35067,0.31617,0,0,0,0,0,0,0.91478,1,0.38832,0.29702,0.62053,0.65238,0,0,0.16273,0.057338,0.12794,0.20934,0.45188,0.59888,0.22641,0.24008,0.030832,0.21602,0.19806,0.18603,0.28381,0.24325,0.26568,0.27418,0.28931,0.18703,0.19651,0.1566,0.59611,0.53502,0.40365,0.46603,0.40124,0.43937,0.69005,0.7086,0,0.081028,0.29187,0.34846,0.34237,0.32154,0.11828,0.11082,0.6502,0.64388,0.37994,0.3049,0.24041,0.10551,0.60299,0.27275,0.64955,0.48015,0.55311,0.54877,0.14048,0.018171,0.034422,0.07406,0.010765,0.025174,0.16171,0.10053,0.012047,0,0.22576,0.1479,0.21779,0.18872,0.22213,0.039025,0.45692,0.26274,0.42497,0.3129,0.0763,0,0.16894,0.18939,0.1849,0.12719,0.043653,0,0.033236,0.15864,0,0.01856
0.62319,0.61636,0.47238,0.59579,0.50432,0.33012,0.52145,0.64322,0.52406,0.39595,0.51056,0.46466,0.3577,0.53434,0.39908,0.32808,0.42004,0.2826,0.68208,0.63572,0.59085,0.59103,0.50322,0.39315,0.2818,0.4123,0.31502,0.27163,0.4575,0.38832,1,0.91712,0.69705,0.68043,0.36453,0.2425,0.43201,0.33511,0.17484,0.46346,0.31337,0.40084,0.29959,0.29215,0.21712,0.30247,0.25932,0.29527,0.18067,0.21652,0.17635,0.19853,0.28014,0.23173,0.17257,0.24667,0.53869,0.53448,0.25957,0.31305,0.42214,0.43908,0.43492,0.32859,0.18674,0.32902,0.41449,0.44804,0.52259,0.47926,0.49481,0.45589,0.60315,0.51942,0.45423,0.43966,0.46892,0.34538,0.40828,0.24605,0.49553,0.40754,0.39068,0.42696,0.45294,0.30631,0,0.27965,0.16961,0.16228,0.38487,0.18444,0.37567,0.068873,0.32529,0.29949,0.29247,0.29357,0.25547,0.18623,0.44006,0.34558,0.46904,0.44993,0.12716,0.29892,0.14401,0.19477,0.42956,0.44609,0.20967,0.023114,0.10932,0.38101,0.10962,0
0.5588,0.5547,0.57034,0.66391,0.48818,0.38654,0.52677,0.64321,0.4526,0.44309,0.37117,0.36873,0.27936,0.45752,0.41438,0.45835,0.33809,0.22631,0.69128,0.62629,0.53094,0.55573,0.61347,0.53769,0.26399,0.42003,0.37281,0.35415,0.33435,0.29702,0.91712,1,0.68025,0.68515,0.44757,0.32241,0.43893,0.40493,0.26954,0.47301,0.29574,0.38952,0.30911,0.28561,0.2715,0.33548,0.25797,0.28981,0.17407,0.17238,0.12362,0.13858,0.24539,0.1869,0.17943,0.23976,0.45476,0.45803,0.17137,0.20625,0.36557,0.41847,0.36539,0.28104,0.31142,0.44757,0.42264,0.48163,0.51074,0.45393,0.52698,0.49854,0.54254,0.49762,0.49123,0.47269,0.5134,0.43511,0.41854,0.30118,0.47689,0.43794,0.38938,0.45389,0.52148,0.40499,0.043563,0.36396,0.22598,0.22413,0.37372,0.16369,0.41837,0.14287,0.2274,0.23548,0.25329,0.26736,0.22271,0.16059,0.31383,0.2526,0.35623,0.37456,0.12938,0.33743,0.062378,0.12927,0.36528,0.41954,0.22737,0.058365,0.053276,0.35887,0.14147,0
0.72398,0.75663,0.44026,0.72143,0.47202,0.33576,0.62452,0.76294,0.52387,0.43232,0.69464,0.65028,0.57257,0.61671,0.49465,0.47399,0.63764,0.55283,0.80579,0.83575,0.47515,0.49707,0.27748,0.23085,0.15199,0.31381,0.18944,0.19024,0.69759,0.62053,0.69705,0.68025,1,0.96589,0.41362,0.42011,0.44988,0.38289,0.40043,0.42744,0.43309,0.52796,0.40148,0.37426,0.31323,0.45931,0.37971,0.35581,0.34954,0.31235,0.34391,0.33981,0.37285,0.25978,0.34663,0.31187,0.73888,0.74574,0.53931,0.50817,0.73065,0.71839,0.79241,0.71189,0.32462,0.5434,0.72141,0.75658,0.67082,0.66549,0.49471,0.49557,0.69217,0.67828,0.61057,0.57667,0.58839,0.47554,0.5201,0.29249,0.7184,0.62017,0.62955,0.65122,0.56112,0.44755,0.142,0.34528,0.26886,0.26653,0.48084,0.28172,0.33861,0.053042,0.20347,0.19773,0.41056,0.38941,0.43946,0.28629,0.50902,0.41674,0.58438,0.51665,0.1347,0.30478,0.1157,0.24086,0.31956,0.36954,0.33272,0.096395,0.19365,0.46171,0.059341,0
0.6871,0.7482,0.35749,0.69973,0.44644,0.31184,0.55239,0.73771,0.48608,0.39802,0.62733,0.64416,0.51002,0.58218,0.47583,0.44684,0.66054,0.57468,0.76618,0.814,0.46988,0.46892,0.20624,0.17247,0.057876,0.2192,0.16962,0.17671,0.70536,0.65238,0.68043,0.68515,0.96589,1,0.39402,0.4291,0.42513,0.34717,0.37672,0.36975,0.39163,0.50743,0.35747,0.32414,0.26263,0.42192,0.33812,0.30543,0.31191,0.27406,0.29545,0.27541,0.33253,0.21684,0.327,0.28205,0.7243,0.74907,0.5068,0.49126,0.674,0.70205,0.74179,0.71824,0.24527,0.52022,0.66289,0.72674,0.66277,0.65775,0.49447,0.46372,0.67867,0.65498,0.60237,0.55513,0.5675,0.48882,0.53462,0.33102,0.73602,0.63158,0.63963,0.63647,0.52991,0.38741,0.14166,0.31989,0.27993,0.27651,0.42282,0.20968,0.31229,0,0.18526,0.21082,0.40936,0.39407,0.40971,0.21658,0.52359,0.39067,0.56026,0.48814,0.12932,0.26499,0.10407,0.21119,0.29181,0.32121,0.28148,0.077273,0.15111,0.4258,0.056596,0
0.27819,0.19631,0.56863,0.54749,0.49709,0.55469,0.46408,0.50821,0.32171,0.41956,0.26378,0.018986,0.38179,0.29108,0.47134,0.49945,0.056369,0,0.4659,0.32182,0.30586,0.36561,0.5031,0.53673,0.45737,0.45681,0.45247,0.44709,0,0,0.36453,0.44757,0.41362,0.39402,1,0.86344,0.43536,0.47786,0.32232,0.36774,0.11523,0.065966,0.52484,0.47732,0.59114,0.59066,0.53366,0.52914,0.35231,0.25616,0.28851,0.25562,0.30839,0.27763,0.26663,0.35902,0.1393,0.18084,0.12685,0.059615,0.45476,0.55227,0.23196,0.15678,0.68176,0.75415,0.5978,0.67599,0.18115,0.22682,0.46274,0.38595,0.27834,0.34847,0.48498,0.5551,0.64658,0.64485,0.040591,0.23535,0.21281,0.30795,0.3265,0.33381,0.54699,0.54009,0.22406,0.42926,0.31548,0.36405,0.50448,0.34726,0.55635,0.35072,0.08431,0.15316,0.36411,0.39002,0.46439,0.37163,0.20831,0.206,0.34091,0.26268,0.17869,0.48332,0.04278,0.083921,0.20714,0.2694,0.38154,0.30303,0.27729,0.53718,0.40682,0
0.27801,0.25246,0.42456,0.51426,0.46956,0.59304,0.36604,0.4362,0.26792,0.38783,0.23586,0.087387,0.32568,0.22371,0.45924,0.55838,0.071055,0,0.41154,0.31649,0.31131,0.36202,0.2744,0.32392,0.29865,0.28855,0.52629,0.52873,0.047903,0,0.2425,0.32241,0.42011,0.4291,0.86344,1,0.40539,0.49965,0.3425,0.20828,0.061828,0.007873,0.46499,0.4295,0.50308,0.55156,0.52008,0.49712,0.34702,0.27226,0.3152,0.26337,0.31542,0.2849,0.33905,0.37068,0.20494,0.24634,0.22578,0.12089,0.46158,0.55902,0.23896,0.22716,0.4987,0.6942,0.53456,0.63258,0.23768,0.27006,0.47443,0.39876,0.25855,0.28889,0.51396,0.57946,0.67852,0.75934,0.082606,0.38637,0.25756,0.38547,0.40619,0.43437,0.4855,0.45073,0.34917,0.42214,0.38267,0.47245,0.4596,0.34399,0.46554,0.22278,0.05946,0.17033,0.41658,0.42268,0.47804,0.37771,0.21655,0.17851,0.31095,0.25468,0.10922,0.41143,0.093678,0.036274,0.012275,0.17886,0.29879,0.37267,0.29834,0.46699,0.38714,0.017234
0.4621,0.44228,0.46676,0.51662,0.45266,0.35269,0.38533,0.42963,0.26344,0.27685,0.35512,0.23118,0.33229,0.36916,0.36311,0.39109,0.37522,0.17524,0.52433,0.46823,0.49993,0.5775,0.29388,0.29609,0.24989,0.23634,0.33433,0.34683,0.25063,0.16273,0.43201,0.43893,0.44988,0.42513,0.43536,0.40539,1,0.65979,0.53785,0.51906,0.4342,0.35638,0.50238,0.47848,0.49908,0.49418,0.48834,0.48297,0.41783,0.36804,0.4106,0.3595,0.37568,0.31812,0.47453,0.5035,0.41669,0.47294,0.30409,0.30205,0.47649,0.42605,0.36461,0.28343,0.34497,0.44923,0.44959,0.47078,0.3748,0.40753,0.3767,0.32679,0.50314,0.45374,0.53942,0.47658,0.59902,0.47905,0.31553,0.18587,0.51229,0.51452,0.39689,0.38711,0.58777,0.54295,0.12666,0.36324,0.43163,0.46315,0.50486,0.3933,0.32396,0.18648,0.14105,0.25874,0.48232,0.50862,0.58074,0.48613,0.3603,0.30648,0.42158,0.42153,0.077313,0.37519,0.0082361,0.22706,0.37566,0.27696,0.38986,0.45015,0.41032,0.49197,0.27067,0
0.38019,0.39941,0.47342,0.47399,0.50106,0.47409,0.33738,0.33878,0.24563,0.27554,0.26603,0.18056,0.33041,0.24059,0.51677,0.49632,0.20309,0.14107,0.47949,0.45344,0.41313,0.47983,0.31873,0.29141,0.28393,0.21899,0.56038,0.58741,0.13953,0.057338,0.33511,0.40493,0.38289,0.34717,0.47786,0.49965,0.65979,1,0.57785,0.57872,0.25507,0.32515,0.60288,0.55521,0.61482,0.61324,0.52911,0.55328,0.49816,0.47441,0.50994,0.43864,0.52902,0.49197,0.57045,0.57266,0.3653,0.41124,0.39946,0.38105,0.44894,0.39217,0.30712,0.2395,0.38485,0.45185,0.54639,0.53848,0.45106,0.47308,0.39188,0.41169,0.3543,0.3887,0.54541,0.52183,0.58013,0.58775,0.28165,0.36666,0.46755,0.56616,0.4769,0.50897,0.63862,0.5496,0.36384,0.5723,0.59047,0.56788,0.65036,0.58472,0.40538,0.31429,0.12698,0.32377,0.56975,0.5687,0.57968,0.54769,0.3415,0.33865,0.40219,0.50019,0.13798,0.43176,0.022502,0.40323,0.27582,0.28022,0.47302,0.47096,0.37454,0.47623,0.26194,0
0.48656,0.4031,0.43608,0.43231,0.34128,0.34786,0.3903,0.33813,0.13206,0.2506,0.37335,0.21793,0.39127,0.37871,0.55911,0.58662,0.2762,0.1926,0.55907,0.43321,0.47498,0.48727,0.22215,0.22918,0.17504,0.12972,0.46445,0.46955,0.23992,0.12794,0.17484,0.26954,0.40043,0.37672,0.32232,0.3425,0.53785,0.57785,1,0.61418,0.48956,0.47324,0.61798,0.5548,0.61958,0.57993,0.5688,0.51538,0.58039,0.46803,0.56463,0.49803,0.52047,0.44104,0.77085,0.71405,0.43054,0.47936,0.42868,0.43046,0.52231,0.38486,0.38475,0.30999,0.37285,0.41871,0.4816,0.44694,0.397,0.36151,0.31521,0.39707,0.43666,0.46713,0.59966,0.54436,0.5592,0.44414,0.35251,0.29577,0.50923,0.58843,0.65209,0.58138,0.72545,0.64776,0.62151,0.71978,0.73922,0.70097,0.51953,0.52624,0.18365,0.22414,0.078713,0.28887,0.54595,0.62549,0.60582,0.48027,0.19874,0.24114,0.22471,0.29276,0,0.19608,0.15675,0.25202,0.2933,0.14316,0.37759,0.4162,0.38585,0.37337,0.12403,0
0.45932,0.39596,0.41608,0.48507,0.4018,0.17269,0.43375,0.45588,0.24494,0.17304,0.38484,0.24696,0.37113,0.44384,0.32097,0.21565,0.28193,0.12028,0.51614,0.45024,0.43288,0.47744,0.36493,0.37371,0.35641,0.30543,0.23414,0.24645,0.22821,0.20934,0.46346,0.47301,0.42744,0.36975,0.36774,0.20828,0.51906,0.57872,0.61418,1,0.38633,0.50055,0.50274,0.44519,0.54627,0.52844,0.42845,0.42575,0.42513,0.34656,0.43169,0.4024,0.45033,0.36121,0.53476,0.58746,0.40632,0.44083,0.33627,0.36888,0.38033,0.35039,0.34345,0.22582,0.29917,0.33242,0.54317,0.52212,0.35504,0.37639,0.23555,0.24293,0.45286,0.43405,0.41024,0.36677,0.41741,0.18198,0.24929,0.045481,0.47655,0.41636,0.477,0.46618,0.58957,0.55735,0.27276,0.63914,0.41529,0.32461,0.56577,0.43033,0.34828,0.28019,0.28712,0.38845,0.46499,0.54422,0.49511,0.48611,0.31186,0.30279,0.43052,0.42593,0.094382,0.29037,0,0.38764,0.6241,0.55319,0.49283,0.32464,0.28947,0.47492,0.14845,0
0.42272,0.35936,0.18852,0.26575,0.1861,0.092728,0.27149,0.35757,0.19241,0.083175,0.40971,0.32142,0.30891,0.43285,0.18751,0.27011,0.54905,0.39766,0.46771,0.40643,0.41884,0.44291,0.15642,0.11848,0.15161,0.15132,0,0,0.52302,0.45188,0.31337,0.29574,0.43309,0.39163,0.11523,0.061828,0.4342,0.25507,0.48956,0.38633,1,0.71097,0.43495,0.43129,0.36616,0.35447,0.37734,0.38009,0.37802,0.23381,0.27609,0.28388,0.27365,0.22083,0.30312,0.31017,0.41077,0.39103,0.23122,0.26963,0.36507,0.32839,0.40641,0.36332,0.18972,0.27937,0.30028,0.30206,0.2758,0.24575,0.078976,0.20156,0.58664,0.63929,0.40369,0.3289,0.30686,0.098563,0.53075,0.07803,0.52113,0.4351,0.35815,0.35649,0.44882,0.49079,0.045428,0.19283,0.16902,0.21561,0.18044,0.18355,0.039194,0,0,0.03339,0.21341,0.29435,0.35629,0.25949,0.29833,0.19592,0.31132,0.22451,0,0,0.036115,0.14774,0.17555,0.049412,0.28632,0.024925,0.076687,0.21053,0,0
0.50596,0.48235,0.13515,0.33061,0.14817,0,0.31199,0.50971,0.16933,0.026641,0.53114,0.49055,0.45817,0.55291,0.20721,0.19598,0.63657,0.5444,0.47681,0.43372,0.38696,0.46647,0.12231,0.096408,0.013873,0.023246,0,0,0.60263,0.59888,0.40084,0.38952,0.52796,0.50743,0.065966,0.007873,0.35638,0.32515,0.47324,0.50055,0.71097,1,0.37121,0.36714,0.29932,0.33475,0.30327,0.29715,0.34408,0.19726,0.27443,0.25843,0.30631,0.18243,0.31434,0.26972,0.49856,0.45321,0.24751,0.28735,0.45212,0.4005,0.51383,0.40093,0.18833,0.32897,0.29553,0.32076,0.27601,0.22607,0.07068,0.18265,0.61493,0.636,0.33914,0.28718,0.27895,0.056274,0.61231,0.07062,0.60107,0.45774,0.37521,0.3829,0.51113,0.42747,0,0.20844,0.18434,0.19296,0.25026,0.17339,0.079331,0,0.071422,0.15756,0.27094,0.30658,0.3341,0.16047,0.29991,0.23346,0.30966,0.25668,0,0.026397,0.037818,0.19775,0.28448,0.17943,0.2153,0,0.08887,0.25914,0,0
0.50206,0.41481,0.5311,0.59736,0.3851,0.44651,0.5582,0.54492,0.16907,0.2508,0.5164,0.29443,0.54917,0.47083,0.56158,0.51268,0.28602,0.1737,0.63178,0.55088,0.38156,0.38964,0.35955,0.3601,0.36542,0.35332,0.38223,0.34754,0.33091,0.22641,0.29959,0.30911,0.40148,0.35747,0.52484,0.46499,0.50238,0.60288,0.61798,0.50274,0.43495,0.37121,1,0.95642,0.91334,0.90136,0.93477,0.91045,0.89876,0.77092,0.80296,0.75767,0.77361,0.73866,0.70886,0.72361,0.3587,0.43282,0.51733,0.4815,0.55284,0.51888,0.39423,0.43878,0.32806,0.46962,0.60645,0.58841,0.28274,0.35596,0.28388,0.32291,0.43059,0.52104,0.63124,0.57336,0.60705,0.54577,0.24134,0.20902,0.41522,0.51339,0.57858,0.56738,0.58057,0.5273,0.36928,0.50988,0.55899,0.58052,0.64945,0.71928,0.35303,0.30721,0.071368,0.26224,0.64406,0.62614,0.77274,0.6535,0.3558,0.31248,0.42315,0.35273,0.056188,0.2934,0.13402,0.23801,0.23909,0.12853,0.52751,0.50585,0.55989,0.50755,0.25943,0
0.47725,0.4134,0.47127,0.54072,0.37446,0.40848,0.51375,0.52201,0.17579,0.21097,0.48065,0.30528,0.48334,0.43455,0.5084,0.49123,0.27094,0.20291,0.57022,0.50643,0.40053,0.41688,0.31757,0.31381,0.30203,0.30599,0.36733,0.33878,0.33393,0.24008,0.29215,0.28561,0.37426,0.32414,0.47732,0.4295,0.47848,0.55521,0.5548,0.44519,0.43129,0.36714,0.95642,1,0.87568,0.9013,0.90325,0.92557,0.88992,0.77227,0.76401,0.75205,0.73099,0.71454,0.69074,0.70414,0.36642,0.41514,0.50829,0.49096,0.52672,0.51727,0.39724,0.45486,0.2803,0.43564,0.5574,0.5551,0.24154,0.30733,0.27988,0.2978,0.43682,0.53341,0.61226,0.56882,0.56161,0.5074,0.23224,0.18172,0.36172,0.45966,0.52102,0.51545,0.51347,0.47285,0.30412,0.40908,0.50125,0.54758,0.60175,0.68894,0.29317,0.27098,0.048625,0.21282,0.56939,0.58723,0.75535,0.63236,0.3045,0.26844,0.34918,0.30464,0.068,0.30331,0.12587,0.2422,0.2418,0.1008,0.48054,0.50374,0.56295,0.46164,0.27345,0.026843
