1,0.73129,0.52591,0.39063,0,0.39292,0.35499,0,0.19601,0.5286,0.49835,0,0,0,0.26746,0.45275,0.17773,0.18995,0.82276,0.70999,0.053713,0.14373,0.14517,0.1767,0,0,0,0,0.35435,0.11942,0,0,0.49675,0.48815,0,0,0.24293,0.16959,0,0.21562,0.15772,0.038926,0.20571,0.11027,0.028339,0,0.17311,0.13715,0.22846,0.11427,0.35351,0.12134,0.10641,0.12317,0.11073,0.2023,0.58095,0.51715,0.31379,0.40862,0.35168,0.36765,0.47358,0.5968,0.52087,0.20044,0.39895,0.31301,0.50111,0.51792,0.16706,0.23782,0.38533,0.27386,0.49659,0.42319,0.47042,0.48858,0.097983,0.38245,0.077059,0.16072,0.39528,0.395,0.2179,0.059938,0.15211,0.52248,0.0059183,0.16085,0.25409,0.35486,0.21194,0.4142,0,0,0.039703,0,0.13354,0.30764,0.40034,0.46913,0.47039,0.52371,0.22111,0.13629,0.25756,0.43994,0,0,0.22666,0.25,0.28078,0.45737,0.17779,0.022711
0.73129,1,0.40192,0.54596,0,0.18192,0.28451,0.089053,0.071648,0.27994,0.30677,0.073053,0,0,0.19751,0.36138,0.24686,0.46653,0.7485,0.79612,0.26231,0.41301,0.12984,0.23539,0,0,0,0.010781,0.35424,0.37047,0,0,0.61263,0.6802,0,0.071574,0.20435,0.2745,0,0.2237,0.15796,0.33141,0.25238,0.22596,0.14133,0.1673,0.24077,0.24432,0.19761,0.19964,0.27137,0.14769,0.19022,0.20503,0.20764,0.21974,0.66455,0.75985,0.38375,0.50867,0.51464,0.59692,0.56411,0.76898,0.42304,0.30431,0.49101,0.47918,0.66296,0.66694,0.33017,0.30353,0.53454,0.52443,0.5098,0.55065,0.51794,0.55646,0.27148,0.50028,0.30066,0.37465,0.35884,0.46545,0.32253,0.25335,0.20566,0.4606,0.25711,0.24892,0.36109,0.29976,0.26214,0.34042,0,0.033599,0.11371,0.0085772,0.261,0.42646,0.34788,0.4135,0.43344,0.46669,0.23858,0.086628,0.1273,0.36895,0.022444,0,0.32618,0.43723,0.43667,0.47689,0.16835,0
0.52591,0.40192,1,0.74228,0.039505,0.38331,0.79835,0.40619,0.28463,0.44508,0.3789,0.13282,0.31447,0.021144,0.30084,0.44132,0.16435,0.257,0.62406,0.50581,0.22884,0.22048,0.77812,0.67542,0,0.026958,0,0,0.20976,0.065051,0.098662,0.092909,0.44878,0.37719,0.12051,0,0.18712,0,0.10636,0.015091,0.058455,0,0.42846,0.33671,0.26894,0.18629,0.31181,0.39692,0.45915,0.398,0.50353,0.43624,0.39469,0.61639,0.17032,0.30139,0.24515,0.0048053,0.028397,0,0.12913,0.056399,0.32549,0.26352,0.33414,0.14165,0.288,0.20675,0.29638,0.34744,0.37001,0.42088,0.1111,0.033348,0.26344,0.19274,0.39002,0.38599,0.13368,0.065638,0.21669,0.28151,0.39614,0.48101,0.24157,0.36336,0.17849,0.35652,0.1418,0.52749,0.37405,0.4426,0.66205,0.65872,0.17217,0.15785,0.18732,0.18813,0.05802,0.31705,0.38511,0.47056,0.08199,0.10316,0,0.053585,0.020762,0,0.124,0.2528,0,0.30765,0.39581,0,0.074914,0.24586
0.39063,0.54596,0.74228,1,0.26951,0.44311,0.63947,0.56596,0.35556,0.42455,0.19073,0.37831,0.11222,0.045662,0.2697,0.42658,0.19085,0.30093,0.60789,0.64995,0.27615,0.28125,0.6537,0.71498,0.086449,0.17296,0.10876,0.12962,0.14503,0.27546,0.12995,0.16291,0.55893,0.54502,0,0.00091602,0.11891,0.034731,0,0.030602,0,0.058004,0.51058,0.49795,0.39321,0.39695,0.40563,0.53631,0.54016,0.52737,0.38573,0.4327,0.46668,0.57088,0.26952,0.36946,0.2977,0.2081,0.31088,0.32358,0.27045,0.34054,0.40362,0.48562,0.21558,0.22855,0.50822,0.53274,0.47615,0.50856,0.4465,0.36387,0.28623,0.28581,0.39758,0.31105,0.47071,0.5337,0.16727,0.26871,0.33783,0.40526,0.33964,0.48762,0.25098,0.39446,0.13575,0.30605,0.2876,0.5263,0.54671,0.38957,0.65307,0.54193,0.13049,0.17538,0.21143,0.16883,0.2634,0.47071,0.40572,0.4098,0.24877,0.17593,0.097982,0.029971,0.13284,0.10637,0.138,0.20991,0.16402,0.49152,0.51072,0.12995,0.12211,0.096249
0,0,0.039505,0.26951,1,0.70069,0.091972,0.19005,0.72968,0.48436,0,0.32183,0.07712,0.20233,0.39796,0.27017,0.12074,0,0.028247,0.06812,0.084047,0.052172,0.055043,0.15717,0.52076,0.58668,0.35541,0.49075,0,0.15029,0,0,0,0,0,0,0.02665,0.13259,0.034722,0.092165,0,0,0,0.063218,0.037988,0.0058049,0,0.032997,0.24228,0.16755,0.03245,0.12204,0.11678,0.11428,0.17393,0.22545,0,0,0.30999,0.29433,0.016647,0.014252,0.10335,0.039436,0,0,0.12017,0.16106,0.12173,0.1676,0.10575,0.070221,0.063769,0.17457,0.10897,0.15035,0.14525,0.26219,0.060886,0.17587,0.11752,0.15507,0,0.0076445,0,0.11524,0.03049,0,0.1791,0.2055,0.2332,0,0.11924,0.12767,0.15957,0.081672,0,0.030084,0.093918,0.13779,0.20528,0.14677,0.24394,0.14417,0.13127,0,0.29483,0.1262,0.18253,0.14649,0,0.043228,0.11056,0.18652,0.043398,0
0.39292,0.18192,0.38331,0.44311,0.70069,1,0.27447,0.14552,0.74561,0.8448,0.13463,0.072582,0,0,0.42252,0.48425,0.046671,0,0.39777,0.36842,0.044474,0.014586,0.31982,0.39441,0.16541,0.36886,0.11104,0.25423,0,0.062713,0,0,0.1399,0.098166,0,0,0.12016,0.1088,0,0.1388,0,0,0.104,0.072766,0.095888,0,0.038903,0.097117,0.2794,0.16095,0.13475,0.11945,0.098309,0.15188,0.082942,0.24419,0.18015,0.12245,0.24616,0.30303,0.052368,0.056399,0.16556,0.20977,0.10911,0,0.24589,0.24418,0.18303,0.26582,0.12335,0.11509,0.1454,0.1214,0.27824,0.2327,0.3001,0.38468,0,0.18338,0.00349,0.099437,0.1853,0.17338,0.048379,0.075621,0.10029,0.25777,0.099395,0.19336,0.23621,0.18406,0.22295,0.35858,0.050309,0.10159,0,0.031141,0.087464,0.23484,0.43448,0.37497,0.4472,0.37985,0.21157,0.064253,0.37958,0.32622,0.079812,0.050521,0.05286,0.14217,0.17882,0.236,0.096587,0.0033432
0.35499,0.28451,0.79835,0.63947,0.091972,0.27447,1,0.64509,0.2771,0.24027,0.41372,0.29853,0.49213,0.30645,0.25719,0.28926,0.22892,0.1934,0.51952,0.45308,0.22591,0.31596,0.66801,0.52859,0.10861,0.13847,0.055775,0.056881,0.31719,0.20269,0.22356,0.1617,0.47464,0.43711,0.19811,0.041145,0.25607,0,0.073374,0,0.15439,0,0.48481,0.36793,0.51067,0.40322,0.42947,0.51566,0.57012,0.53867,0.55898,0.46641,0.36202,0.59687,0.14128,0.3082,0.22138,0.0067079,0.098904,0,0.21549,0.20646,0.331,0.21718,0.37375,0.23875,0.39966,0.31596,0.2678,0.32048,0.38246,0.49673,0.25085,0.20782,0.29607,0.22024,0.50506,0.47786,0.24224,0.11634,0.35144,0.39215,0.23693,0.40234,0.29138,0.2755,0,0.087484,0.11791,0.55862,0.34165,0.52286,0.6448,0.65756,0.011209,0,0.27896,0.20892,0.25778,0.39629,0.33038,0.45256,0.058924,0.11392,0.016598,0.13065,0,0,0,0.089185,0.12881,0.44658,0.49173,0,0.20197,0.23601
0,0.089053,0.40619,0.56596,0.19005,0.14552,0.64509,1,0.24162,0.035916,0.17839,0.58738,0.44817,0.64364,0.24773,0.17352,0.08005,0.12487,0.1729,0.2165,0.22711,0.32978,0.59846,0.50768,0.4353,0.47086,0.31282,0.20946,0.0017623,0.23234,0.45002,0.39632,0.33682,0.37344,0.26185,0.28799,0.037039,0.015382,0,0,0,0.12957,0.52567,0.49681,0.60568,0.58022,0.41647,0.56691,0.4838,0.54823,0.43412,0.46367,0.34221,0.46554,0.16601,0.20032,0,0,0.074083,0.054231,0.087551,0.29084,0.14185,0.15665,0.24127,0.41295,0.39012,0.41822,0.13381,0.1928,0.34894,0.29688,0.10537,0.21624,0.20399,0.1297,0.34379,0.31964,0.093503,0,0.34901,0.35365,0.13584,0.27715,0.34162,0.3457,0,0,0.39977,0.42267,0.40639,0.36913,0.56351,0.39742,0.072979,0.10755,0.28411,0.19565,0.30691,0.35208,0.18214,0.20117,0,0,0.029646,0.049109,0,0,0.022589,0.23146,0.15113,0.41039,0.43437,0,0.042077,0.11013
0.19601,0.071648,0.28463,0.35556,0.72968,0.74561,0.2771,0.24162,1,0.74775,0.26082,0.27156,0.32991,0.21425,0.54806,0.53519,0.070697,0.041671,0.25921,0.23541,0.030953,0.018935,0.26752,0.3095,0.29994,0.37373,0.18674,0.24058,0,0.098574,0,0,0,0,0,0,0.13231,0.12527,0,0.02196,0.018539,0,0.028629,0,0.092919,0,0,0.046285,0.16045,0.070073,0.16779,0.11688,0.014257,0.21277,0,0.065156,0.0026983,0.01069,0.019505,0.11985,0,0,0.14866,0.13398,0.12761,0.068995,0.10229,0.060838,0,0.097758,0.15298,0.17037,0.061385,0.093461,0.1445,0.13602,0.22591,0.28306,0,0.12352,0,0.081686,0.18085,0.12385,0.14888,0.13097,0.03559,0,0.13168,0.15334,0.16982,0.17402,0.18251,0.23103,0,0,0,0,0.048426,0.081325,0.13183,0.19221,0.11197,0.19134,0.091556,0.056672,0.12133,0.067664,0.032897,0.037452,0,0.040616,0.11209,0.12347,0.19141,0.071526
0.5286,0.27994,0.44508,0.42455,0.48436,0.8448,0.24027,0.035916,0.74775,1,0.26375,0,0.014032,0,0.35875,0.61985,0.052161,0.037235,0.49914,0.43702,0,0,0.27079,0.32867,0,0.016403,0,0,0.061181,0.046449,0,0,0.18493,0.14261,0,0,0.2007,0.13557,0,0.17589,0.11881,0,0.061637,0,0.013465,0,0.011985,0.030955,0.13146,0.046536,0.14332,0.082527,0.03913,0.14499,0.0047707,0.083693,0.10838,0.085949,0.018446,0.17365,0,0,0.20996,0.35327,0.17169,0,0.14523,0.10993,0.036612,0.16598,0.12737,0.12283,0.096132,0.063332,0.22162,0.21004,0.29596,0.34772,0,0.16547,0,0.055182,0.3316,0.27382,0.097492,0.069091,0.1448,0.32228,0,0.015596,0.14615,0.18633,0.18706,0.27108,0,0.059197,0.038116,0.032375,0.044352,0.10961,0.30964,0.28567,0.30911,0.34358,0.19251,0.15574,0.22858,0.26675,0.051946,0.028531,0.026221,0.074241,0.13858,0.1752,0.16382,0.01198
0.49835,0.30677,0.3789,0.19073,0,0.13463,0.41372,0.17839,0.26082,0.26375,1,0.31143,0.64167,0.29104,0.5587,0.5235,0.47904,0.32891,0.55787,0.4561,0.19669,0.25641,0.20821,0.040783,0,0,0,0,0.53517,0.40446,0,0,0.36402,0.36971,0.034319,0,0.31956,0.23153,0.11374,0.12159,0.31153,0.11634,0.1776,0.12058,0.10474,0.062999,0.11958,0.13996,0.24215,0.20814,0.46954,0.2674,0.093649,0.23449,0.052185,0.05366,0.27683,0.24013,0,0.05868,0.1622,0.22581,0.45073,0.36249,0.56271,0.22129,0.10402,0.03339,0.18196,0.27451,0.37296,0.41986,0.35886,0.32543,0.47608,0.31497,0.42588,0.31664,0.28456,0.34052,0.382,0.41023,0.57049,0.50728,0.52139,0.22144,0.12375,0.12118,0.15645,0.1383,0.25416,0.32893,0.28843,0.29259,0,0.093348,0.072552,0.056031,0.18709,0.18327,0.15042,0.19692,0.06538,0.15487,0.12238,0.12786,0.0099734,0.054883,0.073713,0.023948,0,0.15791,0.27076,0.1273,0.20068,0.21516
0,0.073053,0.13282,0.37831,0.32183,0.072582,0.29853,0.58738,0.27156,0,0.31143,1,0.49904,0.73394,0.49784,0.3276,0.28517,0.29401,0.0034241,0.13973,0.28643,0.31639,0.26414,0.2979,0.45558,0.50891,0.41418,0.35413,0.11736,0.42643,0.33997,0.3103,0.22936,0.22478,0.0009578,0.065317,0.19267,0.22493,0.14492,0.039108,0.068316,0.28785,0.37582,0.42399,0.24504,0.39767,0.3047,0.46636,0.47957,0.56826,0.43024,0.6103,0.47759,0.53184,0.30455,0.33118,0.016736,0.030252,0.24585,0.23543,0.18431,0.35537,0.28118,0.24273,0.30796,0.42517,0.21916,0.32589,0.18619,0.25797,0.30555,0.25355,0.19991,0.33627,0.30569,0.23826,0.1696,0.2024,0.26419,0.23647,0.47276,0.49721,0.19371,0.37089,0.34745,0.47525,0.003419,0,0.43412,0.48057,0.55285,0.23027,0.4468,0.1874,0.075222,0.12397,0.10068,0.2437,0.33865,0.41056,0.09968,0.048996,0,0,0.071411,0.033581,0,0,0.15731,0.2321,0,0.27632,0.29411,0,0.11874,0.19664
0,0,0.31447,0.11222,0.07712,0,0.49213,0.44817,0.32991,0.014032,0.64167,0.49904,1,0.71853,0.5626,0.35183,0.35929,0.24686,0.086333,0.055206,0.23479,0.22419,0.37177,0.21514,0.33843,0.27021,0.24789,0.099898,0.26157,0.20597,0.2446,0.23972,0.075077,0.056366,0.28329,0,0.19825,0.054729,0.2,0,0.23371,0.016507,0.17512,0.14786,0.26742,0.20013,0.136,0.23089,0.23232,0.27083,0.50318,0.39305,0.13181,0.43639,0.06855,0.057063,0,0,0,0,0,0.053294,0.29589,0.011009,0.43818,0.33399,0,0,0,0,0.33951,0.35236,0.064706,0.070425,0.14364,0.014291,0.19023,0.087457,0.25831,0.040073,0.33284,0.29793,0.29815,0.29729,0.39307,0.27269,0.023915,0,0.18737,0.27623,0.18765,0.34469,0.34191,0.24213,0.078343,0.0053579,0.10823,0.096362,0.16164,0.12027,0,0.023206,0,0,0,0.089958,0,0,0.034257,0.1681,0,0.10393,0.20052,0,0.15845,0.28429
0,0,0.021144,0.045662,0.20233,0,0.30645,0.64364,0.21425,0,0.29104,0.73394,0.71853,1,0.38485,0.23013,0.24114,0.14426,0,0,0.1583,0.15546,0.22534,0.17288,0.53948,0.51312,0.33988,0.27839,0.040018,0.21068,0.32375,0.25288,0,0,0.21303,0.19413,0.12552,0.10589,0.14636,0,0.057823,0.060385,0.23123,0.25821,0.35652,0.38019,0.19114,0.33694,0.33694,0.43588,0.42427,0.49445,0.23221,0.37493,0.13615,0.13112,0,0,0,0,0.0020993,0.14519,0.092307,0,0.31484,0.46778,0.065804,0.11329,0,0,0.22475,0.2406,0.013372,0.10476,0.082796,0,0.084552,0.049418,0.19067,0,0.33055,0.30319,0.03226,0.16831,0.21852,0.19424,0,0,0.23289,0.29016,0.2469,0.29052,0.31394,0.18044,0.042107,0.042552,0.14864,0.23698,0.25489,0.20812,0,0.025207,0,0,0.016282,0.096479,0,0,0.038376,0.19983,0,0.17324,0.19601,0,0.12768,0.21646
0.26746,0.19751,0.30084,0.2697,0.39796,0.42252,0.25719,0.24773,0.54806,0.35875,0.5587,0.49784,0.5626,0.38485,1,0.62573,0.29227,0.20661,0.3486,0.3295,0.31976,0.29485,0.31097,0.31065,0.16009,0.3019,0.37224,0.38238,0.31671,0.30228,0.16792,0.16014,0.12018,0.11291,0.058868,0,0.27676,0.28331,0.25493,0.2975,0.17336,0.21386,0.23045,0.21744,0.12245,0.098025,0.17451,0.22389,0.20059,0.18864,0.35005,0.30911,0.1283,0.32033,0.25264,0.25061,0.085226,0.10463,0.055067,0.14558,0.0012884,0.12991,0.2097,0.14533,0.38553,0.30527,0.11445,0.10748,0.14698,0.2355,0.357,0.35934,0.2898,0.28637,0.44204,0.37258,0.2573,0.27341,0.15493,0.25201,0.26219,0.32162,0.49569,0.4221,0.4715,0.42907,0.27826,0.16772,0.35562,0.27109,0.30077,0.19084,0.30305,0.2858,0.17706,0.14777,0.0067883,0.10958,0.17065,0.20475,0.20606,0.1941,0.13257,0.17822,0.19938,0.090083,0.17896,0.12915,0.2907,0.26083,0,0,0.086183,0.04792,0.15689,0.22477
0.45275,0.36138,0.44132,0.42658,0.27017,0.48425,0.28926,0.17352,0.53519,0.61985,0.5235,0.3276,0.35183,0.23013,0.62573,1,0.3627,0.37806,0.51308,0.51448,0.19484,0.12136,0.27712,0.32144,0,0.055659,0.072229,0.15851,0.3276,0.35912,0,0,0.3164,0.31005,0,0,0.36734,0.36819,0.24539,0.29466,0.30971,0.1562,0.24738,0.25402,0.13233,0.126,0.1996,0.22804,0.27301,0.23843,0.36062,0.32494,0.12224,0.31652,0.22834,0.16916,0.20145,0.1522,0.13252,0.2475,0.059122,0.16745,0.46331,0.48273,0.46752,0.32525,0.15344,0.19814,0.14388,0.23513,0.37026,0.40552,0.29849,0.27051,0.43478,0.35607,0.32883,0.34309,0.16136,0.33848,0.26869,0.40593,0.54053,0.62416,0.30987,0.37676,0.23704,0.23313,0.11887,0.21601,0.25174,0.21119,0.26543,0.28191,0.15448,0.21362,0.10185,0.22056,0.22185,0.22355,0.18232,0.27288,0.15191,0.31253,0.21791,0.20899,0.077891,0.12723,0.30029,0.20144,0,0.1697,0.23811,0.16639,0.23746,0.1967
0.17773,0.24686,0.16435,0.19085,0.12074,0.046671,0.22892,0.08005,0.070697,0.052161,0.47904,0.28517,0.35929,0.24114,0.29227,0.3627,1,0.62197,0.32133,0.42231,0.38806,0.35377,0.034381,0,0.058725,0.017648,0.062926,0.12524,0.67239,0.65581,0.073718,0.064469,0.45519,0.48522,0,0,0.45432,0.44049,0.41864,0.38348,0.47329,0.33137,0.20341,0.2849,0.19674,0.26658,0.27346,0.28037,0.32066,0.41623,0.2935,0.26855,0.27973,0.24173,0.38337,0.29582,0.45954,0.26608,0.28154,0.20659,0.39181,0.26339,0.56597,0.42875,0.30581,0.14237,0.1839,0.21239,0.3483,0.36188,0.48436,0.42888,0.5243,0.51111,0.43095,0.41449,0.53483,0.49829,0.74809,0.62125,0.75949,0.73409,0.41696,0.56523,0.4296,0.2369,0.1126,0.11762,0.15805,0.28949,0.30216,0.29625,0.23808,0.20742,0.084023,0.074326,0.22451,0.25188,0.4397,0.3809,0.087197,0.13302,0.050484,0.23777,0.26252,0.2995,0.019709,0.026354,0.14628,0.076525,0.027104,0.39339,0.46372,0.31342,0.45288,0.22541
0.18995,0.46653,0.257,0.30093,0,0,0.1934,0.12487,0.041671,0.037235,0.32891,0.29401,0.24686,0.14426,0.20661,0.37806,0.62197,1,0.28331,0.39594,0.45068,0.43849,0.095364,0.10893,0,0,0.10295,0.12464,0.4753,0.66062,0.16847,0.23254,0.46832,0.46525,0.068751,5.0808e-05,0.25924,0.31295,0.1675,0.24224,0.32999,0.39134,0.18739,0.28156,0.075273,0.154,0.15566,0.19093,0.15983,0.26601,0.16944,0.25918,0.21953,0.28112,0.13918,0.18165,0.4739,0.36241,0.21125,0.1316,0.39076,0.23414,0.51217,0.48794,0.20827,0.16179,0.094047,0.12349,0.24303,0.28926,0.45655,0.41082,0.38568,0.4129,0.22868,0.34008,0.2353,0.2537,0.53733,0.53443,0.54151,0.64683,0.34842,0.54584,0.28637,0.41385,0.14623,0.13806,0.064608,0.34823,0.20108,0.1712,0.17575,0.21384,0,0.081316,0,0.15371,0.19916,0.27926,0.012815,0.22499,0,0.24904,0.019305,0.15041,0,0.030288,0.14597,0.023749,0,0.32285,0.34649,0.20314,0.22092,0.14092
0.82276,0.7485,0.62406,0.60789,0.028247,0.39777,0.51952,0.1729,0.25921,0.49914,0.55787,0.0034241,0.086333,0,0.3486,0.51308,0.32133,0.28331,1,0.87014,0.18957,0.31494,0.32059,0.31082,0,0,0,0.0021621,0.49399,0.32836,0,0,0.64112,0.67021,0,0,0.33366,0.18573,0.012959,0.1327,0.18594,0.10877,0.34138,0.22732,0.24245,0.16613,0.32022,0.29482,0.31531,0.2479,0.36462,0.14369,0.14257,0.19828,0.19103,0.19294,0.51053,0.49339,0.23485,0.33596,0.32101,0.37926,0.50282,0.62818,0.47656,0.20304,0.45169,0.37822,0.5516,0.60398,0.42195,0.44694,0.52082,0.42973,0.62073,0.52802,0.66493,0.63799,0.22312,0.43423,0.30343,0.38073,0.46838,0.49164,0.41919,0.1673,0.14723,0.43142,0.18717,0.2076,0.32122,0.39843,0.33215,0.46079,0,0.046285,0.18703,0.02329,0.27668,0.36961,0.39364,0.4551,0.38804,0.44514,0.29347,0.19656,0.18899,0.33295,0.013101,0,0.21765,0.40172,0.46008,0.40537,0.27732,0.12864
0.70999,0.79612,0.50581,0.64995,0.06812,0.36842,0.45308,0.2165,0.23541,0.43702,0.4561,0.13973,0.055206,0,0.3295,0.51448,0.42231,0.39594,0.87014,1,0.28536,0.36958,0.26504,0.30759,0,0,0,0.067016,0.49628,0.42911,0,0.013944,0.71425,0.74355,0,0.010606,0.34883,0.31227,0.021484,0.1628,0.19509,0.23344,0.37027,0.32716,0.27236,0.2613,0.36058,0.37199,0.37223,0.35502,0.35732,0.20903,0.22697,0.25572,0.26185,0.23391,0.61614,0.58537,0.38888,0.47382,0.4345,0.48905,0.58512,0.70903,0.45656,0.28079,0.55256,0.5228,0.61498,0.66887,0.47059,0.43995,0.6189,0.55813,0.6596,0.65473,0.73348,0.73463,0.32208,0.51251,0.42029,0.49493,0.46559,0.5736,0.37339,0.21232,0.10598,0.41687,0.22975,0.30223,0.37985,0.4208,0.3353,0.40935,0,0.12146,0.23223,0.13079,0.35656,0.47115,0.36233,0.40039,0.38834,0.45703,0.31722,0.22342,0.20012,0.39231,0.045239,0.023175,0.27986,0.47535,0.50173,0.45575,0.3029,0.1451
0.053713,0.26231,0.22884,0.27615,0.084047,0.044474,0.22591,0.22711,0.030953,0,0.19669,0.28643,0.23479,0.1583,0.31976,0.19484,0.38806,0.45068,0.18957,0.28536,1,0.81729,0.24958,0.16651,0.17366,0.27076,0.4255,0.3493,0.34594,0.51227,0.45349,0.3708,0.39201,0.36678,0,0,0.031556,0.20995,0.089994,0.15677,0.04582,0.35364,0.16147,0.26494,0.12956,0.16826,0.0873,0.16279,0.15208,0.20924,0.060552,0.17042,0.16224,0.25467,0.24352,0.21552,0.33974,0.29763,0.24106,0.10485,0.33208,0.20259,0.34908,0.19871,0.043436,0.021352,0.044211,0.065831,0.32031,0.28542,0.69335,0.54188,0.45866,0.45239,0.44213,0.33479,0.26193,0.22866,0.38509,0.40953,0.40134,0.45117,0.22133,0.33276,0.29138,0.4327,0.068001,0.077148,0.342,0.42923,0.19891,0,0.17607,0.16742,0.11913,0.33208,0,0.063522,0.017537,0.24513,0.051366,0.12711,0,0.0077789,0,0,0,0.0010015,0.34211,0.30968,0,0.1847,0.23956,0.062385,0,0.23851
0.14373,0.41301,0.22048,0.28125,0.052172,0.014586,0.31596,0.32978,0.018935,0,0.25641,0.31639,0.22419,0.15546,0.29485,0.12136,0.35377,0.43849,0.31494,0.36958,0.81729,1,0.20662,0.16939,0.053834,0.21689,0.36978,0.41178,0.39098,0.54435,0.49623,0.39632,0.50271,0.505,0.076703,0.055828,0.033239,0.25277,0.018256,0.12459,0.019489,0.49718,0.23779,0.24511,0.22308,0.25605,0.16569,0.19607,0.15759,0.19026,0.12778,0.14369,0.16439,0.19114,0.22505,0.2277,0.39045,0.42205,0.25326,0.15819,0.41961,0.34411,0.41358,0.30448,0.16128,0.10448,0.22198,0.17724,0.46102,0.47186,0.6181,0.54626,0.54261,0.62351,0.48289,0.51291,0.33782,0.29645,0.38763,0.43429,0.43545,0.48773,0.16758,0.32031,0.38219,0.41692,0.02278,0.076756,0.4388,0.39043,0.21386,0.0052718,0.19039,0.23004,0,0.16004,0,0,0.11793,0.29577,0.16972,0.202,0.097908,0.075067,0.01577,0,0,0.048117,0.18458,0.18756,0,0.29534,0.32728,0.1145,0.027658,0.15968
0.14517,0.12984,0.77812,0.6537,0.055043,0.31982,0.66801,0.59846,0.26752,0.27079,0.20821,0.26414,0.37177,0.22534,0.31097,0.27712,0.034381,0.095364,0.32059,0.26504,0.24958,0.20662,1,0.85726,0.30339,0.32952,0.10253,0.00025741,0.071457,0,0.36098,0.38866,0.32893,0.27935,0.28741,0.12273,0.028306,0,0.02639,0,0,0.012747,0.47998,0.39425,0.47291,0.3397,0.25677,0.42105,0.38623,0.35522,0.34465,0.35049,0.2742,0.54927,0.080129,0.28651,0.0095352,0,0,0,0,0.04142,0.10962,0.037722,0.13075,0.17452,0.22303,0.20192,0.12567,0.16828,0.30706,0.30462,0.033669,0,0.22214,0.096102,0.20209,0.21473,0.084395,0,0.15963,0.207,0.3428,0.36981,0.28901,0.42006,0.18204,0.24662,0.23179,0.47578,0.31849,0.32958,0.62148,0.55584,0.17829,0.22131,0.13073,0.10528,0.043535,0.28716,0.28287,0.32703,0.0090537,0,0.041937,0.094524,0.08177,0,0.17473,0.30549,0,0.25916,0.35475,0,0.00022502,0.20058
0.1767,0.23539,0.67542,0.71498,0.15717,0.39441,0.52859,0.50768,0.3095,0.32867,0.040783,0.2979,0.21514,0.17288,0.31065,0.32144,0,0.10893,0.31082,0.30759,0.16651,0.16939,0.85726,1,0.21897,0.31515,0.047825,0.10161,0,0,0.19212,0.20799,0.25787,0.21779,0.2921,0.28234,0,0,0,0.060624,0,0.017203,0.44077,0.34652,0.45732,0.33632,0.21586,0.39136,0.37936,0.34248,0.31987,0.39784,0.31313,0.51797,0.10565,0.41258,0.028083,0,0.0433,0.061986,0.0035197,0.10514,0.13424,0.12729,0.16567,0.3145,0.34729,0.35791,0.24171,0.2456,0.25588,0.24209,0.011089,0,0.20652,0.11331,0.16178,0.26523,0,0,0.062805,0.13144,0.26051,0.35313,0.1294,0.3531,0.22441,0.38042,0.24064,0.46944,0.38822,0.34036,0.59354,0.58829,0.12315,0.14252,0.089463,0.047298,0.093077,0.36696,0.42006,0.43196,0.24275,0.17444,0.15384,0.12348,0.23607,0.19794,0.15443,0.24576,0.0776,0.30004,0.30557,0,0.0020973,0.082318
0,0,0,0.086449,0.52076,0.16541,0.10861,0.4353,0.29994,0,0,0.45558,0.33843,0.53948,0.16009,0,0.058725,0,0,0,0.17366,0.053834,0.30339,0.21897,1,0.9001,0.56209,0.44179,0,0.079046,0.49325,0.42803,0,0,0.04576,0.028389,0,0,0.061443,0,0,0,0.071513,0.18357,0.1749,0.16438,0,0.11858,0.14732,0.19224,0.020617,0.20191,0.047278,0.22262,0.017191,0.074691,0,0,0.01933,0,0,0,0,0,0,0.046182,0,0,0,0,0.088998,0.027335,0,0,0,0,0,0,0.13119,0,0.15671,0.12834,0,0,0.031409,0.231,0,0,0.059757,0.21743,0.093106,0,0.15223,0,0.10538,0.091566,0,0.041799,0,0.016611,0,0,0,0,0,0.0098472,0,0,0.15467,0.1893,0,0,0.039194,0,0,0.13907
0,0,0.026958,0.17296,0.58668,0.36886,0.13847,0.47086,0.37373,0.016403,0,0.50891,0.27021,0.51312,0.3019,0.055659,0.017648,0,0,0,0.27076,0.21689,0.32952,0.31515,0.9001,1,0.65787,0.61758,0,0.14129,0.54405,0.43064,0,0,0.018688,0.043748,0,0.0076279,0.035441,0,0,0,0.11033,0.18719,0.16514,0.14882,0.0032152,0.13574,0.1868,0.19545,0.055126,0.2083,0.073884,0.20511,0.047239,0.12828,0,0,0.10541,0.026244,0.012555,0.026069,0,0,0,0.083813,0,0.04035,0,0.0048583,0.12944,0.068434,0,0.049591,0,0,0,0,0.08479,0.015553,0.16497,0.16472,0,0,0.082424,0.26697,0,0,0.2419,0.28515,0.16392,0,0.17268,0.066529,0.11091,0.10882,0,0.030666,0,0.070235,0,0,0,0,0,0,0.037898,0,0.15986,0.1902,0,0,0.035558,0,0,0.14184
0,0,0,0.10876,0.35541,0.11104,0.055775,0.31282,0.18674,0,0,0.41418,0.24789,0.33988,0.37224,0.072229,0.062926,0.10295,0,0,0.4255,0.36978,0.10253,0.047825,0.56209,0.65787,1,0.7611,0.0062411,0.24162,0.58248,0.51051,0,0,0.096491,0.031151,0,0.064192,0.13051,0,0,0.088398,0.077547,0.15631,0.046811,0.1204,0.040112,0.10945,0,0.022701,0,0.10597,0.015967,0.163,0.14649,0.035544,0,0.07558,0.093051,0.0055098,0.036114,0.02421,0,0,0,0.032032,0.016937,0.022048,0.023218,0.094837,0.16345,0.039697,0.064356,0.1434,0,0.041913,0.005371,0,0.066897,0.10874,0.19506,0.22786,0,0.033608,0.17159,0.36791,0.020428,0,0.33535,0.28685,0.097378,0,0.0094394,0,0.11213,0.046106,0,0.0017263,0,0,0,0,0,0,0,0,0,0,0.065662,0.11422,0,0,0,0,0,0.028404
0,0.010781,0,0.12962,0.49075,0.25423,0.056881,0.20946,0.24058,0,0,0.35413,0.099898,0.27839,0.38238,0.15851,0.12524,0.12464,0.0021621,0.067016,0.3493,0.41178,0.00025741,0.10161,0.44179,0.61758,0.7611,1,0.027264,0.25112,0.35849,0.23762,0,0,0,0,0.074696,0.19695,0.2363,0.15063,0,0.12489,0.10045,0.18989,0.013788,0.070113,0.12322,0.1465,0.082809,0.061338,0.052863,0.14091,0.10691,0.13675,0.28308,0.24976,0.12231,0.11922,0.30585,0.18177,0.16175,0.060746,0.034618,0,0,0.082662,0.119,0.12829,0.22743,0.28181,0.1331,0.17963,0.16885,0.27491,0.098834,0.22783,0.079641,0.080056,0.10687,0.17497,0.20423,0.23367,0,0.088499,0.079462,0.28436,0.086249,0,0.35199,0.35373,0.15226,0,0.052408,0.1311,0.13966,0,0,0.032133,0.07867,0.10934,0.10189,0.18888,0.09545,0.12872,0.022025,0,0.11935,0,0.10412,0.070161,0,0,0,0.063563,0,0.011469
0.35435,0.35424,0.20976,0.14503,0,0,0.31719,0.0017623,0,0.061181,0.53517,0.11736,0.26157,0.040018,0.31671,0.3276,0.67239,0.4753,0.49399,0.49628,0.34594,0.39098,0.071457,0,0,0,0.0062411,0.027264,1,0.70533,0.24363,0.24074,0.55902,0.56705,0.076666,0,0.47876,0.36738,0.33348,0.20259,0.56907,0.30813,0.10293,0.072382,0.10318,0.077524,0.17904,0.10698,0.078029,0.1667,0.10453,0.049784,0,0.080585,0.13078,0.09302,0.45643,0.35733,0.10661,0.059987,0.33992,0.27333,0.4799,0.39666,0.27005,0.064447,0.037111,0.029428,0.25755,0.25522,0.41107,0.5497,0.61968,0.56884,0.45629,0.48061,0.51813,0.43088,0.65562,0.6415,0.58515,0.62021,0.46333,0.52631,0.42341,0.2001,0.03023,0.19165,0,0.11459,0.035843,0.13481,0.12462,0.17006,0,0.053552,0.15854,0.19258,0.22561,0.22283,0.070537,0.14884,0.047468,0.25254,0.25464,0.40529,0,0.045833,0.059431,0,0,0.2632,0.33296,0.27394,0.42803,0.29415
0.11942,0.37047,0.065051,0.27546,0.15029,0.062713,0.20269,0.23234,0.098574,0.046449,0.40446,0.42643,0.20597,0.21068,0.30228,0.35912,0.65581,0.66062,0.32836,0.42911,0.51227,0.54435,0,0,0.079046,0.14129,0.24162,0.25112,0.70533,1,0.32993,0.31971,0.57517,0.59546,0,0,0.33112,0.4772,0.21034,0.24401,0.39373,0.48112,0.1135,0.19513,0.098198,0.15357,0.14048,0.15415,0.17024,0.27899,0.042448,0.15877,0.11164,0.14111,0.17548,0.16359,0.39203,0.46474,0.25955,0.24544,0.36258,0.34906,0.50598,0.51099,0.13267,0.048035,0.061437,0.13878,0.27532,0.34268,0.5424,0.46023,0.59498,0.70425,0.45729,0.47724,0.36313,0.32737,0.63669,0.79565,0.70221,0.79651,0.39697,0.5592,0.46949,0.39349,0.048391,0.05048,0.18571,0.19951,0.20811,0,0.13192,0.060473,0,0.16727,0.035216,0.18428,0.27756,0.25754,0.070137,0.086759,0.096481,0.18297,0.19812,0.16214,0,0.041441,0.203,0.067872,0,0.29566,0.34826,0.26362,0.22378,0.16329
0,0,0.098662,0.12995,0,0,0.22356,0.45002,0,0,0,0.33997,0.2446,0.32375,0.16792,0,0.073718,0.16847,0,0,0.45349,0.49623,0.36098,0.19212,0.49325,0.54405,0.58248,0.35849,0.24363,0.32993,1,0.89834,0.25496,0.24257,0.26516,0.11456,0,0,0.066998,0,0.00093915,0.27054,0.23089,0.24213,0.22377,0.26081,0.13633,0.17072,0.0028693,0.080936,0,0.030471,0,0.10655,0.0049988,0,0,0,0,0,0.085566,0.13056,0.030978,0,0,0.075714,0,0,0.01731,0.013391,0.34814,0.2116,0.17103,0.21629,0.064989,0.11507,0,0,0.21718,0.086397,0.31263,0.34079,0.086966,0.15465,0.29101,0.4036,0,0,0.15915,0.17923,0,0,0.073604,0,0.071707,0.17345,0,0.058336,0,0,0,0,0,0,0,0.0094474,0,0,0.20486,0.23847,0,0.054111,0.073877,0,0,0.28319
0,0,0.092909,0.16291,0,0,0.1617,0.39632,0,0,0,0.3103,0.23972,0.25288,0.16014,0,0.064469,0.23254,0,0.013944,0.3708,0.39632,0.38866,0.20799,0.42803,0.43064,0.51051,0.23762,0.24074,0.31971,0.89834,1,0.25696,0.26075,0.29516,0.121,0,0.018258,0.11008,0,0.1135,0.33043,0.22863,0.26194,0.18767,0.25409,0.12064,0.14754,0,0.0047479,0,0,0,0.085213,0,0,0,0,0,0,0,0.073539,0.019511,0,0,0.06281,0,0,0,0,0.25936,0.15777,0.13762,0.19343,0.020882,0.11832,0,0,0.18891,0.069578,0.27745,0.34094,0.17803,0.23472,0.34287,0.48621,0.086566,0,0.13466,0.087047,0,0,0.0014505,0,0.037016,0.11592,0.0064827,0.038955,0,0,0,0,0,0,0,0.08779,0,0,0.16257,0.16903,0,0,0.0084195,0,0.040835,0.25054
0.49675,0.61263,0.44878,0.55893,0,0.1399,0.47464,0.33682,0,0.18493,0.36402,0.22936,0.075077,0,0.12018,0.3164,0.45519,0.46832,0.64112,0.71425,0.39201,0.50271,0.32893,0.25787,0,0,0,0,0.55902,0.57517,0.25496,0.25696,1,0.94173,0,0.016681,0.28434,0.31401,0.028052,0.14496,0.25297,0.37023,0.43711,0.40425,0.30854,0.36778,0.32495,0.40335,0.4024,0.47715,0.28259,0.25669,0.28336,0.29033,0.22058,0.24779,0.59598,0.49146,0.41742,0.36399,0.5165,0.50106,0.60506,0.69521,0.28816,0.18167,0.47198,0.45592,0.55163,0.54786,0.512,0.4096,0.58859,0.57437,0.57992,0.51467,0.52867,0.53741,0.49795,0.60115,0.52059,0.60273,0.42519,0.56664,0.39419,0.254,0,0.23124,0.087221,0.31889,0.35316,0.31717,0.33639,0.3208,0,0.25555,0.16771,0.21806,0.3326,0.50277,0.24123,0.2692,0.19324,0.23317,0.1854,0.22181,0.006837,0.24456,0.14224,0.099686,0.16649,0.61109,0.6519,0.39918,0.32264,0.34776
0.48815,0.6802,0.37719,0.54502,0,0.098166,0.43711,0.37344,0,0.14261,0.36971,0.22478,0.056366,0,0.11291,0.31005,0.48522,0.46525,0.67021,0.74355,0.36678,0.505,0.27935,0.21779,0,0,0,0,0.56705,0.59546,0.24257,0.26075,0.94173,1,0.048604,0.092897,0.28067,0.33907,0.055119,0.18031,0.24478,0.41382,0.43076,0.40825,0.36988,0.42344,0.3625,0.40442,0.36899,0.44319,0.28824,0.20188,0.2471,0.21298,0.23181,0.21928,0.58664,0.5574,0.42875,0.42024,0.53316,0.57335,0.62447,0.73297,0.33435,0.26275,0.5159,0.52028,0.59068,0.58256,0.47981,0.39815,0.5995,0.60509,0.58615,0.54383,0.59872,0.59721,0.51677,0.60228,0.59149,0.65292,0.44664,0.60088,0.48011,0.2696,0.02934,0.24972,0.18648,0.26134,0.36004,0.29053,0.31109,0.29621,0,0.18228,0.21946,0.15804,0.38403,0.48904,0.25401,0.27179,0.24843,0.25698,0.24096,0.20112,0.040626,0.25428,0.10745,0.060375,0.23959,0.59878,0.63393,0.41983,0.31596,0.25081
0,0,0.12051,0,0,0,0.19811,0.26185,0,0,0.034319,0.0009578,0.28329,0.21303,0.058868,0,0,0.068751,0,0,0,0.076703,0.28741,0.2921,0.04576,0.018688,0.096491,0,0.076666,0,0.26516,0.29516,0,0.048604,1,0.6688,0.087221,0.0333,0.23673,0.15195,0.062565,0.11934,0.31518,0.16257,0.4993,0.35955,0.24196,0.24714,0,0.048404,0.27365,0.17408,0.043716,0.13854,0.060672,0.12894,0,0,0,0,0,0,0,0,0.11001,0.38458,0.15439,0.043471,0,0,0.0099297,0.059166,0,0,0,0,0.11988,0.050603,0,0,0.045391,0.040601,0.20166,0.15681,0.3133,0.23076,0.2886,0.12964,0.11953,0.032451,0.024882,0.062798,0.097802,0.034651,0.013753,0,0.30381,0.052884,0.16246,0,0,0,0,0,0.19661,0.33529,0.013139,0,0,0,0.043615,0,0,0,0.15042,0.00024204
0,0.071574,0,0.00091602,0,0,0.041145,0.28799,0,0,0,0.065317,0,0.19413,0,0,0,5.0808e-05,0,0.010606,0,0.055828,0.12273,0.28234,0.028389,0.043748,0.031151,0,0,0,0.11456,0.121,0.016681,0.092897,0.6688,1,0,0.03814,0,0.0014998,0,0.068724,0.25414,0.11985,0.4752,0.39022,0.19199,0.24428,0.085107,0.16288,0.14596,0.17325,0.034407,0,0.029557,0.21799,0,0.031438,0,0.079561,0,0.21998,0,0.052721,0.090677,0.42874,0.35956,0.35586,0,0,0,0,0,0.015843,0,0,0.15372,0.1651,0,0,0,0,0,0,0.038246,0,0.050248,0.047249,0.10743,0.044836,0.15702,0.14529,0.019176,0.07326,0,0,0.27229,0.046482,0.31317,0.26012,0.089192,0.076781,0.16643,0.20538,0.30955,0.37006,0.208,0.32679,0,0,0.40204,0.25004,0.092436,0.050994,0.14876,0
0.24293,0.20435,0.18712,0.11891,0.02665,0.12016,0.25607,0.037039,0.13231,0.2007,0.31956,0.19267,0.19825,0.12552,0.27676,0.36734,0.45432,0.25924,0.33366,0.34883,0.031556,0.033239,0.028306,0,0,0,0,0.074696,0.47876,0.33112,0,0,0.28434,0.28067,0.087221,0,1,0.47203,0.64091,0.39875,0.66078,0.29348,0.35407,0.33499,0.12158,0.15713,0.50556,0.41658,0.24697,0.36147,0.39568,0.33413,0.31262,0.31439,0.48531,0.29766,0.18786,0.10817,0.10382,0.067495,0.10607,0.12871,0.23415,0.26092,0.30105,0.13482,0.13541,0.14135,0.065426,0.20964,0.13668,0.33622,0.44625,0.33723,0.3779,0.32089,0.45538,0.393,0.31522,0.37855,0.41008,0.38339,0.28578,0.37613,0.38978,0.23182,0.10316,0.13771,0.079423,0.23469,0.24223,0.27992,0.22404,0.19562,0.13673,0,0.37252,0.38824,0.43058,0.28975,0.15966,0.17837,0.090162,0.29124,0.35561,0.44371,0,0,0.057612,0.069512,0.048909,0.15538,0.25293,0.28757,0.49212,0.28471
0.16959,0.2745,0,0.034731,0.13259,0.1088,0,0.015382,0.12527,0.13557,0.23153,0.22493,0.054729,0.10589,0.28331,0.36819,0.44049,0.31295,0.18573,0.31227,0.20995,0.25277,0,0,0,0.0076279,0.064192,0.19695,0.36738,0.4772,0,0.018258,0.31401,0.33907,0.0333,0.03814,0.47203,1,0.3863,0.62587,0.39495,0.61901,0.24639,0.30859,0.046224,0.17815,0.24113,0.21329,0.051699,0.20181,0.16106,0.2,0.17471,0.11206,0.39145,0.32469,0.19629,0.33134,0.24476,0.32123,0.13645,0.22801,0.22263,0.32495,0.15361,0.13424,0.18772,0.22671,0.12962,0.24814,0.24137,0.33952,0.44932,0.52712,0.39333,0.46464,0.29188,0.3793,0.32832,0.50154,0.40331,0.41507,0.28147,0.41544,0.40518,0.37278,0.18527,0.16795,0.18112,0.13783,0.18526,0,0,0,0.11001,0.13558,0.15687,0.25314,0.35547,0.22462,0.062789,0.012806,0.20475,0.26154,0.33892,0.27517,0.15446,0.20616,0.22576,0.096343,0.040989,0.1025,0.14506,0.25643,0.23967,0.053002
0,0,0.10636,0,0.034722,0,0.073374,0,0,0,0.11374,0.14492,0.2,0.14636,0.25493,0.24539,0.41864,0.1675,0.012959,0.021484,0.089994,0.018256,0.02639,0,0.061443,0.035441,0.13051,0.2363,0.33348,0.21034,0.066998,0.11008,0.028052,0.055119,0.23673,0,0.64091,0.3863,1,0.61961,0.55326,0.35322,0.32798,0.37504,0.06909,0.2,0.50126,0.38483,0.12904,0.27767,0.31518,0.3353,0.32319,0.29601,0.66253,0.37325,0,0,0,0,0,0,0.052881,0,0.11587,0.080019,0.014471,0.0078648,0,0.07785,0.02747,0.2219,0.20032,0.16864,0.12259,0.13549,0.23282,0.18453,0.31609,0.1902,0.41213,0.37015,0.31666,0.36889,0.35093,0.39848,0.43763,0.15254,0.18077,0.22432,0.17854,0.070675,0.17591,0.067912,0.49305,0.070236,0.48096,0.4955,0.35948,0.15342,0.021102,0.013249,0,0.055192,0.31722,0.36105,0.0033293,0,0.21701,0.21935,0,0,0.030196,0.085655,0.38056,0.20866
0.21562,0.2237,0.015091,0.030602,0.092165,0.1388,0,0,0.02196,0.17589,0.12159,0.039108,0,0,0.2975,0.29466,0.38348,0.24224,0.1327,0.1628,0.15677,0.12459,0,0.060624,0,0,0,0.15063,0.20259,0.24401,0,0,0.14496,0.18031,0.15195,0.0014998,0.39875,0.62587,0.61961,1,0.33019,0.54984,0.31913,0.34371,0.064947,0.17764,0.29766,0.24785,0.091789,0.16881,0.18257,0.25645,0.26544,0.13139,0.5559,0.5673,0.070704,0.14407,0.12931,0.23301,0,0,0.058272,0.17693,0.050732,0.071128,0.1757,0.18446,0.14421,0.25101,0.11548,0.16711,0.27142,0.27181,0.28822,0.32078,0.18083,0.24372,0.18006,0.34754,0.264,0.30843,0.40757,0.45866,0.35962,0.42092,0.53077,0.48902,0.23519,0.17746,0.27885,0,0.06573,0.062871,0.36046,0.19205,0.25903,0.23979,0.36515,0.2694,0.25411,0.10999,0.36834,0.30768,0.46151,0.31037,0.42002,0.30764,0.34849,0.15135,0.0406,0,0,0.20863,0.24106,0
0.15772,0.15796,0.058455,0,0,0,0.15439,0,0.018539,0.11881,0.31153,0.068316,0.23371,0.057823,0.17336,0.30971,0.47329,0.32999,0.18594,0.19509,0.04582,0.019489,0,0,0,0,0,0,0.56907,0.39373,0.00093915,0.1135,0.25297,0.24478,0.062565,0,0.66078,0.39495,0.55326,0.33019,1,0.40308,0.14526,0.11288,0.051112,0.075973,0.27849,0.21488,0.026827,0.1483,0.1833,0.16094,0.093865,0.22345,0.23936,0.080143,0.16573,0.067108,0,0,0.075408,0.073589,0.25346,0.24808,0.19614,0,0,0,0.0091434,0.055897,0.16627,0.32185,0.48246,0.38501,0.28757,0.28951,0.26938,0.20327,0.39893,0.41319,0.37226,0.39791,0.22639,0.33748,0.33215,0.20777,0.0055815,0.072898,0,0,0.0095925,0.18682,0.095506,0.045711,0,0,0.24913,0.2656,0.32485,0.15471,0,0.0067921,0,0.17994,0.30478,0.45979,0,0,0,0,0,0.12678,0.19246,0.14953,0.47894,0.19458
0.038926,0.33141,0,0.058004,0,0,0,0.12957,0,0,0.11634,0.28785,0.016507,0.060385,0.21386,0.1562,0.33137,0.39134,0.10877,0.23344,0.35364,0.49718,0.012747,0.017203,0,0,0.088398,0.12489,0.30813,0.48112,0.27054,0.33043,0.37023,0.41382,0.11934,0.068724,0.29348,0.61901,0.35322,0.54984,0.40308,1,0.34026,0.35197,0.12377,0.29168,0.32526,0.27002,0.023764,0.1867,0.0775,0.19274,0.21004,0.13665,0.33802,0.29278,0.10511,0.2603,0.17181,0.21791,0.12849,0.27082,0.19417,0.32431,0.12331,0.13922,0.14948,0.20179,0.21282,0.25694,0.32438,0.34055,0.41006,0.59688,0.37602,0.52083,0.15425,0.19815,0.30918,0.39702,0.45858,0.47823,0.30967,0.45046,0.44442,0.52693,0.25075,0.21648,0.29992,0.15558,0.18178,0,0.073529,0,0.1672,0.17628,0.22278,0.20999,0.31322,0.25529,0.077278,0,0.11547,0.059168,0.29768,0.1728,0.053041,0.12539,0.32544,0.28326,0.059038,0.17131,0.19348,0.1114,0.1718,0.099375
0.20571,0.25238,0.42846,0.51058,0,0.104,0.48481,0.52567,0.028629,0.061637,0.1776,0.37582,0.17512,0.23123,0.23045,0.24738,0.20341,0.18739,0.34138,0.37027,0.16147,0.23779,0.47998,0.44077,0.071513,0.11033,0.077547,0.10045,0.10293,0.1135,0.23089,0.22863,0.43711,0.43076,0.31518,0.25414,0.35407,0.24639,0.32798,0.31913,0.14526,0.34026,1,0.90305,0.6812,0.79948,0.8492,0.88766,0.69787,0.73852,0.64498,0.63939,0.62018,0.53401,0.54791,0.59891,0.043436,0,0.20966,0.20947,0.068414,0.19212,0.1549,0.23914,0.2758,0.37408,0.62234,0.59759,0.2551,0.33274,0.23232,0.22731,0.30955,0.27571,0.45211,0.31159,0.3808,0.42058,0.13775,0.097211,0.35282,0.38203,0.33276,0.42216,0.42977,0.54478,0.20471,0.20242,0.33895,0.53212,0.59694,0.4325,0.52418,0.39897,0.17008,0.13948,0.47591,0.33293,0.64184,0.60589,0.26876,0.21903,0.14405,0.080716,0.29313,0.30995,0.21042,0.14442,0.1473,0.18291,0.27155,0.49629,0.45673,0.14721,0.28494,0.12265
0.11027,0.22596,0.33671,0.49795,0.063218,0.072766,0.36793,0.49681,0,0,0.12058,0.42399,0.14786,0.25821,0.21744,0.25402,0.2849,0.28156,0.22732,0.32716,0.26494,0.24511,0.39425,0.34652,0.18357,0.18719,0.15631,0.18989,0.072382,0.19513,0.24213,0.26194,0.40425,0.40825,0.16257,0.11985,0.33499,0.30859,0.37504,0.34371,0.11288,0.35197,0.90305,1,0.5758,0.79221,0.7948,0.85376,0.6509,0.74358,0.54805,0.60174,0.58506,0.48476,0.57528,0.54323,0.08544,0,0.33165,0.28763,0.13045,0.21943,0.20769,0.26252,0.20359,0.36044,0.56299,0.6011,0.24349,0.2834,0.27221,0.20475,0.2764,0.26475,0.38775,0.25246,0.29128,0.34485,0.20093,0.17353,0.44906,0.47229,0.31917,0.44055,0.4087,0.60786,0.21441,0.11576,0.32056,0.55235,0.53287,0.35325,0.42084,0.31077,0.24718,0.20917,0.3796,0.34657,0.55252,0.54122,0.16252,0.1691,0.067502,0.024697,0.17388,0.16721,0.18791,0.078235,0.25498,0.2392,0.16429,0.42643,0.41254,0.17714,0.2178,0.15029
0.028339,0.14133,0.26894,0.39321,0.037988,0.095888,0.51067,0.60568,0.092919,0.013465,0.10474,0.24504,0.26742,0.35652,0.12245,0.13233,0.19674,0.075273,0.24245,0.27236,0.12956,0.22308,0.47291,0.45732,0.1749,0.16514,0.046811,0.013788,0.10318,0.098198,0.22377,0.18767,0.30854,0.36988,0.4993,0.4752,0.12158,0.046224,0.06909,0.064947,0.051112,0.12377,0.6812,0.5758,1,0.85953,0.55995,0.64388,0.58749,0.55041,0.46397,0.35009,0.24199,0.28892,0.22743,0.36741,0.013944,0,0.08641,0.11635,0.053324,0.22974,0.1713,0.15334,0.26009,0.45783,0.57827,0.56831,0.24211,0.21942,0.25363,0.19599,0.25278,0.19649,0.30727,0.16561,0.36785,0.39308,0.17307,0.077057,0.3293,0.36453,0.19715,0.27145,0.41028,0.28715,0.048188,0.070783,0.28172,0.35977,0.34259,0.45097,0.41063,0.41447,0.025727,0,0.34426,0.088454,0.49449,0.46399,0.19365,0.2452,0.13228,0.12968,0.30987,0.28354,0.18784,0.15756,0,0.02513,0.3198,0.48362,0.44885,0.065501,0.2234,0.05685
0,0.1673,0.18629,0.39695,0.0058049,0,0.40322,0.58022,0,0,0.062999,0.39767,0.20013,0.38019,0.098025,0.126,0.26658,0.154,0.16613,0.2613,0.16826,0.25605,0.3397,0.33632,0.16438,0.14882,0.1204,0.070113,0.077524,0.15357,0.26081,0.25409,0.36778,0.42344,0.35955,0.39022,0.15713,0.17815,0.2,0.17764,0.075973,0.29168,0.79948,0.79221,0.85953,1,0.70264,0.78363,0.64409,0.70635,0.4965,0.50032,0.42577,0.34033,0.40735,0.47197,0.0048286,0,0.24001,0.25981,0.093376,0.30793,0.21857,0.26396,0.25352,0.50459,0.67132,0.69693,0.26362,0.2473,0.25557,0.13657,0.25192,0.26776,0.30438,0.21123,0.30988,0.34961,0.18261,0.11057,0.40575,0.471,0.1896,0.3433,0.40022,0.43857,0.06859,0.022137,0.29147,0.41693,0.44006,0.40158,0.35514,0.27582,0.069182,0.051086,0.39976,0.20741,0.61984,0.53357,0.1286,0.11168,0.05556,0.0093433,0.25179,0.21707,0.1327,0.11077,0.036146,0.079142,0.33068,0.52297,0.44139,0.12497,0.28696,0.083597
0.17311,0.24077,0.31181,0.40563,0,0.038903,0.42947,0.41647,0,0.011985,0.11958,0.3047,0.136,0.19114,0.17451,0.1996,0.27346,0.15566,0.32022,0.36058,0.0873,0.16569,0.25677,0.21586,0,0.0032152,0.040112,0.12322,0.17904,0.14048,0.13633,0.12064,0.32495,0.3625,0.24196,0.19199,0.50556,0.24113,0.50126,0.29766,0.27849,0.32526,0.8492,0.7948,0.55995,0.70264,1,0.89997,0.62553,0.68632,0.5885,0.5399,0.59252,0.42281,0.6559,0.51965,0.083629,0.012679,0.25045,0.24216,0.14326,0.24936,0.17676,0.24017,0.30542,0.34372,0.55577,0.55554,0.23741,0.29888,0.1961,0.27571,0.33197,0.30306,0.37165,0.29396,0.49422,0.46129,0.22143,0.12231,0.43586,0.38038,0.27236,0.34904,0.38272,0.38734,0.17875,0.10973,0.31102,0.44154,0.48699,0.40577,0.42204,0.31967,0.26381,0.03266,0.69033,0.48219,0.73985,0.57697,0.20707,0.2044,0.12108,0.12792,0.34944,0.36528,0.121,0.04704,0.030329,0.15644,0.37353,0.48124,0.41913,0.26039,0.41029,0.11454
0.13715,0.24432,0.39692,0.53631,0.032997,0.097117,0.51566,0.56691,0.046285,0.030955,0.13996,0.46636,0.23089,0.33694,0.22389,0.22804,0.28037,0.19093,0.29482,0.37199,0.16279,0.19607,0.42105,0.39136,0.11858,0.13574,0.10945,0.1465,0.10698,0.15415,0.17072,0.14754,0.40335,0.40442,0.24714,0.24428,0.41658,0.21329,0.38483,0.24785,0.21488,0.27002,0.88766,0.85376,0.64388,0.78363,0.89997,1,0.73204,0.82703,0.68627,0.71698,0.69942,0.60615,0.62604,0.62436,0.11278,0,0.2753,0.25822,0.17579,0.30841,0.19004,0.28432,0.31083,0.45406,0.59474,0.63277,0.28738,0.3352,0.24779,0.23339,0.32418,0.28952,0.41569,0.26891,0.48435,0.482,0.21528,0.14081,0.41436,0.40388,0.23625,0.37697,0.35236,0.40807,0.11566,0.081293,0.33113,0.55876,0.635,0.56004,0.59449,0.43354,0.16432,0.048429,0.59405,0.46677,0.72789,0.68837,0.25473,0.25298,0.10515,0.13049,0.33671,0.34687,0.132,0.063041,0.0032343,0.15101,0.35516,0.57309,0.50075,0.17943,0.36912,0.14382
