1,0.91068,0.88175,0.89933,0.5399,0.50295,0.85628,0.85447,0.33734,0.18221,0.84842,0.82112,0.65425,0.65312,0.78795,0.53183,0.72812,0.83352,0.93612,0.91135,0.37886,0.38153,0.71547,0.69718,0.51436,0.44719,0.61369,0.5614,0.60584,0.63127,0.71555,0.70264,0.86074,0.84808,0.70216,0.67825,0.21059,0.20825,0.043747,0.26606,0.10201,0.11649,0.73543,0.6652,0.62803,0.67881,0.63218,0.65416,0.57516,0.57918,0.44156,0.43295,0.59088,0.64279,0.32672,0.42218,0.94855,0.91556,0.73754,0.70286,0.60118,0.58383,0.51573,0.79069,0.2513,0.35562,0.79031,0.79152,0.8414,0.82353,0,0,0.40406,0.4491,0.37809,0.43136,0.66095,0.62538,0.65556,0.67037,0.74494,0.78548,0.73634,0.73494,0.6173,0.64013,0.68077,0.7513,0.66215,0.69844,0.20087,0.43426,0.005363,0.30913,0.047571,0.026958,0.079743,0.27687,0,0.15804,0,0.31125,0,0.3185,0,0.039038,0,0.44665,0,0.35539,0.56838,0.39326,0.33897,0.38892,0.20959,0
0.91068,1,0.82671,0.86899,0.49169,0.41846,0.75472,0.77968,0.3423,0.1189,0.73606,0.78818,0.56718,0.64067,0.74138,0.45375,0.71054,0.87024,0.91797,0.91087,0.31045,0.32058,0.70501,0.67739,0.45335,0.35361,0.5256,0.49288,0.60987,0.68134,0.66684,0.66968,0.8511,0.83407,0.66907,0.65774,0.18362,0.22153,0,0.28097,0.11817,0.097645,0.71988,0.64264,0.59341,0.6331,0.57803,0.60667,0.54068,0.55094,0.39922,0.41194,0.52743,0.62543,0.20943,0.34991,0.88433,0.90173,0.62483,0.55957,0.4636,0.46573,0.53296,0.76764,0.17658,0.24084,0.70139,0.7052,0.83776,0.822,0,0.020847,0.36878,0.44813,0.34216,0.35661,0.62697,0.5881,0.71818,0.79296,0.78256,0.82213,0.70897,0.74721,0.58117,0.61892,0.6414,0.74379,0.56286,0.60523,0.1007,0.32811,0,0.16438,0,0,0,0.1467,0,0,0,0.18873,0,0.212,0,0.017306,0,0.33385,0,0.32224,0.47598,0.26222,0.19357,0.28036,0.091422,0
0.88175,0.82671,1,0.95329,0.65965,0.38554,0.93533,0.89426,0.49871,0.066547,0.85834,0.87503,0.71413,0.73928,0.80269,0.42646,0.64148,0.74758,0.88645,0.86788,0.27502,0.31985,0.87475,0.81403,0.68843,0.45282,0.59122,0.63256,0.62221,0.65023,0.79244,0.78742,0.8807,0.85333,0.8122,0.739,0.19778,0.18174,0.014888,0.36112,0.18912,0.11712,0.7458,0.66788,0.62832,0.68388,0.67443,0.67054,0.57998,0.60606,0.47682,0.52436,0.55856,0.69054,0.32573,0.44744,0.8109,0.82533,0.71776,0.63662,0.66512,0.59787,0.60903,0.75928,0.35639,0.45116,0.77701,0.77709,0.7741,0.72905,0,0.06434,0.35482,0.46353,0.37927,0.41735,0.58382,0.52261,0.63942,0.66561,0.69497,0.68525,0.74251,0.76646,0.55094,0.58534,0.68531,0.73667,0.65455,0.66007,0.13498,0.38563,0,0.20619,0,0,0.097192,0.24725,0,0.082028,0,0.18067,0,0.13191,0,0.046207,0,0.33849,0,0.32457,0.56158,0.25433,0.22784,0.27341,0.26127,0
0.89933,0.86899,0.95329,1,0.58175,0.44713,0.89669,0.9315,0.39435,0.10048,0.80962,0.86322,0.65982,0.76446,0.74867,0.48933,0.64786,0.76678,0.90873,0.9017,0.30142,0.31059,0.82569,0.83422,0.61863,0.49494,0.60444,0.60341,0.5784,0.6531,0.7865,0.80728,0.88984,0.87342,0.77086,0.73081,0.14816,0.1523,0,0.30533,0.11193,0.11293,0.74417,0.66496,0.62108,0.6681,0.63334,0.64889,0.56401,0.58735,0.43455,0.48457,0.53025,0.64087,0.28552,0.42139,0.83745,0.82297,0.67197,0.60847,0.61077,0.58225,0.58101,0.77155,0.28215,0.45986,0.76353,0.77794,0.81879,0.76956,0,0.064054,0.39056,0.47996,0.37377,0.39376,0.61886,0.5693,0.63891,0.68227,0.71592,0.74278,0.70723,0.77535,0.58942,0.63335,0.67773,0.75702,0.63034,0.65998,0.14399,0.35448,0,0.19504,0,0,0.042879,0.25291,0,0.046951,0,0.18604,0,0.12199,0,0.065988,0,0.33013,0,0.36071,0.53911,0.25551,0.20038,0.2808,0.20261,0
0.5399,0.49169,0.65965,0.58175,1,0.28138,0.63193,0.54681,0.68522,0.34799,0.55131,0.53519,0.43444,0.35773,0.57085,0.20896,0.2982,0.44231,0.53125,0.48794,0.17263,0.24085,0.53725,0.39694,0.74347,0.41425,0.5006,0.5318,0.37783,0.46855,0.45275,0.40772,0.4746,0.46307,0.44871,0.39898,0.082876,0.09878,0.076859,0.26511,0.2449,0.25698,0.41351,0.4038,0.42848,0.48594,0.42543,0.43051,0.34278,0.30871,0.19999,0.23575,0.34704,0.43794,0.17885,0.31358,0.51346,0.5407,0.55845,0.44771,0.50615,0.4026,0.31562,0.39263,0.11903,0.1755,0.44884,0.44396,0.37608,0.37648,0,0.096496,0.26536,0.3744,0.3819,0.39224,0.28465,0.26898,0.35418,0.42316,0.3481,0.3182,0.45263,0.46386,0.18691,0.20215,0.39196,0.40013,0.35592,0.43987,0.0050286,0.24321,0,0.14386,0,0,0,0.15983,0,0.10697,0,0.16339,0,0.097824,0,0.0017646,0,0.20691,0,0.081723,0.29837,0.1336,0.14608,0.17021,0.20906,0
0.50295,0.41846,0.38554,0.44713,0.28138,1,0.51838,0.43577,0,0.55282,0.4046,0.32802,0.57821,0.40792,0.54821,0.79336,0.25531,0.38185,0.40087,0.34891,0.62609,0.49903,0.33336,0.35065,0.29348,0.70384,0.71769,0.59936,0.14504,0.22984,0.40112,0.36082,0.2872,0.28911,0.24073,0.24185,0.012429,0.016949,0.14714,0,0,0.17585,0.28754,0.26816,0.22351,0.26355,0.31216,0.32408,0.25969,0.30495,0.23894,0.22982,0.4061,0.37021,0.3588,0.33631,0.48431,0.46852,0.45749,0.48518,0.35639,0.33175,0,0.31365,0.17915,0.15231,0.38529,0.35744,0.3299,0.33988,0.2208,0.088682,0.40016,0.38801,0.36999,0.4282,0.47443,0.53495,0.02304,0.14178,0.14902,0.40421,0.34168,0.30328,0.27109,0.33303,0.375,0.35736,0.54813,0.605,0.22779,0.37197,0.15659,0.44082,0.23503,0.23859,0.16496,0.32565,0.13816,0.30698,0.27631,0.48847,0.091009,0.34917,0.022753,0.044545,0.13786,0.49049,0.057197,0.2457,0.27463,0.45976,0.35797,0.33086,0.16332,0.067913
0.85628,0.75472,0.93533,0.89669,0.63193,0.51838,1,0.91066,0.37219,0.15636,0.85196,0.83739,0.82296,0.76735,0.83547,0.55327,0.55833,0.68986,0.81519,0.79776,0.36035,0.38091,0.75501,0.75673,0.65393,0.54724,0.67259,0.67537,0.56476,0.58592,0.75263,0.74332,0.82885,0.8184,0.75495,0.70813,0.2118,0.15481,0.13004,0.32169,0.12571,0.15507,0.68474,0.62178,0.56393,0.63285,0.66398,0.65,0.57705,0.63437,0.53157,0.56431,0.63501,0.7115,0.44909,0.52781,0.76054,0.79202,0.78179,0.72943,0.79255,0.72472,0.47182,0.75963,0.42872,0.55431,0.77386,0.77356,0.72476,0.68563,0,0.063711,0.40462,0.47115,0.40836,0.47145,0.59569,0.56711,0.49894,0.54037,0.58841,0.64098,0.74507,0.74232,0.53094,0.58694,0.69192,0.74651,0.73391,0.76534,0.24748,0.50343,0.061034,0.39381,0,0.015311,0.16047,0.32891,0.013405,0.2444,0,0.3802,0,0.29554,0,0.075316,0,0.50916,0,0.29157,0.54203,0.35282,0.34711,0.39142,0.32888,0
0.85447,0.77968,0.89426,0.9315,0.54681,0.43577,0.91066,1,0.40727,0.13306,0.82449,0.8993,0.73166,0.83951,0.75345,0.53272,0.58335,0.72039,0.8321,0.82457,0.24786,0.26587,0.72529,0.79215,0.63018,0.4588,0.55948,0.57441,0.57056,0.61147,0.73759,0.75755,0.84875,0.84808,0.74498,0.73296,0.23857,0.19663,0.076985,0.36429,0.17186,0.16417,0.71207,0.63872,0.58803,0.63954,0.66216,0.66327,0.58017,0.63305,0.49672,0.54573,0.61444,0.69629,0.41759,0.52335,0.76947,0.78056,0.74834,0.73211,0.73322,0.74122,0.5168,0.80424,0.32108,0.59971,0.7615,0.79601,0.74693,0.71128,0,0.0301,0.38996,0.44623,0.40543,0.39602,0.6207,0.5798,0.55321,0.58726,0.65978,0.68433,0.73466,0.80817,0.60611,0.65721,0.68078,0.78382,0.71518,0.75645,0.30596,0.48136,0.077358,0.3306,0,0.067409,0.136,0.34007,0.0019667,0.21487,0,0.31531,0,0.2402,0,0.16203,0,0.42235,0,0.29351,0.58383,0.34805,0.34828,0.42596,0.32529,0
0.33734,0.3423,0.49871,0.39435,0.68522,0,0.37219,0.40727,1,0.054374,0.41078,0.50037,0.15238,0.20721,0.38528,0,0.32806,0.40838,0.35966,0.35225,0,0.06466,0.38115,0.23146,0.50023,0,0.015931,0.21824,0.48923,0.50003,0.2963,0.26995,0.3737,0.37393,0.31055,0.26292,0.1396,0.19341,0,0.32958,0.34024,0.049773,0.3793,0.38072,0.39976,0.43856,0.3602,0.35755,0.28896,0.21741,0.098982,0.1414,0.16375,0.25533,0.043677,0.19865,0.34026,0.35484,0.38387,0.26569,0.29967,0.21167,0.48833,0.32168,0,0.05444,0.31571,0.29963,0.22485,0.24786,0,0.16408,0.091625,0.2304,0.26818,0.17867,0.21949,0.12361,0.52369,0.49628,0.39942,0.18804,0.35301,0.42013,0.087109,0.024068,0.21067,0.26096,0.14925,0.1276,0,9.2539e-05,0,0,0,0,0,0,0,0,0,0,0,0,0,0.027392,0,0,0,0,0.26737,0,0.062226,0.033225,0.12563,0
0.18221,0.1189,0.066547,0.10048,0.34799,0.55282,0.15636,0.13306,0.054374,1,0.12889,0.026839,0.1786,0.0039281,0.18574,0.4736,0.012713,0.11751,0.094248,0.02856,0.28219,0.18543,0.01787,0,0.24836,0.3786,0.38832,0.14849,0,0,0.052737,0,0,0,0,0,0.01243,0.012288,0.16368,0,0,0.16176,0.031783,0.063759,0.071687,0.12357,0.11172,0.13246,0.095473,0.046576,0.00058016,0,0.19631,0.10051,0.12474,0.11177,0.23611,0.22904,0.31209,0.31268,0.19508,0.13569,0,0.078973,0,0,0.12839,0.094956,0.015855,0.089762,0.067579,0,0.071847,0.018685,0.17626,0.086455,0.16859,0.21862,0,0,0,0.078909,0.046122,0,0,0,0.0089056,0.035223,0.13261,0.28777,0.12522,0.21143,0.14657,0.31511,0.10033,0.22639,0.099794,0.16855,0.24939,0.21794,0.3409,0.35859,0.26735,0.31,0.079549,0.070849,0.29581,0.17931,0,0.046251,0.12174,0.27365,0.23325,0.2616,0.19502,0.20279
0.84842,0.73606,0.85834,0.80962,0.55131,0.4046,0.85196,0.82449,0.41078,0.12889,1,0.87803,0.78608,0.73902,0.83699,0.48549,0.64289,0.67072,0.79429,0.76632,0.38328,0.40854,0.72764,0.70704,0.59935,0.41909,0.60331,0.62891,0.66205,0.57549,0.72327,0.70283,0.75419,0.73477,0.67432,0.63814,0.29494,0.25989,0.1407,0.3336,0.23055,0.15907,0.63363,0.54221,0.52091,0.58156,0.60758,0.57392,0.55463,0.58125,0.53255,0.5108,0.68505,0.66105,0.44866,0.44372,0.758,0.78044,0.79548,0.74161,0.69747,0.61177,0.62078,0.76765,0.3269,0.42969,0.71006,0.71635,0.66735,0.63493,0,0.055756,0.42489,0.42473,0.41269,0.46497,0.59653,0.54939,0.56254,0.56214,0.69323,0.66104,0.76495,0.70032,0.64688,0.6226,0.71772,0.71152,0.74448,0.72059,0.24592,0.44448,0.029325,0.31235,0,0,0.1522,0.22271,0.051977,0.19161,0,0.27185,0,0.28463,0,0.012854,0,0.48219,0,0.30328,0.4848,0.30044,0.37794,0.39283,0.34837,0
0.82112,0.78818,0.87503,0.86322,0.53519,0.32802,0.83739,0.8993,0.50037,0.026839,0.87803,1,0.73374,0.82806,0.79988,0.44061,0.6218,0.74887,0.7799,0.76819,0.2553,0.32097,0.77785,0.76015,0.58665,0.35771,0.4742,0.56188,0.65863,0.67379,0.70311,0.72294,0.76037,0.74521,0.69387,0.62868,0.21388,0.23699,0.01474,0.35843,0.27414,0.1827,0.62504,0.53399,0.5026,0.561,0.55802,0.55156,0.51797,0.58248,0.46168,0.52435,0.58448,0.66308,0.34957,0.46901,0.75867,0.78567,0.71591,0.65749,0.68184,0.64367,0.59027,0.78359,0.33009,0.4796,0.63709,0.64765,0.62571,0.57134,0,0.1864,0.42574,0.50471,0.44028,0.44992,0.52629,0.46327,0.57794,0.61012,0.65601,0.62646,0.73267,0.77386,0.57674,0.59593,0.68592,0.7236,0.67769,0.70269,0.1725,0.3558,0,0.18607,0,0,0.058238,0.21326,0,0.14537,0,0.17131,0,0.13542,0,0.040556,0,0.33512,0,0.27026,0.43723,0.29254,0.30246,0.3373,0.27791,0
0.65425,0.56718,0.71413,0.65982,0.43444,0.57821,0.82296,0.73166,0.15238,0.1786,0.78608,0.73374,1,0.84474,0.85411,0.69506,0.36119,0.44839,0.61387,0.5868,0.41309,0.40381,0.67218,0.71492,0.58158,0.62024,0.67015,0.68807,0.49355,0.45387,0.64153,0.63857,0.57247,0.55861,0.62387,0.57184,0.25715,0.16313,0.24002,0.27598,0.14376,0.21679,0.39033,0.31315,0.23263,0.29281,0.43795,0.39831,0.35245,0.49755,0.48495,0.51852,0.62841,0.67988,0.45829,0.42471,0.50903,0.58102,0.6449,0.65245,0.69897,0.65945,0.23852,0.54659,0.55061,0.53375,0.48901,0.51064,0.49393,0.44197,0.095528,0.10005,0.42085,0.41351,0.34913,0.45623,0.53264,0.54077,0.27901,0.33962,0.45615,0.51433,0.69512,0.63239,0.56462,0.5451,0.65517,0.64723,0.78215,0.76168,0.34745,0.52547,0.18505,0.49122,0.029557,0.03351,0.12345,0.19399,0.087827,0.28511,0.074138,0.41151,0.0099913,0.32359,0.00094755,0.13275,0.051871,0.58073,0,0.17419,0.33998,0.35712,0.42819,0.39165,0.39799,0.03172
0.65312,0.64067,0.73928,0.76446,0.35773,0.40792,0.76735,0.83951,0.20721,0.0039281,0.73902,0.82806,0.84474,1,0.7697,0.65417,0.44889,0.53094,0.66965,0.67905,0.23745,0.23518,0.71257,0.84591,0.58762,0.51849,0.51139,0.57141,0.54713,0.55279,0.69121,0.74232,0.6856,0.67173,0.69527,0.69566,0.32029,0.22973,0.15964,0.40512,0.23456,0.21105,0.4779,0.37662,0.27949,0.31871,0.45495,0.43105,0.37338,0.53414,0.48816,0.56324,0.58496,0.69437,0.37898,0.41958,0.52022,0.55377,0.54379,0.54813,0.60883,0.63646,0.39735,0.64254,0.46025,0.6365,0.50287,0.56679,0.59324,0.51013,0,0.059256,0.39083,0.41459,0.32322,0.35433,0.51945,0.49463,0.43969,0.49581,0.60562,0.64643,0.71299,0.78187,0.67853,0.71827,0.69154,0.75711,0.71625,0.72862,0.32205,0.45787,0.072756,0.30204,0,0.034394,0.029663,0.16541,0,0.12751,0,0.24225,0,0.15234,0.013557,0.17455,0,0.38151,0,0.20294,0.382,0.23282,0.28443,0.35149,0.35254,0
0.78795,0.74138,0.80269,0.74867,0.57085,0.54821,0.83547,0.75345,0.38528,0.18574,0.83699,0.79988,0.85411,0.7697,1,0.66942,0.58181,0.66205,0.75618,0.73033,0.42162,0.43402,0.75884,0.71467,0.58448,0.51472,0.67143,0.71591,0.66497,0.63664,0.69594,0.68204,0.67851,0.65204,0.65314,0.59365,0.30736,0.27717,0.25641,0.37694,0.22744,0.21617,0.49653,0.43968,0.36632,0.4306,0.48718,0.47753,0.39884,0.49097,0.43454,0.45897,0.61252,0.67622,0.37383,0.39624,0.70354,0.72647,0.66319,0.62691,0.6527,0.57693,0.42354,0.6479,0.42439,0.38176,0.5694,0.5725,0.60446,0.57022,0,0.089553,0.45692,0.50496,0.43299,0.53928,0.59657,0.57381,0.52594,0.5625,0.65906,0.66732,0.84098,0.76665,0.60473,0.59523,0.76136,0.74342,0.7442,0.74516,0.21439,0.46619,0,0.35593,0,0,0,0.14174,0,0.18625,0,0.34962,0,0.30565,0,0.056005,0,0.50445,0,0.15981,0.4006,0.25708,0.33889,0.38169,0.25308,0
0.53183,0.45375,0.42646,0.48933,0.20896,0.79336,0.55327,0.53272,0,0.4736,0.48549,0.44061,0.69506,0.65417,0.66942,1,0.36629,0.39456,0.46115,0.43629,0.48638,0.3731,0.42993,0.50887,0.38861,0.70951,0.68572,0.55603,0.32714,0.34747,0.52726,0.51842,0.38073,0.38241,0.39947,0.39208,0.25044,0.15223,0.3023,0.18271,0.0059934,0.27093,0.25351,0.22152,0.13604,0.15708,0.27548,0.27802,0.19147,0.30211,0.29307,0.30361,0.44421,0.46232,0.3418,0.31243,0.47525,0.45508,0.41226,0.47529,0.46216,0.47262,0.034649,0.42492,0.35117,0.33726,0.35026,0.36679,0.39649,0.36737,0.13213,0,0.41716,0.39683,0.35496,0.41669,0.52054,0.55391,0.14311,0.22274,0.31972,0.51529,0.53758,0.49482,0.45987,0.5293,0.5061,0.51961,0.57843,0.66791,0.31428,0.45941,0.19963,0.46761,0.12271,0.214,0.10674,0.25875,0.097759,0.27721,0.29005,0.49143,0.17308,0.38832,0.1301,0.17464,0.20512,0.47206,0.013757,0.17842,0.29545,0.37559,0.36566,0.42988,0.28999,0.12873
0.72812,0.71054,0.64148,0.64786,0.2982,0.25531,0.55833,0.58335,0.32806,0.012713,0.64289,0.6218,0.36119,0.44889,0.58181,0.36629,1,0.81201,0.73355,0.73324,0.36008,0.39108,0.53876,0.50076,0.33517,0.23631,0.34422,0.40117,0.77557,0.71574,0.65926,0.6318,0.71912,0.70633,0.46934,0.47339,0.35101,0.32763,0.12837,0.3271,0.27571,0.20368,0.58207,0.54677,0.52449,0.53902,0.4622,0.48591,0.39457,0.3447,0.2679,0.20217,0.3604,0.39854,0.18403,0.22573,0.74714,0.65732,0.40343,0.34675,0.33385,0.30037,0.64339,0.65264,0.043173,0.083651,0.55741,0.54848,0.68551,0.67035,0,0.10893,0.44972,0.47852,0.37337,0.38044,0.55088,0.44122,0.82729,0.73442,0.76537,0.72804,0.68107,0.69073,0.46648,0.48941,0.50898,0.62022,0.39964,0.39456,0,0.15188,0,0,0.085437,0,0.075763,0.14976,0,0,0,0.029462,0,0.097367,0,0,0,0.16007,0,0.34194,0.45032,0.24527,0.15689,0.25887,0.19967,0
0.83352,0.87024,0.74758,0.76678,0.44231,0.38185,0.68986,0.72039,0.40838,0.11751,0.67072,0.74887,0.44839,0.53094,0.66205,0.39456,0.81201,1,0.79919,0.79298,0.33293,0.38731,0.60519,0.55678,0.38523,0.25783,0.41297,0.45196,0.65696,0.73084,0.63406,0.60788,0.76672,0.75521,0.57052,0.54417,0.19842,0.29126,0.035104,0.2871,0.1466,0.1399,0.69017,0.63681,0.60044,0.64791,0.56367,0.60505,0.50425,0.48506,0.34246,0.33784,0.47626,0.54638,0.22536,0.37521,0.86196,0.84839,0.57183,0.51867,0.43041,0.45267,0.55645,0.78112,0.098741,0.17756,0.67138,0.65542,0.72389,0.73249,0,0.13262,0.36538,0.50295,0.39722,0.40624,0.57982,0.52704,0.73314,0.80743,0.72771,0.77897,0.66889,0.72375,0.47655,0.54698,0.55236,0.67991,0.49123,0.55925,0.035349,0.2751,0,0.12537,0.041466,0.048807,0.041408,0.20488,0,0.081984,0,0.15939,0,0.19808,0,0,0,0.24684,0,0.31372,0.50716,0.34966,0.2238,0.33279,0.17063,0
0.93612,0.91797,0.88645,0.90873,0.53125,0.40087,0.81519,0.8321,0.35966,0.094248,0.79429,0.7799,0.61387,0.66965,0.75618,0.46115,0.73355,0.79919,1,0.98765,0.2781,0.28158,0.74495,0.72788,0.49772,0.39273,0.53409,0.50708,0.65733,0.69963,0.76129,0.76309,0.92935,0.9105,0.70151,0.69121,0.20612,0.18544,0,0.27645,0.12534,0.12342,0.71704,0.63562,0.57637,0.61247,0.56107,0.59765,0.4806,0.50266,0.33672,0.36155,0.46913,0.59296,0.18591,0.28335,0.84909,0.82503,0.61676,0.57271,0.50526,0.49596,0.55299,0.74856,0.18401,0.3089,0.72568,0.7489,0.90972,0.87817,0,0,0.38438,0.4628,0.33799,0.39128,0.68149,0.62973,0.73465,0.76305,0.81147,0.82263,0.73312,0.77637,0.59605,0.61255,0.67305,0.77105,0.57658,0.59124,0.070747,0.31678,0,0.15176,0,0,0,0.13548,0,0,0,0.14815,0,0.16824,0,0.044369,0,0.34055,0,0.38232,0.54339,0.2255,0.16147,0.27947,0.15399,0
0.91135,0.91087,0.86788,0.9017,0.48794,0.34891,0.79776,0.82457,0.35225,0.02856,0.76632,0.76819,0.5868,0.67905,0.73033,0.43629,0.73324,0.79298,0.98765,1,0.26459,0.26854,0.70942,0.71608,0.46954,0.36432,0.48677,0.4684,0.66849,0.72023,0.75218,0.76241,0.94203,0.92713,0.69342,0.69464,0.22141,0.18327,0,0.30015,0.13506,0.12412,0.72947,0.65212,0.58858,0.61135,0.56372,0.59921,0.49636,0.52593,0.36342,0.397,0.45178,0.58731,0.18805,0.29032,0.81974,0.79847,0.57954,0.5363,0.4699,0.46057,0.57818,0.74777,0.16154,0.32189,0.7305,0.7544,0.9307,0.88834,0,0,0.38397,0.46036,0.31618,0.37557,0.67174,0.60668,0.75696,0.78454,0.82108,0.83244,0.72521,0.77552,0.59445,0.62888,0.67095,0.76592,0.54214,0.54634,0.047426,0.2875,0,0.10993,0.0084246,0,0,0.15174,0,0,0,0.11869,0,0.1418,0,0.039766,0,0.31026,0,0.40598,0.55332,0.20049,0.14064,0.25302,0.13783,0
0.37886,0.31045,0.27502,0.30142,0.17263,0.62609,0.36035,0.24786,0,0.28219,0.38328,0.2553,0.41309,0.23745,0.42162,0.48638,0.36008,0.33293,0.2781,0.26459,1,0.94332,0.22278,0.18143,0.1479,0.47828,0.58897,0.57437,0.2624,0.33684,0.3465,0.29906,0.20558,0.22652,0.070958,0,0,0.031285,0.30719,0,0,0.29593,0.11393,0.10293,0.12631,0.15467,0.14251,0.11163,0.14663,0.13511,0.15048,0.085933,0.26147,0.18871,0.24374,0.16142,0.35657,0.31803,0.27194,0.22795,0.14937,0.085871,0.07677,0.18457,0,0,0.2082,0.15928,0.23499,0.18836,0.51471,0.444,0.42101,0.43148,0.31586,0.42217,0.32707,0.28997,0.11531,0.17073,0.17971,0.30795,0.37694,0.2334,0.14966,0.17835,0.28106,0.21655,0.31359,0.31372,0,0.049194,0,0.14048,0.36886,0.28371,0.23249,0.21386,0.043369,0.10513,0.074104,0.18665,0,0.096711,0,0,0.071866,0.27723,0,0.25851,0.0718,0.29029,0.16066,0.058364,0.1519,0.16813
0.38153,0.32058,0.31985,0.31059,0.24085,0.49903,0.38091,0.26587,0.06466,0.18543,0.40854,0.32097,0.40381,0.23518,0.43402,0.3731,0.39108,0.38731,0.28158,0.26854,0.94332,1,0.2655,0.19124,0.21735,0.41702,0.53465,0.59454,0.31506,0.41039,0.39123,0.33594,0.23056,0.25415,0.11448,0.019383,0,0.071544,0.28807,0.019601,0.11394,0.36149,0.13707,0.12203,0.15218,0.19162,0.17179,0.13381,0.1569,0.14755,0.15468,0.10871,0.25366,0.20564,0.22428,0.18248,0.35355,0.33516,0.28391,0.2334,0.17716,0.1226,0.15615,0.21161,0.0083336,0,0.21373,0.16644,0.21957,0.16873,0.53803,0.54028,0.42539,0.49036,0.35534,0.4705,0.33382,0.27347,0.19894,0.23571,0.20004,0.28038,0.40888,0.27554,0.1199,0.13409,0.28138,0.2258,0.27673,0.2774,0,0.018105,0,0.090542,0.30379,0.20612,0.24205,0.19545,0.076036,0.10696,0,0.15475,0,0.078244,0,0,0,0.21553,0,0.24234,0.081143,0.25862,0.16011,0.050437,0.20062,0.17131
0.71547,0.70501,0.87475,0.82569,0.53725,0.33336,0.75501,0.72529,0.38115,0.01787,0.72764,0.77785,0.67218,0.71257,0.75884,0.42993,0.53876,0.60519,0.74495,0.70942,0.22278,0.2655,1,0.89908,0.66625,0.46401,0.57509,0.65423,0.51508,0.51748,0.74967,0.77226,0.68883,0.63764,0.79217,0.66368,0.16783,0.18266,0,0.30226,0.22808,0.1094,0.4867,0.38489,0.33057,0.39517,0.42061,0.41874,0.29672,0.36053,0.28341,0.34716,0.42506,0.59161,0.12345,0.22105,0.6622,0.66,0.48054,0.41326,0.54326,0.48109,0.54117,0.58865,0.5015,0.36898,0.50014,0.51455,0.56717,0.50725,0,0.061684,0.26795,0.38179,0.28565,0.30535,0.44566,0.4126,0.53044,0.5497,0.62423,0.59769,0.68756,0.69951,0.57184,0.53277,0.6084,0.64752,0.59743,0.58889,0.091451,0.30263,0,0.12709,0,0,0,0.021171,0,0,0,0.036529,0,0,0,0.058392,0,0.2062,0,0.25269,0.35692,0.14642,0.12181,0.17932,0.24475,0
0.69718,0.67739,0.81403,0.83422,0.39694,0.35065,0.75673,0.79215,0.23146,0,0.70704,0.76015,0.71492,0.84591,0.71467,0.50887,0.50076,0.55678,0.72788,0.71608,0.18143,0.19124,0.89908,1,0.64367,0.53309,0.59321,0.6509,0.47401,0.45336,0.76528,0.82446,0.72329,0.68812,0.82172,0.80005,0.26206,0.20158,0.056321,0.34372,0.16442,0.064492,0.49366,0.38527,0.29169,0.35461,0.45602,0.44238,0.32572,0.43199,0.38204,0.43272,0.51892,0.65024,0.22986,0.27364,0.60369,0.60298,0.4721,0.46545,0.56779,0.58609,0.492,0.63907,0.53037,0.57999,0.53116,0.59416,0.65526,0.5831,0,0,0.25,0.29186,0.22254,0.21115,0.49661,0.50114,0.51422,0.51987,0.68352,0.69032,0.69471,0.76331,0.73842,0.71039,0.63925,0.7417,0.68451,0.67916,0.30726,0.449,0.039257,0.27991,0,0,0,0.08385,0,0.020241,0,0.16345,0,0.083935,0,0.19248,0,0.30397,0,0.26135,0.43051,0.19507,0.21811,0.27282,0.28577,0
0.51436,0.45335,0.68843,0.61863,0.74347,0.29348,0.65393,0.63018,0.50023,0.24836,0.59935,0.58665,0.58158,0.58762,0.58448,0.38861,0.33517,0.38523,0.49772,0.46954,0.1479,0.21735,0.66625,0.64367,1,0.65107,0.5969,0.64869,0.45595,0.4401,0.68326,0.62461,0.5312,0.51608,0.6784,0.66032,0.32362,0.26476,0.26477,0.49918,0.28854,0.21458,0.46383,0.44757,0.42353,0.47055,0.56724,0.53848,0.404,0.43541,0.39364,0.43322,0.47483,0.63995,0.34882,0.43694,0.44878,0.5189,0.5474,0.50861,0.55691,0.52906,0.36115,0.45933,0.3499,0.45197,0.5398,0.57873,0.42011,0.41701,0,0,0.15089,0.22826,0.25829,0.23369,0.33507,0.30413,0.38381,0.41774,0.44398,0.42108,0.58639,0.61751,0.40545,0.43285,0.48047,0.53759,0.49833,0.54193,0.27814,0.47626,0.04951,0.28824,0,0.095418,0.18643,0.27577,0.070725,0.20497,0,0.2304,0,0.16782,0.025365,0.17709,0,0.26923,0,0.050016,0.46013,0.17627,0.2683,0.25345,0.37691,0.037944
0.44719,0.35361,0.45282,0.49494,0.41425,0.70384,0.54724,0.4588,0,0.3786,0.41909,0.35771,0.62024,0.51849,0.51472,0.70951,0.23631,0.25783,0.39273,0.36432,0.47828,0.41702,0.46401,0.53309,0.65107,1,0.75899,0.68792,0.27946,0.34543,0.57907,0.55552,0.34034,0.34755,0.4217,0.42952,0.11834,0.090501,0.30125,0.24051,0,0.31818,0.22039,0.20859,0.16835,0.20089,0.27375,0.26804,0.19454,0.26511,0.23414,0.24336,0.32751,0.40295,0.28222,0.28066,0.36828,0.39278,0.36442,0.39195,0.41348,0.4035,0,0.27027,0.35711,0.33421,0.34599,0.36483,0.36878,0.31336,0.22784,0.082848,0.35714,0.35221,0.24151,0.31232,0.36255,0.40081,0.099228,0.1898,0.2217,0.37745,0.44291,0.43205,0.33273,0.36894,0.44821,0.44729,0.46063,0.5407,0.19398,0.36038,0.12751,0.3999,0.12686,0.26019,0.12849,0.25892,0.023505,0.21115,0.16885,0.37079,0.053131,0.24857,0.081754,0.11991,0.13366,0.44167,0,0.098636,0.23441,0.27938,0.25799,0.23841,0.24163,0.16629
0.61369,0.5256,0.59122,0.60444,0.5006,0.71769,0.67259,0.55948,0.015931,0.38832,0.60331,0.4742,0.67015,0.51139,0.67143,0.68572,0.34422,0.41297,0.53409,0.48677,0.58897,0.53465,0.57509,0.59321,0.5969,0.75899,1,0.88617,0.27558,0.27927,0.63332,0.60399,0.45892,0.4596,0.53347,0.48931,0.17591,0.1031,0.33136,0.21862,0,0.17093,0.38356,0.34605,0.31504,0.36617,0.45422,0.44921,0.3517,0.37433,0.37129,0.33841,0.5428,0.56402,0.4341,0.40761,0.55649,0.58478,0.56148,0.57321,0.48631,0.46988,0.16178,0.45329,0.33179,0.32518,0.51359,0.52376,0.49113,0.46808,0.098136,0,0.29027,0.30049,0.28635,0.3287,0.42083,0.47194,0.19741,0.23953,0.36293,0.49378,0.57384,0.48472,0.45748,0.48487,0.49878,0.52128,0.64404,0.69483,0.35695,0.54058,0.20743,0.52798,0.21069,0.22107,0.23624,0.35534,0.14248,0.31354,0.22587,0.47893,0.13294,0.38353,0.088562,0.12821,0.1459,0.59501,0,0.20932,0.36789,0.40403,0.37824,0.37421,0.31173,0.10628
0.5614,0.49288,0.63256,0.60341,0.5318,0.59936,0.67537,0.57441,0.21824,0.14849,0.62891,0.56188,0.68807,0.57141,0.71591,0.55603,0.40117,0.45196,0.50708,0.4684,0.57437,0.59454,0.65423,0.6509,0.64869,0.68792,0.88617,1,0.4164,0.41629,0.70656,0.67268,0.48484,0.48523,0.56276,0.50159,0.19008,0.1522,0.32875,0.30399,0.12909,0.2145,0.36639,0.32052,0.28835,0.34089,0.43275,0.41766,0.30646,0.34413,0.3502,0.33039,0.49968,0.55815,0.41315,0.39699,0.49453,0.53052,0.53103,0.51859,0.50992,0.49003,0.28557,0.44834,0.36173,0.37296,0.46864,0.47752,0.42835,0.40246,0.17455,0.15569,0.33874,0.4028,0.34407,0.38837,0.45896,0.4534,0.30897,0.35195,0.42131,0.46988,0.64256,0.57978,0.44027,0.42986,0.49435,0.53891,0.64812,0.64408,0.26394,0.43966,0.10145,0.40721,0.16986,0.17553,0.19422,0.28321,0.088385,0.26291,0.066973,0.36967,0,0.26404,0,0.09095,0.01509,0.50319,0,0.18261,0.32203,0.33152,0.34578,0.29755,0.32144,0.12095
0.60584,0.60987,0.62221,0.5784,0.37783,0.14504,0.56476,0.57056,0.48923,0,0.66205,0.65863,0.49355,0.54713,0.66497,0.32714,0.77557,0.65696,0.65733,0.66849,0.2624,0.31506,0.51508,0.47401,0.45595,0.27946,0.27558,0.4164,1,0.86594,0.66811,0.6287,0.6679,0.66526,0.46818,0.46564,0.43347,0.42321,0.30127,0.56156,0.41868,0.30568,0.4772,0.45365,0.41552,0.41889,0.40815,0.4185,0.31374,0.32106,0.25101,0.2275,0.30479,0.40537,0.22741,0.2524,0.53668,0.51611,0.40107,0.31977,0.4033,0.31022,0.6147,0.55565,0.072737,0.14496,0.46631,0.46674,0.58105,0.55919,0,0.14924,0.49786,0.52768,0.4262,0.4177,0.5922,0.45515,0.79353,0.75991,0.74082,0.6132,0.77266,0.75117,0.39017,0.40152,0.60335,0.64451,0.40003,0.36869,0,0.10472,0,0,0,0.0046962,0.023872,0.050055,0,0,0,0,0,0.038643,0,0,0,0.17894,0,0.11596,0.38861,0.067585,0.080745,0.14604,0.12009,0
0.63127,0.68134,0.65023,0.6531,0.46855,0.22984,0.58592,0.61147,0.50003,0,0.57549,0.67379,0.45387,0.55279,0.63664,0.34747,0.71574,0.73084,0.69963,0.72023,0.33684,0.41039,0.51748,0.45336,0.4401,0.34543,0.27927,0.41629,0.86594,1,0.65101,0.63907,0.69545,0.7079,0.42723,0.40954,0.29013,0.37772,0.17558,0.48445,0.37741,0.41002,0.50599,0.48037,0.4449,0.44991,0.35495,0.38733,0.28432,0.2902,0.14232,0.17518,0.19232,0.34363,0.09106,0.23303,0.56478,0.55224,0.34561,0.25356,0.32468,0.29154,0.4983,0.53249,0,0.11279,0.42793,0.42691,0.60416,0.55145,0.1116,0.34484,0.56916,0.71372,0.4842,0.52351,0.56727,0.44275,0.72475,0.81545,0.65368,0.61634,0.70302,0.74729,0.27362,0.32893,0.59116,0.62739,0.31512,0.33487,0,0,0,0,0,0,0,0.060641,0,0,0,0,0,0,0,0,0,0.10631,0,0.15757,0.33117,0.04806,0,0.06997,0.069985,0
0.71555,0.66684,0.79244,0.7865,0.45275,0.40112,0.75263,0.73759,0.2963,0.052737,0.72327,0.70311,0.64153,0.69121,0.69594,0.52726,0.65926,0.63406,0.76129,0.75218,0.3465,0.39123,0.74967,0.76528,0.68326,0.57907,0.63332,0.70656,0.66811,0.65101,1,0.96742,0.80015,0.78916,0.69289,0.67118,0.30231,0.21193,0.15914,0.38077,0.17679,0.1494,0.60818,0.53262,0.45684,0.47022,0.52441,0.52495,0.372,0.42697,0.32778,0.37227,0.38762,0.56785,0.28232,0.33648,0.61146,0.60707,0.49774,0.46385,0.4963,0.4786,0.49799,0.61608,0.22681,0.40394,0.61404,0.63803,0.69025,0.66504,0.026842,0.053559,0.32481,0.41409,0.27875,0.31332,0.61769,0.52454,0.61409,0.64496,0.6739,0.69298,0.70566,0.72275,0.49478,0.52018,0.56732,0.67378,0.52736,0.53585,0.10836,0.31211,0,0.17409,0.0603,0.050735,0.10252,0.2159,0,0.020288,0,0.16517,0,0.12953,0,0.095292,0,0.32316,0,0.25828,0.49013,0.1972,0.20318,0.2764,0.29687,0.018135
0.70264,0.66968,0.78742,0.80728,0.40772,0.36082,0.74332,0.75755,0.26995,0,0.70283,0.72294,0.63857,0.74232,0.68204,0.51842,0.6318,0.60788,0.76309,0.76241,0.29906,0.33594,0.77226,0.82446,0.62461,0.55552,0.60399,0.67268,0.6287,0.63907,0.96742,1,0.79942,0.7902,0.69701,0.68159,0.29709,0.21332,0.12591,0.37729,0.1845,0.13309,0.55853,0.47516,0.37751,0.39444,0.44277,0.45074,0.29725,0.37217,0.27263,0.33532,0.33804,0.52088,0.21286,0.27208,0.59187,0.57318,0.4385,0.41177,0.4867,0.49272,0.49012,0.61209,0.2677,0.45047,0.55387,0.59131,0.69122,0.64023,0.025222,0.068473,0.34282,0.40999,0.26239,0.27287,0.59021,0.51268,0.59966,0.63547,0.67891,0.7024,0.68427,0.72896,0.54397,0.54783,0.57862,0.67821,0.52792,0.52958,0.093462,0.2657,0,0.14584,0.021364,0.011131,0.006355,0.15352,0,0,0,0.11862,0,0.065042,0,0.11521,0,0.28331,0,0.24751,0.42555,0.15201,0.16117,0.25827,0.29153,0
0.86074,0.8511,0.8807,0.88984,0.4746,0.2872,0.82885,0.84875,0.3737,0,0.75419,0.76037,0.57247,0.6856,0.67851,0.38073,0.71912,0.76672,0.92935,0.94203,0.20558,0.23056,0.68883,0.72329,0.5312,0.34034,0.45892,0.48484,0.6679,0.69545,0.80015,0.79942,1,0.98641,0.75697,0.7667,0.27481,0.19985,0.03765,0.37274,0.18051,0.09725,0.78709,0.7165,0.64585,0.66584,0.65085,0.66147,0.5524,0.57435,0.43006,0.45116,0.45981,0.60833,0.2546,0.35908,0.77117,0.76506,0.59761,0.54349,0.53855,0.54586,0.63055,0.79369,0.19336,0.43026,0.79366,0.81885,0.91109,0.878,0,0,0.33511,0.40626,0.28305,0.304,0.6659,0.58061,0.75963,0.77409,0.80972,0.80882,0.7212,0.78675,0.57338,0.62391,0.62781,0.75417,0.54047,0.54151,0.083848,0.30655,0,0.1252,0.016464,0,0.090926,0.23613,0,0,0,0.13038,0,0.1386,0,0.051419,0,0.30486,0,0.38271,0.60873,0.18817,0.14822,0.26641,0.20223,0
0.84808,0.83407,0.85333,0.87342,0.46307,0.28911,0.8184,0.84808,0.37393,0,0.73477,0.74521,0.55861,0.67173,0.65204,0.38241,0.70633,0.75521,0.9105,0.92713,0.22652,0.25415,0.63764,0.68812,0.51608,0.34755,0.4596,0.48523,0.66526,0.7079,0.78916,0.7902,0.98641,1,0.73038,0.75214,0.26225,0.19221,0.067397,0.38639,0.17379,0.11508,0.77612,0.70997,0.64909,0.66334,0.64466,0.65686,0.54762,0.56483,0.41834,0.4339,0.44554,0.58706,0.27373,0.3824,0.75629,0.75312,0.60185,0.55827,0.53978,0.56442,0.59071,0.78512,0.16673,0.45262,0.79137,0.81974,0.89922,0.87129,0,0,0.34853,0.42555,0.3012,0.3134,0.67229,0.58432,0.74341,0.76424,0.78744,0.79283,0.71319,0.78592,0.55177,0.60509,0.60815,0.75176,0.53274,0.53591,0.093798,0.30773,0,0.14226,0.046956,0.04967,0.11557,0.26645,0,0,0,0.15589,0,0.1605,0,0.077705,0,0.32203,0,0.35306,0.60357,0.20927,0.17159,0.27837,0.22432,0
0.70216,0.66907,0.8122,0.77086,0.44871,0.24073,0.75495,0.74498,0.31055,0,0.67432,0.69387,0.62387,0.69527,0.65314,0.39947,0.46934,0.57052,0.70151,0.69342,0.070958,0.11448,0.79217,0.82172,0.6784,0.4217,0.53347,0.56276,0.46818,0.42723,0.69289,0.69701,0.75697,0.73038,1,0.91853,0.35655,0.22929,0.08663,0.39251,0.24339,0.057157,0.64013,0.56401,0.50671,0.56134,0.63879,0.63083,0.49024,0.54081,0.49661,0.52245,0.52708,0.67952,0.29298,0.39537,0.64603,0.68552,0.57267,0.55727,0.61968,0.65759,0.52238,0.70833,0.61023,0.6444,0.72717,0.76298,0.67485,0.65069,0,0,0.17797,0.24087,0.25224,0.23673,0.48238,0.46049,0.53627,0.54597,0.65638,0.65684,0.64624,0.68588,0.6668,0.70565,0.56642,0.6932,0.58517,0.60724,0.36096,0.53891,0.12968,0.33362,0,0.0029248,0.11632,0.23718,0,0.16474,0,0.26074,0,0.25151,0.022487,0.21991,0,0.35868,0,0.18591,0.59078,0.23959,0.29128,0.38869,0.38774,0
0.67825,0.65774,0.739,0.73081,0.39898,0.24185,0.70813,0.73296,0.26292,0,0.63814,0.62868,0.57184,0.69566,0.59365,0.39208,0.47339,0.54417,0.69121,0.69464,0,0.019383,0.66368,0.80005,0.66032,0.42952,0.48931,0.50159,0.46564,0.40954,0.67118,0.68159,0.7667,0.75214,0.91853,1,0.42491,0.29747,0.1265,0.45652,0.20464,0.027228,0.6766,0.61294,0.52378,0.57086,0.68936,0.67292,0.52827,0.59353,0.54675,0.5604,0.57411,0.71191,0.36968,0.43503,0.59525,0.64328,0.56012,0.58125,0.57297,0.63188,0.46128,0.69406,0.49312,0.6822,0.75163,0.81736,0.73583,0.7253,0,0,0.17828,0.2019,0.23076,0.20042,0.53743,0.54549,0.57498,0.55323,0.688,0.70695,0.63876,0.70977,0.7115,0.75981,0.58468,0.72953,0.60896,0.62463,0.46244,0.61035,0.22921,0.37874,0,0.05419,0.11853,0.25842,0,0.18915,0,0.3134,0.0055825,0.33092,0.11267,0.31594,0,0.40553,0,0.15006,0.63471,0.24796,0.3353,0.4249,0.33955,0
0.21059,0.18362,0.19778,0.14816,0.082876,0.012429,0.2118,0.23857,0.1396,0.01243,0.29494,0.21388,0.25715,0.32029,0.30736,0.25044,0.35101,0.19842,0.20612,0.22141,0,0,0.16783,0.26206,0.32362,0.11834,0.17591,0.19008,0.43347,0.29013,0.30231,0.29709,0.27481,0.26225,0.35655,0.42491,1,0.68691,0.59303,0.56828,0.56267,0.31042,0.20187,0.20026,0.14102,0.1642,0.3083,0.29022,0.16248,0.18189,0.27208,0.20284,0.34879,0.31285,0.39286,0.2626,0.16292,0.16547,0.23815,0.27349,0.25246,0.30362,0.35202,0.31302,0.2903,0.32209,0.27483,0.32166,0.26262,0.28193,0,0,0.19574,0.1038,0.24773,0.17023,0.32929,0.29625,0.40412,0.31019,0.41118,0.37325,0.4371,0.43779,0.37048,0.39746,0.37164,0.4343,0.36505,0.33311,0.35914,0.40434,0.32744,0.3128,0,0.11884,0.23809,0.19557,0.24601,0.21164,0.24961,0.33144,0.32231,0.34093,0.14831,0.16865,0.19751,0.27057,0,0,0.41699,0.15334,0.29798,0.39039,0.34341,0.061428
0.20825,0.22153,0.18174,0.1523,0.09878,0.016949,0.15481,0.19663,0.19341,0.012288,0.25989,0.23699,0.16313,0.22973,0.27717,0.15223,0.32763,0.29126,0.18544,0.18327,0.031285,0.071544,0.18266,0.20158,0.26476,0.090501,0.1031,0.1522,0.42321,0.37772,0.21193,0.21332,0.19985,0.19221,0.22929,0.29747,0.68691,1,0.51987,0.66891,0.47731,0.30161,0.13529,0.17379,0.1016,0.16285,0.18886,0.20946,0.043952,0.044166,0.028333,0.0077671,0.1655,0.16723,0.21551,0.1621,0.18395,0.21198,0.1442,0.15451,0.16001,0.21001,0.24579,0.24097,0.15878,0.13528,0.18477,0.21966,0.18111,0.22629,0,0,0.15262,0.17404,0.20755,0.13448,0.25261,0.25909,0.38991,0.39456,0.36228,0.34756,0.39113,0.41344,0.23521,0.27159,0.33487,0.37024,0.24462,0.2503,0.12791,0.23499,0.10552,0.158,0,0.027778,0.04057,0.010621,0.069107,0.070675,0.027731,0.12695,0.11284,0.22249,0.047278,0.095314,0.22932,0.18867,0,0,0.25377,0.067896,0.13504,0.24028,0.18972,0
0.043747,0,0.014888,0,0.076859,0.14714,0.13004,0.076985,0,0.16368,0.1407,0.01474,0.24002,0.15964,0.25641,0.3023,0.12837,0.035104,0,0,0.30719,0.28807,0,0.056321,0.26477,0.30125,0.33136,0.32875,0.30127,0.17558,0.15914,0.12591,0.03765,0.067397,0.08663,0.1265,0.59303,0.51987,1,0.63717,0.33413,0.31152,0,0,0,0,0.12143,0.093128,0.012549,0.040675,0.17343,0.067201,0.26756,0.19833,0.48889,0.25272,0.00238,0.044842,0.16744,0.21724,0.17333,0.21468,0.03243,0.075392,0.14078,0.12874,0.097318,0.12098,0.042095,0.05376,0.018608,0,0.079029,0,0.085357,0.076857,0.15093,0.1542,0.093551,0.070012,0.16439,0.15715,0.44586,0.33837,0.15314,0.19709,0.33738,0.31054,0.3439,0.31981,0.26447,0.35923,0.39534,0.41163,0,0.4447,0.34409,0.28262,0.32624,0.29453,0.39034,0.36258,0.36775,0.33191,0.053814,0,0.471,0.38198,0,0,0.19628,0.1371,0.24064,0.23487,0.20769,0.27053
0.26606,0.28097,0.36112,0.30533,0.26511,0,0.32169,0.36429,0.32958,0,0.3336,0.35843,0.27598,0.40512,0.37694,0.18271,0.3271,0.2871,0.27645,0.30015,0,0.019601,0.30226,0.34372,0.49918,0.24051,0.21862,0.30399,0.56156,0.48445,0.38077,0.37729,0.37274,0.38639,0.39251,0.45652,0.56828,0.66891,0.63717,1,0.45151,0.22699,0.31206,0.34887,0.29972,0.29032,0.38564,0.37896,0.26524,0.30034,0.28477,0.29754,0.25613,0.37301,0.39585,0.38962,0.20683,0.26779,0.26512,0.24163,0.26604,0.24924,0.31659,0.29732,0.15021,0.29954,0.36286,0.39549,0.31144,0.29104,0,0,0.10069,0.17481,0.11484,0.10515,0.24796,0.1967,0.42425,0.4133,0.42196,0.33688,0.5773,0.57781,0.29848,0.38099,0.53011,0.51007,0.36147,0.32961,0.16938,0.2869,0.048948,0.12543,0,0.20499,0.18999,0.22868,0.026378,0.088385,0,0.081043,0.021573,0.12037,0.11535,0.18549,0.14424,0.24978,0,0,0.38012,0,0.14765,0.19129,0.16132,0.0013291
0.10201,0.11817,0.18912,0.11193,0.2449,0,0.12571,0.17186,0.34024,0,0.23055,0.27414,0.14376,0.23456,0.22744,0.0059934,0.27571,0.1466,0.12534,0.13506,0,0.11394,0.22808,0.16442,0.28854,0,0,0.12909,0.41868,0.37741,0.17679,0.1845,0.18051,0.17379,0.24339,0.20464,0.56267,0.47731,0.33413,0.45151,1,0.67408,0.032814,0.0035893,0.06444,0.08044,0.059983,0.011039,0.029395,0.0088791,0.04047,0.013391,0.094113,0.074216,0.097887,0.096345,0.092604,0.069937,0.10549,0.045522,0.21728,0.14503,0.41819,0.148,0.17744,0.15227,0.052314,0.074396,0.072044,0.026402,0.065688,0.21115,0.44103,0.39569,0.4696,0.33069,0.19741,0.11589,0.30234,0.22375,0.2236,0.094514,0.39297,0.34763,0.11147,0.12145,0.27571,0.24651,0.10949,0.13973,0,0,0,0,0,0,0.063033,0,0.071757,0.033065,0,0.021344,0,0.0044488,0.078597,0.15571,0,0.023946,0,0,0.084921,0,0.10205,0.10544,0.21631,0.080841
0.11649,0.097645,0.11712,0.11293,0.25698,0.17585,0.15507,0.16417,0.049773,0.16176,0.15907,0.1827,0.21679,0.21105,0.21617,0.27093,0.20368,0.1399,0.12342,0.12412,0.29593,0.36149,0.1094,0.064492,0.21458,0.31818,0.17093,0.2145,0.30568,0.41002,0.1494,0.13309,0.09725,0.11508,0.057157,0.027228,0.31042,0.30161,0.31152,0.22699,0.67408,1,0,0,0,0,0,0,0,0,0,0,0.048877,0.030365,0.061392,0.064941,0.073575,0.064952,0.07913,0.074234,0.18205,0.1416,0.092012,0.073336,0.076947,0.06044,0,0.0046697,0.067137,0,0.34922,0.35867,0.57646,0.574,0.50807,0.46907,0.20501,0.16657,0.10652,0.081502,0.034217,0.056501,0.30482,0.2721,0,0.025624,0.23694,0.19521,0.054955,0.16525,0,0,0,0.00092753,0,0.12751,0.061427,0.045118,0.051599,0.056146,0,0.14453,0,0.035317,0.015646,0.064479,0,0.10028,0,0.00080896,0,0.070046,0.078548,0.12358,0.18634,0.21443
0.73543,0.71988,0.7458,0.74417,0.41351,0.28754,0.68474,0.71207,0.3793,0.031783,0.63363,0.62504,0.39033,0.4779,0.49653,0.25351,0.58207,0.69017,0.71704,0.72947,0.11393,0.13707,0.4867,0.49366,0.46383,0.22039,0.38356,0.36639,0.4772,0.50599,0.60818,0.55853,0.78709,0.77612,0.64013,0.6766,0.20187,0.13529,0,0.31206,0.032814,0,1,0.95666,0.92606,0.90695,0.895,0.90383,0.84972,0.79813,0.64443,0.6459,0.53336,0.65021,0.45427,0.63641,0.70662,0.73649,0.64671,0.58931,0.40299,0.36961,0.52187,0.68288,0.034877,0.34396,0.88911,0.87076,0.76472,0.7855,0,0,0.18664,0.30961,0.21013,0.29381,0.51158,0.43725,0.61342,0.6234,0.58005,0.61206,0.49372,0.53327,0.40308,0.52654,0.49239,0.56834,0.46544,0.45752,0.25073,0.40075,0.046467,0.19381,0.074488,0.03423,0.34986,0.50221,0.068914,0.23919,0,0.22317,0,0.25101,0.030374,0.16161,0,0.33387,0,0.32817,0.71422,0.32361,0.30369,0.34419,0.20819,0
0.6652,0.64264,0.66788,0.66496,0.4038,0.26816,0.62178,0.63872,0.38072,0.063759,0.54221,0.53399,0.31315,0.37662,0.43968,0.22152,0.54677,0.63681,0.63562,0.65212,0.10293,0.12203,0.38489,0.38527,0.44757,0.20859,0.34605,0.32052,0.45365,0.48037,0.53262,0.47516,0.7165,0.70997,0.56401,0.61294,0.20026,0.17379,0,0.34887,0.0035893,0,0.95666,1,0.94223,0.92957,0.88921,0.92801,0.82123,0.7541,0.58428,0.59999,0.44358,0.57749,0.45318,0.6478,0.65153,0.68738,0.59997,0.55924,0.35697,0.32671,0.43226,0.61219,0,0.29313,0.87133,0.84341,0.71373,0.75876,0,0,0.13105,0.26766,0.17367,0.27491,0.4699,0.40121,0.58669,0.58002,0.51047,0.5441,0.43609,0.47684,0.30603,0.44777,0.42533,0.48844,0.38865,0.38114,0.22501,0.3946,0.081577,0.20666,0.030487,0.060085,0.38647,0.56388,0.11552,0.29535,0,0.24894,0,0.28599,0.053353,0.16441,0,0.31875,0,0.2269,0.71478,0.3375,0.30894,0.33484,0.202,0
0.62803,0.59341,0.62832,0.62108,0.42848,0.22351,0.56393,0.58803,0.39976,0.071687,0.52091,0.5026,0.23263,0.27949,0.36632,0.13604,0.52449,0.60044,0.57637,0.58858,0.12631,0.15218,0.33057,0.29169,0.42353,0.16835,0.31504,0.28835,0.41552,0.4449,0.45684,0.37751,0.64585,0.64909,0.50671,0.52378,0.14102,0.1016,0,0.29972,0.06444,0,0.92606,0.94223,1,0.96669,0.8614,0.87728,0.88876,0.7689,0.60891,0.58394,0.46261,0.52794,0.48522,0.66017,0.65109,0.67987,0.62971,0.5549,0.34699,0.27297,0.45642,0.5735,0,0.21951,0.85295,0.80781,0.63929,0.67182,0,0,0.18365,0.28328,0.23098,0.30437,0.4168,0.32547,0.52541,0.5116,0.43321,0.4379,0.39542,0.40007,0.22976,0.37649,0.3958,0.42218,0.33678,0.34049,0.19373,0.32879,0.056386,0.16646,0.055793,0.055082,0.42445,0.57732,0.17974,0.31045,0,0.2189,0,0.24361,0.03175,0.10498,0,0.31485,0,0.22729,0.65448,0.30614,0.29621,0.27501,0.12177,0
0.67881,0.6331,0.68388,0.6681,0.48594,0.26355,0.63285,0.63954,0.43856,0.12357,0.58156,0.561,0.29281,0.31871,0.4306,0.15708,0.53902,0.64791,0.61247,0.61135,0.15467,0.19162,0.39517,0.35461,0.47055,0.20089,0.36617,0.34089,0.41889,0.44991,0.47022,0.39444,0.66584,0.66334,0.56134,0.57086,0.1642,0.16285,0,0.29032,0.08044,0,0.90695,0.92957,0.96669,1,0.88476,0.90184,0.89129,0.78459,0.61683,0.58406,0.53512,0.57469,0.49828,0.67331,0.70889,0.75343,0.71603,0.64305,0.43857,0.37732,0.4762,0.63274,0.0005379,0.25838,0.88486,0.84466,0.65783,0.70587,0,0.00096331,0.19854,0.29239,0.27779,0.33467,0.43177,0.3645,0.53841,0.52658,0.46331,0.47237,0.43083,0.45452,0.27821,0.41908,0.42199,0.4797,0.40865,0.42896,0.23629,0.4102,0.10012,0.25211,0.030222,0.038876,0.41403,0.56313,0.22899,0.35738,0,0.28977,0,0.31672,0.0063503,0.095641,0,0.34438,0,0.21895,0.68655,0.37389,0.3463,0.33077,0.18169,0
