1,0.7238,0.64893,0.50322,0.40906,0.43798,0.72354,0.43391,0.56428,0.35189,0.60166,0.50893,0.65465,0.23382,0.42112,0.32918,0.21182,0.29386,0.68197,0.71629,0.36756,0.16653,0.58804,0.38711,0.38255,0.1648,0.090744,0.2646,0.048862,0.16281,0.23347,0,0.70276,0.43899,0.52132,0.51026,0.13718,0.0047472,0,0.13845,0,0,0.57423,0.37737,0.65389,0.61369,0.5337,0.53889,0.6277,0.65164,0.56513,0.61228,0.4621,0.53568,0.29735,0.54974,0.88162,0.76898,0.66506,0.62429,0.57448,0.7149,0.4818,0.61855,0.39147,0.52144,0.71468,0.63458,0.78728,0.72855,0.18606,0.020753,0.46155,0.60223,0.50686,0.64159,0.52935,0.54852,0,0,0.30725,0.24676,0.3083,0.10492,0.36487,0.45631,0.024411,0.12906,0.40679,0.59766,0.41407,0.38488,0.1763,0.33064,0,0,0.38826,0.30837,0.63101,0.60964,0.46382,0.38731,0.54162,0.43111,0.39973,0.28219,0.33019,0.13888,0,0,0.51774,0.54495,0.5028,0.59721,0.29739,0.015961
0.7238,1,0.78199,0.82522,0.50512,0.55759,0.68998,0.82372,0.61942,0.55222,0.6701,0.76704,0.71883,0.60424,0.49249,0.54977,0.16705,0.24805,0.82639,0.83902,0.4408,0.34297,0.74266,0.60043,0.48531,0.18487,0.27034,0.30714,0,0.13701,0.29595,0,0.6769,0.32483,0.60385,0.51284,0.091668,0,0,0.010448,0,0,0.58529,0.50759,0.66812,0.68157,0.52182,0.53002,0.64149,0.65163,0.57155,0.58237,0.49711,0.38334,0.39389,0.53011,0.68651,0.91865,0.56706,0.70491,0.46907,0.82335,0.61059,0.63296,0.42575,0.66277,0.74989,0.78111,0.79559,0.8365,0.42894,0.090617,0.57607,0.62635,0.71275,0.58421,0.7639,0.64964,0,0,0.24911,0.15126,0.38713,0.12467,0.42226,0.46464,0,0.051362,0.47274,0.50891,0.33421,0.26843,0.18018,0.29913,0,0.019751,0.40343,0.39158,0.66431,0.6923,0.454,0.27221,0.66653,0.42006,0.55332,0.26915,0.18193,0.27095,0,0,0.42629,0.53821,0.47694,0.733,0.55772,0.21496
0.64893,0.78199,1,0.79675,0.58399,0.59,0.79245,0.73168,0.53332,0.66775,0.5022,0.56398,0.63677,0.38226,0.38408,0.50279,0.11567,0.0018238,0.87421,0.79687,0.33619,0.35341,0.84183,0.68248,0.46354,0.090604,0.20417,0.23836,0,0,0.19999,0,0.66168,0.30372,0.63562,0.57947,0.11274,0,0,0,0,0,0.60004,0.33024,0.61679,0.57899,0.57259,0.52559,0.5888,0.57002,0.5556,0.54881,0.49786,0.58801,0.32019,0.57553,0.63343,0.72501,0.55503,0.60759,0.38988,0.65111,0.5757,0.40385,0.46696,0.51496,0.77948,0.78234,0.77251,0.79527,0.17014,0,0.52305,0.47822,0.72734,0.50141,0.64272,0.61761,0,0,0.24532,0.015946,0.27458,0.11901,0.35872,0.42683,0,0.011504,0.44919,0.68595,0.43485,0.53031,0.36025,0.54934,0,0.035514,0.50721,0.38624,0.68253,0.71585,0.49106,0.44619,0.62112,0.50213,0.61294,0.4141,0.13579,0.35359,0,0,0.51202,0.6194,0.5782,0.68636,0.55882,0.25199
0.50322,0.82522,0.79675,1,0.52095,0.46969,0.55141,0.90667,0.50598,0.51117,0.54784,0.69841,0.5714,0.6752,0.37455,0.41208,0.058511,0.17156,0.76736,0.80006,0.388,0.36174,0.81252,0.84017,0.43999,0.22611,0.34806,0.24471,0,0.029686,0.33257,0,0.57925,0.33083,0.54817,0.53747,0.042379,0,0,0.022221,0,0,0.61546,0.41791,0.59785,0.55078,0.51123,0.51823,0.55568,0.53331,0.53321,0.42704,0.48284,0.39585,0.35095,0.43771,0.51876,0.73503,0.39561,0.52264,0.33473,0.67231,0.51975,0.51275,0.39554,0.58033,0.64705,0.66963,0.65185,0.70835,0.29431,0.12117,0.50948,0.50038,0.70168,0.45667,0.74895,0.62373,0,0,0.19957,0.066851,0.29406,0.008675,0.34176,0.32232,0,0,0.51258,0.41523,0.41209,0.38663,0.3782,0.41732,0,0.018334,0.44004,0.36452,0.62749,0.6298,0.45985,0.26117,0.50501,0.31659,0.58191,0.33632,0.12492,0.16353,0,0,0.51133,0.63065,0.54439,0.65815,0.60345,0.20422
0.40906,0.50512,0.58399,0.52095,1,0.43041,0.49587,0.52375,0.60521,0.46243,0.46783,0.532,0.48622,0.39096,0.542,0.50278,0.21127,0.12148,0.60516,0.48803,0.34566,0.29793,0.49393,0.43884,0.51643,0.19605,0.43765,0.3768,0.053406,0.12146,0.26069,0,0.40142,0.21284,0.39101,0.38874,0.22213,0.11263,0.011351,0.16693,0.10543,0.14976,0.37618,0.23173,0.49873,0.4632,0.48698,0.42615,0.43211,0.40549,0.43711,0.41321,0.43941,0.51697,0.4326,0.52444,0.45496,0.4975,0.5019,0.49411,0.36939,0.40263,0.50202,0.22675,0.47246,0.42088,0.56182,0.56295,0.49936,0.50831,0.16899,0,0.46273,0.43708,0.56789,0.46925,0.41461,0.43131,0,0,0.29321,0.17417,0.42369,0.29429,0.38165,0.4913,0.14457,0.24485,0.4941,0.58745,0.43239,0.46941,0.27374,0.42453,0.11776,0.15417,0.523,0.43573,0.61859,0.60325,0.44927,0.42163,0.59891,0.55072,0.43017,0.19339,0.28807,0.34868,0.027626,0.020032,0.42607,0.42153,0.44454,0.55303,0.288,0.24474
0.43798,0.55759,0.59,0.46969,0.43041,1,0.5147,0.42419,0.45354,0.74361,0.55295,0.54592,0.50276,0.29993,0.39212,0.67068,0.26012,0.21843,0.56405,0.45552,0.1154,0.24746,0.56703,0.45931,0.48719,0.41278,0.1737,0.49775,0.078713,0.080135,0.29533,0.020387,0.48087,0.37979,0.37404,0.40539,0,0,0,0,0,0,0.30014,0.11424,0.36987,0.39559,0.23334,0.21837,0.35349,0.29768,0.34808,0.33683,0.26125,0.24676,0.099731,0.21379,0.4398,0.5742,0.34196,0.44963,0.3597,0.56193,0.52846,0.44424,0.36557,0.4777,0.42295,0.42645,0.44031,0.47923,0.17576,0,0.2698,0.246,0.47567,0.31108,0.28414,0.23989,0,0.072263,0.17065,0.1232,0.32858,0.27724,0.23075,0.28327,0.0056126,0.16076,0.25217,0.28838,0.20958,0.23711,0.11207,0.26734,0,0,0.17429,0.094988,0.36795,0.42478,0.3194,0.17469,0.42154,0.24137,0.39543,0.12344,0.16973,0.17755,0,0,0.24085,0.31496,0.26017,0.37219,0.25582,0.11733
0.72354,0.68998,0.79245,0.55141,0.49587,0.5147,1,0.53293,0.68691,0.60756,0.4946,0.58203,0.72659,0.31786,0.4404,0.51849,0.13338,0.17677,0.66651,0.65399,0.24534,0.014931,0.76022,0.42783,0.47472,0.082175,0,0.12152,0.041816,0.13219,0.21271,0,0.56879,0.23973,0.45006,0.37456,0.13911,0,0,0.0067797,0,0,0.47808,0.29995,0.50518,0.43694,0.46869,0.43571,0.47214,0.43835,0.39643,0.45799,0.29495,0.38481,0.24517,0.52599,0.5777,0.58281,0.40446,0.39879,0.36197,0.61821,0.51813,0.45646,0.32011,0.45317,0.59441,0.60011,0.67465,0.68574,0.21875,0,0.39962,0.49496,0.48293,0.6113,0.56025,0.62149,0,0,0.20375,0.15225,0.23866,0.22998,0.29432,0.37194,0,0.11909,0.29951,0.6766,0.31393,0.39254,0.24624,0.39294,0,0,0.41639,0.30529,0.53236,0.58217,0.36449,0.41379,0.46171,0.43821,0.44505,0.32001,0.0043739,0.2568,0,0,0.45859,0.51302,0.45787,0.54562,0.43991,0.14475
0.43391,0.82372,0.73168,0.90667,0.52375,0.42419,0.53293,1,0.56659,0.52418,0.54171,0.745,0.59922,0.7393,0.48181,0.43487,0.16924,0.20214,0.68091,0.71432,0.49007,0.32423,0.76822,0.79266,0.45101,0.25873,0.40928,0.29796,0.013815,0.18786,0.36435,0,0.4835,0.23196,0.46429,0.36381,0.15672,0,0,0.10485,0.042457,0,0.58037,0.45143,0.5916,0.56747,0.5494,0.51069,0.56825,0.53234,0.53808,0.48152,0.51286,0.37021,0.45851,0.49079,0.48599,0.69802,0.36408,0.50666,0.3333,0.62516,0.54719,0.47261,0.41755,0.59149,0.61569,0.64823,0.62765,0.69215,0.39783,0.18333,0.5449,0.5532,0.67501,0.50103,0.7247,0.58385,0,0,0.29685,0.1746,0.41863,0.15161,0.44792,0.4012,0,0.0095793,0.5743,0.45229,0.40323,0.34881,0.38216,0.36945,0.0063486,0.11888,0.48832,0.44182,0.65504,0.66034,0.46501,0.25026,0.52505,0.35628,0.53878,0.24318,0.051517,0.23012,0,0,0.45206,0.58615,0.52886,0.66717,0.56375,0.23661
0.56428,0.61942,0.53332,0.50598,0.60521,0.45354,0.68691,0.56659,1,0.49621,0.50363,0.60597,0.76122,0.41336,0.72768,0.5091,0.19711,0.33423,0.46233,0.51438,0.51014,0.037915,0.63967,0.43757,0.49603,0.36082,0.27208,0.42493,0.13194,0.30062,0.42183,0.049593,0.39304,0.17533,0.21247,0.13303,0.24642,0.21578,0.077333,0.27471,0.090029,0.011773,0.35399,0.26452,0.41336,0.38595,0.43155,0.43161,0.39275,0.39977,0.36857,0.43743,0.34517,0.38632,0.34769,0.5775,0.50961,0.51952,0.38624,0.40213,0.36787,0.46175,0.41023,0.33625,0.27697,0.43357,0.41216,0.39474,0.50463,0.5412,0.44127,0.20798,0.49035,0.6142,0.47439,0.61341,0.44604,0.43429,0,0.04631,0.28988,0.30254,0.42928,0.27555,0.35844,0.42454,0.10379,0.27381,0.42826,0.603,0.40481,0.3528,0.23263,0.30994,0.053795,0.093737,0.37756,0.38219,0.54314,0.54341,0.40807,0.40982,0.43549,0.39987,0.27741,0.15743,0.14204,0.14861,0.049299,0,0.34235,0.4321,0.38654,0.50084,0.22634,0.063731
0.35189,0.55222,0.66775,0.51117,0.46243,0.74361,0.60756,0.52418,0.49621,1,0.36593,0.53681,0.42281,0.35006,0.36595,0.7003,0.21451,0.11826,0.56605,0.49447,0.20021,0.29284,0.57164,0.44052,0.39383,0.20411,0.16199,0.26859,0.04569,0.076942,0.2405,0,0.34373,0.16498,0.38225,0.28563,0.1508,0,0,0,0.15649,0.073087,0.28364,0.089439,0.31346,0.32997,0.35324,0.26343,0.2941,0.24995,0.2716,0.3093,0.24274,0.23044,0.21962,0.30322,0.34397,0.49292,0.3383,0.46246,0.24459,0.50217,0.49847,0.29219,0.29699,0.47499,0.48126,0.49051,0.4727,0.55037,0.14291,0,0.32858,0.2547,0.52221,0.30155,0.39973,0.38021,0,0,0.19406,0.079936,0.31957,0.37502,0.29136,0.34258,0.078219,0.1312,0.26992,0.4698,0.21594,0.33577,0.16696,0.39297,0,0.15737,0.32175,0.29721,0.39693,0.48033,0.33931,0.35704,0.55447,0.4804,0.37222,0.24469,0.016261,0.45713,0,0,0.20282,0.32114,0.30762,0.45498,0.30108,0.19768
0.60166,0.6701,0.5022,0.54784,0.46783,0.55295,0.4946,0.54171,0.50363,0.36593,1,0.74936,0.79746,0.58227,0.65577,0.44758,0.53146,0.6064,0.54821,0.50137,0.27868,0.18392,0.56659,0.52383,0.50894,0.60609,0.10015,0.49323,0.37171,0.49382,0.50909,0.25917,0.6677,0.54703,0.4575,0.41737,0.18521,0.20064,0,0.22961,0.12042,0.17768,0.60688,0.42095,0.64493,0.6272,0.42942,0.49653,0.64844,0.57045,0.63793,0.59348,0.52273,0.41118,0.35124,0.37617,0.6408,0.66396,0.44066,0.41588,0.68716,0.66242,0.74559,0.7739,0.45639,0.58685,0.50593,0.43061,0.45878,0.44001,0.32078,0.076557,0.44188,0.55072,0.5156,0.61448,0.42027,0.40229,0.18175,0.35019,0.49726,0.51962,0.5459,0.37117,0.53579,0.58147,0,0.33458,0.43817,0.35524,0.44615,0.30727,0.22095,0.23634,0,0,0.32488,0.30221,0.57833,0.60664,0.38162,0.13856,0.41552,0.17356,0.48099,0.12348,0.17549,0.067869,0,0.12738,0.52179,0.52494,0.42339,0.46473,0.34995,0.097859
0.50893,0.76704,0.56398,0.69841,0.532,0.54592,0.58203,0.745,0.60597,0.53681,0.74936,1,0.71367,0.82111,0.61908,0.66047,0.31953,0.58684,0.58645,0.60805,0.3972,0.2414,0.65616,0.59853,0.45731,0.47801,0.25591,0.41946,0.20491,0.44031,0.54456,0.1854,0.60356,0.47686,0.44008,0.3653,0.098637,0.088809,0,0.17331,0.04584,0.022493,0.50017,0.44489,0.5785,0.57712,0.38876,0.48109,0.50878,0.49374,0.45995,0.43888,0.35311,0.2168,0.3246,0.3934,0.50747,0.67818,0.35757,0.46864,0.52401,0.76726,0.63491,0.71919,0.46013,0.69061,0.51265,0.5073,0.49914,0.5322,0.41711,0.18499,0.46937,0.58756,0.54918,0.62941,0.55399,0.48122,0.039471,0.13045,0.3182,0.38562,0.48184,0.34936,0.4161,0.50359,0,0.16934,0.43444,0.34962,0.26447,0.1875,0.056121,0.13582,0,0,0.2988,0.30553,0.51769,0.58719,0.2502,0.086216,0.44767,0.25008,0.44864,0.10981,0.06327,0.12254,0,0.04169,0.40284,0.47766,0.36376,0.55671,0.43598,0.077628
0.65465,0.71883,0.63677,0.5714,0.48622,0.50276,0.72659,0.59922,0.76122,0.42281,0.79746,0.71367,1,0.53554,0.75714,0.51933,0.35133,0.46304,0.56516,0.57265,0.4286,0.11972,0.70664,0.50623,0.53302,0.44928,0.15634,0.45401,0.25891,0.3738,0.47808,0.11765,0.62472,0.3953,0.36478,0.29666,0.19067,0.15219,0,0.19383,0.06162,0.027114,0.45087,0.3397,0.50785,0.48405,0.38638,0.46686,0.52278,0.494,0.48635,0.52053,0.42172,0.41593,0.32177,0.51853,0.61873,0.636,0.42532,0.4047,0.56166,0.62681,0.6048,0.61364,0.34408,0.47982,0.47705,0.43733,0.56045,0.55021,0.43018,0.20508,0.52447,0.63478,0.55302,0.65008,0.47348,0.42401,0.0054075,0.13528,0.39046,0.37061,0.48131,0.28341,0.44561,0.48055,0,0.24621,0.37434,0.53013,0.3964,0.31511,0.18813,0.28809,0,0,0.31789,0.30221,0.55507,0.57856,0.34084,0.29195,0.39297,0.26566,0.4015,0.17365,0.053215,0.079201,0,0.024139,0.40157,0.46614,0.3992,0.49024,0.33466,0.059483
0.23382,0.60424,0.38226,0.6752,0.39096,0.29993,0.31786,0.7393,0.41336,0.35006,0.58227,0.82111,0.53554,1,0.46173,0.44399,0.1787,0.5062,0.37695,0.44117,0.34978,0.2079,0.54992,0.61963,0.39916,0.41529,0.28811,0.32596,0.1008,0.38492,0.56445,0.25197,0.36596,0.39083,0.26561,0.25352,0.024788,0.076056,0,0.10778,0,0.011792,0.38638,0.40732,0.40008,0.3959,0.25742,0.34606,0.32559,0.31645,0.30621,0.25348,0.22456,0.027674,0.29051,0.23113,0.23819,0.44754,0.10112,0.2063,0.32221,0.54501,0.43024,0.56966,0.27218,0.52752,0.2762,0.29586,0.22805,0.31299,0.43902,0.3271,0.29664,0.43382,0.39202,0.43525,0.48821,0.4326,0.013008,0.12244,0.19296,0.33625,0.36711,0.18735,0.31628,0.29664,0,0,0.35948,0.095794,0.17862,0.071136,0.10295,0.086887,0,0,0.1755,0.23612,0.3228,0.35974,0.13575,0,0.21864,0.032266,0.28224,0,0,0,0,0.10117,0.29379,0.35918,0.24722,0.36361,0.36959,0.037591
0.42112,0.49249,0.38408,0.37455,0.542,0.39212,0.4404,0.48181,0.72768,0.36595,0.65577,0.61908,0.75714,0.46173,1,0.5457,0.61479,0.51641,0.38676,0.39389,0.53871,0.18657,0.5027,0.41194,0.52481,0.58935,0.40166,0.63854,0.59927,0.5901,0.58681,0.30331,0.45608,0.30988,0.23506,0.066036,0.47731,0.47142,0.34788,0.49409,0.44908,0.44828,0.35768,0.33282,0.43917,0.45928,0.39961,0.44317,0.44626,0.38203,0.47512,0.55327,0.43955,0.37921,0.46122,0.55344,0.52836,0.48881,0.36099,0.36883,0.49693,0.40039,0.55946,0.40974,0.37666,0.45723,0.34007,0.27056,0.37841,0.39582,0.40342,0.15463,0.64937,0.62547,0.53755,0.64035,0.28172,0.21038,0.42027,0.34251,0.65087,0.64521,0.77548,0.64527,0.63166,0.71391,0.30234,0.55443,0.49013,0.54953,0.44928,0.34607,0.22033,0.30019,0.13772,0.22849,0.41388,0.48883,0.57111,0.61274,0.3647,0.31667,0.45076,0.35473,0.29497,0.14616,0,0.26907,0.14,0.10969,0.33642,0.45788,0.41955,0.50423,0.24767,0.10178
0.32918,0.54977,0.50279,0.41208,0.50278,0.67068,0.51849,0.43487,0.5091,0.7003,0.44758,0.66047,0.51933,0.44399,0.5457,1,0.21532,0.24492,0.53212,0.45054,0.22199,0.33104,0.46335,0.30431,0.39239,0.23189,0.2852,0.38865,0.11509,0.1039,0.37402,0,0.37826,0.26675,0.2931,0.31277,0.10625,0,0,0,0.14681,0.091468,0.19366,0.21807,0.31244,0.38264,0.18718,0.20472,0.25067,0.27076,0.21721,0.30082,0.10669,0.13492,0.098298,0.24689,0.30396,0.51653,0.31578,0.4265,0.31995,0.54431,0.53479,0.35843,0.3034,0.51232,0.35274,0.45661,0.396,0.45045,0.22247,0,0.32273,0.30713,0.49413,0.33589,0.35102,0.24488,0.051949,0,0.18153,0.19124,0.36856,0.45633,0.25042,0.4522,0.088843,0.15928,0.12754,0.35367,0.090766,0.22281,0,0.28768,0,0,0.14352,0.20487,0.33724,0.44762,0.18144,0.27095,0.53991,0.39888,0.33708,0.2065,0,0.31453,0,0,0.12125,0.26059,0.21999,0.43276,0.37954,0.27586
0.21182,0.16705,0.11567,0.058511,0.21127,0.26012,0.13338,0.16924,0.19711,0.21451,0.53146,0.31953,0.35133,0.1787,0.61479,0.21532,1,0.55997,0.12875,0.073664,0.10167,0,0.15749,0.13565,0.23949,0.55908,0.040475,0.36047,0.85666,0.72656,0.379,0.36324,0.33641,0.26086,0.26533,0,0.5409,0.51574,0.55277,0.5386,0.58721,0.60653,0.3757,0.29109,0.4219,0.41355,0.38558,0.36376,0.48157,0.31846,0.53404,0.52627,0.46219,0.29279,0.42204,0.30632,0.44698,0.26148,0.26232,0.16957,0.53947,0.21446,0.59982,0.39369,0.43009,0.33241,0.28556,0.090891,0.1552,0.13574,0.0074668,0,0.50289,0.3473,0.26761,0.47396,0.0086269,0,0.80126,0.6461,0.82974,0.75377,0.72608,0.72449,0.71818,0.70476,0.35039,0.67628,0.42543,0.38095,0.4125,0.31626,0.27656,0.21875,0.15971,0.27491,0.35915,0.36725,0.42051,0.42575,0.29561,0.16313,0.2507,0.27166,0.20288,0.048778,0,0.24548,0.16905,0.25305,0.36138,0.34655,0.32501,0.29242,0.06018,0.033758
0.29386,0.24805,0.0018238,0.17156,0.12148,0.21843,0.17677,0.20214,0.33423,0.11826,0.6064,0.58684,0.46304,0.5062,0.51641,0.24492,0.55997,1,0,0.10108,0.21646,0,0.21205,0.18999,0.21438,0.69935,0,0.34228,0.59829,0.82224,0.60909,0.61357,0.3294,0.47312,0.11539,0.021124,0.19224,0.40595,0.17034,0.42498,0.1741,0.18993,0.25219,0.22299,0.27238,0.24929,0.14749,0.27496,0.26046,0.19768,0.24681,0.23291,0.15775,0,0.15484,0.15156,0.32299,0.23199,0.068497,0.022766,0.47099,0.35444,0.42074,0.65705,0.1499,0.34794,0.042756,0,0.0071189,0,0.13418,0.18886,0.26834,0.45871,0.11302,0.54802,0.097888,0.073745,0.42567,0.69022,0.42298,0.73578,0.44421,0.46383,0.32474,0.39454,0.012114,0.37207,0.20625,0.058853,0.22232,0.050313,0.00018134,0,0.059802,0,0.099882,0.14095,0.18267,0.22803,0,0,0,0,0.064985,0,0,0,0.14989,0.3852,0.32612,0.25016,0.1592,0.16163,0.055816,0
0.68197,0.82639,0.87421,0.76736,0.60516,0.56405,0.66651,0.68091,0.46233,0.56605,0.54821,0.58645,0.56516,0.37695,0.38676,0.53212,0.12875,0,1,0.90859,0.28016,0.45693,0.7319,0.63443,0.4537,0.024278,0.25289,0.24923,0,0,0.15593,0,0.72995,0.40418,0.64818,0.64591,0.14213,0,0,0,0,0,0.60104,0.44186,0.6658,0.67831,0.56219,0.51432,0.64925,0.60941,0.60284,0.5939,0.53384,0.56474,0.33165,0.48939,0.71658,0.86261,0.67967,0.73898,0.45073,0.75406,0.63499,0.50467,0.50397,0.62001,0.84724,0.85716,0.84997,0.87174,0.1776,0,0.52859,0.50241,0.74852,0.48936,0.66494,0.6569,0,0,0.25559,0,0.34072,0.11132,0.39566,0.47239,0.05008,0.051218,0.45331,0.60494,0.43555,0.50131,0.29847,0.52121,0,0.029334,0.52068,0.38053,0.71052,0.72845,0.54547,0.40878,0.74935,0.54617,0.62094,0.39254,0.25417,0.41526,0,0,0.50231,0.60546,0.5765,0.74018,0.5944,0.29584
0.71629,0.83902,0.79687,0.80006,0.48803,0.45552,0.65399,0.71432,0.51438,0.49447,0.50137,0.60805,0.57265,0.44117,0.39389,0.45054,0.073664,0.10108,0.90859,1,0.37111,0.38379,0.76319,0.70268,0.44883,0.049702,0.25301,0.22595,0,0,0.22008,0,0.70338,0.40948,0.55434,0.56882,0.11605,0,0,0.0058658,0,0,0.62091,0.4643,0.61313,0.61635,0.54639,0.50629,0.60572,0.57267,0.55921,0.54469,0.49372,0.45835,0.33928,0.43908,0.71095,0.84966,0.60089,0.67118,0.39012,0.75559,0.54461,0.52322,0.41998,0.64218,0.77276,0.76383,0.85622,0.87903,0.25038,0.047845,0.52521,0.56468,0.66164,0.56773,0.71096,0.696,0,0,0.24002,0.025379,0.30944,0.053431,0.36763,0.38814,0,0,0.47169,0.53431,0.45109,0.43439,0.31094,0.42147,0,0.00052232,0.51792,0.34305,0.66584,0.68317,0.49926,0.3334,0.6427,0.47393,0.5169,0.33829,0.18311,0.29382,0,0,0.53087,0.63013,0.59245,0.7289,0.57032,0.15143
0.36756,0.4408,0.33619,0.388,0.34566,0.1154,0.24534,0.49007,0.51014,0.20021,0.27868,0.3972,0.4286,0.34978,0.53871,0.22199,0.10167,0.21646,0.28016,0.37111,1,0.52925,0.32696,0.31008,0.31039,0.2636,0.71506,0.56407,0.12283,0.26386,0.42021,0.086442,0.2856,0.13166,0.18322,0.15888,0.082339,0.09746,0.0059445,0.17169,0.011136,0.043812,0.14309,0.14326,0.16479,0.19364,0.24532,0.28775,0.1815,0.24705,0.20729,0.20611,0.22134,0.23574,0.23111,0.47995,0.39298,0.41801,0.28501,0.44148,0.21536,0.2882,0.17745,0.17561,0.10786,0.21234,0.3018,0.30224,0.38921,0.39041,0.62721,0.53489,0.60791,0.69593,0.5536,0.45157,0.37443,0.20624,0.013338,0,0.19136,0.20606,0.29951,0.10215,0.15189,0.30811,0.15748,0.052708,0.29609,0.38267,0.16932,0.12414,0,0.062199,0.10247,0.046243,0.22154,0.25256,0.35558,0.37562,0.12578,0.18323,0.33126,0.28201,0.082474,0.13281,0.13432,0.12328,0.10474,0,0.1503,0.18852,0.20487,0.40374,0.12611,0.028153
0.16653,0.34297,0.35341,0.36174,0.29793,0.24746,0.014931,0.32423,0.037915,0.29284,0.18392,0.2414,0.11972,0.2079,0.18657,0.33104,0,0,0.45693,0.38379,0.52925,1,0.13232,0.27137,0.20673,0.10099,0.6462,0.48469,0,0,0.17148,0,0.31622,0.27974,0.26489,0.43823,0,0,0,0,0,0,0.094481,0.073421,0.14562,0.27797,0.14383,0.15599,0.18318,0.25628,0.20474,0.18701,0.24576,0.25729,0.012872,0.12411,0.25243,0.43215,0.42855,0.57979,0.22443,0.40618,0.26321,0.18308,0.17294,0.33533,0.38327,0.44278,0.35686,0.33307,0.17406,0.019818,0.31432,0.23021,0.60135,0.045779,0.31997,0.1633,0,0,0,0,0.079516,0,0,0.17837,0.041535,0,0.085233,0.13406,0.13003,0.2189,0,0.23949,0,0,0.14584,0.12114,0.27261,0.33099,0.18986,0.176,0.47311,0.30438,0.1679,0.17532,0.1974,0.30641,0,0,0.054559,0.13651,0.1678,0.33334,0.17748,0.17853
0.58804,0.74266,0.84183,0.81252,0.49393,0.56703,0.76022,0.76822,0.63967,0.57164,0.56659,0.65616,0.70664,0.54992,0.5027,0.46335,0.15749,0.21205,0.7319,0.76319,0.32696,0.13232,1,0.84206,0.53818,0.30307,0.15595,0.30494,0.018721,0.10522,0.44324,0,0.62652,0.39657,0.47122,0.43558,0.06682,0,0,0.05653,0,0,0.59859,0.37685,0.58204,0.50898,0.4666,0.47376,0.51284,0.44459,0.48445,0.48698,0.40669,0.40549,0.34107,0.49325,0.56775,0.65855,0.29257,0.34429,0.32449,0.56844,0.54759,0.51364,0.42984,0.49676,0.56371,0.56138,0.6128,0.67868,0.31497,0.097401,0.52522,0.48051,0.5954,0.55403,0.5727,0.58594,0,0,0.2647,0.16911,0.33498,0.14002,0.35699,0.35756,0,0.065159,0.4983,0.54695,0.44759,0.42144,0.38752,0.39055,0,0,0.45783,0.30697,0.59891,0.6388,0.3918,0.24839,0.39596,0.25255,0.56232,0.27966,0.013223,0.11958,0,0,0.57198,0.66738,0.54377,0.569,0.53691,0.090863
0.38711,0.60043,0.68248,0.84017,0.43884,0.45931,0.42783,0.79266,0.43757,0.44052,0.52383,0.59853,0.50623,0.61963,0.41194,0.30431,0.13565,0.18999,0.63443,0.70268,0.31008,0.27137,0.84206,1,0.53489,0.4112,0.31975,0.35325,0,0.081015,0.45944,0.15496,0.55387,0.50408,0.38966,0.44371,0.07979,0,0,0.11921,0,0,0.63459,0.3766,0.55576,0.5031,0.46893,0.47719,0.50988,0.43039,0.52723,0.43455,0.49414,0.43185,0.3291,0.34406,0.45649,0.56376,0.2663,0.32939,0.30199,0.52097,0.48884,0.46672,0.43174,0.53493,0.49158,0.46442,0.47009,0.52823,0.23744,0.12139,0.4193,0.35097,0.54854,0.42027,0.52825,0.49182,0,0,0.30896,0.15939,0.34602,0.065213,0.36812,0.29506,0,0,0.53027,0.34371,0.52936,0.47866,0.50287,0.43159,0,0,0.45567,0.30409,0.59424,0.59559,0.45778,0.1924,0.35002,0.18309,0.56906,0.27672,0.076423,0.042212,0,0.082817,0.58613,0.70055,0.60512,0.55828,0.53357,0.067344
0.38255,0.48531,0.46354,0.43999,0.51643,0.48719,0.47472,0.45101,0.49603,0.39383,0.50894,0.45731,0.53302,0.39916,0.52481,0.39239,0.23949,0.21438,0.4537,0.44883,0.31039,0.20673,0.53818,0.53489,1,0.45477,0.35216,0.51894,0.17485,0.20235,0.35235,0.083325,0.372,0.31553,0.26222,0.29091,0.18191,0.12495,0.039336,0.10701,0.10683,0.094483,0.34868,0.20387,0.38344,0.33539,0.40592,0.30722,0.39401,0.2986,0.3735,0.33951,0.39621,0.3041,0.28836,0.31593,0.42638,0.46278,0.32656,0.3426,0.36419,0.43074,0.45658,0.36282,0.3472,0.45739,0.37475,0.35694,0.38543,0.39651,0.28933,0,0.35867,0.32752,0.42745,0.37326,0.32085,0.28784,0.019307,0.13524,0.2867,0.25727,0.37524,0.24109,0.27925,0.28398,0.041297,0.13781,0.29398,0.32184,0.32283,0.2831,0.26123,0.30475,0.059883,0.040914,0.34505,0.27415,0.49288,0.46884,0.39536,0.2402,0.3706,0.22207,0.32542,0.20145,0.042711,0.1145,0.087543,0.035111,0.36059,0.4011,0.37668,0.4479,0.34314,0.16122
0.1648,0.18487,0.090604,0.22611,0.19605,0.41278,0.082175,0.25873,0.36082,0.20411,0.60609,0.47801,0.44928,0.41529,0.58935,0.23189,0.55908,0.69935,0.024278,0.049702,0.2636,0.10099,0.30307,0.4112,0.45477,1,0.1974,0.65586,0.55476,0.65728,0.67304,0.70797,0.3473,0.52055,0.10963,0.037163,0.1572,0.32001,0.1874,0.39318,0.22303,0.25132,0.24805,0.12443,0.27281,0.2708,0.18181,0.27862,0.2752,0.18715,0.30693,0.29568,0.30502,0.16391,0.19013,0.17522,0.29209,0.20596,0.0639,0.070737,0.43574,0.26085,0.38027,0.51096,0.24231,0.32042,0.042575,0,0,0,0.18855,0.075788,0.28911,0.27281,0.237,0.35539,0.010812,0,0.44873,0.63306,0.44678,0.61115,0.51328,0.41817,0.34664,0.35868,0.076134,0.36125,0.33084,0.088732,0.30509,0.1493,0.15779,0.045443,0.11447,0.014492,0.16262,0.16272,0.28068,0.28965,0.17822,0,0.037868,0,0.15777,0,0.063213,0,0.15573,0.30741,0.3098,0.30937,0.20426,0.17372,0.065649,0
0.090744,0.27034,0.20417,0.34806,0.43765,0.1737,0,0.40928,0.27208,0.16199,0.10015,0.25591,0.15634,0.28811,0.40166,0.2852,0.040475,0,0.25289,0.25301,0.71506,0.6462,0.15595,0.31975,0.35216,0.1974,1,0.64465,0.00087648,0,0.27773,0.066554,0.10333,0.053264,0.084377,0.19585,0.016897,0.013925,0,0.063261,0.014892,0.12462,0.014762,0.073236,0.10126,0.16724,0.16716,0.16254,0.091203,0.16807,0.15393,0.075108,0.21608,0.2045,0.16065,0.2919,0.20768,0.32977,0.26709,0.44946,0.1197,0.16123,0.15689,0,0.19016,0.20057,0.22165,0.28001,0.25641,0.28104,0.32005,0.22122,0.42286,0.33397,0.49361,0.13426,0.16734,0.00045299,0.051843,0,0.10448,0.064975,0.27981,0.053806,0.0548,0.19817,0.17081,0,0.18562,0.20761,0.089142,0.14041,0,0.15025,0.034118,0.066115,0.14223,0.20376,0.30553,0.27502,0.14602,0.17975,0.37488,0.31814,0.11306,0.13334,0.1226,0.17763,0.010426,0,0.012192,0.089486,0.11626,0.32688,0.095119,0.1783
0.2646,0.30714,0.23836,0.24471,0.3768,0.49775,0.12152,0.29796,0.42493,0.26859,0.49323,0.41946,0.45401,0.32596,0.63854,0.38865,0.36047,0.34228,0.24923,0.22595,0.56407,0.48469,0.30494,0.35325,0.51894,0.65586,0.64465,1,0.32528,0.32999,0.56166,0.39912,0.36534,0.401,0.14093,0.20128,0,0.061397,0,0.11688,0.063152,0.17238,0.12759,0.092905,0.22455,0.29382,0.15634,0.19592,0.21994,0.20176,0.2452,0.25893,0.24326,0.19955,0.12942,0.24014,0.38148,0.38223,0.2774,0.35204,0.40314,0.30823,0.3998,0.34004,0.27841,0.32711,0.19399,0.14932,0.23263,0.21087,0.30003,0.11287,0.40623,0.36923,0.46879,0.33972,0.024398,0,0.22632,0.32286,0.26064,0.37099,0.42907,0.26345,0.16372,0.32115,0.083485,0.16859,0.172,0.2027,0.18059,0.14441,0,0.088325,0,0,0.11764,0.11524,0.30869,0.33545,0.18314,0.047731,0.2781,0.10094,0.11386,0,0.085789,0.038034,0.074572,0.014132,0.18747,0.22249,0.12822,0.23968,0.051318,0.02075
0.048862,0,0,0,0.053406,0.078713,0.041816,0.013815,0.13194,0.04569,0.37171,0.20491,0.25891,0.1008,0.59927,0.11509,0.85666,0.59829,0,0,0.12283,0,0.018721,0,0.17485,0.55476,0.00087648,0.32528,1,0.81028,0.36517,0.41359,0.16536,0.15938,0.10793,0,0.52549,0.61343,0.60854,0.5766,0.61618,0.62074,0.15462,0.15871,0.21075,0.2017,0.21655,0.23062,0.24912,0.11422,0.29955,0.32837,0.25251,0.098252,0.2907,0.26332,0.2424,0.043798,0.029676,0,0.38181,0.0020337,0.37853,0.22994,0.23311,0.13738,0.018329,0,0,0,0.0083009,0,0.41744,0.29112,0.11473,0.41712,0,0,0.86946,0.78057,0.72914,0.8267,0.65466,0.78745,0.53804,0.57712,0.36181,0.67428,0.23458,0.25987,0.20817,0.11716,0.12688,0.062566,0.26485,0.28056,0.25964,0.31761,0.21584,0.2534,0.051548,0.074162,0.035298,0.12624,0.071278,0.012742,0,0.18249,0.28331,0.27933,0.23977,0.17986,0.16758,0.12859,0.01463,0.075574
0.16281,0.13701,0,0.029686,0.12146,0.080135,0.13219,0.18786,0.30062,0.076942,0.49382,0.44031,0.3738,0.38492,0.5901,0.1039,0.72656,0.82224,0,0,0.26386,0,0.10522,0.081015,0.20235,0.65728,0,0.32999,0.81028,1,0.52468,0.54698,0.18396,0.24961,0.066833,0,0.42505,0.60641,0.45486,0.62667,0.45608,0.42723,0.23671,0.2338,0.25669,0.21443,0.27726,0.32855,0.26711,0.17221,0.29796,0.29699,0.24033,0.045966,0.34408,0.30987,0.27546,0.10053,0.0325,0,0.4092,0.15709,0.3685,0.42935,0.18825,0.24646,0.052987,0,0,0,0.19888,0.2296,0.35071,0.48071,0.1035,0.58396,0.04029,0.06134,0.66444,0.76284,0.60697,0.84521,0.60369,0.65047,0.50059,0.50648,0.1916,0.59379,0.29171,0.22767,0.23582,0.083744,0.084396,0,0.33318,0.23333,0.25906,0.35002,0.23918,0.27339,0.067804,0.02946,0.022225,0.10635,0.0082339,0,0,0.043562,0.34296,0.41741,0.29258,0.18124,0.16226,0.18686,0,0
0.23347,0.29595,0.19999,0.33257,0.26069,0.29533,0.21271,0.36435,0.42183,0.2405,0.50909,0.54456,0.47808,0.56445,0.58681,0.37402,0.379,0.60909,0.15593,0.22008,0.42021,0.17148,0.44324,0.45944,0.35235,0.67304,0.27773,0.56166,0.36517,0.52468,1,0.71792,0.38327,0.59476,0.0017876,0.033456,0.041576,0.15155,0.07533,0.26001,0.093463,0.1118,0.20234,0.13067,0.18863,0.18912,0.080669,0.16213,0.11296,0.10623,0.17294,0.17694,0.082555,0.03594,0.11268,0.14715,0.24437,0.23879,0.0097943,0.03363,0.28528,0.28782,0.35708,0.52597,0.046391,0.22974,0.039341,0,0.036546,0.025135,0.36484,0.20678,0.40431,0.37648,0.32793,0.43512,0.1429,0.17239,0.21517,0.38284,0.2773,0.50619,0.41205,0.32358,0.23186,0.34064,0.043504,0.24253,0.2095,0.15969,0.22187,0.1817,0.021916,0.059463,0.015607,0,0.13386,0.11776,0.19728,0.26921,0.019043,0.0072457,0.029221,0.034677,0.091618,0,0,0,0,0.27169,0.30611,0.33396,0.21596,0.19521,0.083998,0
0,0,0,0,0,0.020387,0,0,0.049593,0,0.25917,0.1854,0.11765,0.25197,0.30331,0,0.36324,0.61357,0,0,0.086442,0,0,0.15496,0.083325,0.70797,0.066554,0.39912,0.41359,0.54698,0.71792,1,0.14038,0.62221,0,0,0.077937,0.30274,0.17462,0.40124,0.11041,0.17271,0.018665,0,0.0011392,0,0,0.061033,0,0,0.048207,0.020578,0.035106,0.0015245,0,0,0.027293,0,0,0,0.27625,0.037486,0.078026,0.36055,0,0.039864,0,0,0,0,0,0.057063,0.054959,0.020461,0,0.15461,0,0,0.39308,0.58931,0.27253,0.54472,0.28558,0.26948,0.12046,0.14499,0.044007,0.24192,0.066107,0,0.20594,0.13604,0.027146,0,0.1628,0,0,0,0,0,0,0,0,0,0,0,0.02892,0,0.11201,0.46797,0.20862,0.13315,0.071336,0,0,0
0.70276,0.6769,0.66168,0.57925,0.40142,0.48087,0.56879,0.4835,0.39304,0.34373,0.6677,0.60356,0.62472,0.36596,0.45608,0.37826,0.33641,0.3294,0.72995,0.70338,0.2856,0.31622,0.62652,0.55387,0.372,0.3473,0.10333,0.36534,0.16536,0.18396,0.38327,0.14038,1,0.72594,0.70914,0.62482,0.13986,0,0,0.096537,0,0,0.64787,0.50512,0.68726,0.70133,0.45956,0.57305,0.67694,0.59705,0.63321,0.60375,0.51834,0.53893,0.27745,0.41549,0.76275,0.72672,0.59448,0.56682,0.61108,0.76664,0.61399,0.70952,0.50493,0.57536,0.71477,0.60751,0.67454,0.59392,0.1559,0,0.5509,0.50347,0.63931,0.60492,0.53855,0.48784,0.0015592,0.047006,0.38529,0.24058,0.37508,0.16306,0.4053,0.49225,0,0.13523,0.39356,0.46179,0.47649,0.4659,0.21254,0.35357,0,0,0.45743,0.25837,0.64293,0.66716,0.37544,0.21919,0.49964,0.31523,0.56538,0.27644,0.27248,0.14553,0,0.12494,0.62771,0.67503,0.57992,0.63283,0.499,0
0.43899,0.32483,0.30372,0.33083,0.21284,0.37979,0.23973,0.23196,0.17533,0.16498,0.54703,0.47686,0.3953,0.39083,0.30988,0.26675,0.26086,0.47312,0.40418,0.40948,0.13166,0.27974,0.39657,0.50408,0.31553,0.52055,0.053264,0.401,0.15938,0.24961,0.59476,0.62221,0.72594,1,0.34309,0.49168,0,0,0,0.052925,0,0,0.39932,0.26415,0.40593,0.43897,0.14375,0.27556,0.37271,0.32084,0.38328,0.34639,0.28149,0.31219,0,0.033028,0.47321,0.39907,0.31414,0.24667,0.5036,0.57354,0.44553,0.69082,0.2605,0.43132,0.31127,0.20564,0.23361,0.15087,0.025448,0,0.29846,0.26241,0.37721,0.40911,0.20868,0.2815,0.041767,0.27002,0.24349,0.32534,0.22152,0.11431,0.18395,0.28875,0,0.042328,0.18333,0.083693,0.38869,0.3699,0.13317,0.21675,0,0,0.20167,0,0.30642,0.32938,0.16207,0.03152,0.13871,0.021525,0.29383,0.08798,0.2046,0,0,0.2681,0.51532,0.4881,0.39957,0.2865,0.25792,0
0.52132,0.60385,0.63562,0.54817,0.39101,0.37404,0.45006,0.46429,0.21247,0.38225,0.4575,0.44008,0.36478,0.26561,0.23506,0.2931,0.26533,0.11539,0.64818,0.55434,0.18322,0.26489,0.47122,0.38966,0.26222,0.10963,0.084377,0.14093,0.10793,0.066833,0.0017876,0,0.70914,0.34309,1,0.74,0.20511,0,0,0.09423,0.062446,0.11144,0.60782,0.50971,0.70617,0.68998,0.52101,0.58431,0.66896,0.60688,0.59525,0.54534,0.50771,0.48638,0.32026,0.50031,0.60235,0.58715,0.55224,0.57779,0.50306,0.61377,0.50356,0.4324,0.58796,0.54693,0.77142,0.743,0.58356,0.58697,0.024272,0,0.51092,0.46195,0.60152,0.45965,0.54616,0.43538,0.059793,0,0.32027,0.14098,0.23695,0.14819,0.3966,0.47434,0.0018653,0.10718,0.32454,0.4683,0.33184,0.3508,0.20078,0.36578,0,0.046483,0.4446,0.35891,0.61057,0.60478,0.35776,0.25673,0.54907,0.35164,0.52084,0.36578,0.23323,0.33824,0,0,0.53836,0.51573,0.45979,0.59632,0.50403,0.25189
0.51026,0.51284,0.57947,0.53747,0.38874,0.40539,0.37456,0.36381,0.13303,0.28563,0.41737,0.3653,0.29666,0.25352,0.066036,0.31277,0,0.021124,0.64591,0.56882,0.15888,0.43823,0.43558,0.44371,0.29091,0.037163,0.19585,0.20128,0,0,0.033456,0,0.62482,0.49168,0.74,1,0,0,0,0,0,0,0.52228,0.40639,0.58002,0.59658,0.33033,0.43049,0.53016,0.54186,0.47441,0.40379,0.35172,0.45296,0.025989,0.28527,0.51081,0.55355,0.52329,0.50446,0.43709,0.61425,0.46989,0.44873,0.45289,0.54769,0.64928,0.70094,0.52544,0.51325,0,0,0.30083,0.31807,0.52545,0.31693,0.41589,0.42205,0,0,0.046889,0,0,0,0.07017,0.23605,0,0,0.12617,0.2618,0.27471,0.37221,0.12115,0.37608,0,0,0.22547,0.080693,0.43718,0.41916,0.24252,0.22894,0.41365,0.23717,0.43992,0.27994,0.39172,0.13312,0,0,0.53732,0.45771,0.3777,0.43479,0.40372,0.15902
0.13718,0.091668,0.11274,0.042379,0.22213,0,0.13911,0.15672,0.24642,0.1508,0.18521,0.098637,0.19067,0.024788,0.47731,0.10625,0.5409,0.19224,0.14213,0.11605,0.082339,0,0.06682,0.07979,0.18191,0.1572,0.016897,0,0.52549,0.42505,0.041576,0.077937,0.13986,0,0.20511,0,1,0.68263,0.84438,0.73487,0.8069,0.6917,0.37071,0.41191,0.35396,0.36026,0.62619,0.54483,0.44896,0.32611,0.49816,0.53893,0.52177,0.44504,0.57348,0.49444,0.33209,0.12403,0.38559,0.2536,0.36663,0.10689,0.30198,0.035065,0.3248,0.25842,0.32554,0.18031,0.16081,0.20661,0,0,0.28351,0.25556,0.14163,0.32744,0.21567,0.19777,0.55346,0.23889,0.75118,0.50389,0.69847,0.65126,0.76123,0.66125,0.60935,0.68468,0.45405,0.52775,0.50661,0.49089,0.47596,0.5111,0.61016,0.71199,0.6627,0.75663,0.55358,0.55323,0.48837,0.55075,0.42325,0.53243,0.19442,0.27265,0,0.49244,0.35848,0.19483,0.33444,0.39567,0.51408,0.4269,0.18324,0.28079
0.0047472,0,0,0,0.11263,0,0,0,0.21578,0,0.20064,0.088809,0.15219,0.076056,0.47142,0,0.51574,0.40595,0,0,0.09746,0,0,0,0.12495,0.32001,0.013925,0.061397,0.61343,0.60641,0.15155,0.30274,0,0,0,0,0.68263,1,0.66272,0.85768,0.62596,0.65623,0.24509,0.34759,0.26723,0.19838,0.36594,0.41109,0.2741,0.21207,0.30895,0.32885,0.33047,0.20996,0.46471,0.40287,0.1406,0,0.050526,0,0.23222,0,0.090451,0.010927,0.20546,0.079245,0,0,0,0,0.13449,0.13475,0.26705,0.2844,0,0.38302,0,0,0.60884,0.43904,0.69068,0.678,0.62459,0.57689,0.58582,0.52795,0.40162,0.70692,0.35622,0.24159,0.3254,0.16729,0.2567,0.12246,0.46881,0.40785,0.3035,0.4957,0.29766,0.22297,0.19533,0.22359,0.041166,0.14604,0.030346,0.041432,0,0.10096,0.26277,0.24278,0.20541,0.19119,0.22587,0.15886,0,0.069675
0,0,0,0,0.011351,0,0,0,0.077333,0,0,0,0,0,0.34788,0,0.55277,0.17034,0,0,0.0059445,0,0,0,0.039336,0.1874,0,0,0.60854,0.45486,0.07533,0.17462,0,0,0,0,0.84438,0.66272,1,0.71738,0.84957,0.73944,0.10959,0.19738,0.071914,0.080637,0.391,0.29282,0.17022,0.027059,0.24776,0.30972,0.29067,0.19903,0.46113,0.38192,0.11982,0,0.11609,0,0.1734,0,0.12379,0,0.13818,0,0,0,0,0,0,0,0.18624,0.09658,0,0.15638,0,0,0.64141,0.37222,0.62506,0.47621,0.58681,0.61439,0.60816,0.49221,0.72093,0.7446,0.31323,0.39038,0.30706,0.26853,0.34334,0.27271,0.62082,0.72319,0.41382,0.61374,0.25428,0.28407,0.26257,0.32013,0.13461,0.3158,0,0.08449,0,0.37858,0.47855,0.1917,0.070243,0.13961,0.25342,0.13207,0,0.093482
0.13845,0.010448,0,0.022221,0.16693,0,0.0067797,0.10485,0.27471,0,0.22961,0.17331,0.19383,0.10778,0.49409,0,0.5386,0.42498,0,0.0058658,0.17169,0,0.05653,0.11921,0.10701,0.39318,0.063261,0.11688,0.5766,0.62667,0.26001,0.40124,0.096537,0.052925,0.09423,0,0.73487,0.85768,0.71738,1,0.62904,0.57133,0.35341,0.34895,0.34523,0.27727,0.5057,0.56706,0.3548,0.31144,0.41082,0.41552,0.43048,0.35525,0.52259,0.53929,0.30103,0.020672,0.23995,0.097879,0.3501,0.012336,0.1439,0.10466,0.2798,0.15041,0.15847,0,0.0049058,0.025003,0.06919,0.088082,0.30198,0.31105,0.048271,0.4159,0.041802,0.084025,0.5735,0.44223,0.72911,0.67693,0.67206,0.56257,0.6385,0.55746,0.50139,0.69431,0.47593,0.40244,0.45697,0.34648,0.36193,0.29709,0.58925,0.59249,0.46514,0.67058,0.43139,0.38573,0.33286,0.39718,0.13887,0.32124,0.067552,0.1297,0.047732,0.16744,0.38527,0.38361,0.33883,0.34414,0.40275,0.30178,0,0
0,0,0,0,0.10543,0,0,0.042457,0.090029,0.15649,0.12042,0.04584,0.06162,0,0.44908,0.14681,0.58721,0.1741,0,0,0.011136,0,0,0,0.10683,0.22303,0.014892,0.063152,0.61618,0.45608,0.093463,0.11041,0,0,0.062446,0,0.8069,0.62596,0.84957,0.62904,1,0.87813,0.15322,0.2947,0.17048,0.21708,0.37706,0.29594,0.25597,0.10106,0.29934,0.39124,0.33803,0.1746,0.49487,0.35354,0.10636,0,0.15912,0.13026,0.18117,0,0.24464,0,0.2186,0.16883,0.084624,0,0,0,0.0050948,0,0.24328,0.14287,0.059536,0.17568,0,0,0.70812,0.28134,0.63511,0.4908,0.65182,0.75263,0.68519,0.64531,0.62702,0.77876,0.32687,0.39494,0.25363,0.2218,0.26726,0.26747,0.48204,0.68792,0.3841,0.62621,0.30309,0.34889,0.29628,0.28441,0.30023,0.37091,0.040202,0.087585,0,0.48904,0.35964,0.11175,0.016419,0.13514,0.20925,0.22073,0.024413,0.20767
0,0,0,0,0.14976,0,0,0,0.011773,0.073087,0.17768,0.022493,0.027114,0.011792,0.44828,0.091468,0.60653,0.18993,0,0,0.043812,0,0,0,0.094483,0.25132,0.12462,0.17238,0.62074,0.42723,0.1118,0.17271,0,0,0.11144,0,0.6917,0.65623,0.73944,0.57133,0.87813,1,0.12658,0.26294,0.16912,0.23968,0.27302,0.23214,0.25244,0.096044,0.30683,0.35916,0.34686,0.18135,0.47457,0.27198,0.091081,0,0.14827,0.13899,0.18308,0,0.25258,0,0.22814,0.13897,0.068708,0,0,0,0,0,0.29846,0.19148,0.088048,0.18664,0,0,0.7238,0.29281,0.61666,0.48554,0.62453,0.68657,0.64033,0.63727,0.5893,0.77373,0.29794,0.27694,0.23514,0.16819,0.15288,0.16203,0.36016,0.53585,0.2839,0.4871,0.2388,0.27145,0.15868,0.14647,0.24276,0.24119,0.0079477,0,0,0.43769,0.25631,0.085042,0,0.073416,0.096587,0.12398,0,0.18508
0.57423,0.58529,0.60004,0.61546,0.37618,0.30014,0.47808,0.58037,0.35399,0.28364,0.60688,0.50017,0.45087,0.38638,0.35768,0.19366,0.3757,0.25219,0.60104,0.62091,0.14309,0.094481,0.59859,0.63459,0.34868,0.24805,0.014762,0.12759,0.15462,0.23671,0.20234,0.018665,0.64787,0.39932,0.60782,0.52228,0.37071,0.24509,0.10959,0.35341,0.15322,0.12658,1,0.73217,0.89075,0.827,0.82186,0.81151,0.87994,0.79096,0.85924,0.77421,0.72308,0.64231,0.55678,0.54114,0.65488,0.56355,0.57251,0.45681,0.58992,0.61646,0.61518,0.52755,0.64034,0.70486,0.73762,0.62804,0.55431,0.57317,0.029651,0,0.3879,0.42859,0.45885,0.60102,0.55408,0.58177,0.078725,0.12535,0.55657,0.39913,0.4349,0.22851,0.62647,0.5706,0,0.19329,0.57888,0.49473,0.6853,0.64923,0.61252,0.56964,0.063458,0.15576,0.6581,0.5696,0.80464,0.78132,0.64424,0.4007,0.51759,0.40715,0.6073,0.32929,0.22436,0.20778,0,0.19345,0.78486,0.84593,0.75708,0.66217,0.54259,0.13595
0.37737,0.50759,0.33024,0.41791,0.23173,0.11424,0.29995,0.45143,0.26452,0.089439,0.42095,0.44489,0.3397,0.40732,0.33282,0.21807,0.29109,0.22299,0.44186,0.4643,0.14326,0.073421,0.37685,0.3766,0.20387,0.12443,0.073236,0.092905,0.15871,0.2338,0.13067,0,0.50512,0.26415,0.50971,0.40639,0.41191,0.34759,0.19738,0.34895,0.2947,0.26294,0.73217,1,0.71265,0.77373,0.63672,0.7867,0.73494,0.68582,0.6753,0.69864,0.56656,0.39525,0.53844,0.53666,0.44629,0.47023,0.46831,0.408,0.4915,0.56581,0.50579,0.44097,0.53577,0.65457,0.56271,0.52996,0.36262,0.43602,0.17257,0.0061367,0.33192,0.41015,0.34141,0.50882,0.50759,0.49692,0.15238,0.038446,0.4641,0.36542,0.43208,0.24861,0.58342,0.567,0.084635,0.24752,0.41969,0.34833,0.46605,0.3815,0.37047,0.35376,0.076088,0.19513,0.45801,0.57097,0.62513,0.63921,0.46091,0.253,0.49406,0.32144,0.45509,0.20233,0.12761,0.23534,0,0.090618,0.50345,0.59941,0.5438,0.58093,0.50299,0.16783
0.65389,0.66812,0.61679,0.59785,0.49873,0.36987,0.50518,0.5916,0.41336,0.31346,0.64493,0.5785,0.50785,0.40008,0.43917,0.31244,0.4219,0.27238,0.6658,0.61313,0.16479,0.14562,0.58204,0.55576,0.38344,0.27281,0.10126,0.22455,0.21075,0.25669,0.18863,0.0011392,0.68726,0.40593,0.70617,0.58002,0.35396,0.26723,0.071914,0.34523,0.17048,0.16912,0.89075,0.71265,1,0.93119,0.80354,0.81482,0.92318,0.86904,0.85874,0.82501,0.75112,0.67244,0.55429,0.61587,0.72942,0.6713,0.67764,0.60857,0.68623,0.69561,0.65576,0.58503,0.77628,0.75592,0.83131,0.74575,0.63647,0.63305,0.047041,0,0.4712,0.47266,0.5218,0.60249,0.51719,0.5076,0.12786,0.12593,0.56182,0.41516,0.49886,0.28381,0.63613,0.65862,0.0099924,0.23913,0.58089,0.53745,0.58081,0.53969,0.44969,0.50013,0,0.095504,0.60986,0.54997,0.8366,0.79706,0.62959,0.40416,0.62559,0.46451,0.64395,0.32185,0.31442,0.28711,0,0.05606,0.73608,0.7688,0.65277,0.71295,0.53819,0.27135
0.61369,0.68157,0.57899,0.55078,0.4632,0.39559,0.43694,0.56747,0.38595,0.32997,0.6272,0.57712,0.48405,0.3959,0.45928,0.38264,0.41355,0.24929,0.67831,0.61635,0.19364,0.27797,0.50898,0.5031,0.33539,0.2708,0.16724,0.29382,0.2017,0.21443,0.18912,0,0.70133,0.43897,0.68998,0.59658,0.36026,0.19838,0.080637,0.27727,0.21708,0.23968,0.827,0.77373,0.93119,1,0.74038,0.77621,0.91636,0.88163,0.84681,0.88832,0.73222,0.63848,0.52946,0.56676,0.70209,0.71449,0.74009,0.70492,0.67772,0.74432,0.68624,0.59857,0.722,0.81884,0.82492,0.7776,0.63823,0.63917,0.053996,0,0.44559,0.4468,0.53179,0.55605,0.52071,0.48653,0.14964,0.084505,0.53966,0.3787,0.52524,0.30362,0.64835,0.69104,0.10313,0.22518,0.56019,0.48843,0.55982,0.50614,0.38233,0.47791,0,0.13436,0.57471,0.54168,0.79692,0.79058,0.61767,0.37272,0.71105,0.47124,0.61605,0.30132,0.32286,0.32944,0,0.0098403,0.63375,0.72253,0.62484,0.7195,0.51809,0.25244
0.5337,0.52182,0.57259,0.51123,0.48698,0.23334,0.46869,0.5494,0.43155,0.35324,0.42942,0.38876,0.38638,0.25742,0.39961,0.18718,0.38558,0.14749,0.56219,0.54639,0.24532,0.14383,0.4666,0.46893,0.40592,0.18181,0.16716,0.15634,0.21655,0.27726,0.080669,0,0.45956,0.14375,0.52101,0.33033,0.62619,0.36594,0.391,0.5057,0.37706,0.27302,0.82186,0.63672,0.80354,0.74038,1,0.86411,0.81599,0.75608,0.81095,0.7615,0.78864,0.71783,0.69153,0.72488,0.66538,0.51011,0.67901,0.57365,0.59275,0.50098,0.53624,0.30672,0.64418,0.62002,0.77539,0.65479,0.58691,0.61359,0.029627,0,0.41432,0.44197,0.45497,0.5477,0.55054,0.55816,0.16862,0.11432,0.59825,0.38665,0.55167,0.34465,0.68488,0.628,0.23038,0.31399,0.62306,0.69194,0.65344,0.6731,0.62419,0.66886,0.36112,0.44185,0.80533,0.79505,0.88343,0.82364,0.75851,0.6317,0.67011,0.67385,0.51412,0.37962,0.1855,0.44036,0.098205,0.10524,0.65987,0.70402,0.71964,0.73332,0.45913,0.35859
