1,0.83755,0.42864,0.39084,0.19893,0.21561,0.49713,0.42737,0.20871,0.15499,0.54286,0.55375,0.35906,0.25792,0.33731,0.25407,0.57979,0.41574,0.58839,0.62421,0.022824,0.023073,0.25282,0.16141,0.018882,0,0,0.064809,0.35642,0.37444,0.35805,0.35441,0.59932,0.5206,0.15383,0.10942,0,0,0,0.11798,0.098765,0.094397,0.25554,0.34209,0.22895,0.28478,0.14712,0.14201,0.17884,0.28217,0.23618,0.19724,0.30372,0.38563,0.14458,0.21276,0.84822,0.75775,0.40701,0.38353,0.51537,0.31754,0.51421,0.39248,0.14991,0.1317,0.28848,0.24121,0.47868,0.54635,0.19405,0.21729,0.48772,0.46534,0.47347,0.40904,0.30534,0.33027,0.52248,0.21771,0.50635,0.46702,0.30891,0.3897,0.12105,0.12134,0.19799,0.17074,0.29887,0.35852,0.055657,0.050228,0.17216,0.095482,0.19744,0.21793,0.14919,0.17906,0.21486,0.20248,0.27689,0,0.26415,0.0050424,0.14025,0.034825,0.15594,0.11461,0.30413,0.14972,0.056752,0.18413,0.16912,0.08071,0.18639,0
0.83755,1,0.3786,0.39776,0.091312,0.13562,0.44296,0.43975,0.091493,0.13871,0.46179,0.54228,0.29154,0.28067,0.3061,0.26533,0.54007,0.50445,0.54023,0.64433,0.0296,0.074813,0.26987,0.17855,0,0,0,0,0.30079,0.44417,0.39855,0.38283,0.62899,0.56168,0.13738,0.071119,0,0,0,0.15495,0.13019,0.12319,0.2969,0.3366,0.2704,0.30707,0.16655,0.15292,0.13248,0.24011,0.22617,0.1736,0.34806,0.39809,0.14917,0.25116,0.79012,0.8703,0.35192,0.44967,0.52082,0.36955,0.55846,0.45746,0.15974,0.13756,0.25433,0.21686,0.42047,0.568,0.13008,0.1203,0.46906,0.51443,0.429,0.41836,0.23026,0.32311,0.5322,0.31128,0.52052,0.5144,0.3373,0.4267,0.18506,0.16327,0.21099,0.24246,0.34347,0.39246,0.069749,0.043111,0.17791,0.047573,0.27801,0.28061,0.23992,0.2146,0.26479,0.18234,0.24937,0,0.21069,0,0.079433,0,0.13727,0.10225,0.34225,0.25586,0.092434,0.25508,0.1193,0.040068,0.18267,0
0.42864,0.3786,1,0.73252,0.53082,0.44979,0.82744,0.55218,0.47673,0.39735,0.42407,0.36908,0.62713,0.41672,0.64951,0.50089,0.17981,0,0.67896,0.51119,0.29755,0.16018,0.78527,0.70126,0.66313,0.54441,0.42478,0.3257,0.22516,0.03391,0.61556,0.49971,0.52416,0.45503,0.70376,0.62776,0.30118,0.11803,0.35623,0.43413,0.14555,0.12023,0.48309,0.45917,0.24082,0.22148,0.41388,0.4349,0.1646,0.29549,0.30296,0.2602,0.50364,0.53157,0.43945,0.36094,0.15676,0.14117,0.073522,0,0.24294,0.08658,0.003559,0.020815,0.66334,0.42203,0.47825,0.33853,0.29778,0.38564,0.25768,0.37746,0.38868,0.3782,0.48884,0.48794,0.55689,0.56918,0.33543,0.04298,0.29025,0.34372,0.36037,0.19262,0.5205,0.41227,0.26643,0.17389,0.65188,0.56739,0.56331,0.5622,0.73171,0.68273,0.29906,0.31118,0.45037,0.42137,0.4459,0.39345,0.35608,0.27616,0.30481,0.046224,0.50894,0.51147,0.20038,0.1868,0.42083,0.24833,0.36641,0.39037,0.37389,0.38635,0.63975,0
0.39084,0.39776,0.73252,1,0.42769,0.65407,0.6566,0.82971,0.38048,0.58586,0.35839,0.41433,0.45736,0.59078,0.39116,0.62903,0.21213,0.066718,0.67133,0.61025,0.29101,0.16999,0.71191,0.843,0.56578,0.63813,0.30179,0.29222,0.17908,0.051042,0.60471,0.5893,0.63693,0.65322,0.72401,0.68635,0.32018,0.1745,0.32736,0.44022,0.1841,0.16978,0.42242,0.36709,0.46144,0.45895,0.38042,0.36018,0.29287,0.42179,0.2974,0.32962,0.32919,0.49516,0.37364,0.41534,0.11949,0.25016,0.074148,0.18946,0.20538,0.40839,0.008271,0.32485,0.60757,0.7266,0.63415,0.65432,0.42525,0.60397,0.28676,0.24383,0.33133,0.34515,0.37728,0.41745,0.45921,0.44141,0.31022,0.12115,0.42005,0.44711,0.31685,0.21819,0.60785,0.65197,0.33869,0.39013,0.47711,0.74269,0.3948,0.44806,0.72216,0.49783,0.16987,0.3088,0.30061,0.27827,0.20007,0.094199,0.28422,0.18645,0.17359,0,0.45639,0.32931,0.1203,0.056892,0.33108,0.1935,0.24428,0.12717,0.16264,0.26247,0.46491,0
0.19893,0.091312,0.53082,0.42769,1,0.40458,0.30782,0.30387,0.72477,0.31804,0.20073,0.26596,0.29366,0.24979,0.55406,0.37124,0.013399,0,0.47501,0.32191,0.11849,0.095891,0.38132,0.39579,0.7348,0.60834,0.74949,0.65802,0.03799,0,0.40801,0.39524,0.24683,0.26754,0.4537,0.51328,0,0,0.12441,0.12866,0,0,0.24808,0.18567,0.10542,0.03881,0.1357,0.1464,0.080697,0.19146,0.11016,0.10064,0.26965,0.17334,0.30407,0.1947,0.07386,0.021719,0.28808,0.14146,0.049169,0.079525,0,0,0.33889,0.27985,0.35116,0.23323,0.49279,0.27317,0.5231,0.43345,0.32067,0.23524,0.42346,0.36646,0.3708,0.45897,0.17503,0,0.13939,0.14226,0.222,0.19224,0.37948,0.18583,0.44836,0.27302,0.56176,0.28115,0.25173,0.19522,0.24239,0.22818,0.12939,0,0.17329,0.070674,0.17784,0.19947,0.51089,0.1417,0.48304,0.14774,0.36564,0.30688,0.27928,0.19963,0.22042,0.036317,0.12979,0.093601,0.29816,0.31281,0.13519,0.00926
0.21561,0.13562,0.44979,0.65407,0.40458,1,0.44026,0.66965,0.50708,0.83103,0.20308,0.28115,0.4155,0.49996,0.47568,0.69808,0.13494,0,0.49554,0.3959,0.22412,0.11593,0.38856,0.52868,0.4518,0.58638,0.38844,0.44385,0.20509,0.064981,0.40633,0.37957,0.37373,0.39248,0.48972,0.52657,0.16174,0.067309,0.20329,0.18471,0.040472,0,0.29558,0.29154,0.256,0.2738,0.28118,0.24967,0.25392,0.35737,0.19291,0.22571,0.17725,0.33687,0.21403,0.26528,0.056402,0.087273,0.18733,0.26875,0.16478,0.4627,0,0.24149,0.39764,0.56039,0.42918,0.45622,0.34124,0.35978,0.27378,0.22247,0.22061,0.19286,0.33862,0.37095,0.34983,0.3322,0.20945,0.14923,0.37601,0.40184,0.38261,0.30895,0.48828,0.4901,0.40219,0.39467,0.3265,0.57116,0.25787,0.27714,0.45752,0.25152,0.099696,0.13897,0.16764,0.12951,0.14416,0.076597,0.39408,0.12026,0.3007,0,0.385,0.2598,0.125,0.12241,0.2948,0.11375,0.13032,0.075464,0.23545,0.27143,0.27148,0.04196
0.49713,0.44296,0.82744,0.6566,0.30782,0.44026,1,0.7184,0.37068,0.42501,0.58988,0.5297,0.71612,0.5112,0.57125,0.56616,0.3558,0.10986,0.72921,0.64732,0.30012,0.17507,0.50552,0.49205,0.44464,0.38882,0.15117,0.22341,0.47336,0.20685,0.54829,0.41521,0.61421,0.5887,0.53275,0.53468,0.37161,0.20296,0.35397,0.40987,0.28237,0.25488,0.55722,0.54853,0.33995,0.34909,0.51322,0.51445,0.36339,0.42855,0.41844,0.35761,0.49239,0.5888,0.4163,0.37215,0.25707,0.26805,0.22265,0.18243,0.45007,0.35131,0.24584,0.29292,0.51475,0.4473,0.6023,0.49972,0.23057,0.47811,0.22601,0.37929,0.48909,0.4696,0.49991,0.51789,0.60044,0.61499,0.40825,0.18962,0.39869,0.48393,0.41089,0.33135,0.35834,0.37717,0.14925,0.18623,0.43122,0.58717,0.5639,0.60537,0.63809,0.60377,0.24268,0.36894,0.47437,0.46494,0.52488,0.46086,0.4639,0.32511,0.43888,0.18263,0.48538,0.47105,0.25813,0.33517,0.42125,0.20285,0.40263,0.39291,0.46259,0.4881,0.6275,0.013315
0.42737,0.43975,0.55218,0.82971,0.30387,0.66965,0.7184,1,0.33754,0.59733,0.43564,0.61337,0.525,0.75433,0.35773,0.76052,0.3656,0.14033,0.69324,0.67405,0.3054,0.21851,0.45652,0.64147,0.40798,0.5241,0.14164,0.30555,0.37813,0.24125,0.60733,0.58242,0.69024,0.75106,0.58421,0.60418,0.32602,0.19235,0.35375,0.4076,0.2691,0.23817,0.55365,0.52362,0.5428,0.57945,0.54404,0.49037,0.52547,0.58518,0.46421,0.48594,0.40917,0.60921,0.44122,0.51391,0.20074,0.31671,0.20474,0.41407,0.33112,0.67006,0.16921,0.54703,0.41021,0.70044,0.6708,0.75,0.38531,0.61713,0.26106,0.2272,0.39393,0.40722,0.40869,0.50449,0.55449,0.51907,0.40714,0.22873,0.59104,0.5626,0.44759,0.46669,0.48878,0.63286,0.35805,0.48778,0.34568,0.78421,0.44822,0.49991,0.62038,0.3988,0.15218,0.38715,0.36415,0.37162,0.3246,0.26342,0.46749,0.24102,0.39341,0.050712,0.47045,0.30322,0.23322,0.25449,0.35317,0.19828,0.29234,0.18425,0.35011,0.4049,0.46665,0
0.20871,0.091493,0.47673,0.38048,0.72477,0.50708,0.37068,0.33754,1,0.55435,0.21711,0.24469,0.4416,0.29786,0.68153,0.36599,0.010198,0,0.41766,0.30291,0,0,0.24671,0.32709,0.56532,0.50033,0.5921,0.54197,0,0,0.24148,0.20011,0.1283,0.12825,0.34593,0.46233,0,0,0.01861,0,0,0,0.18278,0.12658,0.054243,0.013598,0.063192,0.088142,0.068164,0.17939,0.10306,0.12874,0.20971,0.13992,0.1793,0.050746,0.11355,0.023344,0.35568,0.24229,0.17606,0.19304,0,0,0.35639,0.29539,0.33771,0.22753,0.5053,0.36342,0.36989,0.31436,0.2422,0.084123,0.36395,0.30856,0.36862,0.37383,0.12773,0,0.14806,0.069135,0.14739,0.079496,0.28327,0.15534,0.46495,0.25479,0.48949,0.31415,0.29536,0.29668,0.27691,0.2921,0.0060055,0,0.14478,0.010934,0.15768,0.18624,0.55776,0.2327,0.49214,0.2863,0.42697,0.31233,0.44503,0.29567,0.14986,0,0.15009,0.086554,0.25736,0.24582,0.069185,0.1344
0.15499,0.13871,0.39735,0.58586,0.31804,0.83103,0.42501,0.59733,0.55435,1,0.24568,0.30045,0.49308,0.49539,0.50634,0.74565,0.084568,0,0.47766,0.41004,0.16263,0.034008,0.34284,0.53214,0.37647,0.52956,0.3353,0.29564,0.14037,0,0.30665,0.32116,0.32435,0.32478,0.40549,0.47746,0.16421,0.0057642,0.12695,0.075223,0,0,0.27161,0.23253,0.2892,0.28348,0.21156,0.2058,0.26351,0.34876,0.15157,0.21409,0.048302,0.26542,0.18109,0.21717,0.010458,0.042296,0.1936,0.23833,0.20492,0.4757,0,0.22692,0.47462,0.56979,0.40267,0.41009,0.36803,0.39857,0.31928,0.25161,0.23281,0.17253,0.31124,0.29747,0.24516,0.26606,0.19832,0.11157,0.32968,0.36282,0.28017,0.24856,0.52061,0.54499,0.38341,0.45425,0.24028,0.59305,0.20421,0.30131,0.36465,0.26619,0.045345,0.056882,0.1435,0.08796,0.12486,0.04325,0.35668,0.19878,0.31965,0.089313,0.34284,0.20189,0.16709,0.11491,0.21021,0.034116,0.14865,0.013131,0.14447,0.27947,0.22378,0.057277
0.54286,0.46179,0.42407,0.35839,0.20073,0.20308,0.58988,0.43564,0.21711,0.24568,1,0.55647,0.74106,0.40934,0.33607,0.37792,0.66053,0.48685,0.71942,0.67861,0.11188,0.13134,0.36046,0.24765,0.05836,0.022902,0,0,0.55128,0.32013,0.41491,0.38895,0.55508,0.49631,0.30062,0.34897,0.22985,0.11663,0.05574,0.1081,0.21417,0.16362,0.27824,0.31586,0.30016,0.31031,0.2293,0.22587,0.2205,0.2537,0.214,0.17971,0.15041,0.30693,0.12398,0.13885,0.35175,0.36767,0.22537,0.1321,0.36137,0.30094,0.4929,0.49595,0.3615,0.24835,0.36082,0.29569,0.36966,0.44581,0.30608,0.30128,0.52982,0.47094,0.41122,0.43262,0.39691,0.38481,0.46086,0.24776,0.47714,0.42733,0.22944,0.37506,0.32292,0.21893,0.19591,0.22745,0.13506,0.28201,0.036065,0.16306,0.11202,0.12625,0.013613,0.068049,0.077387,0.059939,0.086362,0.12171,0.12567,0,0.17201,0.0070897,0.056985,0.041184,0.10328,0.12614,0,0.091141,0.23675,0.047359,0.012297,0.042194,0.22693,0
0.55375,0.54228,0.36908,0.41433,0.26596,0.28115,0.5297,0.61337,0.24469,0.30045,0.55647,1,0.56689,0.77948,0.33333,0.55893,0.61118,0.31068,0.54812,0.61293,0.28921,0.35417,0.25449,0.36176,0.27876,0.36628,0.077418,0.24016,0.39909,0.39646,0.56905,0.61083,0.70993,0.73089,0.40843,0.48513,0.19573,0.06912,0.16484,0.23801,0.21554,0.1863,0.5732,0.54862,0.58793,0.57128,0.45606,0.43758,0.53966,0.57828,0.57529,0.49499,0.41695,0.44735,0.38912,0.37914,0.41999,0.34959,0.33499,0.36341,0.45973,0.54181,0.37228,0.53759,0.31403,0.51054,0.58858,0.58015,0.38351,0.52798,0.45987,0.42986,0.58281,0.61771,0.51287,0.58616,0.53278,0.59229,0.65446,0.26736,0.6999,0.57763,0.31092,0.4796,0.40199,0.50544,0.20677,0.38576,0.18413,0.50927,0.12219,0.18226,0.13763,0.039529,0.15234,0.22044,0.25086,0.31428,0.16355,0.22248,0.38102,0,0.42333,0.075703,0.29708,0.14729,0.22033,0.25853,0.23598,0.20075,0.33914,0.10069,0.2363,0.36353,0.3495,0
0.35906,0.29154,0.62713,0.45736,0.29366,0.4155,0.71612,0.525,0.4416,0.49308,0.74106,0.56689,1,0.62458,0.64871,0.61125,0.37643,0.19628,0.6361,0.53717,0.28918,0.20061,0.48431,0.47216,0.3746,0.34233,0.14974,0.15524,0.39236,0.18183,0.48777,0.41578,0.50169,0.42336,0.4829,0.48898,0.35818,0.1516,0.2708,0.27183,0.28825,0.2064,0.42201,0.44906,0.37224,0.35018,0.37146,0.38616,0.32938,0.37882,0.35838,0.31509,0.28059,0.40831,0.31163,0.28067,0.12629,0.11348,0.25555,0.14009,0.41793,0.38411,0.15511,0.25685,0.61293,0.44673,0.49098,0.38873,0.33283,0.42574,0.36204,0.41669,0.42415,0.40613,0.45681,0.47403,0.46843,0.46529,0.38263,0.1815,0.40188,0.36643,0.3741,0.32919,0.54268,0.44589,0.31735,0.33038,0.35257,0.46706,0.25448,0.34762,0.33253,0.33203,0.11249,0.18843,0.25159,0.24,0.20686,0.17996,0.27566,0.12901,0.29714,0.053651,0.29715,0.25126,0.12453,0.18559,0.18341,0.13249,0.31073,0.12742,0.16841,0.27324,0.41322,0
0.25792,0.28067,0.41672,0.59078,0.24979,0.49996,0.5112,0.75433,0.29786,0.49539,0.40934,0.77948,0.62458,1,0.38506,0.76355,0.34525,0.094705,0.45136,0.4755,0.32719,0.29076,0.38874,0.61724,0.43217,0.58312,0.17882,0.28906,0.23978,0.11241,0.51262,0.53987,0.63207,0.66858,0.55026,0.63433,0.34694,0.13001,0.34372,0.35753,0.30106,0.2515,0.60952,0.53265,0.66273,0.6777,0.54021,0.49797,0.65891,0.6804,0.65255,0.6382,0.38893,0.51803,0.48162,0.48912,0.064086,0.077517,0.22725,0.35774,0.38878,0.65101,0.039223,0.43481,0.4909,0.78589,0.70217,0.75553,0.3366,0.55391,0.35017,0.32646,0.33794,0.39562,0.32305,0.50694,0.5397,0.50904,0.43569,0.16706,0.56761,0.45389,0.32148,0.39362,0.60183,0.76428,0.35225,0.55886,0.24313,0.74292,0.28881,0.37755,0.38242,0.2652,0.11971,0.277,0.25975,0.33013,0.080728,0.12075,0.30821,0.12425,0.29548,0.047953,0.38274,0.23759,0.20676,0.24387,0.21359,0.15454,0.32865,0.012587,0.1887,0.33355,0.37773,0
0.33731,0.3061,0.64951,0.39116,0.55406,0.47568,0.57125,0.35773,0.68153,0.50634,0.33607,0.33333,0.64871,0.38506,1,0.56776,0.1449,0.039217,0.50947,0.41285,0.15903,0.089581,0.3642,0.34724,0.50355,0.41844,0.46018,0.35798,0.2199,0.017923,0.36744,0.29222,0.34743,0.2949,0.36108,0.44502,0.058099,0,0.12393,0.10756,0,0,0.39056,0.3487,0.14978,0.10647,0.23699,0.26002,0.13322,0.22866,0.23365,0.16296,0.38287,0.32762,0.29907,0.19627,0.22687,0.18694,0.42637,0.24297,0.42353,0.25573,0.085125,0.060371,0.50407,0.2863,0.38246,0.2104,0.44288,0.42333,0.28964,0.4046,0.36009,0.28765,0.43713,0.44072,0.43445,0.45485,0.31721,0.17304,0.23298,0.31474,0.41627,0.28788,0.418,0.25322,0.4853,0.31751,0.62825,0.41251,0.3579,0.32984,0.34099,0.35484,0.19334,0.045935,0.29081,0.16178,0.33021,0.24724,0.51487,0.10751,0.48354,0.1543,0.3693,0.29164,0.27651,0.22984,0.32355,0.068167,0.23059,0.2539,0.3742,0.35036,0.24116,0
0.25407,0.26533,0.50089,0.62903,0.37124,0.69808,0.56616,0.76052,0.36599,0.74565,0.37792,0.55893,0.61125,0.76355,0.56776,1,0.24166,0.071891,0.62376,0.57777,0.43885,0.28535,0.42454,0.57525,0.44996,0.56996,0.34802,0.40549,0.37546,0.2558,0.53258,0.53456,0.56905,0.59651,0.47184,0.52594,0.35345,0.14289,0.3462,0.30575,0.2508,0.11462,0.51795,0.49906,0.42138,0.44937,0.48761,0.43344,0.44978,0.46849,0.38992,0.38532,0.27069,0.49981,0.42234,0.48998,0.033484,0.10421,0.20473,0.31939,0.28449,0.56975,0.009626,0.3592,0.48702,0.63134,0.5424,0.55036,0.41063,0.49498,0.37361,0.35934,0.40721,0.38257,0.45231,0.51172,0.48073,0.50528,0.35845,0.2058,0.52409,0.55207,0.55487,0.57666,0.66832,0.70932,0.49907,0.66175,0.36266,0.74368,0.32269,0.35999,0.46617,0.32925,0.20969,0.29382,0.29548,0.29766,0.2272,0.16193,0.41669,0.13444,0.39382,0,0.38413,0.27748,0.14025,0.22385,0.34703,0.14883,0.20966,0.11555,0.28627,0.41088,0.39955,0.00753
0.57979,0.54007,0.17981,0.21213,0.013399,0.13494,0.3558,0.3656,0.010198,0.084568,0.66053,0.61118,0.37643,0.34525,0.1449,0.24166,1,0.73231,0.47652,0.61046,0.17921,0.25472,0.13319,0.095341,0,0,0,0,0.71063,0.54301,0.4386,0.4506,0.54466,0.52032,0.098243,0.15732,0.15689,0.16531,0.067051,0.11337,0.29568,0.24608,0.26724,0.31954,0.30372,0.34997,0.24712,0.24241,0.25704,0.27566,0.24259,0.22455,0.18527,0.34989,0.11204,0.19057,0.54942,0.47688,0.11606,0.17569,0.21268,0.25204,0.59352,0.54809,0.025788,0.095586,0.22514,0.23815,0.34782,0.44038,0.22437,0.18135,0.51183,0.50112,0.33271,0.33845,0.35172,0.35918,0.77454,0.47209,0.74319,0.64836,0.29011,0.43706,0.077641,0.20345,0.11124,0.17959,0,0.26064,0,0.012567,0,0,0.081884,0.15234,0.11473,0.16522,0.080123,0.10476,0.11979,0,0.19993,0,0.025101,0,0.083393,0.093896,0.09544,0.24482,0.20194,0.079935,0.031266,0.075075,0.19623,0
0.41574,0.50445,0,0.066718,0,0,0.10986,0.14033,0,0,0.48685,0.31068,0.19628,0.094705,0.039217,0.071891,0.73231,1,0.28243,0.3972,0.036221,0.14706,0.047692,0,0,0,0,0,0.53179,0.54652,0.23542,0.26393,0.3353,0.31351,0,0,0.066704,0.15309,0,0.038002,0.16165,0.18665,0.15911,0.14822,0.29253,0.26933,0.01013,0.059443,0.082532,0.16275,0.029652,0.062191,0,0.16775,0,0.088506,0.4244,0.47506,0.046589,0.025754,0.077725,0.078411,0.55656,0.51342,0,0,0.0080293,0.04118,0.2172,0.2627,0.15881,0.1587,0.40233,0.51782,0.23547,0.21339,0.029916,0.14441,0.69414,0.72743,0.53246,0.63243,0.10913,0.32766,0.065425,0.10618,0.043013,0.10179,0,0.10983,0,0,0,0,0.082633,0,0.055612,0.056069,0.03729,0,0,0,0.033769,0,0,0,0,0,0,0.24137,0.15176,0.11005,0,0,0.036158,0
0.58839,0.54023,0.67896,0.67133,0.47501,0.49554,0.72921,0.69324,0.41766,0.47766,0.71942,0.54812,0.6361,0.45136,0.50947,0.62376,0.47652,0.28243,1,0.89329,0.21645,0.16595,0.53696,0.49273,0.3666,0.32646,0.2362,0.32906,0.50443,0.36211,0.64088,0.59305,0.69759,0.66601,0.46233,0.47276,0.1828,0.13002,0.17279,0.2542,0.0802,0.059687,0.38086,0.40942,0.25231,0.28293,0.30367,0.28161,0.16123,0.20587,0.15933,0.10601,0.25943,0.38581,0.24608,0.27261,0.31972,0.41031,0.21962,0.2392,0.27049,0.32978,0.33859,0.38478,0.40495,0.34648,0.47795,0.39692,0.61462,0.59966,0.39152,0.32688,0.60652,0.50066,0.62221,0.56027,0.54637,0.55736,0.46138,0.20953,0.55775,0.55918,0.46146,0.53847,0.50282,0.38566,0.41741,0.41878,0.47968,0.53842,0.27905,0.31195,0.45419,0.3397,0.22125,0.24468,0.25126,0.21025,0.27333,0.22315,0.42204,0.084651,0.36221,0,0.37708,0.28513,0.23004,0.22392,0.33871,0.22197,0.2376,0.21808,0.25418,0.27383,0.41849,0.046755
0.62421,0.64433,0.51119,0.61025,0.32191,0.3959,0.64732,0.67405,0.30291,0.41004,0.67861,0.61293,0.53717,0.4755,0.41285,0.57777,0.61046,0.3972,0.89329,1,0.2268,0.18973,0.39377,0.39576,0.224,0.23917,0.10197,0.24665,0.57597,0.43603,0.59146,0.5775,0.76782,0.75046,0.33893,0.34027,0.17773,0.12503,0.14344,0.23528,0.2027,0.15738,0.32986,0.35119,0.30587,0.34685,0.25099,0.21012,0.21202,0.21241,0.17395,0.13827,0.20654,0.36789,0.21676,0.24868,0.47294,0.57005,0.3135,0.4114,0.38535,0.4434,0.51833,0.54731,0.32421,0.32195,0.50568,0.44302,0.61214,0.7172,0.3,0.25672,0.61312,0.50278,0.53315,0.50978,0.47324,0.50277,0.51919,0.269,0.63537,0.65522,0.48831,0.60212,0.39836,0.39318,0.40079,0.47868,0.3344,0.55637,0.15973,0.21883,0.32049,0.19285,0.20278,0.28491,0.1908,0.1794,0.18754,0.096819,0.38018,0,0.34064,0,0.2554,0.12979,0.19452,0.18371,0.36199,0.20597,0.15735,0.10902,0.15562,0.24411,0.33066,0
0.022824,0.0296,0.29755,0.29101,0.11849,0.22412,0.30012,0.3054,0,0.16263,0.11188,0.28921,0.28918,0.32719,0.15903,0.43885,0.17921,0.036221,0.21645,0.2268,1,0.83949,0.27183,0.2945,0.36375,0.37075,0.1839,0.23794,0.35963,0.39516,0.44868,0.3782,0.29111,0.27802,0.24634,0.16004,0.65456,0.55393,0.61106,0.58714,0.64154,0.46421,0.40277,0.47977,0.22026,0.25965,0.53055,0.46723,0.29083,0.27409,0.30844,0.25576,0.27683,0.36022,0.44905,0.49547,0,0,0,0,0,0.098092,0,0.028334,0.2719,0.22232,0.32095,0.29636,0,0.0014806,0.27946,0.29695,0.32612,0.34143,0.29117,0.27572,0.30517,0.38571,0.15497,0.15332,0.29025,0.44421,0.61846,0.4601,0.45024,0.55118,0.16854,0.34971,0.13458,0.31443,0.23029,0.085893,0.257,0.08231,0.32458,0.33831,0.31419,0.35433,0.23216,0.093262,0.13401,0,0.17686,0,0,0.036841,0,0,0.38415,0.096801,0,0.11107,0.24907,0.32809,0.34964,0
0.023073,0.074813,0.16018,0.16999,0.095891,0.11593,0.17507,0.21851,0,0.034008,0.13134,0.35417,0.20061,0.29076,0.089581,0.28535,0.25472,0.14706,0.16595,0.18973,0.83949,1,0.19274,0.20249,0.30954,0.32884,0.053074,0.18272,0.31797,0.39296,0.50418,0.43942,0.27604,0.29277,0.25112,0.18763,0.52112,0.44918,0.44016,0.44702,0.49821,0.39446,0.41189,0.47859,0.29254,0.32304,0.48961,0.45354,0.28007,0.27376,0.32328,0.26763,0.24539,0.25689,0.31085,0.41267,0,0,0,0.0022451,0,0.10092,0,0.12673,0.21208,0.18097,0.31413,0.30308,0,0.012207,0.35771,0.42067,0.40531,0.48705,0.3505,0.32892,0.30539,0.3996,0.22471,0.24952,0.32346,0.41022,0.45354,0.41098,0.32883,0.40759,0.081584,0.27621,0.013004,0.16821,0.094568,0,0.071491,0,0.23413,0.21729,0.22949,0.27526,0.12643,0.095829,0.087938,0,0.13429,0,0,0,0,0,0.21908,0.084649,0.066414,0.054483,0.2083,0.26342,0.26177,0
0.25282,0.26987,0.78527,0.71191,0.38132,0.38856,0.50552,0.45652,0.24671,0.34284,0.36046,0.25449,0.48431,0.38874,0.3642,0.42454,0.13319,0.047692,0.53696,0.39377,0.27183,0.19274,1,0.86744,0.57599,0.48558,0.26805,0.11258,0.13677,0.080631,0.70044,0.62711,0.48308,0.43025,0.75146,0.57483,0.31449,0.16418,0.24822,0.37426,0.17217,0.20907,0.37095,0.36258,0.2968,0.31459,0.34537,0.35236,0.091321,0.21288,0.16062,0.21177,0.27531,0.43915,0.26832,0.29859,0,0.067333,0,0,0.0050326,0.037767,0,0.081968,0.69489,0.42145,0.27504,0.27295,0.14209,0.27616,0.24284,0.24856,0.26535,0.3071,0.36014,0.40085,0.4356,0.36024,0.27658,0.069255,0.34449,0.27439,0.23967,0.13285,0.60126,0.47611,0.20528,0.16475,0.43724,0.46374,0.32582,0.37282,0.66855,0.55179,0.15026,0.25279,0.24536,0.27071,0.15027,0.12878,0.0045777,0.097268,0,0,0.34168,0.31024,0.010799,0,0.18697,0.26948,0.29699,0.18131,0.0059545,0.10331,0.59294,0
0.16141,0.17855,0.70126,0.843,0.39579,0.52868,0.49205,0.64147,0.32709,0.53214,0.24765,0.36176,0.47216,0.61724,0.34724,0.57525,0.095341,0,0.49273,0.39576,0.2945,0.20249,0.86744,1,0.65777,0.70805,0.33625,0.20746,0.029961,0,0.64024,0.63543,0.51873,0.50921,0.79472,0.72524,0.38201,0.19622,0.33359,0.43586,0.17885,0.22835,0.45341,0.36755,0.49261,0.477,0.39825,0.4087,0.29499,0.40645,0.29803,0.37909,0.25579,0.4705,0.36176,0.39754,0,0,0,0,0.033859,0.2515,0,0.14742,0.7134,0.68693,0.50448,0.54642,0.25359,0.42362,0.29947,0.26664,0.20811,0.26648,0.28617,0.3462,0.43127,0.36256,0.27632,0.070309,0.38061,0.31675,0.19141,0.10407,0.69496,0.71778,0.27245,0.33859,0.38655,0.68128,0.3759,0.47663,0.69774,0.56398,0.10482,0.25152,0.25264,0.29335,0.10345,0.072064,0.082581,0.20436,0.0079625,0,0.45244,0.35438,0.073817,0.016539,0.18314,0.2124,0.33144,0.091213,0.046237,0.22658,0.55718,0
0.018882,0,0.66313,0.56578,0.7348,0.4518,0.44464,0.40798,0.56532,0.37647,0.05836,0.27876,0.3746,0.43217,0.50355,0.44996,0,0,0.3666,0.224,0.36375,0.30954,0.57599,0.65777,1,0.88136,0.77139,0.65223,0,0,0.51891,0.43095,0.31112,0.31444,0.69634,0.63795,0.31226,0.1064,0.35913,0.37279,0.0072225,0,0.42065,0.35527,0.27593,0.26311,0.38247,0.37418,0.25064,0.29126,0.30495,0.27162,0.32493,0.29486,0.42354,0.31508,0,0,0.10576,0.05184,0.035789,0.11845,0,0,0.61235,0.50665,0.56144,0.47159,0.20781,0.25285,0.41185,0.45542,0.2353,0.26016,0.3777,0.41657,0.46183,0.47149,0.081283,0,0.13471,0.15327,0.23691,0.054957,0.49655,0.42097,0.28715,0.2195,0.47508,0.39651,0.4362,0.42338,0.4985,0.45487,0.14825,0.17028,0.33175,0.30135,0.24028,0.22203,0.3547,0.27511,0.29881,0.037665,0.47761,0.46502,0.19088,0.21158,0.30538,0.085513,0.31151,0.15037,0.31696,0.42987,0.3985,0
0,0,0.54441,0.63813,0.60834,0.58638,0.38882,0.5241,0.50033,0.52956,0.022902,0.36628,0.34233,0.58312,0.41844,0.56996,0,0,0.32646,0.23917,0.37075,0.32884,0.48558,0.70805,0.88136,1,0.68612,0.6237,0,0,0.51778,0.49396,0.35633,0.39288,0.694,0.73146,0.32943,0.10843,0.32243,0.32837,0.019651,0,0.44708,0.33653,0.42113,0.36932,0.34927,0.36672,0.33534,0.4112,0.3396,0.35119,0.21544,0.26988,0.38272,0.32028,0,0,0.093675,0.10925,0.0018441,0.25083,0,0,0.57765,0.69015,0.64591,0.62484,0.26004,0.35333,0.46017,0.48984,0.26051,0.29103,0.34939,0.44762,0.43212,0.46638,0.17625,0.1189,0.22881,0.2976,0.15454,0.060218,0.53997,0.60721,0.27892,0.3617,0.32517,0.53045,0.34899,0.39769,0.45181,0.37508,0.090764,0.11488,0.26887,0.2588,0.12951,0.09356,0.3392,0.23336,0.30928,0.057328,0.48756,0.41556,0.1397,0.14535,0.23451,0.09059,0.32309,0.045928,0.24824,0.43904,0.33741,0
0,0,0.42478,0.30179,0.74949,0.38844,0.15117,0.14164,0.5921,0.3353,0,0.077418,0.14974,0.17882,0.46018,0.34802,0,0,0.2362,0.10197,0.1839,0.053074,0.26805,0.33625,0.77139,0.68612,1,0.8405,0,0,0.22124,0.20437,0.10688,0.085618,0.37828,0.37157,0.022847,0,0.17811,0.11412,0,0,0.14329,0.099852,0,0,0.10385,0.099833,0.020383,0.029093,0.063836,0.025687,0.16647,0.05784,0.28782,0.17074,0,0,0.25849,0.15084,0,0.0058495,0,0,0.35775,0.24369,0.35251,0.2138,0.35702,0.16765,0.32916,0.28821,0.083475,0.016471,0.24244,0.26639,0.238,0.27428,0,0,0,0.0055011,0.21828,0.083738,0.36981,0.24133,0.46569,0.29938,0.48055,0.23498,0.28584,0.23789,0.25362,0.25401,0.13192,0,0.18287,0.10515,0.15471,0.14709,0.42508,0.22511,0.39752,0.16519,0.38816,0.35344,0.23981,0.23333,0.24524,0.01574,0.10628,0.1161,0.32508,0.37642,0.10929,0.059525
0.064809,0,0.3257,0.29222,0.65802,0.44385,0.22341,0.30555,0.54197,0.29564,0,0.24016,0.15524,0.28906,0.35798,0.40549,0,0,0.32906,0.24665,0.23794,0.18272,0.11258,0.20746,0.65223,0.6237,0.8405,1,0,0,0.25524,0.21493,0.21683,0.20471,0.2898,0.29213,0.031497,0,0.22273,0.14162,0,0,0.18104,0.19694,0.01906,0.025994,0.1674,0.14599,0.13172,0.11649,0.15359,0.1019,0.17676,0.11946,0.2827,0.23851,0,0,0.38342,0.38423,0.087157,0.19515,0,0,0.18879,0.26293,0.43747,0.3472,0.39965,0.25981,0.35758,0.34098,0.26397,0.15266,0.35142,0.39694,0.3456,0.38746,0,0,0.055117,0.11397,0.30796,0.26756,0.26592,0.2346,0.45717,0.40872,0.40122,0.28227,0.24929,0.19172,0.20253,0.176,0.15715,0.13306,0.19436,0.17047,0.16599,0.17541,0.53919,0.24333,0.49885,0.17541,0.36246,0.28837,0.30854,0.3112,0.3393,0.023534,0.055286,0.07967,0.38435,0.39574,0.084372,0.033545
0.35642,0.30079,0.22516,0.17908,0.03799,0.20509,0.47336,0.37813,0,0.14037,0.55128,0.39909,0.39236,0.23978,0.2199,0.37546,0.71063,0.53179,0.50443,0.57597,0.35963,0.31797,0.13677,0.029961,0,0,0,0,1,0.69447,0.47048,0.41163,0.46338,0.50619,0.045807,0.083558,0.28448,0.34034,0.20535,0.22387,0.29993,0.22173,0.36945,0.44447,0.19784,0.28554,0.39861,0.35205,0.29491,0.255,0.19769,0.16386,0.21325,0.36934,0.1912,0.25068,0.27773,0.24588,0.056901,0.081154,0.13608,0.21821,0.48194,0.50777,0.011637,0.012306,0.20262,0.19823,0.14171,0.25861,0.24389,0.24949,0.52082,0.49778,0.35252,0.36593,0.38293,0.42921,0.60567,0.48895,0.59814,0.68897,0.47551,0.5682,0.12925,0.17403,0.067794,0.13783,0.0085893,0.20928,0.086758,0.06626,0.099638,0,0.201,0.27272,0.22434,0.26917,0.20212,0.16009,0.21234,0,0.25885,0,0.039067,0.006444,0.013762,0.11607,0.30593,0.26806,0.15793,0.19069,0.20351,0.23322,0.31357,0
0.37444,0.44417,0.03391,0.051042,0,0.064981,0.20685,0.24125,0,0,0.32013,0.39646,0.18183,0.11241,0.017923,0.2558,0.54301,0.54652,0.36211,0.43603,0.39516,0.39296,0.080631,0,0,0,0,0,0.69447,1,0.43933,0.41871,0.4561,0.48624,0,0,0.18427,0.34021,0.18841,0.22835,0.29316,0.24243,0.23709,0.35488,0.1459,0.20018,0.25604,0.18066,0.13541,0.075781,0.066148,0,0.13522,0.26344,0.073527,0.24711,0.33937,0.37631,0.01655,0.083831,0.10296,0.15867,0.4509,0.45831,0,0,0,0.005365,0.043991,0.084603,0.28515,0.21167,0.45441,0.5709,0.42901,0.32308,0.11963,0.29117,0.54627,0.47563,0.60131,0.63806,0.54864,0.66132,0.16926,0.10037,0.058975,0.15599,0.02546,0.069255,0,0,0.0034537,0,0.30869,0.3099,0.16985,0.22744,0.15051,0.071955,0.08387,0,0.08591,0,0,0,0,0.0075444,0.35641,0.28384,0,0.19636,0.073314,0.034048,0.18142,0
0.35805,0.39855,0.61556,0.60471,0.40801,0.40633,0.54829,0.60733,0.24148,0.30665,0.41491,0.56905,0.48777,0.51262,0.36744,0.53258,0.4386,0.23542,0.64088,0.59146,0.44868,0.50418,0.70044,0.64024,0.51891,0.51778,0.22124,0.25524,0.47048,0.43933,1,0.93284,0.65247,0.68737,0.68371,0.56182,0.29653,0.20146,0.25173,0.35793,0.17404,0.14236,0.5171,0.53454,0.38321,0.38108,0.48111,0.45605,0.23601,0.31843,0.24633,0.24332,0.34072,0.43059,0.28065,0.35762,0.1782,0.23176,0,0.065657,0.087293,0.24943,0.18477,0.35683,0.47846,0.39215,0.39665,0.38516,0.24813,0.37375,0.4717,0.46264,0.52575,0.54615,0.54562,0.58641,0.55195,0.57034,0.52451,0.26756,0.59493,0.53259,0.45659,0.48752,0.4794,0.43699,0.29014,0.38022,0.34742,0.4511,0.22965,0.21652,0.42114,0.2293,0.22427,0.27945,0.27891,0.30894,0.21097,0.21026,0.28513,0,0.24434,0,0.32583,0.17273,0.10288,0.082645,0.32134,0.31056,0.3215,0.19117,0.20656,0.27854,0.4835,0
0.35441,0.38283,0.49971,0.5893,0.39524,0.37957,0.41521,0.58242,0.20011,0.32116,0.38895,0.61083,0.41578,0.53987,0.29222,0.53456,0.4506,0.26393,0.59305,0.5775,0.3782,0.43942,0.62711,0.63543,0.43095,0.49396,0.20437,0.21493,0.41163,0.41871,0.93284,1,0.66153,0.7204,0.6644,0.56129,0.21309,0.1066,0.17506,0.26392,0.093436,0.052381,0.42996,0.41282,0.39425,0.35483,0.37425,0.33926,0.21955,0.29888,0.19704,0.20285,0.24638,0.33651,0.24184,0.31145,0.20769,0.24693,0,0.067345,0.093982,0.30103,0.20125,0.44577,0.44217,0.44191,0.37544,0.38168,0.32467,0.39253,0.49409,0.43699,0.48887,0.48986,0.47612,0.50099,0.46453,0.48823,0.54827,0.22551,0.61517,0.51954,0.38513,0.4904,0.51251,0.47897,0.32189,0.46232,0.3035,0.44904,0.099486,0.10503,0.30176,0.10827,0.16577,0.19129,0.1354,0.19031,0.065381,0.090535,0.21888,0,0.20535,0,0.22991,0.052572,0.050955,0.010285,0.22019,0.22257,0.22011,0.064531,0.11284,0.21023,0.35602,0
0.59932,0.62899,0.52416,0.63693,0.24683,0.37373,0.61421,0.69024,0.1283,0.32435,0.55508,0.70993,0.50169,0.63207,0.34743,0.56905,0.54466,0.3353,0.69759,0.76782,0.29111,0.27604,0.48308,0.51873,0.31112,0.35633,0.10688,0.21683,0.46338,0.4561,0.65247,0.66153,1,0.93759,0.52329,0.44227,0.27549,0.20839,0.22954,0.38757,0.309,0.30585,0.44557,0.44472,0.50943,0.48921,0.38096,0.32869,0.39645,0.42107,0.37217,0.31496,0.33212,0.4532,0.32683,0.39865,0.44499,0.5007,0.32242,0.38659,0.51129,0.53462,0.39314,0.57678,0.45929,0.53336,0.59757,0.56187,0.43511,0.61548,0.38631,0.41199,0.59187,0.62691,0.52602,0.60677,0.52744,0.53021,0.52456,0.28675,0.59435,0.57045,0.44854,0.53006,0.44138,0.48871,0.32832,0.43371,0.32661,0.57402,0.1276,0.18635,0.31895,0.1626,0.24618,0.38709,0.22532,0.28587,0.10687,0.074026,0.24083,0,0.20346,0,0.24414,0.095324,0.15659,0.17508,0.37849,0.24475,0.25179,0.067695,0.13831,0.29131,0.42371,0
0.5206,0.56168,0.45503,0.65322,0.26754,0.39248,0.5887,0.75106,0.12825,0.32478,0.49631,0.73089,0.42336,0.66858,0.2949,0.59651,0.52032,0.31351,0.66601,0.75046,0.27802,0.29277,0.43025,0.50921,0.31444,0.39288,0.085618,0.20471,0.50619,0.48624,0.68737,0.7204,0.93759,1,0.55037,0.50109,0.23911,0.17017,0.22003,0.35457,0.22492,0.22784,0.48753,0.45728,0.54013,0.53388,0.40677,0.34303,0.44119,0.45171,0.38834,0.33941,0.33886,0.44934,0.32538,0.39113,0.40431,0.4588,0.28939,0.38898,0.47535,0.5814,0.43847,0.69649,0.39542,0.55787,0.61621,0.62291,0.38164,0.60382,0.38611,0.40717,0.55271,0.60003,0.47799,0.54813,0.53998,0.55255,0.55692,0.31891,0.65467,0.62711,0.41217,0.56117,0.41775,0.49943,0.27407,0.41647,0.28473,0.5795,0.1545,0.19161,0.32258,0.14045,0.22107,0.35335,0.22235,0.28496,0.092867,0.091001,0.2749,0,0.24744,0,0.25315,0.093556,0.14833,0.19996,0.3535,0.22588,0.26454,0.06739,0.19004,0.29586,0.39029,0
0.15383,0.13738,0.70376,0.72401,0.4537,0.48972,0.53275,0.58421,0.34593,0.40549,0.30062,0.40843,0.4829,0.55026,0.36108,0.47184,0.098243,0,0.46233,0.33893,0.24634,0.25112,0.75146,0.79472,0.69634,0.694,0.37828,0.2898,0.045807,0,0.68371,0.6644,0.52329,0.55037,1,0.83191,0.31325,0.10747,0.26682,0.31243,0.096013,0.088414,0.39614,0.33704,0.39835,0.34811,0.35893,0.34798,0.22482,0.33007,0.28192,0.26577,0.26572,0.30994,0.28067,0.26108,0,0,0,0,0.172,0.27728,0,0.22887,0.78065,0.68638,0.54231,0.50815,0.15461,0.31142,0.32675,0.41487,0.24592,0.28561,0.3054,0.4412,0.51007,0.44736,0.21308,0.033705,0.28711,0.19924,0.14827,0.078452,0.54894,0.49805,0.21448,0.23111,0.38586,0.45258,0.30761,0.38024,0.53376,0.39088,0.053778,0.18308,0.19568,0.21373,0.12644,0.17709,0.14807,0.14597,0.098969,0,0.36288,0.31995,0.075421,0.033004,0.13633,0.11248,0.33935,0.097466,0.19018,0.28912,0.47424,0
0.10942,0.071119,0.62776,0.68635,0.51328,0.52657,0.53468,0.60418,0.46233,0.47746,0.34897,0.48513,0.48898,0.63433,0.44502,0.52594,0.15732,0,0.47276,0.34027,0.16004,0.18763,0.57483,0.72524,0.63795,0.73146,0.37157,0.29213,0.083558,0,0.56182,0.56129,0.44227,0.50109,0.83191,1,0.28562,0.06284,0.15433,0.23571,0,0,0.55762,0.41255,0.52247,0.43266,0.40335,0.46196,0.37098,0.51861,0.40911,0.42943,0.32941,0.36309,0.32658,0.24277,0,0,0.022863,0,0.10079,0.26635,0,0.24521,0.60671,0.72592,0.62549,0.61631,0.25545,0.39845,0.44579,0.46084,0.34216,0.34082,0.36161,0.46214,0.59699,0.58107,0.32024,0.12412,0.29034,0.29228,0,0.014947,0.52809,0.54253,0.16945,0.22205,0.32611,0.51677,0.36506,0.47717,0.45951,0.41542,0,0.004572,0.23364,0.21455,0.14148,0.19443,0.28445,0.17148,0.29399,0.11808,0.49619,0.41428,0.18415,0.12437,0.055598,0.14763,0.51687,0.13993,0.23014,0.36317,0.4024,0
0,0,0.30118,0.32018,0,0.16174,0.37161,0.32602,0,0.16421,0.22985,0.19573,0.35818,0.34694,0.058099,0.35345,0.15689,0.066704,0.1828,0.17773,0.65456,0.52112,0.31449,0.38201,0.31226,0.32943,0.022847,0.031497,0.28448,0.18427,0.29653,0.21309,0.27549,0.23911,0.31325,0.28562,1,0.78149,0.72871,0.72164,0.73506,0.63909,0.42057,0.43518,0.3808,0.3762,0.58949,0.59088,0.39922,0.38181,0.39163,0.39851,0.32649,0.49916,0.55426,0.57853,0,0,0,0,0,0.10035,0,0.078036,0.34982,0.3372,0.32537,0.34672,0,0.069778,0.20333,0.23803,0.23827,0.31438,0.18979,0.18346,0.40802,0.42023,0.13967,0.13799,0.20707,0.3484,0.372,0.19785,0.43678,0.56729,0,0.1691,0.063682,0.35798,0.41432,0.39266,0.38572,0.31987,0.32223,0.41949,0.53512,0.50717,0.38782,0.26792,0.054495,0.20168,0.1249,0,0.21107,0.30289,0,0.14918,0.3214,0.32556,0.41996,0.32729,0.24508,0.41572,0.52552,0
0,0,0.11803,0.1745,0,0.067309,0.20296,0.19235,0,0.0057642,0.11663,0.06912,0.1516,0.13001,0,0.14289,0.16531,0.15309,0.13002,0.12503,0.55393,0.44918,0.16418,0.19622,0.1064,0.10843,0,0,0.34034,0.34021,0.20146,0.1066,0.20839,0.17017,0.10747,0.06284,0.78149,1,0.66341,0.73715,0.61456,0.6511,0.32908,0.36593,0.25776,0.31349,0.49205,0.47146,0.29458,0.2454,0.27726,0.25799,0.28575,0.3819,0.42767,0.52071,0,0,0,0,0,0,0,0.020532,0.093617,0.10446,0.11756,0.17918,0,0,0.17023,0.069921,0.19187,0.28972,0.19772,0.094159,0.24173,0.3075,0.14977,0.20958,0.21212,0.34823,0.36075,0.25452,0.33472,0.42218,0,0.063993,0.018774,0.22602,0.29842,0.20744,0.288,0.11219,0.43309,0.43136,0.45318,0.47693,0.29467,0.18862,0,0.018047,0,0,0.067956,0.17632,0,0.06132,0.31644,0.37846,0.27812,0.32177,0.14138,0.25323,0.441,0
0,0,0.35623,0.32736,0.12441,0.20329,0.35397,0.35375,0.01861,0.12695,0.05574,0.16484,0.2708,0.34372,0.12393,0.3462,0.067051,0,0.17279,0.14344,0.61106,0.44016,0.24822,0.33359,0.35913,0.32243,0.17811,0.22273,0.20535,0.18841,0.25173,0.17506,0.22954,0.22003,0.26682,0.15433,0.72871,0.66341,1,0.84982,0.59574,0.47528,0.37157,0.38605,0.24967,0.28318,0.57684,0.48731,0.35843,0.31838,0.39865,0.36258,0.43229,0.46672,0.70099,0.73203,0,0,0,0,0,0.11505,0,0,0.26607,0.30112,0.29598,0.28754,0,0.012009,0.18323,0.16271,0.14839,0.228,0.20583,0.11642,0.32859,0.40418,0.14008,0,0.19692,0.2773,0.53112,0.36183,0.43854,0.51025,0.24219,0.32257,0.34208,0.46626,0.52487,0.35008,0.48853,0.28374,0.63688,0.61841,0.66,0.65295,0.435,0.36444,0.18526,0.20135,0.17208,0,0.19942,0.31084,0.072352,0.27472,0.54068,0.33314,0.22808,0.39506,0.40513,0.41005,0.49723,0.010092
0.11798,0.15495,0.43413,0.44022,0.12866,0.18471,0.40987,0.4076,0,0.075223,0.1081,0.23801,0.27183,0.35753,0.10756,0.30575,0.11337,0.038002,0.2542,0.23528,0.58714,0.44702,0.37426,0.43586,0.37279,0.32837,0.11412,0.14162,0.22387,0.22835,0.35793,0.26392,0.38757,0.35457,0.31243,0.23571,0.72164,0.73715,0.84982,1,0.60256,0.63558,0.4897,0.51156,0.3905,0.40002,0.62712,0.58192,0.3885,0.3976,0.43745,0.41899,0.54261,0.58816,0.72368,0.77064,0,0,0,0,0,0.077592,0,0.048838,0.25456,0.30213,0.35416,0.36696,0,0.098027,0.18008,0.14806,0.25911,0.40075,0.34949,0.23534,0.38304,0.49063,0.2254,0.055747,0.2539,0.38278,0.4922,0.33896,0.48355,0.54977,0.16882,0.22628,0.40141,0.54217,0.52987,0.37671,0.55112,0.33478,0.65751,0.66532,0.7093,0.72452,0.44569,0.32636,0.14693,0.15414,0.14069,0,0.29585,0.35458,0.023237,0.21282,0.60493,0.49016,0.3491,0.43789,0.32824,0.39082,0.61192,0
0.098765,0.13019,0.14555,0.1841,0,0.040472,0.28237,0.2691,0,0,0.21417,0.21554,0.28825,0.30106,0,0.2508,0.29568,0.16165,0.0802,0.2027,0.64154,0.49821,0.17217,0.17885,0.0072225,0.019651,0,0,0.29993,0.29316,0.17404,0.093436,0.309,0.22492,0.096013,0,0.73506,0.61456,0.59574,0.60256,1,0.83026,0.19693,0.32773,0.21954,0.29745,0.43361,0.37336,0.30631,0.22939,0.28865,0.27902,0.21719,0.41776,0.38958,0.48414,0,0.053355,0,0.051714,0.11774,0.17908,0.050183,0.13546,0.15169,0.14362,0.22638,0.26209,0,0.094187,0,0,0.14388,0.20068,0.050314,0.099977,0.20423,0.17768,0.10215,0.093081,0.25044,0.31358,0.538,0.33886,0.18674,0.39933,0.035807,0.21483,0,0.29641,0.17705,0.17516,0.2422,0.11855,0.23583,0.5004,0.33802,0.39048,0.25612,0.11646,0,0.062121,0,0,0.043467,0.1021,0,0.071172,0.32084,0.15759,0.040496,0.10763,0.084654,0.25545,0.4384,0
0.094397,0.12319,0.12023,0.16978,0,0,0.25488,0.23817,0,0,0.16362,0.1863,0.2064,0.2515,0,0.11462,0.24608,0.18665,0.059687,0.15738,0.46421,0.39446,0.20907,0.22835,0,0,0,0,0.22173,0.24243,0.14236,0.052381,0.30585,0.22784,0.088414,0,0.63909,0.6511,0.47528,0.63558,0.83026,1,0.23367,0.32047,0.28449,0.3443,0.42227,0.39605,0.30119,0.2513,0.27863,0.29732,0.23871,0.41678,0.30749,0.43297,0,0.028121,0,0,0.021486,0.089855,0.071049,0.14966,0.10644,0.10183,0.16932,0.22519,0,0.020912,0,0,0.078563,0.26253,0.045272,0.068449,0.19435,0.14284,0.15684,0.11934,0.26256,0.30267,0.35862,0.23324,0.14421,0.37135,0,0.012953,0,0.26779,0.18848,0.20797,0.29605,0.17971,0.18148,0.41601,0.3489,0.38828,0.21224,0.098142,0,0.088709,0,0,0.12424,0.14791,0,0.1243,0.2236,0.24919,0.20974,0.15139,0.032578,0.19684,0.5017,0
0.25554,0.2969,0.48309,0.42242,0.24808,0.29558,0.55722,0.55365,0.18278,0.27161,0.27824,0.5732,0.42201,0.60952,0.39056,0.51795,0.26724,0.15911,0.38086,0.32986,0.40277,0.41189,0.37095,0.45341,0.42065,0.44708,0.14329,0.18104,0.36945,0.23709,0.5171,0.42996,0.44557,0.48753,0.39614,0.55762,0.42057,0.32908,0.37157,0.4897,0.19693,0.23367,1,0.92654,0.72806,0.75012,0.84362,0.8961,0.74483,0.74465,0.78387,0.7468,0.70525,0.74418,0.66853,0.65738,0.03409,0.016173,0.059693,0.10353,0.17909,0.24805,0.055645,0.24271,0.31839,0.40302,0.55114,0.59952,0.070417,0.32212,0.36171,0.39006,0.44489,0.55641,0.44218,0.51343,0.59077,0.68691,0.49308,0.32708,0.46332,0.56778,0.29443,0.35956,0.4961,0.57788,0.11767,0.22115,0.31455,0.58208,0.58533,0.52275,0.45641,0.36719,0.27611,0.3,0.55135,0.57769,0.46609,0.47516,0.3744,0.10656,0.41465,0.059494,0.40978,0.36905,0.13382,0.23602,0.32941,0.32099,0.5738,0.42005,0.47795,0.48771,0.5722,0
0.34209,0.3366,0.45917,0.36709,0.18567,0.29154,0.54853,0.52362,0.12658,0.23253,0.31586,0.54862,0.44906,0.53265,0.3487,0.49906,0.31954,0.14822,0.40942,0.35119,0.47977,0.47859,0.36258,0.36755,0.35527,0.33653,0.099852,0.19694,0.44447,0.35488,0.53454,0.41282,0.44472,0.45728,0.33704,0.41255,0.43518,0.36593,0.38605,0.51156,0.32773,0.32047,0.92654,1,0.61554,0.71191,0.87457,0.91114,0.68149,0.66049,0.71521,0.66758,0.65872,0.74376,0.63933,0.67756,0.12087,0.081789,0.072686,0.15651,0.20217,0.25082,0.077369,0.20754,0.27878,0.29366,0.49094,0.53968,0.057105,0.28014,0.31914,0.36513,0.46014,0.54483,0.48894,0.54947,0.61233,0.68268,0.42413,0.27011,0.47564,0.56115,0.42277,0.44499,0.43991,0.5146,0.13152,0.20943,0.27378,0.52635,0.50763,0.43388,0.40828,0.28613,0.28219,0.4014,0.54572,0.59966,0.47417,0.48184,0.34153,0.057726,0.38201,0,0.37761,0.3389,0.083193,0.21643,0.40219,0.34534,0.47394,0.41301,0.48394,0.46446,0.60044,0
0.22895,0.2704,0.24082,0.46144,0.10542,0.256,0.33995,0.5428,0.054243,0.2892,0.30016,0.58793,0.37224,0.66273,0.14978,0.42138,0.30372,0.29253,0.25231,0.30587,0.22026,0.29254,0.2968,0.49261,0.27593,0.42113,0,0.01906,0.19784,0.1459,0.38321,0.39425,0.50943,0.54013,0.39835,0.52247,0.3808,0.25776,0.24967,0.3905,0.21954,0.28449,0.72806,0.61554,1,0.90043,0.57467,0.64314,0.80974,0.7991,0.71958,0.76464,0.45412,0.5859,0.51019,0.57208,0.066231,0.071027,0.11612,0.13462,0.21979,0.36614,0.11476,0.43991,0.3428,0.57364,0.61056,0.70923,0.18432,0.44518,0.37104,0.36119,0.28894,0.53214,0.24214,0.35568,0.31007,0.40391,0.47054,0.3367,0.42387,0.45412,0.075524,0.17451,0.44083,0.60723,0.0465,0.24017,0.075585,0.55391,0.26041,0.33914,0.2391,0.17679,0.087747,0.1993,0.29136,0.3616,0.12941,0.15585,0.14612,0.058611,0.21558,0.082035,0.24965,0.16062,0.03079,0.046794,0.098382,0.24968,0.48414,0.086341,0.12899,0.28721,0.37457,0
0.28478,0.30707,0.22148,0.45895,0.03881,0.2738,0.34909,0.57945,0.013598,0.28348,0.31031,0.57128,0.35018,0.6777,0.10647,0.44937,0.34997,0.26933,0.28293,0.34685,0.25965,0.32304,0.31459,0.477,0.26311,0.36932,0,0.025994,0.28554,0.20018,0.38108,0.35483,0.48921,0.53388,0.34811,0.43266,0.3762,0.31349,0.28318,0.40002,0.29745,0.3443,0.75012,0.71191,0.90043,1,0.6588,0.69628,0.85106,0.81561,0.76807,0.82809,0.45565,0.66513,0.51588,0.62926,0.10959,0.11376,0.10271,0.25284,0.24069,0.42703,0.1161,0.43571,0.31856,0.54025,0.6186,0.76533,0.15575,0.49259,0.27697,0.26024,0.27114,0.46825,0.22707,0.38897,0.37949,0.40576,0.42439,0.34455,0.50926,0.50496,0.14109,0.23939,0.40503,0.63882,0.047939,0.25688,0,0.59058,0.27441,0.36805,0.29203,0.19002,0.086637,0.32006,0.30338,0.44823,0.14935,0.21508,0.11742,0.056093,0.15308,0,0.25992,0.20471,0.02705,0.11973,0.14133,0.23283,0.40975,0.10564,0.16502,0.26348,0.41381,0
