1,0.80415,0.40163,0.31338,0.19349,0.033188,0.3255,0.078344,0.24979,0,0.56776,0.21562,0.27218,0,0.25659,0,0.40924,0.51179,0.61411,0.67742,0.25715,0.23479,0.18217,0,0.094539,0,0.11727,0.15036,0.38422,0.20222,0.25034,0.1267,0.44933,0.36973,0.16234,0,0.22307,0.13827,0.20412,0.29098,0.22271,0.18127,0.0072179,0.065401,0.085941,0.099654,0.051288,0.029637,0.17559,0.17516,0.34952,0.21878,0.23511,0.15849,0.26561,0.24173,0.80282,0.67474,0.43241,0.13213,0.24815,0.063248,0.15739,0.094216,0.13054,0,0.40222,0.20177,0.6495,0.49991,0.21754,0.29188,0.35285,0.37601,0.31547,0.16313,0.28591,0.16121,0.36395,0.11768,0.27382,0.26527,0.23838,0.2013,0.37236,0.224,0.24632,0.11219,0.3787,0.20794,0,0.027822,0,0.13409,0.1778,0.055346,0.22925,0.13343,0.017224,0.10226,0.033766,0.29506,0.22821,0.35632,0,0.11118,0,0,0,0.0527,0.036024,0,0.053581,0.12072,0,0
0.80415,1,0.25761,0.37091,0.23463,0.15749,0.14333,0.13788,0.13554,0.019046,0.35537,0.20632,0.078193,0,0.18201,0,0.46788,0.6397,0.61334,0.85188,0.26931,0.25831,0.10774,0,0.060706,0,0.15885,0.16731,0.28185,0.36623,0.38061,0.32189,0.65535,0.60615,0.1453,0.012881,0.13499,0.093293,0.18291,0.30939,0.093605,0.21403,0.067079,0.16859,0.2858,0.24084,0.10785,0.11748,0.32198,0.17067,0.29452,0.15352,0.29292,0.2709,0.29484,0.32981,0.82065,0.82374,0.38232,0.24266,0.083515,0.095529,0.10951,0.22247,0.025322,0.015505,0.31575,0.23833,0.80776,0.6555,0.18896,0.25755,0.30485,0.51,0.20384,0.20981,0.20883,0.15041,0.40693,0.20297,0.41433,0.44868,0.31438,0.39993,0.43613,0.42992,0.3976,0.27784,0.30578,0.25164,0,0,0,0.021123,0.2739,0.066759,0.26251,0.2168,0.089588,0.15747,0.16779,0.17554,0.32158,0.40277,0,0,0.067656,0.092812,0.1879,0.13959,0.05932,0,0.10547,0.1515,0,0
0.40163,0.25761,1,0.53305,0.44317,0.22041,0.7866,0.18543,0.42347,0.10932,0.50472,0.21502,0.55616,0.12313,0.51694,0.18418,0.019511,0.057401,0.46202,0.26201,0.36559,0.31763,0.83665,0.55825,0.71658,0.45816,0.50041,0.48969,0.17074,0,0.51192,0.30407,0.36534,0.16727,0.58966,0.36341,0.39668,0.37532,0.29498,0.42887,0.19334,0.33796,0.31823,0.22457,0.12877,0.13777,0.33732,0.30313,0.27198,0.28348,0.58041,0.42827,0.39611,0.31518,0.37657,0.32014,0.24333,0.15373,0.31508,0.14442,0.41275,0.043216,0.29158,0.077021,0.52892,0.19952,0.6644,0.41994,0.30618,0.35998,0.21578,0.40648,0.3209,0.31504,0.38678,0.29955,0.38248,0.3619,0.085368,0,0.11361,0.26016,0.2724,0.21819,0.58621,0.3362,0.24636,0.18445,0.57894,0.35282,0.37879,0.5681,0.3206,0.69354,0.092708,0.053076,0.39163,0.27417,0.28773,0.35559,0.22945,0.71167,0.21159,0.42138,0.21486,0.37647,0.24686,0.097529,0,0.081436,0.3577,0.25798,0.25059,0.29875,0.31885,0
0.31338,0.37091,0.53305,1,0.49894,0.52921,0.57444,0.81346,0.31478,0.58276,0.32966,0.63456,0.29455,0.5575,0.37936,0.41142,0.14029,0.2028,0.3882,0.47922,0.36206,0.27116,0.44715,0.61241,0.34977,0.52646,0.38346,0.39143,0.19684,0.29946,0.55906,0.58317,0.58028,0.62165,0.34834,0.53245,0.17485,0.31522,0.096985,0.29294,0.00031774,0.24064,0.36579,0.28441,0.35024,0.49538,0.36375,0.29989,0.39023,0.43281,0.31288,0.44675,0.32294,0.16916,0.32197,0.27426,0.37942,0.38347,0.42792,0.54702,0.50796,0.62271,0.31541,0.50434,0.37706,0.67003,0.5755,0.72205,0.36759,0.52374,0.35299,0.11439,0.28916,0.51915,0.31763,0.40243,0.43987,0.49786,0.24513,0,0.23193,0.36517,0.2953,0.45039,0.40361,0.60033,0.23836,0.27568,0.50428,0.6106,0.59734,0.47711,0.59056,0.4093,0.11835,0.016921,0.41173,0.30572,0.43658,0.42774,0.59423,0.49148,0.50359,0.51582,0.293,0.22117,0.37396,0.26983,0.0094087,0.1598,0.48072,0.42805,0.45636,0.4744,0.35151,0
0.19349,0.23463,0.44317,0.49894,1,0.71718,0.52072,0.4173,0.64187,0.65954,0.28176,0.28169,0.44471,0.28227,0.74993,0.57597,0.074826,0.097902,0.50091,0.269,0.43795,0.41466,0.51985,0.45549,0.51616,0.4815,0.66499,0.62925,0.11284,0.059026,0.5658,0.4929,0.34412,0.31181,0.46991,0.55677,0.17108,0.33543,0.13548,0.25337,0.071311,0.15081,0.32596,0.21668,0.26557,0.2682,0.29927,0.22271,0.20178,0.14165,0.19766,0.20992,0.11886,0.0021219,0.11585,0.1722,0.23251,0.30628,0.23834,0.33554,0.38468,0.36818,0.22606,0.24291,0.51894,0.47433,0.49889,0.5212,0.34596,0.45975,0.34538,0.40027,0.36636,0.35021,0.3729,0.30433,0.46514,0.47732,0.31435,0.077431,0.20823,0.33489,0.49876,0.52818,0.53016,0.41741,0.37286,0.35058,0.47844,0.38076,0.4866,0.59956,0.42365,0.49803,0.13606,0.013376,0.28358,0.18557,0.29553,0.37763,0.42111,0.49944,0.33755,0.39552,0.055086,0.13231,0.33306,0.1856,0.14282,0.17613,0.38951,0.32379,0.31727,0.36194,0.28051,0
0.033188,0.15749,0.22041,0.52921,0.71718,1,0.21063,0.55494,0.20449,0.63824,0.15982,0.46142,0.13637,0.42416,0.42852,0.5765,0.13098,0.056251,0.16457,0.22665,0.52523,0.51879,0.28652,0.39672,0.3137,0.62002,0.71674,0.69238,0.18814,0.22073,0.57056,0.61571,0.44767,0.48011,0.27156,0.50302,0.1663,0.31065,0.17199,0.24874,0.057208,0.098245,0.30918,0.24722,0.30284,0.37577,0.32968,0.27242,0.2674,0.18215,0.16637,0.22258,0.18464,0.056663,0.24408,0.25754,0.25355,0.34757,0.39784,0.56106,0.37112,0.56603,0.30871,0.50617,0.22433,0.43919,0.46346,0.60743,0.29919,0.44027,0.47268,0.25383,0.29306,0.38283,0.30616,0.31297,0.49466,0.56067,0.23958,0,0.30618,0.37926,0.53712,0.58356,0.30243,0.4969,0.36184,0.44021,0.49994,0.56045,0.58911,0.54137,0.47781,0.32539,0.25171,0.09997,0.39769,0.2922,0.46541,0.47961,0.52018,0.36682,0.45334,0.42807,0.14817,0.21549,0.39223,0.30944,0.22971,0.29848,0.48898,0.48631,0.43868,0.49403,0.37708,0
0.3255,0.14333,0.7866,0.57444,0.52072,0.21063,1,0.46219,0.58656,0.37368,0.53636,0.3221,0.75067,0.34844,0.62115,0.32427,0,0,0.51084,0.2256,0.25496,0.22212,0.72226,0.57214,0.51935,0.39753,0.31626,0.32307,0.15016,0,0.4067,0.25423,0.28407,0.18254,0.49099,0.4275,0.24511,0.29438,0.093397,0.21686,0.10679,0.19428,0.34137,0.20108,0.19807,0.24518,0.33376,0.24785,0.26333,0.3311,0.39017,0.36471,0.23377,0.14459,0.15811,0.15099,0.14605,0.09858,0.26523,0.23312,0.63525,0.32395,0.31424,0.15001,0.6523,0.45334,0.55399,0.45698,0.16413,0.34132,0.14608,0.2606,0.28992,0.24443,0.4157,0.26601,0.38033,0.37249,0.075497,0,0.0096883,0.18172,0.19287,0.23578,0.51934,0.31713,0.089675,0.12269,0.47399,0.35068,0.50669,0.63246,0.49043,0.67459,0.06547,0,0.26628,0.18997,0.29899,0.35647,0.3619,0.67269,0.24035,0.38686,0.18503,0.21825,0.26426,0.02252,0.036773,0.15447,0.37391,0.3052,0.31184,0.27381,0.34736,0
0.078344,0.13788,0.18543,0.81346,0.4173,0.55494,0.46219,1,0.22363,0.68809,0.24705,0.72185,0.2647,0.76608,0.23995,0.43388,0.076878,0.045737,0.16184,0.28089,0.26956,0.20654,0.1692,0.45764,0.048422,0.43968,0.23583,0.21612,0.17124,0.3127,0.39117,0.49595,0.41567,0.57678,0.11057,0.47705,0.036161,0.23097,0,0.11281,0,0.074207,0.34747,0.2611,0.34853,0.53735,0.33473,0.25505,0.33009,0.41709,0.11777,0.31951,0.17264,0.0066643,0.12388,0.11668,0.20583,0.25006,0.3945,0.62463,0.61034,0.85736,0.30918,0.58663,0.2911,0.73945,0.4148,0.69819,0.17305,0.41829,0.31644,0,0.19681,0.37214,0.27399,0.27897,0.42498,0.48797,0.18329,0,0.14692,0.23612,0.23203,0.41151,0.16708,0.47124,0.10289,0.23429,0.37194,0.56124,0.67949,0.45058,0.68239,0.26375,0.12415,0.047523,0.29943,0.23635,0.45091,0.40994,0.65648,0.33644,0.50057,0.38264,0.26715,0.13524,0.3859,0.22548,0.14102,0.26,0.48699,0.49236,0.52907,0.41113,0.36044,0
0.24979,0.13554,0.42347,0.31478,0.64187,0.20449,0.58656,0.22363,1,0.43488,0.3496,0.094384,0.58633,0.13811,0.77668,0.33199,0,0,0.48617,0.18733,0.18329,0.2291,0.5033,0.36104,0.30335,0.3315,0.24758,0.31428,0,0,0.17937,0.14851,0.052074,0,0.41681,0.32746,0.15763,0.24835,0.1039,0.22186,0.18485,0.18898,0.015216,0,0,0,0.023909,0,0,0.051456,0.12044,0.097831,0.041307,0,0,0,0.069066,0.071086,0.092289,0.10533,0.43642,0.22332,0.025608,0,0.64162,0.43208,0.29048,0.2124,0.21207,0.22694,0.027452,0.33388,0.26393,0.11263,0.26482,0.15579,0.26201,0.25085,0.10555,0.090475,0.028585,0.097639,0.15832,0.18108,0.4978,0.19354,0.1513,0.10978,0.3742,0.17934,0.22247,0.40383,0.25738,0.42784,0,0,0.039526,0,0,0.075079,0.17231,0.39519,0.14224,0.24632,0,0.031818,0.16239,0.10552,0,0,0.091357,0.047698,0.11538,0.15561,0.14176,0
0,0.019046,0.10932,0.58276,0.65954,0.63824,0.37368,0.68809,0.43488,1,0.16201,0.41684,0.32097,0.57709,0.51414,0.67218,0.012555,0,0.26304,0.15742,0.27034,0.23151,0.30751,0.5427,0.24564,0.50088,0.32568,0.33329,0.033976,0.13182,0.38483,0.46682,0.2432,0.3437,0.24083,0.56041,0.013845,0.23306,0,0.055902,0,0.078814,0.26187,0.090842,0.23406,0.28501,0.23494,0.13556,0.14911,0.10799,0,0.099931,0.013669,0,0,0.009652,0.047037,0.09534,0.13172,0.39159,0.4607,0.58132,0.18328,0.32803,0.48318,0.73048,0.21801,0.46726,0.11645,0.30569,0.29792,0.037002,0.20653,0.2546,0.24059,0.21345,0.32652,0.37691,0.1949,0.044394,0.1476,0.22387,0.33292,0.42715,0.26533,0.42736,0.19874,0.26209,0.23881,0.39212,0.53896,0.48526,0.55406,0.31136,0.13306,0,0.1609,0.10726,0.27852,0.29411,0.46143,0.27788,0.2835,0.2637,0.13248,0.044604,0.29764,0.19139,0.16041,0.21324,0.33139,0.32427,0.32713,0.34487,0.35782,0
0.56776,0.35537,0.50472,0.32966,0.28176,0.15982,0.53636,0.24705,0.3496,0.16201,1,0.41157,0.74344,0.21449,0.48127,0.1742,0.37212,0.28958,0.40156,0.31085,0.23446,0.2359,0.40822,0.20411,0.25462,0.15029,0.19101,0.18955,0.3365,0.1047,0.29863,0.19363,0.36749,0.28593,0.15468,0.018119,0.23962,0.21591,0.13636,0.20555,0.17796,0.2254,0.021147,0,0,0.021007,0.065107,0,0.093713,0.077739,0.25124,0.15811,0.11664,0,0.070328,0.059668,0.50061,0.3737,0.38152,0.18268,0.63921,0.2768,0.56631,0.32871,0.43324,0.19193,0.32427,0.18648,0.29436,0.25069,0.15275,0.22047,0.24276,0.31889,0.35311,0.25599,0.29394,0.20889,0.18643,0.068477,0.27688,0.24088,0.36572,0.25237,0.41042,0.2636,0.30026,0.17824,0.45817,0.26699,0.13839,0.28132,0.060619,0.32766,0.15441,0.13367,0.1478,0.056026,0.11497,0.18737,0.18478,0.459,0.22038,0.37632,0,0.070396,0.22446,0.074375,0.1127,0.16257,0.10364,0.10474,0.13046,0.16665,0.049712,0
0.21562,0.20632,0.21502,0.63456,0.28169,0.46142,0.3221,0.72185,0.094384,0.41684,0.41157,1,0.29706,0.76802,0.18649,0.37294,0.3863,0.30313,0.070202,0.35482,0.40024,0.32548,0.1339,0.35194,0.062875,0.34268,0.28599,0.25949,0.45644,0.54305,0.45936,0.51955,0.5473,0.65838,0.03431,0.30804,0.31185,0.4574,0.23117,0.41427,0.18809,0.2844,0.43679,0.44784,0.4189,0.55519,0.4571,0.3918,0.47251,0.51994,0.3771,0.4714,0.32807,0.1747,0.37749,0.36885,0.29149,0.33648,0.57303,0.60952,0.51336,0.69284,0.49077,0.73021,0.06447,0.37862,0.48902,0.66916,0.2511,0.40963,0.28877,0,0.2925,0.40528,0.33152,0.24417,0.43015,0.50573,0.33928,0,0.40856,0.46957,0.37299,0.52165,0.17105,0.59443,0.1774,0.37783,0.40422,0.64738,0.51351,0.32284,0.44396,0.15181,0.1631,0.2178,0.44088,0.41988,0.51208,0.47181,0.56888,0.27172,0.50659,0.40422,0.24412,0.23565,0.38288,0.21106,0.085114,0.34472,0.50323,0.46103,0.5278,0.38339,0.31114,0
0.27218,0.078193,0.55616,0.29455,0.44471,0.13637,0.75067,0.2647,0.58633,0.32097,0.74344,0.29706,1,0.37318,0.68498,0.41271,0.10375,0.030639,0.34341,0.11473,0.20656,0.15945,0.58025,0.43911,0.38348,0.2977,0.26655,0.29481,0.25183,0,0.27759,0.1432,0.16257,0.06937,0.28932,0.16813,0.24002,0.19922,0.11553,0.17852,0.1792,0.16735,0.10395,0.028853,0,0,0.13438,0.033867,0.044859,0.081523,0.21787,0.17314,0.022408,0,0,0,0.17254,0.087116,0.22689,0.13812,0.71228,0.28585,0.4926,0.19879,0.62465,0.34678,0.30161,0.17953,0.1489,0.18413,0,0.18804,0.17398,0.068441,0.31387,0.12652,0.21582,0.1542,0.13918,0.10903,0.175,0.22507,0.29434,0.28419,0.50922,0.27954,0.1675,0.23483,0.47538,0.24024,0.28549,0.44472,0.28969,0.50325,0.077715,0.083658,0.10828,0.040366,0.12226,0.19051,0.17013,0.53716,0.11903,0.3034,0,0.04888,0.24832,0,0.15389,0.2206,0.16718,0.11863,0.13699,0.1212,0.18336,0
0,0,0.12313,0.5575,0.28227,0.42416,0.34844,0.76608,0.13811,0.57709,0.21449,0.76802,0.37318,1,0.23339,0.57714,0.05686,0,0,0.05248,0.33203,0.19981,0.20473,0.5707,0.13209,0.48216,0.2832,0.28122,0.26509,0.24914,0.35381,0.43963,0.23402,0.36921,0.075726,0.42337,0.18993,0.35265,0.090094,0.23392,0.069439,0.12185,0.34414,0.27767,0.20717,0.34796,0.35663,0.27138,0.23725,0.33991,0.17604,0.31765,0.19719,0.026855,0.17562,0.13243,0,0,0.28872,0.46051,0.51924,0.66345,0.36128,0.49784,0.19405,0.5455,0.29865,0.53261,0.0062172,0.23514,0.20624,0,0.089518,0.10745,0.21337,0.109,0.28308,0.39432,0.22465,0,0.21929,0.27875,0.24733,0.41129,0.12978,0.50141,0.031926,0.32433,0.33872,0.51457,0.59536,0.35922,0.70324,0.21831,0.072421,0.11958,0.28727,0.23993,0.38796,0.32354,0.48199,0.2148,0.31233,0.19857,0.19663,0.2162,0.371,0.16996,0.063171,0.31452,0.44306,0.41332,0.44007,0.34914,0.48649,0
0.25659,0.18201,0.51694,0.37936,0.74993,0.42852,0.62115,0.23995,0.77668,0.51414,0.48127,0.18649,0.68498,0.23339,1,0.65418,0.0042549,0.0023316,0.59987,0.23589,0.40126,0.38732,0.71118,0.54824,0.56591,0.52866,0.55262,0.55162,0.1041,0,0.48787,0.41077,0.21241,0.11396,0.59558,0.49684,0.31501,0.26449,0.23165,0.27692,0.2823,0.25475,0.19831,0.13226,0.098413,0.049774,0.20482,0.15227,0.063366,0.017488,0.16211,0.11332,0.12399,0.014873,0.10168,0.097177,0.133,0.13804,0.14207,0.16481,0.47424,0.20141,0.2255,0.057643,0.73467,0.48338,0.36476,0.28352,0.27465,0.28028,0.15774,0.45537,0.35927,0.20275,0.43024,0.25655,0.39761,0.38357,0.19302,0.20781,0.2081,0.30573,0.49213,0.44317,0.71097,0.41495,0.39618,0.35439,0.49249,0.25846,0.36286,0.57086,0.34399,0.5708,0.22483,0.10376,0.24457,0.13303,0.19468,0.32096,0.26137,0.51971,0.19461,0.38617,0,0.059011,0.27197,0.16019,0.095541,0.22384,0.28954,0.25116,0.22607,0.29867,0.31025,0
0,0,0.18418,0.41142,0.57597,0.5765,0.32427,0.43388,0.33199,0.67218,0.1742,0.37294,0.41271,0.57714,0.65418,1,0.15069,0,0.23898,0.12297,0.45954,0.40659,0.48704,0.68093,0.43347,0.64351,0.55324,0.54637,0.18279,0.2103,0.55826,0.61718,0.28562,0.29615,0.38822,0.57708,0.34208,0.33453,0.26353,0.28994,0.28052,0.27842,0.30239,0.26912,0.24448,0.18903,0.31593,0.29721,0.12027,0.028662,0,0.061253,0.13059,0.045077,0.10085,0.13457,0,0,0.050471,0.28841,0.33966,0.36288,0.26761,0.32354,0.43914,0.56862,0.13881,0.31205,0.10031,0.17218,0.18825,0.17566,0.23657,0.24371,0.32664,0.26201,0.36145,0.45606,0.29485,0.2516,0.39263,0.49293,0.56895,0.69322,0.49167,0.66829,0.43804,0.60207,0.29988,0.43097,0.52192,0.49613,0.55026,0.3932,0.30283,0.22695,0.2799,0.25116,0.34955,0.39907,0.41204,0.32031,0.21473,0.31642,0,0.033314,0.32851,0.24686,0.23731,0.43037,0.40419,0.39443,0.33315,0.33019,0.39492,0.011714
0.40924,0.46788,0.019511,0.14029,0.074826,0.13098,0,0.076878,0,0.012555,0.37212,0.3863,0.10375,0.05686,0.0042549,0.15069,1,0.78577,0.11958,0.49242,0.18136,0.11988,0,0,0.046339,0,0.14719,0.1358,0.68592,0.69231,0.3146,0.32838,0.50817,0.56027,0,0,0.37442,0.29965,0.42542,0.42941,0.37979,0.30428,0.01258,0.14106,0.16047,0.064049,0.050284,0.081348,0.12093,0,0.10724,0.011713,0.12696,0.020732,0.19408,0.20692,0.62576,0.51135,0.24579,0.1077,0.055283,0.090915,0.42795,0.51803,0,0,0.073987,0.065012,0.39179,0.23927,0.030141,0.016542,0.30138,0.43934,0.078035,0.090546,0.15459,0.14427,0.70457,0.39751,0.76605,0.6598,0.50947,0.56402,0.1529,0.4257,0.45835,0.49454,0.17607,0.28659,0,0,0,0,0.32122,0.41507,0.27594,0.24237,0.11956,0.098523,0.17072,0,0.23765,0.25192,0.049248,0.086847,0,0.11081,0.099122,0.33354,0.12109,0.025769,0.041404,0.11614,0,0.1178
0.51179,0.6397,0.057401,0.2028,0.097902,0.056251,0,0.045737,0,0,0.28958,0.30313,0.030639,0,0.0023316,0,0.78577,1,0.26304,0.62435,0.14639,0.11439,0,0,0,0,0.010645,0.023978,0.51565,0.69395,0.27538,0.26595,0.56734,0.60397,0,0,0.21401,0.21951,0.2443,0.36172,0.23296,0.26126,0.058522,0.16391,0.27032,0.18773,0.075517,0.072643,0.26448,0.084632,0.18147,0.095402,0.16103,0.12234,0.25211,0.2805,0.6811,0.67052,0.297,0.18998,0,0.075605,0.30435,0.46627,0,0,0.14044,0.12418,0.46389,0.35475,0.053614,0.12412,0.35198,0.52003,0.095412,0.073461,0.0294,0.028888,0.5019,0.43084,0.59561,0.6033,0.345,0.45177,0.1965,0.40491,0.38734,0.35423,0.19708,0.26961,0,0,0,0,0.22486,0.19794,0.24859,0.23822,0.10885,0.10048,0.22615,0,0.32217,0.30722,0.01452,0,0.026731,0.087504,0.075148,0.1659,0.050313,0,0.011059,0.083091,0,0
0.61411,0.61334,0.46202,0.3882,0.50091,0.16457,0.51084,0.16184,0.48617,0.26304,0.40156,0.070202,0.34341,0,0.59987,0.23898,0.11958,0.26304,1,0.69718,0.18776,0.17883,0.48992,0.2591,0.33166,0.09871,0.2073,0.20723,0.078662,0.03673,0.35753,0.25102,0.36113,0.27073,0.41497,0.26869,0.16537,0.12987,0.051818,0.18672,0.10399,0.27437,0.22567,0.18614,0.26913,0.18611,0.19174,0.19062,0.21187,0.10944,0.13989,0.091097,0.22362,0.23524,0.10611,0.1704,0.41221,0.39224,0.11089,0.093854,0.13502,0.029448,0.019685,0,0.47053,0.27457,0.30821,0.22741,0.5813,0.53011,0.22256,0.41806,0.37344,0.36992,0.36385,0.28696,0.35796,0.29904,0.27918,0.14297,0.16666,0.2536,0.27287,0.31303,0.61506,0.32479,0.31782,0.11414,0.2372,0.10476,0.16669,0.36283,0.086521,0.40639,0.21715,0,0.17414,0.14474,0.090848,0.19152,0.17189,0.36688,0.22989,0.34954,0.034542,0.065785,0.079601,0.096754,0,0.057199,0.14811,0.068568,0.099392,0.23189,0.024008,0
0.67742,0.85188,0.26201,0.47922,0.269,0.22665,0.2256,0.28089,0.18733,0.15742,0.31085,0.35482,0.11473,0.05248,0.23589,0.12297,0.49242,0.62435,0.69718,1,0.23849,0.19317,0.14279,0.066836,0.051236,0,0.12695,0.14593,0.36043,0.49559,0.39356,0.37811,0.66361,0.6678,0.10651,0.08274,0.18574,0.15971,0.20116,0.35346,0.14285,0.24098,0.22961,0.30303,0.43247,0.37707,0.24865,0.27242,0.42069,0.24984,0.26334,0.18483,0.3979,0.3545,0.35063,0.40657,0.69695,0.71159,0.36565,0.33597,0.094795,0.21346,0.19476,0.35972,0.016676,0.10626,0.33526,0.35155,0.83446,0.75714,0.15151,0.15026,0.33709,0.48186,0.19653,0.19026,0.26732,0.27017,0.48862,0.24597,0.52399,0.57336,0.35954,0.5303,0.43242,0.52507,0.34267,0.31333,0.29587,0.34985,0.1026,0.057352,0,0.068808,0.32651,0.17785,0.34944,0.34239,0.21837,0.2277,0.3003,0.15544,0.44911,0.42744,0.11596,0.083537,0.14406,0.1463,0.04328,0.21077,0.1934,0.084418,0.18566,0.21673,0,0
0.25715,0.26931,0.36559,0.36206,0.43795,0.52523,0.25496,0.26956,0.18329,0.27034,0.23446,0.40024,0.20656,0.33203,0.40126,0.45954,0.18136,0.14639,0.18776,0.23849,1,0.82077,0.40542,0.32794,0.39908,0.53102,0.59769,0.59416,0.33087,0.28576,0.56936,0.53187,0.41127,0.37007,0.39398,0.46301,0.52933,0.59309,0.4321,0.56634,0.46532,0.41791,0.36275,0.35104,0.27153,0.25774,0.4047,0.37329,0.30556,0.2594,0.41833,0.27365,0.36738,0.21547,0.36675,0.31125,0.27249,0.26779,0.36957,0.28547,0.25785,0.22655,0.11283,0.24222,0.15881,0.14727,0.46851,0.41698,0.33374,0.33489,0.55955,0.42212,0.52122,0.38158,0.60222,0.41166,0.56223,0.57973,0.2752,0.18491,0.38509,0.45329,0.49557,0.52326,0.35547,0.50487,0.42334,0.50279,0.45682,0.41742,0.39653,0.41032,0.29809,0.33627,0.16031,0.15186,0.37171,0.32082,0.34513,0.38716,0.30896,0.36923,0.25966,0.33547,0,0.16266,0.32391,0.1936,0.079566,0.34551,0.42425,0.31372,0.39772,0.3499,0.26996,0
0.23479,0.25831,0.31763,0.27116,0.41466,0.51879,0.22212,0.20654,0.2291,0.23151,0.2359,0.32548,0.15945,0.19981,0.38732,0.40659,0.11988,0.11439,0.17883,0.19317,0.82077,1,0.35792,0.26167,0.28802,0.45526,0.5752,0.57659,0.21099,0.239,0.49486,0.46531,0.43452,0.35584,0.38172,0.40554,0.44153,0.49265,0.36126,0.4703,0.41554,0.36786,0.29429,0.30947,0.23996,0.22181,0.32969,0.32869,0.26875,0.2208,0.37533,0.21731,0.29585,0.14831,0.29624,0.26063,0.24056,0.25244,0.30381,0.22617,0.28127,0.21513,0.083043,0.22178,0.21353,0.1509,0.38178,0.33215,0.26845,0.25371,0.5403,0.47844,0.47229,0.42497,0.56371,0.44277,0.51807,0.54083,0.22662,0.17082,0.36152,0.37909,0.50759,0.48806,0.384,0.46409,0.37672,0.40994,0.4107,0.38053,0.3012,0.36074,0.20209,0.26272,0.22198,0.14782,0.28658,0.26167,0.25237,0.33272,0.18319,0.29538,0.14598,0.23292,0,0.12494,0.13531,0.093792,0.16504,0.35357,0.3585,0.27427,0.34379,0.22336,0.19858,0
0.18217,0.10774,0.83665,0.44715,0.51985,0.28652,0.72226,0.1692,0.5033,0.30751,0.40822,0.1339,0.58025,0.20473,0.71118,0.48704,0,0,0.48992,0.14279,0.40542,0.35792,1,0.8028,0.79749,0.63967,0.58426,0.59741,0.016831,0,0.58318,0.44241,0.2552,0.053042,0.7777,0.55998,0.37213,0.33563,0.23507,0.36173,0.19988,0.3502,0.26648,0.13754,0.061869,0.0075696,0.25622,0.21733,0.1148,0.055717,0.32852,0.19246,0.27144,0.21142,0.19641,0.14158,0.018635,0,0.089444,0.059481,0.38071,0.0081329,0.17977,0,0.74476,0.3917,0.49323,0.30815,0.2284,0.28292,0.20439,0.45524,0.31183,0.20194,0.41069,0.2699,0.36345,0.37558,0.016172,0.10247,0.073998,0.23529,0.30828,0.26458,0.71632,0.39097,0.31422,0.24683,0.52431,0.25333,0.41412,0.6467,0.41951,0.71555,0.10883,0.0025709,0.25451,0.1294,0.20085,0.28355,0.17881,0.61473,0.085924,0.32246,0.048139,0.20976,0.29395,0.14011,0,0.12788,0.31687,0.2356,0.19275,0.31462,0.42658,0
0,0,0.55825,0.61241,0.45549,0.39672,0.57214,0.45764,0.36104,0.5427,0.20411,0.35194,0.43911,0.5707,0.54824,0.68093,0,0,0.2591,0.066836,0.32794,0.26167,0.8028,1,0.66579,0.76418,0.50546,0.53872,0,0,0.60085,0.61414,0.26277,0.1863,0.59509,0.63485,0.25447,0.30023,0.10094,0.26552,0.032932,0.25413,0.26456,0.11695,0.07609,0.085191,0.23983,0.18171,0.074257,0.054549,0.11302,0.14286,0.16025,0.10096,0.11628,0.046664,0,0,0,0.1686,0.37184,0.24039,0.21679,0.16096,0.60656,0.61318,0.31229,0.37797,0.06777,0.2319,0.21589,0.19117,0.17327,0.16451,0.27682,0.21186,0.2795,0.36852,0.036741,0.00056166,0.088937,0.2257,0.22973,0.33284,0.5253,0.5356,0.19341,0.29243,0.4043,0.34757,0.52754,0.5541,0.64898,0.52984,0.058655,0,0.18955,0.078529,0.23833,0.24077,0.28054,0.40179,0.077577,0.24002,0.11594,0.15482,0.31934,0.2095,0,0.17341,0.34696,0.30077,0.25743,0.36882,0.53892,0
0.094539,0.060706,0.71658,0.34977,0.51616,0.3137,0.51935,0.048422,0.30335,0.24564,0.25462,0.062875,0.38348,0.13209,0.56591,0.43347,0.046339,0,0.33166,0.051236,0.39908,0.28802,0.79749,0.66579,1,0.66748,0.65908,0.62921,0.11525,0,0.63479,0.4681,0.28813,0.10902,0.66989,0.50966,0.38922,0.296,0.29206,0.33937,0.14866,0.2486,0.29566,0.17691,0.093225,0.022821,0.27091,0.2179,0.12644,0.068778,0.37951,0.24689,0.24596,0.18577,0.26049,0.18249,0.034712,0,0.090073,0.0047901,0.18875,0,0.20551,0,0.46887,0.19882,0.45495,0.29606,0.13568,0.19519,0.19288,0.37084,0.2465,0.20381,0.33998,0.23616,0.25661,0.2699,0.17463,0.05745,0.16753,0.28048,0.37254,0.28347,0.54318,0.39801,0.33851,0.30342,0.41575,0.21293,0.2998,0.4517,0.3172,0.55875,0.14313,0.068134,0.32489,0.20191,0.2217,0.2874,0.13903,0.4662,0,0.24912,0.06062,0.23426,0.2375,0.13574,0,0.15276,0.30059,0.19835,0.13693,0.324,0.41387,0
0,0,0.45816,0.52646,0.4815,0.62002,0.39753,0.43968,0.3315,0.50088,0.15029,0.34268,0.2977,0.48216,0.52866,0.64351,0,0,0.09871,0,0.53102,0.45526,0.63967,0.76418,0.66748,1,0.70898,0.73133,0.084591,0.031735,0.60441,0.62765,0.30094,0.24683,0.55242,0.6717,0.40885,0.41404,0.28106,0.36408,0.22948,0.31817,0.27197,0.19636,0.10868,0.16085,0.28129,0.26369,0.1251,0.12634,0.20118,0.20916,0.20917,0.069159,0.2228,0.12092,0,0,0.21831,0.29952,0.39705,0.33277,0.18523,0.22544,0.46745,0.54547,0.41709,0.45924,0.031645,0.16928,0.33737,0.27176,0.32384,0.28836,0.45082,0.38628,0.48152,0.55741,0.099982,0.037269,0.20795,0.29378,0.37547,0.39735,0.40321,0.506,0.28977,0.40394,0.49798,0.42959,0.58477,0.57895,0.62135,0.51557,0.18404,0.086886,0.35099,0.17414,0.3391,0.37448,0.37867,0.45538,0.18523,0.35927,0.096219,0.21563,0.36258,0.3022,0.069016,0.27766,0.49992,0.43376,0.3992,0.50609,0.59975,0
0.11727,0.15885,0.50041,0.38346,0.66499,0.71674,0.31626,0.23583,0.24758,0.32568,0.19101,0.28599,0.26655,0.2832,0.55262,0.55324,0.14719,0.010645,0.2073,0.12695,0.59769,0.5752,0.58426,0.50546,0.65908,0.70898,1,0.93847,0.27768,0.11971,0.70834,0.62053,0.39555,0.28125,0.58278,0.58468,0.44292,0.43754,0.44962,0.48315,0.28388,0.28498,0.29797,0.27604,0.16741,0.13999,0.31172,0.29485,0.15239,0.065434,0.32531,0.21538,0.21742,0.041275,0.31425,0.2642,0.18799,0.20091,0.30048,0.25452,0.28097,0.17995,0.18511,0.18154,0.35422,0.27216,0.56622,0.47933,0.29689,0.34436,0.34566,0.43366,0.39318,0.36326,0.42332,0.29853,0.52848,0.55236,0.36162,0.12425,0.35854,0.44263,0.58593,0.5464,0.55103,0.48706,0.47449,0.51282,0.62447,0.42278,0.43896,0.50834,0.38889,0.46874,0.20535,0.13011,0.43651,0.25725,0.34344,0.41369,0.32845,0.47798,0.24578,0.39314,0.065405,0.32634,0.31296,0.22773,0.062815,0.24878,0.47731,0.39002,0.36224,0.45702,0.45632,0.00086301
0.15036,0.16731,0.48969,0.39143,0.62925,0.69238,0.32307,0.21612,0.31428,0.33329,0.18955,0.25949,0.29481,0.28122,0.55162,0.54637,0.1358,0.023978,0.20723,0.14593,0.59416,0.57659,0.59741,0.53872,0.62921,0.73133,0.93847,1,0.26784,0.093079,0.66934,0.59753,0.40115,0.26807,0.59457,0.57637,0.48075,0.47061,0.44875,0.5192,0.31525,0.31072,0.18994,0.19661,0.08563,0.068474,0.21809,0.2092,0.07038,0.022855,0.27958,0.19915,0.17427,0.027287,0.28727,0.22098,0.19097,0.2026,0.26702,0.21533,0.28074,0.153,0.13572,0.13404,0.35851,0.26908,0.52788,0.4394,0.31363,0.35326,0.32375,0.42491,0.4008,0.34634,0.42993,0.31162,0.48018,0.50576,0.37002,0.1612,0.38225,0.45228,0.52696,0.52217,0.54851,0.48617,0.43369,0.5081,0.60411,0.41131,0.38026,0.44913,0.37606,0.44044,0.17169,0.074877,0.38463,0.18535,0.24368,0.31569,0.29326,0.45798,0.22164,0.38711,0.0081061,0.27276,0.29912,0.20834,0.072472,0.22285,0.4204,0.29964,0.30325,0.46495,0.42147,0
0.38422,0.28185,0.17074,0.19684,0.11284,0.18814,0.15016,0.17124,0,0.033976,0.3365,0.45644,0.25183,0.26509,0.1041,0.18279,0.68592,0.51565,0.078662,0.36043,0.33087,0.21099,0.016831,0,0.11525,0.084591,0.27768,0.26784,1,0.66016,0.41039,0.33029,0.41408,0.4556,0,0,0.5257,0.39954,0.45309,0.45255,0.52172,0.33462,0.26253,0.35647,0.24094,0.18627,0.30314,0.30457,0.28593,0.17976,0.33402,0.21513,0.29457,0.098821,0.36135,0.35089,0.44614,0.3109,0.40143,0.14759,0.19457,0.10249,0.37279,0.37205,0,0,0.27853,0.20547,0.27021,0.21818,0.088433,0.0097529,0.42471,0.35592,0.29616,0.10415,0.25599,0.25611,0.62836,0.34427,0.62584,0.60106,0.54162,0.56041,0.093389,0.34228,0.21774,0.42325,0.25627,0.2925,0.094105,0,0,0.064108,0.34157,0.37942,0.42897,0.42955,0.31931,0.28315,0.22138,0.16953,0.29288,0.27875,0.11776,0.27285,0,0.026793,0.010516,0.43654,0.37403,0.20529,0.24164,0.2327,0.18027,0.014367
0.20222,0.36623,0,0.29946,0.059026,0.22073,0,0.3127,0,0.13182,0.1047,0.54305,0,0.24914,0,0.2103,0.69231,0.69395,0.03673,0.49559,0.28576,0.239,0,0,0,0.031735,0.11971,0.093079,0.66016,1,0.36503,0.42359,0.59856,0.72779,0,0.07039,0.33047,0.34304,0.32908,0.43267,0.33899,0.34386,0.34064,0.43846,0.48714,0.43793,0.34762,0.37093,0.45043,0.29782,0.2281,0.20336,0.29604,0.16341,0.37909,0.39046,0.41807,0.39664,0.34897,0.33071,0.042874,0.26968,0.23557,0.54646,0,0,0.1968,0.32913,0.28446,0.28953,0.023304,0,0.3291,0.54297,0.19112,0.12365,0.19547,0.25091,0.57902,0.46468,0.69197,0.71672,0.48552,0.66914,0.065008,0.50407,0.34201,0.47732,0.15411,0.37677,0.14798,0,0.011429,0,0.29417,0.39546,0.39112,0.47416,0.35749,0.30623,0.38386,0,0.40108,0.29463,0.20553,0.12809,0.11424,0.16971,0.078168,0.31088,0.33165,0.25889,0.2988,0.17659,0.067022,0.075055
0.25034,0.38061,0.51192,0.55906,0.5658,0.57056,0.4067,0.39117,0.17937,0.38483,0.29863,0.45936,0.27759,0.35381,0.48787,0.55826,0.3146,0.27538,0.35753,0.39356,0.56936,0.49486,0.58318,0.60085,0.63479,0.60441,0.70834,0.66934,0.41039,0.36503,1,0.92724,0.68022,0.59922,0.4872,0.51512,0.42065,0.38995,0.31483,0.47333,0.19634,0.32799,0.44759,0.38898,0.38373,0.30153,0.40323,0.35047,0.35024,0.15477,0.30541,0.21823,0.25501,0.174,0.36017,0.33351,0.33085,0.36672,0.36923,0.34348,0.29144,0.21777,0.30525,0.36698,0.2655,0.26722,0.51707,0.51963,0.42793,0.50322,0.35732,0.28281,0.42718,0.51321,0.43066,0.32837,0.41259,0.46166,0.31506,0.11513,0.39444,0.52783,0.51742,0.62126,0.45962,0.63968,0.43517,0.52404,0.4464,0.39048,0.42177,0.41329,0.28425,0.29771,0.22906,0.055973,0.45268,0.35623,0.44679,0.4636,0.41722,0.40803,0.40255,0.558,0.11143,0.20713,0.38838,0.18674,0.1694,0.34853,0.50296,0.39854,0.42768,0.51165,0.365,0
0.1267,0.32189,0.30407,0.58317,0.4929,0.61571,0.25423,0.49595,0.14851,0.46682,0.19363,0.51955,0.1432,0.43963,0.41077,0.61718,0.32838,0.26595,0.25102,0.37811,0.53187,0.46531,0.44241,0.61414,0.4681,0.62765,0.62053,0.59753,0.33029,0.42359,0.92724,1,0.64459,0.64554,0.37597,0.51327,0.35219,0.36315,0.25614,0.43228,0.14689,0.30885,0.36217,0.32213,0.35061,0.30823,0.32494,0.28502,0.27967,0.088986,0.13457,0.1036,0.18927,0.10309,0.29174,0.25559,0.27773,0.32977,0.3013,0.38729,0.26955,0.33494,0.26423,0.4508,0.21021,0.37483,0.38942,0.51038,0.38317,0.46849,0.35072,0.18507,0.39659,0.51231,0.37834,0.32393,0.39491,0.48345,0.29055,0.088277,0.39902,0.48901,0.45474,0.62534,0.36791,0.66244,0.42491,0.52695,0.37751,0.41716,0.42964,0.34926,0.32549,0.17912,0.1993,0.037216,0.36807,0.28111,0.42313,0.40922,0.45788,0.2801,0.42121,0.52299,0.11847,0.14842,0.38701,0.27185,0.16401,0.32174,0.47296,0.41557,0.44459,0.5426,0.37852,0
0.44933,0.65535,0.36534,0.58028,0.34412,0.44767,0.28407,0.41567,0.052074,0.2432,0.36749,0.5473,0.16257,0.23402,0.21241,0.28562,0.50817,0.56734,0.36113,0.66361,0.41127,0.43452,0.2552,0.26277,0.28813,0.30094,0.39555,0.40115,0.41408,0.59856,0.68022,0.64459,1,0.91103,0.27272,0.29674,0.27675,0.27015,0.21285,0.4041,0.1159,0.29326,0.406,0.43628,0.5248,0.48023,0.36843,0.33818,0.50799,0.33235,0.36134,0.32271,0.31764,0.24985,0.37606,0.41089,0.60011,0.61343,0.46508,0.41793,0.30132,0.35495,0.3644,0.6018,0.0723,0.20421,0.46433,0.52946,0.53561,0.57388,0.22723,0.091286,0.39429,0.61955,0.3525,0.34172,0.31608,0.35427,0.39973,0.23853,0.58459,0.68548,0.47112,0.62676,0.40327,0.68045,0.34361,0.41638,0.33849,0.46918,0.23901,0.1696,0.11149,0.13356,0.3584,0.14323,0.41742,0.38971,0.3625,0.36861,0.40089,0.30519,0.43117,0.50359,0.074084,0.050143,0.28204,0.13553,0.3649,0.35973,0.3788,0.27793,0.31789,0.29356,0.013277,0
0.36973,0.60615,0.16727,0.62165,0.31181,0.48011,0.18254,0.57678,0,0.3437,0.28593,0.65838,0.06937,0.36921,0.11396,0.29615,0.56027,0.60397,0.27073,0.6678,0.37007,0.35584,0.053042,0.1863,0.10902,0.24683,0.28125,0.26807,0.4556,0.72779,0.59922,0.64554,0.91103,1,0.083996,0.28248,0.20053,0.24301,0.16035,0.3328,0.07784,0.26592,0.422,0.45241,0.57876,0.58372,0.39042,0.34792,0.54902,0.38709,0.28895,0.32413,0.28237,0.19491,0.35404,0.39505,0.57508,0.62298,0.50787,0.54076,0.3016,0.5149,0.3589,0.70537,0,0.28004,0.4062,0.58976,0.48626,0.56633,0.2502,0,0.32975,0.62955,0.29641,0.33801,0.30409,0.36406,0.46574,0.21923,0.60133,0.67264,0.48017,0.66343,0.25054,0.66357,0.32579,0.42216,0.274,0.50018,0.29063,0.10936,0.1596,0.00018226,0.34992,0.20159,0.42761,0.43101,0.41336,0.38377,0.48524,0.18007,0.49648,0.46218,0.1267,0.02272,0.25758,0.14832,0.33437,0.38828,0.40671,0.31745,0.36983,0.30033,0.017237,0
0.16234,0.1453,0.58966,0.34834,0.46991,0.27156,0.49099,0.11057,0.41681,0.24083,0.15468,0.03431,0.28932,0.075726,0.59558,0.38822,0,0,0.41497,0.10651,0.39398,0.38172,0.7777,0.59509,0.66989,0.55242,0.58278,0.59457,0,0,0.4872,0.37597,0.27272,0.083996,1,0.79658,0.37338,0.32411,0.31406,0.36673,0.24037,0.27974,0.31921,0.23051,0.17479,0.08567,0.27107,0.26636,0.11298,0.04475,0.27223,0.15645,0.16184,0.13761,0.18891,0.13047,0.0049705,0.039685,0.028439,0.023288,0.22938,0,0,0,0.66272,0.39034,0.52071,0.35859,0.17863,0.21333,0.13453,0.35207,0.33386,0.17925,0.40502,0.27008,0.34995,0.37863,0.068331,0.20329,0.070247,0.24255,0.26701,0.25376,0.73313,0.39252,0.37556,0.29985,0.44294,0.20497,0.36518,0.55213,0.37407,0.59567,0.16421,0.033585,0.31202,0.13486,0.18616,0.29416,0.17297,0.51103,0.081298,0.30351,0,0.12281,0.28602,0.24038,0,0.14495,0.39406,0.29321,0.26342,0.32026,0.38134,0
0,0.012881,0.36341,0.53245,0.55677,0.50302,0.4275,0.47705,0.32746,0.56041,0.018119,0.30804,0.16813,0.42337,0.49684,0.57708,0,0,0.26869,0.08274,0.46301,0.40554,0.55998,0.63485,0.50966,0.6717,0.58468,0.57637,0,0.07039,0.51512,0.51327,0.29674,0.28248,0.79658,1,0.34641,0.43091,0.27908,0.34599,0.17534,0.27696,0.51679,0.40571,0.41019,0.39812,0.46723,0.44857,0.28192,0.24565,0.22034,0.29206,0.21288,0.14287,0.2432,0.22942,0,0.0098104,0.14992,0.31466,0.31057,0.34804,0,0.14505,0.55663,0.64434,0.55073,0.63456,0.093665,0.26693,0.28412,0.15753,0.35668,0.27655,0.42273,0.37927,0.50254,0.59803,0.16806,0.138,0.11632,0.3121,0.3201,0.40256,0.51047,0.52042,0.3627,0.37848,0.38967,0.43628,0.64535,0.64031,0.65302,0.54528,0.18898,0.083459,0.43919,0.28814,0.43029,0.48599,0.48723,0.48665,0.28929,0.37619,0.085283,0.17768,0.41514,0.35262,0.027447,0.27186,0.63074,0.5398,0.52946,0.49737,0.54322,0
0.22307,0.13499,0.39668,0.17485,0.17108,0.1663,0.24511,0.036161,0.15763,0.013845,0.23962,0.31185,0.24002,0.18993,0.31501,0.34208,0.37442,0.21401,0.16537,0.18574,0.52933,0.44153,0.37213,0.25447,0.38922,0.40885,0.44292,0.48075,0.5257,0.33047,0.42065,0.35219,0.27675,0.20053,0.37338,0.34641,1,0.75381,0.80247,0.78971,0.81136,0.71409,0.34365,0.46736,0.26071,0.16724,0.41025,0.47678,0.26982,0.22328,0.43348,0.29918,0.39314,0.26452,0.48057,0.38869,0.13347,0.03448,0.25476,0.048619,0.17144,0,0.080578,0.12543,0.15324,0.022194,0.38387,0.24658,0.21387,0.1098,0.17575,0.25711,0.57911,0.34525,0.49355,0.31533,0.49778,0.50024,0.40545,0.21925,0.45001,0.49065,0.48728,0.49995,0.34246,0.44371,0.48512,0.58974,0.33245,0.32519,0.29515,0.32088,0.20978,0.38277,0.35688,0.43621,0.54512,0.42234,0.35425,0.40084,0.26461,0.41529,0.20922,0.35456,0.0214,0.28334,0.1473,0.29952,0,0.38291,0.51164,0.37866,0.45528,0.42125,0.34578,0.077263
0.13827,0.093293,0.37532,0.31522,0.33543,0.31065,0.29438,0.23097,0.24835,0.23306,0.21591,0.4574,0.19922,0.35265,0.26449,0.33453,0.29965,0.21951,0.12987,0.15971,0.59309,0.49265,0.33563,0.30023,0.296,0.41404,0.43754,0.47061,0.39954,0.34304,0.38995,0.36315,0.27015,0.24301,0.32411,0.43091,0.75381,1,0.59594,0.7805,0.6086,0.71327,0.34271,0.37953,0.25661,0.23219,0.40937,0.42505,0.28768,0.26041,0.39903,0.29874,0.40388,0.26565,0.41545,0.35187,0.11561,0.066026,0.27885,0.16263,0.20665,0.16414,0.073467,0.20901,0.16379,0.13109,0.42268,0.37283,0.19346,0.17155,0.33024,0.29504,0.53322,0.44519,0.50077,0.43731,0.52771,0.57422,0.37384,0.16525,0.3782,0.43904,0.41114,0.47461,0.26368,0.41861,0.37835,0.5011,0.33906,0.42999,0.3986,0.38108,0.34522,0.38096,0.13891,0.27707,0.44099,0.3168,0.37341,0.3669,0.41071,0.41655,0.31713,0.34355,0.16451,0.33578,0.24,0.2628,0,0.24814,0.48484,0.42299,0.50572,0.50036,0.3888,0.042797
0.20412,0.18291,0.29498,0.096985,0.13548,0.17199,0.093397,0,0.1039,0,0.13636,0.23117,0.11553,0.090094,0.23165,0.26353,0.42542,0.2443,0.051818,0.20116,0.4321,0.36126,0.23507,0.10094,0.29206,0.28106,0.44962,0.44875,0.45309,0.32908,0.31483,0.25614,0.21285,0.16035,0.31406,0.27908,0.80247,0.59594,1,0.81482,0.78403,0.50982,0.24614,0.41053,0.28817,0.17949,0.37798,0.48013,0.27218,0.23731,0.48972,0.37166,0.38734,0.33448,0.58527,0.4949,0.18469,0.12766,0.25017,0.066698,0.077503,0,0.098529,0.12616,0.052708,0,0.38616,0.23585,0.25594,0.11424,0.040793,0.15193,0.35067,0.25491,0.21029,0.18302,0.32159,0.37114,0.4368,0.28598,0.50907,0.53575,0.56578,0.50604,0.36996,0.4547,0.62516,0.70351,0.44409,0.46062,0.24056,0.22525,0.088646,0.26268,0.50345,0.66678,0.64656,0.52722,0.32359,0.40264,0.17953,0.28139,0.13684,0.2719,0,0.20493,0.086154,0.24671,0,0.44087,0.46321,0.3234,0.40264,0.28906,0.17624,0.17026
0.29098,0.30939,0.42887,0.29294,0.25337,0.24874,0.21686,0.11281,0.22186,0.055902,0.20555,0.41427,0.17852,0.23392,0.27692,0.28994,0.42941,0.36172,0.18672,0.35346,0.56634,0.4703,0.36173,0.26552,0.33937,0.36408,0.48315,0.5192,0.45255,0.43267,0.47333,0.43228,0.4041,0.3328,0.36673,0.34599,0.78971,0.7805,0.81482,1,0.67274,0.65589,0.33031,0.46478,0.33495,0.26164,0.44465,0.51239,0.35656,0.31565,0.5382,0.42086,0.49241,0.42747,0.62014,0.55195,0.28263,0.24971,0.35342,0.20112,0.13216,0.085922,0.11008,0.23162,0.10022,0.0012309,0.49517,0.38573,0.41979,0.33292,0.17027,0.2294,0.45336,0.39551,0.32458,0.2596,0.38965,0.44436,0.42438,0.27408,0.51838,0.58842,0.48755,0.54535,0.40827,0.56753,0.58605,0.66994,0.47741,0.53,0.29948,0.28048,0.16206,0.29835,0.32099,0.43746,0.59016,0.4967,0.37057,0.39563,0.30185,0.35566,0.29952,0.38635,0.071394,0.27175,0.231,0.26531,0,0.31395,0.45347,0.32277,0.42979,0.42047,0.24982,0.0362
0.22271,0.093605,0.19334,0.00031774,0.071311,0.057208,0.10679,0,0.18485,0,0.17796,0.18809,0.1792,0.069439,0.2823,0.28052,0.37979,0.23296,0.10399,0.14285,0.46532,0.41554,0.19988,0.032932,0.14866,0.22948,0.28388,0.31525,0.52172,0.33899,0.19634,0.14689,0.1159,0.07784,0.24037,0.17534,0.81136,0.6086,0.78403,0.67274,1,0.62127,0.16182,0.30866,0.12898,0.022464,0.23384,0.32169,0.13695,0.1052,0.29544,0.15557,0.26419,0.13252,0.32748,0.25107,0.14651,0,0.16797,0,0.1371,0,0.058835,0.064456,0.090764,0,0.18495,0.025049,0.10047,0,0.13757,0.24196,0.5012,0.30784,0.42155,0.27734,0.37918,0.37158,0.39184,0.36424,0.47454,0.44111,0.53292,0.46567,0.32067,0.3449,0.46949,0.59842,0.26882,0.22958,0.13507,0.1514,0.035299,0.19373,0.39029,0.55065,0.38332,0.31554,0.15871,0.23063,0.091881,0.20917,0.064586,0.17507,0,0.10635,0,0.11379,0,0.38006,0.3122,0.20477,0.25852,0.16544,0.16474,0.15551
0.18127,0.21403,0.33796,0.24064,0.15081,0.098245,0.19428,0.074207,0.18898,0.078814,0.2254,0.2844,0.16735,0.12185,0.25475,0.27842,0.30428,0.26126,0.27437,0.24098,0.41791,0.36786,0.3502,0.25413,0.2486,0.31817,0.28498,0.31072,0.33462,0.34386,0.32799,0.30885,0.29326,0.26592,0.27974,0.27696,0.71409,0.71327,0.50982,0.65589,0.62127,1,0.29105,0.38552,0.25976,0.16764,0.32583,0.38586,0.28894,0.20719,0.33047,0.23633,0.3478,0.27459,0.33289,0.30899,0.081773,0.016388,0.17979,0.010423,0.074654,0,0,0.067005,0.19142,0.10155,0.2414,0.16129,0.18716,0.045971,0.17519,0.2547,0.50224,0.45254,0.45192,0.4541,0.45417,0.45324,0.29904,0.12357,0.34463,0.37922,0.3818,0.44032,0.30067,0.3828,0.40442,0.4134,0.10907,0.21594,0.22123,0.26361,0.14753,0.28956,0.16029,0.25689,0.3165,0.28817,0.27512,0.31005,0.22586,0.33348,0.19126,0.28808,0.063293,0.18262,0.083046,0.22306,0.030409,0.14635,0.34839,0.30444,0.37294,0.33446,0.21571,0.045984
0.0072179,0.067079,0.31823,0.36579,0.32596,0.30918,0.34137,0.34747,0.015216,0.26187,0.021147,0.43679,0.10395,0.34414,0.19831,0.30239,0.01258,0.058522,0.22567,0.22961,0.36275,0.29429,0.26648,0.26456,0.29566,0.27197,0.29797,0.18994,0.26253,0.34064,0.44759,0.36217,0.406,0.422,0.31921,0.51679,0.34365,0.34271,0.24614,0.33031,0.16182,0.29105,1,0.89617,0.85525,0.79119,0.93514,0.86863,0.83073,0.69324,0.58231,0.61566,0.55165,0.49378,0.57544,0.63622,0,0.10948,0.46763,0.51409,0.18005,0.31115,0.15632,0.32046,0.10679,0.21085,0.63144,0.68456,0.17694,0.35769,0.17163,0,0.3198,0.26148,0.34284,0.30515,0.38605,0.4531,0.15296,0.013436,0.1704,0.39673,0.29428,0.41526,0.16786,0.45372,0.16252,0.25434,0.203,0.43754,0.64245,0.55088,0.41202,0.37661,0.28816,0.29511,0.69106,0.75384,0.78657,0.75002,0.50389,0.39826,0.47897,0.39954,0.29116,0.32856,0.44813,0.29289,0.033194,0.34626,0.769,0.67608,0.66016,0.41715,0.39693,0
0.065401,0.16859,0.22457,0.28441,0.21668,0.24722,0.20108,0.2611,0,0.090842,0,0.44784,0.028853,0.27767,0.13226,0.26912,0.14106,0.16391,0.18614,0.30303,0.35104,0.30947,0.13754,0.11695,0.17691,0.19636,0.27604,0.19661,0.35647,0.43846,0.38898,0.32213,0.43628,0.45241,0.23051,0.40571,0.46736,0.37953,0.41053,0.46478,0.30866,0.38552,0.89617,1,0.87413,0.82138,0.88,0.9266,0.84388,0.74765,0.6405,0.66627,0.59767,0.58329,0.68204,0.75561,0.041262,0.18541,0.52469,0.52992,0.074584,0.26527,0.10366,0.34104,0,0.070081,0.57735,0.63456,0.24335,0.34757,0.12899,0,0.37282,0.30419,0.34838,0.33267,0.40765,0.49198,0.20537,0.088081,0.24338,0.47676,0.31607,0.4513,0.13255,0.48144,0.22829,0.34841,0.19836,0.4896,0.54396,0.42708,0.3091,0.30358,0.35779,0.37178,0.76173,0.8279,0.77416,0.76387,0.50038,0.34629,0.48911,0.41652,0.23299,0.28325,0.38035,0.30184,0.10469,0.41239,0.76715,0.66715,0.6812,0.41091,0.27149,0
0.085941,0.2858,0.12877,0.35024,0.26557,0.30284,0.19807,0.34853,0,0.23406,0,0.4189,0,0.20717,0.098413,0.24448,0.16047,0.27032,0.26913,0.43247,0.27153,0.23996,0.061869,0.07609,0.093225,0.10868,0.16741,0.08563,0.24094,0.48714,0.38373,0.35061,0.5248,0.57876,0.17479,0.41019,0.26071,0.25661,0.28817,0.33495,0.12898,0.25976,0.85525,0.87413,1,0.91357,0.84718,0.8342,0.90848,0.72957,0.52823,0.59823,0.52827,0.59047,0.59893,0.72799,0.12946,0.30422,0.51066,0.58783,0.091648,0.35673,0.090547,0.4065,0,0.17772,0.52063,0.6507,0.32119,0.4385,0.11442,0,0.29242,0.37232,0.25386,0.3118,0.28329,0.36867,0.18859,0.10538,0.26425,0.48809,0.32867,0.48229,0.1487,0.51903,0.30455,0.35126,0.13011,0.50208,0.50921,0.37674,0.23723,0.1892,0.399,0.35183,0.68353,0.78803,0.73422,0.73122,0.54821,0.26819,0.52526,0.43384,0.17682,0.10126,0.39069,0.30998,0.20209,0.39686,0.65829,0.58079,0.62685,0.34413,0.09758,0
