1,0.82767,0.43363,0.70988,0.056103,0.10606,0.53909,0.65264,9.9603e-06,0.081553,0.20709,0.4981,0.098607,0.28907,0,0.036996,0,0.10043,0.68899,0.75457,0,0.19633,0.1139,0.42447,0,0,0,0.066623,0,0,0,0.19379,0.31109,0.42621,0.24235,0.33711,0.077207,0,0,0,0,0,0,0,0,0,0,0,0,0,0,0,0,0,0,0.10263,0.81382,0.72784,0.42889,0.44678,0.33488,0.4614,0.27034,0.24157,0.076724,0.22202,0.52349,0.41664,0.62227,0.55994,0.16313,0.11783,0.61342,0.46686,0.5355,0.36088,0.41304,0.44783,0,0,0,0,0,0,0,0,0,0,0,0.12438,0.20488,0.22725,0.37208,0.28551,0,0,0.37181,0.39718,0.27552,0.36133,0.3716,0.4841,0.42338,0.43811,0.42285,0.28879,0.44415,0,0.012243,0,0.25199,0.38444,0.4725,0.44986,0.021513,0.075546
0.82767,1,0.38961,0.67064,0.023805,0,0.44846,0.6488,0,0.012354,0.17571,0.54664,0,0.28612,0,0,0,0.097627,0.50192,0.62257,0,0.012273,0.17388,0.52198,0,0,0,0,0,0,0,0.20219,0.46158,0.55251,0.31956,0.45785,0.011919,0,0,0,0,0,0,0,0,0,0,0,0,0,0,0,0,0,0,0.0072782,0.76233,0.86293,0.44168,0.511,0.35235,0.48854,0.37072,0.28503,0.058102,0.16052,0.47363,0.37378,0.45964,0.38882,0.12451,0.13389,0.52619,0.4571,0.46211,0.30228,0.38427,0.40073,0,0,0,0,0,0,0,0,0,0,0,0,0.18567,0.059051,0.26855,0.1746,0,0,0.282,0.34901,0.2169,0.24085,0.33763,0.41631,0.34864,0.30003,0.32697,0.16551,0.39986,0,0,0,0.25262,0.38986,0.4538,0.32599,0,0.13192
0.43363,0.38961,1,0.73864,0.31021,0.40517,0.75401,0.57825,0.35174,0.32289,0.094212,0.14408,0.21689,0.11108,0.28887,0.040187,0,0,0.55366,0.5347,0.1475,0.23496,0.48402,0.70257,0.33192,0.22784,0.27849,0.27057,0,0,0.026939,0.20343,0.14451,0.20203,0.31132,0.26896,0.16188,0,0.030304,0,0,0,0,0,0,0,0.011172,0,0,0,0,0,0,0.013672,0.069439,0,0.30813,0.33045,0.19354,0.20295,0.29162,0.26543,0.19349,0.083816,0.29415,0.26597,0.36152,0.20393,0.51076,0.43955,0.023498,0.015316,0.28697,0.26187,0.32971,0.24926,0.30168,0.31553,0,0,0,0,0,0,0.15424,0,0,0,0.20781,0.21192,0.36511,0.44179,0.53066,0.63675,0.1131,0.061513,0.37137,0.27069,0.30124,0.18477,0.45932,0.51371,0.33019,0.35353,0.24039,0.21832,0.42532,0.055927,0.091963,0,0.11557,0.31084,0.30723,0.36897,0.081394,0
0.70988,0.67064,0.73864,1,0.20268,0.33767,0.68733,0.80681,0.20901,0.1949,0.044411,0.33961,0.039205,0.1892,0.055676,0.03653,0,0,0.67699,0.83514,0.076131,0.32716,0.23342,0.64606,0,0,0.13993,0.15302,0,0,0,0.17749,0.17916,0.30685,0.21601,0.30923,0.11736,0,0,0,0,0,0,0,0,0,0,0,0,0,0,0,0,0,0,0,0.4969,0.56909,0.25665,0.31078,0.21973,0.39924,0.22252,0.16031,0.091532,0.28389,0.42954,0.295,0.68518,0.5622,0.1111,0,0.45807,0.36114,0.42788,0.38461,0.45518,0.49377,0,0,0,0,0,0,0,0,0,0,0.088228,0.14349,0.4009,0.39763,0.57644,0.57245,0.022545,0,0.45552,0.3274,0.35414,0.27916,0.5256,0.56483,0.43344,0.43769,0.3184,0.26124,0.52637,0,0.090002,0,0.10727,0.44554,0.49097,0.4545,0.047607,0.026178
0.056103,0.023805,0.31021,0.20268,1,0.72696,0.23608,0.23444,0.76737,0.60866,0.30027,0.14805,0.3376,0.23876,0.42299,0.18905,0.1142,0.13434,0.1978,0.17116,0.38448,0.16883,0.23843,0.22756,0.52057,0.59226,0.44936,0.51283,0.054358,0.097942,0.20123,0.29392,0.080726,0.035542,0,0,0,0,0,0,0,0,0,0,0,0,0,0,0,0,0,0,0,0,0,0,0.15747,0.054837,0.21327,0.09452,0.30202,0.27134,0.071579,0.1107,0.42259,0.42716,0.023817,0,0.047877,0.040324,0.14057,0.17011,0.068579,0.043084,0.27306,0.20364,0.085959,0.051145,0.20834,0.13272,0.19591,0.13255,0.17567,0,0.14479,0.045383,0.05695,0,0.13287,0.045222,0.10957,0.21271,0.10317,0.19522,0,0,0,0,0,0,0.041935,0.08629,0,0.029876,0,0,0,0.096274,0,0.038352,0.056271,0,0.063465,0,0.0061524,0.075479
0.10606,0,0.40517,0.33767,0.72696,1,0.36119,0.30405,0.72606,0.70326,0.090989,0.081485,0.28845,0.20534,0.33451,0.13199,0.0002651,0,0.28766,0.25817,0.37782,0.23552,0.09913,0.20895,0.43963,0.54591,0.38875,0.48724,0.013501,0.019686,0.016038,0.16878,0,0,0,0,0.11908,0.12591,0.13519,0.10036,0.12311,0.05752,0,0,0,0,0,0,0,0,0,0,0,0.021475,0.010091,0,0.015699,0,0.11298,0,0.18008,0.12544,0,0,0.30289,0.33356,0.047151,0,0.19528,0.16037,0.056695,0.036921,0.13057,0,0.26477,0.22423,0.16367,0.14751,0.071018,0.013027,0.12662,0.072554,0.1494,0.09736,0.18478,0.10238,0.066317,0.099271,0.093451,0.13809,0.12997,0.30367,0.24896,0.35767,0.11876,0.031818,0.061896,0,0.070805,0.058549,0.16583,0.20175,0.07376,0.15021,0.042537,0.059998,0.031306,0.039804,0.017272,0.1354,0,0.075722,0.096882,0.099561,0.13788,0
0.53909,0.44846,0.75401,0.68733,0.23608,0.36119,1,0.77661,0.43482,0.3899,0.2661,0.23194,0.51669,0.28642,0.19783,0,0,0,0.4796,0.4806,0.016086,0.14498,0.11629,0.444,0.0043897,0,0.13383,0.17129,0,0,0,0.084383,0.11485,0.16695,0.1454,0.19268,0.048797,0,0,0,0,0,0,0,0,0,0.028783,0,0,0,0,0,0,0,0,0,0.31118,0.32831,0.43871,0.28394,0.51176,0.36201,0.0767,0.031554,0.31793,0.41251,0.43029,0.2577,0.48376,0.40635,0.011273,0.027213,0.48828,0.34326,0.47288,0.45954,0.31827,0.32989,0,0,0,0,0,0,0,0,0,0,0.05163,0.12856,0.36912,0.44757,0.49433,0.60568,0.017664,0,0.37464,0.23768,0.23799,0.23611,0.39101,0.51421,0.29338,0.34763,0.21719,0.1618,0.39969,0,0.054164,0,0.18068,0.34357,0.46388,0.31616,0,0.073697
0.65264,0.6488,0.57825,0.80681,0.23444,0.30405,0.77661,1,0.30035,0.23582,0.19767,0.46915,0.3114,0.41129,0.031058,0,0,0,0.53413,0.66844,0.013796,0.20385,0.030354,0.42561,0,0,0.059883,0.076558,0,0,0,0.16427,0.20233,0.32254,0.065952,0.20592,0,0,0,0,0,0,0,0,0,0,0,0,0,0,0,0,0,0,0,0.012953,0.4704,0.52286,0.40188,0.33543,0.42856,0.52208,0.10727,0.1507,0.19715,0.46094,0.4122,0.27959,0.57919,0.41816,0.056985,0,0.55388,0.42006,0.49814,0.51795,0.36182,0.38414,0,0,0,0,0,0,0,0,0,0,0,0.046922,0.3976,0.37278,0.52491,0.49697,0,0,0.35857,0.2875,0.28261,0.30817,0.46809,0.48639,0.34019,0.32965,0.30159,0.15644,0.39069,0,0.078475,0,0.22147,0.44073,0.56862,0.41011,0,0.11589
9.9603e-06,0,0.35174,0.20901,0.76737,0.72606,0.43482,0.30035,1,0.74419,0.27826,0.046663,0.55453,0.2712,0.4432,0.020631,0,0.01702,0.19218,0.12065,0.31128,0.10482,0.12272,0.2061,0.36047,0.42431,0.28769,0.40985,0,0,0.079628,0.19542,0,0,0.017748,0.0062833,0.016522,0,0,0,0,0,0,0,0,0,0,0,0,0,0,0,0,0,0,0,0,0,0.24806,0.028817,0.3563,0.19626,0,0,0.46765,0.45904,0.044569,0,0.076694,0.03808,0.056874,0.16023,0.1067,0.0019186,0.27299,0.26128,0.05872,0.0098029,0.083314,0.067988,0.070846,0.030295,0.058084,0,0.047295,0,0.015404,0,0.069173,0,0.1736,0.26273,0.1933,0.35472,0,0,0,0,0,0,0.086165,0.12883,0.0058144,0.028115,0.0082949,0.00071363,0.028796,0.078396,0,0,0.075872,0.068753,0.087384,0,0.012504,0.045887
0.081553,0.012354,0.32289,0.1949,0.60866,0.70326,0.3899,0.23582,0.74419,1,0.29205,0.19965,0.52396,0.48361,0.40406,0.27218,0.016417,0.12994,0.21113,0.089136,0.33642,0.065654,0.24019,0.29779,0.37301,0.4183,0.13111,0.37433,0.027197,0.00057792,0.11316,0.22957,0.16246,0.050673,0.19354,0.15549,0.046189,0.025304,0,0,0,0.035542,0.10923,0,0.027025,0,0,0,0.053762,0,0.10123,0,0,0,0,0,0.096903,0.085529,0.40752,0.19635,0.46399,0.28881,0.034865,0.11091,0.49509,0.48475,0.20598,0.1157,0,0.028901,0.072438,0.30033,0.11617,0.031779,0.27527,0.27884,0.027094,0,0.11133,0.084557,0.07287,0.09588,0,0,0.14598,0.064773,0,0,0.041949,0.096318,0.16383,0.15106,0.17662,0.28479,0,0,0,0,0.037697,0.070002,0.057613,0.15904,0,0.0061292,0,0,0,0.089601,0,0,0.25615,0.16119,0.079634,0,0,0.13559
0.20709,0.17571,0.094212,0.044411,0.30027,0.090989,0.2661,0.19767,0.27826,0.29205,1,0.60784,0.73962,0.68403,0.42615,0.31715,0.39057,0.42032,0.13385,0.08806,0.062515,0.026154,0.28701,0.12489,0.23512,0.18329,0.22743,0.29182,0.18869,0.15795,0.39635,0.41554,0.47694,0.40013,0.32935,0.36657,0,0,0,0,0,0,0.31432,0.14859,0.21572,0.21006,0.15222,0.027855,0.35303,0.30214,0.40279,0.2718,0.16208,0.03874,0.022225,0,0.37607,0.3269,0.50179,0.45503,0.74281,0.58042,0.51998,0.57029,0.55479,0.56222,0.35949,0.17217,0,0,0,0.092916,0.29449,0.20717,0.44622,0.31996,0,0,0.18104,0.18174,0.23075,0.10407,0.056831,0,0.16059,0.13523,0,0,0.27793,0.15664,0.20601,0.1708,0,0,0,0,0,0,0,0.049433,0,0,0,0,0,0,0,0.17782,0,0,0.58304,0.047833,0.19403,0,0,0.25807
0.4981,0.54664,0.14408,0.33961,0.14805,0.081485,0.23194,0.46915,0.046663,0.19965,0.60784,1,0.30837,0.80542,0.16986,0.39926,0.2589,0.47256,0.31592,0.3425,0,0.092679,0.24535,0.31961,0.1262,0.11345,0,0.12786,0.044302,0.098382,0.2887,0.45097,0.60893,0.61207,0.42061,0.52356,0,0,0,0,0,0,0.17765,0,0.077205,0.12016,0.016304,0,0.21237,0.19113,0.25932,0.18638,0.049078,0.0015589,0,0.025206,0.6206,0.64154,0.44897,0.47809,0.53992,0.69303,0.62562,0.6759,0.34732,0.48503,0.49656,0.40631,0.127,0.055753,0.14833,0.16589,0.44705,0.46272,0.45797,0.45988,0.16798,0.19083,0,0,0.05713,0,0,0,0.089087,0.0058961,0,0,0.059435,0.12222,0.1031,0.052018,0.09114,0,0,0,0,0.10699,0.046038,0.16822,0.082039,0.16872,0.024782,0.008956,0.0048061,0,0,0.0059036,0,0,0.56996,0.21947,0.28066,0.12897,0,0.23289
0.098607,0,0.21689,0.039205,0.3376,0.28845,0.51669,0.3114,0.55453,0.52396,0.73962,0.30837,1,0.62978,0.5265,0.13406,0.22149,0.25933,0.13201,0.0058131,0.14469,0,0.19203,0.12641,0.20261,0.10689,0.18556,0.25416,0.20568,0.092824,0.232,0.30462,0.2218,0.13571,0.11666,0.1378,0,0,0,0,0,0,0.30409,0.13823,0.20092,0.19917,0.10112,0.018881,0.30609,0.21146,0.31349,0.11126,0.077473,0.011237,0,0,0.10965,0.059919,0.46691,0.24749,0.68088,0.43461,0.090632,0.22917,0.61387,0.58674,0.21033,0.061909,0,0,0,0.12429,0.25338,0.15073,0.38028,0.36211,0,0,0.1896,0.18227,0.13957,0.067135,0.04735,0,0.054959,0,0,0,0.074354,0.01227,0.19962,0.23309,0.13258,0.21052,0,0,0,0,0,0.024872,0,0.077089,0,0,0,0,0,0.10765,0,0,0.44679,0.060004,0.16671,0,0,0.18906
0.28907,0.28612,0.11108,0.1892,0.23876,0.20534,0.28642,0.41129,0.2712,0.48361,0.68403,0.80542,0.62978,1,0.35797,0.42193,0.31432,0.46679,0.23149,0.16566,0.088375,0.020245,0.28751,0.28461,0.19949,0.16113,0.0051545,0.18409,0.15626,0.14323,0.31289,0.43558,0.5157,0.46178,0.36805,0.44629,0,0,0,0,0,0,0.39029,0.14704,0.23612,0.29675,0.083639,0.040868,0.39814,0.33403,0.41932,0.26589,0.14405,0.058566,0,0.042341,0.40907,0.41419,0.55823,0.48059,0.64556,0.65442,0.41811,0.54237,0.48759,0.59453,0.45202,0.35083,0,0,0.095108,0.20121,0.34817,0.30066,0.43864,0.47973,0,0.0014579,0.14114,0.092938,0.11092,0.054138,0,0,0.10471,0.035916,0,0,0.065731,0.092638,0.2122,0.098623,0.14381,0.052017,0,0,0,0.0017484,0.026978,0.14501,0.032184,0.113,0,0,0,0,0,0.028352,0,0,0.65327,0.23482,0.26907,0,0,0.29391
0,0,0.28887,0.055676,0.42299,0.33451,0.19783,0.031058,0.4432,0.40406,0.42615,0.16986,0.5265,0.35797,1,0.66294,0.50047,0.36584,0.31407,0.15433,0.45484,0.21735,0.42607,0.27109,0.59797,0.5006,0.51862,0.60584,0.5562,0.49024,0.5661,0.47156,0.17184,0.095438,0.30888,0.18465,0.010208,0.18657,0.036314,0.059656,0.18018,0.23019,0.31569,0.20023,0.29929,0.23984,0.15773,0.084071,0.15088,0.037308,0.14651,0.01013,0,0,0.13634,0,0.085407,0,0.19866,0.14502,0.36578,0.28194,0.28065,0.34821,0.59692,0.44415,0.2235,0.12828,0.040867,0.018884,0.0045782,0.095411,0.2386,0.22801,0.2944,0.25696,0,0,0.50197,0.42464,0.58068,0.51435,0.5281,0.32668,0.57582,0.35605,0.3021,0.16105,0.34258,0.26023,0.24131,0.32178,0.15664,0.28481,0,0,0,0,0.0085067,0.026976,0.037562,0.17929,0.003207,0.091321,0,0,0,0.24652,0,0.12948,0.35364,0,0.023586,0.042338,0,0.081696
0.036996,0,0.040187,0.03653,0.18905,0.13199,0,0,0.020631,0.27218,0.31715,0.39926,0.13406,0.42193,0.66294,1,0.61334,0.51707,0.27147,0.16981,0.41057,0.2418,0.37056,0.19025,0.45554,0.4648,0.40109,0.50321,0.5908,0.62869,0.61413,0.46558,0.3175,0.24809,0.35639,0.25137,0.02229,0.24779,0.046496,0.12602,0.25358,0.31818,0.40661,0.26604,0.40571,0.37275,0.21271,0.18063,0.22258,0.11374,0.21393,0.086998,0.076812,0,0.21175,0.10671,0.22847,0.10128,0.17396,0.22102,0.21412,0.32278,0.47894,0.60632,0.39173,0.35957,0.29738,0.29452,0,0.0055833,0,0.019427,0.17331,0.27056,0.15957,0.19152,0,0,0.55621,0.489,0.67033,0.65967,0.47854,0.43394,0.66914,0.55348,0.35245,0.20729,0.34086,0.43217,0.14885,0.14517,0.049117,0.026093,0,0,0,0,0.020965,0.074324,0,0.062802,0,0.015174,0,0,0,0.31921,0,0.15708,0.45769,0,0,0,0,0.051443
0,0,0,0,0.1142,0.0002651,0,0,0,0.016417,0.39057,0.2589,0.22149,0.31432,0.50047,0.61334,1,0.75441,0,0,0.27998,0.015581,0.14325,0,0.42976,0.42404,0.30871,0.21415,0.82176,0.80359,0.67899,0.42437,0.20538,0.12104,0.15258,0.018666,0,0.28465,0.028404,0.067607,0.30428,0.34191,0.44206,0.33964,0.49202,0.44488,0.21047,0.22321,0.34438,0.25426,0.31209,0.24601,0.18825,0.14331,0.12777,0.028303,0.126,0,0,0.027244,0.11596,0.20006,0.3175,0.50005,0.35902,0.24546,0,0.023566,0,0,0,0,0.016562,0.1195,0,0,0,0,0.81212,0.79579,0.82763,0.73799,0.49735,0.50875,0.52063,0.44628,0.43334,0.26266,0.16989,0.1703,0,0,0,0,0,0,0,0,0,0,0,0,0,0,0,0,0,0.33701,0,0.23006,0.35876,0,0,0,0,0.019132
0.10043,0.097627,0,0,0.13434,0,0,0,0.01702,0.12994,0.42032,0.47256,0.25933,0.46679,0.36584,0.51707,0.75441,1,0.14627,0.034486,0.089729,0,0.21512,0,0.27466,0.26914,0.0697,0.10403,0.53247,0.57891,0.54296,0.44553,0.35286,0.23736,0.17031,0.16181,0,0.076495,0,0,0,0.14775,0.263,0.097129,0.22704,0.2302,0,0.0033358,0.22573,0.11852,0.17816,0.074315,0,0,0,0,0.34135,0.29111,0.23071,0.24575,0.32973,0.45279,0.48944,0.65503,0.4035,0.32967,0.10369,0.088689,0,0,0,0.12492,0.16374,0.30654,0.17724,0.10726,0,0,0.53794,0.60862,0.55254,0.46541,0.14692,0.24121,0.23259,0.14346,0.10779,0,0.082364,0.014918,0.032579,0,0,0,0,0,0,0,0,0.021761,0,0.015914,0,0,0,0,0,0.24271,0,0,0.50169,0,0,0,0,0.18664
0.68899,0.50192,0.55366,0.67699,0.1978,0.28766,0.4796,0.53413,0.19218,0.21113,0.13385,0.31592,0.13201,0.23149,0.31407,0.27147,0,0.14627,1,0.81184,0.33691,0.37435,0.26845,0.47205,0.18282,0.16673,0.24004,0.42976,0.0011041,0,0.20045,0.31467,0.20072,0.26294,0.27077,0.25706,0.1759,0,0.065393,0.067936,0.031322,0.069799,0,0,0,0,0.062156,0,0,0,0,0,0,0.0042086,0.16994,0.15692,0.56229,0.49733,0.39963,0.44238,0.24753,0.4094,0.18593,0.2256,0.1589,0.27061,0.50555,0.39841,0.61409,0.63422,0.1269,0.065512,0.63936,0.51512,0.57339,0.42173,0.39409,0.36944,0,0,0.027929,0,0.026722,0,0.19131,0,0,0,0.21306,0.34218,0.3902,0.42953,0.5536,0.55797,0.042219,0.032188,0.30416,0.30084,0.34771,0.33618,0.45094,0.59212,0.46701,0.5107,0.36153,0.30365,0.40529,0.2099,0.075882,0,0.2163,0.26366,0.36772,0.45295,0.10406,0
0.75457,0.62257,0.5347,0.83514,0.17116,0.25817,0.4806,0.66844,0.12065,0.089136,0.08806,0.3425,0.0058131,0.16566,0.15433,0.16981,0,0.034486,0.81184,1,0.21342,0.39574,0.2038,0.47168,0,0.027667,0.187,0.28299,0,0,0.03635,0.25275,0.22395,0.35506,0.22902,0.28291,0.13748,0,0.0053102,0,0,0,0,0,0,0,0,0,0,0,0,0,0,0,0.044986,0.021705,0.57368,0.54872,0.24153,0.31617,0.18529,0.38381,0.20794,0.22564,0.10312,0.23443,0.43222,0.29835,0.72996,0.59239,0.076394,0,0.54984,0.41871,0.48329,0.39073,0.42027,0.47674,0,0,0,0,0,0,0.087556,0,0,0,0.12783,0.22365,0.44018,0.44779,0.61658,0.54841,0.02409,0.010012,0.3949,0.32833,0.33443,0.28914,0.46495,0.55552,0.43218,0.47651,0.3825,0.26809,0.49903,0.021381,0.10058,0,0.12706,0.40176,0.48852,0.48534,0.12201,0.030641
0,0,0.1475,0.076131,0.38448,0.37782,0.016086,0.013796,0.31128,0.33642,0.062515,0,0.14469,0.088375,0.45484,0.41057,0.27998,0.089729,0.33691,0.21342,1,0.65291,0.12755,0.034178,0.48909,0.52617,0.5739,0.60886,0.42273,0.42722,0.3605,0.25067,0,0,0.14291,0,0.36453,0.39873,0.47684,0.47788,0.56777,0.51057,0.27583,0.27167,0.31082,0.15076,0.33715,0.29141,0.026271,0,0.12973,0.027627,0.090997,0.12924,0.37628,0.20532,0.0034316,0,0.030093,0.0083188,0.030581,0.040485,0,0.12085,0.26806,0.26379,0.18828,0.20498,0.1092,0.23926,0.20405,0.083539,0.19413,0.17941,0.20104,0.14695,0.14788,0.10282,0.43084,0.29925,0.48229,0.47856,0.53839,0.40095,0.51732,0.43601,0.49756,0.47069,0.34916,0.46821,0.18935,0.36595,0.24288,0.32061,0.23682,0.18841,0,0,0.15763,0.14419,0.13829,0.1607,0.072611,0.23092,0,0.039386,0,0.37589,0,0.34206,0.041888,0,0,0.1505,0.27598,0
0.19633,0.012273,0.23496,0.32716,0.16883,0.23552,0.14498,0.20385,0.10482,0.065654,0.026154,0.092679,0,0.020245,0.21735,0.2418,0.015581,0,0.37435,0.39574,0.65291,1,0.006822,0.14689,0.18211,0.2325,0.45395,0.52345,0.14368,0.14095,0.095773,0.12655,0,0,0.12754,0.11694,0.3616,0.22718,0.37435,0.34985,0.33265,0.2212,0.094271,0.13717,0.068113,0,0.2527,0.2092,0,0,0.031725,0.025136,0.04163,0.16289,0.29052,0.25214,0.10721,0,0.036674,0.0087371,0,0,0.045042,0,0.035313,0.080734,0.23087,0.23247,0.40314,0.37568,0.32187,0.1099,0.34768,0.3011,0.2505,0.27305,0.42141,0.41852,0.027363,0,0.12261,0.086371,0.22182,0.12492,0.25777,0.20685,0.19057,0.25449,0.24882,0.3874,0.076492,0.3228,0.23184,0.32059,0.16521,0.16896,0.23442,0.11968,0.27437,0.26007,0.21711,0.2039,0.19008,0.3032,0.1476,0.19964,0.25039,0.095785,0,0.076238,0,0.068343,0.15524,0.37584,0.2873,0
0.1139,0.17388,0.48402,0.23342,0.23843,0.09913,0.11629,0.030354,0.12272,0.24019,0.28701,0.24535,0.19203,0.28751,0.42607,0.37056,0.14325,0.21512,0.26845,0.2038,0.12755,0.006822,1,0.74058,0.50667,0.42673,0.11037,0.18764,0,0,0.53913,0.62731,0.56962,0.53794,0.55615,0.45393,0,0,0,0,0,0,0.031879,0,0,0,0,0,0,0,0,0,0,0,0,0,0.35028,0.34059,0.10545,0.26119,0.27185,0.4176,0.3778,0.39565,0.51236,0.3586,0.13616,0.030521,0,0,0,0.20329,0,0.0046864,0.18833,0.1095,0,0,0.032632,0.11323,0.11268,0.062009,0,0,0.18994,0,0,0,0.14068,0,0.17774,0.048149,0.12585,0.12867,0,0,0,0,0,0,0,0.095179,0,0,0,0,0.034482,0.13401,0,0,0.35736,0.11684,0,0,0,0.27302
0.42447,0.52198,0.70257,0.64606,0.22756,0.20895,0.444,0.42561,0.2061,0.29779,0.12489,0.31961,0.12641,0.28461,0.27109,0.19025,0,0,0.47205,0.47168,0.034178,0.14689,0.74058,1,0.29187,0.22805,0.063791,0.2061,0,0,0.16334,0.42079,0.38344,0.44603,0.49728,0.48115,0,0,0,0,0,0,0,0,0,0,0,0,0,0,0,0,0,0,0,0,0.4492,0.51514,0.25237,0.37778,0.27911,0.40781,0.32507,0.2121,0.31067,0.31025,0.3699,0.25521,0.29934,0.30081,0.13709,0.23106,0.1936,0.20096,0.30046,0.26235,0.20826,0.22528,0,0,0,0,0,0,0.062162,0,0,0,0.1143,0.045778,0.21342,0.17111,0.33287,0.36149,0,0,0.17072,0.23782,0.10287,0.04359,0.2437,0.37787,0.17765,0.16537,0.15986,0.092198,0.33853,0,0,0,0.2462,0.29905,0.18721,0.18359,0,0.12512
0,0,0.33192,0,0.52057,0.43963,0.0043897,0,0.36047,0.37301,0.23512,0.1262,0.20261,0.19949,0.59797,0.45554,0.42976,0.27466,0.18282,0,0.48909,0.18211,0.50667,0.29187,1,0.88474,0.61908,0.57446,0.42485,0.45953,0.59178,0.43766,0.14092,0.09422,0.37147,0.17375,0.029625,0.25057,0.17034,0.19915,0.28466,0.2774,0.24453,0.17748,0.26321,0.16868,0.17076,0.13719,0.076789,0.025118,0.17234,0.15782,0.074473,0.13456,0.20014,0,0.0093829,0,0.016661,0.039066,0.13893,0.12168,0.24465,0.23355,0.39734,0.2765,0.12577,0.08245,0,0,0,0.046697,0,0.025387,0.079331,0,0,0,0.51874,0.45801,0.55787,0.53069,0.52405,0.32603,0.60849,0.40574,0.38401,0.24928,0.41145,0.30157,0.044187,0.19308,0.048393,0.13009,0.1025,0.027751,0,0,0,0,0,0,0,0,0,0,0,0.26059,0,0.27952,0.13311,0,0,0,0.04958,0
0,0,0.22784,0,0.59226,0.54591,0,0,0.42431,0.4183,0.18329,0.11345,0.10689,0.16113,0.5006,0.4648,0.42404,0.26914,0.16673,0.027667,0.52617,0.2325,0.42673,0.22805,0.88474,1,0.59651,0.61815,0.40388,0.47496,0.61079,0.51471,0.1503,0.1232,0.27041,0.075827,0.032369,0.25475,0.19545,0.22122,0.30398,0.28254,0.1699,0.11708,0.19044,0.10397,0.097546,0.080469,0.0032745,0,0.11156,0.095406,0.025009,0.13137,0.15312,0,0.027837,0,0,0,0.093822,0.13229,0.13884,0.21956,0.40835,0.32963,0.028437,0.013907,0,0,0,0,0,0,0.070172,0,0,0,0.51851,0.50642,0.57645,0.56392,0.47751,0.35328,0.54749,0.42957,0.41148,0.29782,0.32643,0.30065,0,0.14426,0.0018358,0.051628,0.12564,0.068614,0,0,0,0,0,0,0,0,0,0,0,0.32351,0,0.31981,0.06384,0,0,0,0.05866,0
0,0,0.27849,0.13993,0.44936,0.38875,0.13383,0.059883,0.28769,0.13111,0.22743,0,0.18556,0.0051545,0.51862,0.40109,0.30871,0.0697,0.24004,0.187,0.5739,0.45395,0.11037,0.063791,0.61908,0.59651,1,0.76383,0.41778,0.46439,0.39594,0.25025,0,0,0.077512,0,0.13999,0.31436,0.42862,0.42469,0.51622,0.32435,0.20393,0.25707,0.25353,0.14597,0.33583,0.28131,0.0054902,0,0.1118,0.096298,0.15839,0.21893,0.40861,0.1374,0,0,0.0080678,0,0.097205,0.032636,0.11015,0.11845,0.27301,0.27838,0.14145,0.07602,0.17397,0.16816,0,0,0.066478,0.13152,0.1308,0.09989,0.029998,0.026297,0.4343,0.33483,0.55211,0.49745,0.62193,0.40864,0.59047,0.55154,0.51466,0.4596,0.56086,0.55337,0.16293,0.41975,0.17698,0.2264,0.37499,0.25764,0,0,0.11965,0.097614,0.11443,0.022883,0.086521,0.1352,0.049038,0,0,0.23864,0.038286,0.49018,0,0,0,0.12558,0.22586,0
0.066623,0,0.27057,0.15302,0.51283,0.48724,0.17129,0.076558,0.40985,0.37433,0.29182,0.12786,0.25416,0.18409,0.60584,0.50321,0.21415,0.10403,0.42976,0.28299,0.60886,0.52345,0.18764,0.2061,0.57446,0.61815,0.76383,1,0.29549,0.32565,0.42929,0.35731,0.01663,0.037595,0.23659,0.10312,0.17857,0.20434,0.30939,0.32038,0.34685,0.19768,0.13825,0.13303,0.14302,0.045145,0.24047,0.14904,0,0,0.09665,0.019724,0.030814,0.10237,0.31406,0.1621,0.12539,0,0.22532,0.19213,0.264,0.1456,0.15382,0.14263,0.36294,0.34342,0.29567,0.21019,0.22861,0.27857,0.023856,0,0.25677,0.22521,0.31454,0.28248,0.15404,0.1423,0.2991,0.18389,0.39697,0.37625,0.51825,0.31487,0.51187,0.43241,0.40157,0.34062,0.47306,0.55428,0.2068,0.41767,0.20198,0.3439,0.25584,0.18075,0.039603,0.024265,0.13789,0.148,0.14436,0.16525,0.1261,0.21099,0.068787,0,0.018951,0.25579,0,0.29528,0.10624,0,0.027152,0.22187,0.10366,0
0,0,0,0,0.054358,0.013501,0,0,0,0.027197,0.18869,0.044302,0.20568,0.15626,0.5562,0.5908,0.82176,0.53247,0.0011041,0,0.42273,0.14368,0,0,0.42485,0.40388,0.41778,0.29549,1,0.9245,0.56419,0.26037,0,0,0,0,0.043832,0.43218,0.21903,0.31012,0.45203,0.4979,0.42006,0.38003,0.51494,0.43937,0.26682,0.31379,0.26342,0.15307,0.21388,0.15355,0.14532,0.12996,0.21625,0.099345,0,0,0,0,0,0,0.092932,0.28439,0.2206,0.13855,0,0.040953,0,0,0,0,0,0.12905,0,0,0,0,0.87054,0.78584,0.86292,0.82783,0.63602,0.68676,0.58157,0.49583,0.51998,0.43937,0.15675,0.25484,0,0.046148,0,0,0.11937,0.11181,0,0,0,0,0,0,0.0031539,0.053921,0,0,0,0.31135,0,0.40291,0.19066,0,0,0,0.13636,0
0,0,0,0,0.097942,0.019686,0,0,0,0.00057792,0.15795,0.098382,0.092824,0.14323,0.49024,0.62869,0.80359,0.57891,0,0,0.42722,0.14095,0,0,0.45953,0.47496,0.46439,0.32565,0.9245,1,0.57966,0.28036,0,0,0.014672,0,0.12071,0.53397,0.27983,0.37847,0.51597,0.58927,0.43089,0.4185,0.51262,0.43944,0.29807,0.34393,0.25979,0.1506,0.25642,0.18243,0.1856,0.15619,0.28751,0.12535,0,0,0,0,0,0.016889,0.16436,0.34569,0.22358,0.15633,0,0.067009,0,0,0,0,0,0.21293,0,0,0,0,0.86436,0.79917,0.90035,0.89703,0.66334,0.74568,0.65144,0.60104,0.59758,0.51383,0.25874,0.32674,0,0.0066205,0,0,0.1898,0.1881,0,0,0,0,0,0,0.019654,0.029764,0,0,0,0.39468,0,0.45618,0.16427,0,0,0,0.1574,0
0,0,0.026939,0,0.20123,0.016038,0,0,0.079628,0.11316,0.39635,0.2887,0.232,0.31289,0.5661,0.61413,0.67899,0.54296,0.20045,0.03635,0.3605,0.095773,0.53913,0.16334,0.59178,0.61079,0.39594,0.42929,0.56419,0.57966,1,0.83725,0.50662,0.4389,0.42122,0.22249,0,0.034042,0,0.00032617,0.21936,0.21336,0.27737,0.083018,0.29117,0.25394,0,0,0.12167,0.02382,0.13179,0.051791,0,0,0,0,0.23632,0.10638,0.037026,0.10147,0.25015,0.39806,0.34141,0.5481,0.58203,0.44399,0.085332,0.043435,0,0,0,0,0.0069471,0.11608,0.082965,0,0,0,0.61054,0.65088,0.67058,0.61752,0.42743,0.3331,0.50598,0.3405,0.38667,0.17969,0.23403,0.2334,0.020531,0.009589,0,0,0,0,0,0,0,0,0,0,0,0,0,0,0,0.42045,0,0.15289,0.39795,0,0,0,0,0
0.19379,0.20219,0.20343,0.17749,0.29392,0.16878,0.084383,0.16427,0.19542,0.22957,0.41554,0.45097,0.30462,0.43558,0.47156,0.46558,0.42437,0.44553,0.31467,0.25275,0.25067,0.12655,0.62731,0.42079,0.43766,0.51471,0.25025,0.35731,0.26037,0.28036,0.83725,1,0.67327,0.65921,0.44082,0.34308,0,0,0,0,0,0,0.11536,0,0.017904,0.033496,0,0,0,0,0,0,0,0,0,0,0.41685,0.31106,0.15379,0.19898,0.39061,0.58321,0.31327,0.51811,0.66841,0.62181,0.13001,0.037823,0,0,0,0.030207,0.13504,0.18266,0.25681,0.19515,0,0,0.31042,0.36804,0.39031,0.29256,0.13395,0.027197,0.25599,0.047061,0.075793,0,0.053055,0.059991,0.056303,0,0.015399,0,0,0,0,0,0,0,0,0,0,0,0,0,0,0.2416,0,0,0.42065,0,0,0,0,0.11375
0.31109,0.46158,0.14451,0.17916,0.080726,0,0.11485,0.20233,0,0.16246,0.47694,0.60893,0.2218,0.5157,0.17184,0.3175,0.20538,0.35286,0.20072,0.22395,0,0,0.56962,0.38344,0.14092,0.1503,0,0.01663,0,0,0.50662,0.67327,1,0.94036,0.63199,0.62028,0,0,0,0,0,0,0.11891,0,0.030184,0.092028,0,0,0.14372,0.094462,0.14609,0.023226,0,0,0,0,0.55729,0.58356,0.34794,0.39563,0.54423,0.67676,0.47608,0.62243,0.5821,0.50442,0.2977,0.20344,0,0,0,0.10129,0.22853,0.21663,0.34932,0.28598,0,0,0,0.067112,0.031411,0,0,0,0.075524,0,0,0,0.030889,0,0.13955,0,0,0,0,0,0,0,0,0,0,0,0,0,0,0,0,0.073137,0,0,0.61536,0.14666,0.13924,0,0,0.29751
0.42621,0.55251,0.20203,0.30685,0.035542,0,0.16695,0.32254,0,0.050673,0.40013,0.61207,0.13571,0.46178,0.095438,0.24809,0.12104,0.23736,0.26294,0.35506,0,0,0.53794,0.44603,0.09422,0.1232,0,0.037595,0,0,0.4389,0.65921,0.94036,1,0.62389,0.629,0,0,0,0,0,0,0.078706,0,0,0.055888,0,0,0.10261,0.07617,0.095951,0.020841,0,0,0,0,0.59928,0.6111,0.30912,0.37669,0.46104,0.62535,0.4149,0.53369,0.49131,0.47386,0.33321,0.23426,0.021048,0,0,0.0049504,0.24872,0.20746,0.34783,0.31468,0,0,0,0,0,0,0,0,0.043362,0,0,0,0.003334,0,0.1458,0,0.002915,0,0,0,0,0,0,0,0,0,0,0,0,0,0.070708,0.0033701,0,0,0.56227,0.17709,0.21468,0,0,0.28633
0.24235,0.31956,0.31132,0.21601,0,0,0.1454,0.065952,0.017748,0.19354,0.32935,0.42061,0.11666,0.36805,0.30888,0.35639,0.15258,0.17031,0.27077,0.22902,0.14291,0.12754,0.55615,0.49728,0.37147,0.27041,0.077512,0.23659,0,0.014672,0.42122,0.44082,0.63199,0.62389,1,0.83339,0.099129,0,0,0,0,0,0.22976,0.067486,0.20623,0.20451,0.098484,0,0.17763,0.16084,0.25327,0.17139,0.02263,0,0.085099,0.044208,0.36263,0.42533,0.28324,0.39143,0.41114,0.37619,0.54277,0.44179,0.48809,0.32515,0.57008,0.49459,0.038153,0.047193,0.033716,0.15781,0.23362,0.23375,0.31032,0.28689,0.14254,0.14526,0,0,0.1058,0.10425,0.0029925,0,0.36497,0.18608,0,0,0.27676,0.20434,0.11428,0.054589,0.090779,0.088573,0,0,0,0.039581,0.079614,0.03776,0.026084,0.099498,0.0024309,0,0,0,0.067401,0.12272,0,0,0.44914,0.072568,0.068842,0.044917,0,0.098079
0.33711,0.45785,0.26896,0.30923,0,0,0.19268,0.20592,0.0062833,0.15549,0.36657,0.52356,0.1378,0.44629,0.18465,0.25137,0.018666,0.16181,0.25706,0.28291,0,0.11694,0.45393,0.48115,0.17375,0.075827,0,0.10312,0,0,0.22249,0.34308,0.62028,0.629,0.83339,1,0.03415,0,0,0,0,0,0.19996,0.026834,0.090331,0.15905,0.042083,0,0.23846,0.22567,0.29075,0.20277,0.054894,0,0,0.023364,0.42342,0.50907,0.38852,0.47075,0.43586,0.42361,0.54996,0.42391,0.35595,0.32697,0.56508,0.48897,0.080119,0.019044,0.10293,0.2019,0.31651,0.32232,0.41044,0.41956,0.20337,0.24803,0,0,0,0,0,0,0.13326,0,0,0,0.15987,0.051119,0.14197,0.011953,0.11764,0.095268,0,0,0,0.11893,0.12612,0.10284,0.071529,0.14421,0.028053,0.0010458,0.10774,0,0.14296,0.018995,0,0,0.5727,0.28079,0.20476,0.12167,0,0.26648
0.077207,0.011919,0.16188,0.11736,0,0.11908,0.048797,0,0.016522,0.046189,0,0,0,0,0.010208,0.02229,0,0,0.1759,0.13748,0.36453,0.3616,0,0,0.029625,0.032369,0.13999,0.17857,0.043832,0.12071,0,0,0,0,0.099129,0.03415,1,0.70222,0.69754,0.69129,0.5509,0.55034,0.13099,0.30268,0.18824,0.080995,0.48141,0.42971,0.055075,0.035219,0.16195,0.13502,0.14976,0.19801,0.55066,0.41129,0,0,0.030531,0.07297,0,0,0.067572,0,0,0,0.29291,0.32782,0.29311,0.41665,0.39092,0.12276,0.27425,0.29061,0.049539,0.017115,0.66558,0.61096,0,0,0.019108,0.067306,0.23123,0.27112,0.30218,0.3451,0.3297,0.51079,0.35642,0.41028,0.12102,0.28364,0.27446,0.38536,0.45169,0.4713,0.45544,0.2617,0.47578,0.39555,0.43395,0.35116,0.41975,0.49693,0.24324,0.35396,0.20219,0.33581,0.21799,0.29939,0,0,0.02056,0.43095,0.40102,0
0,0,0,0,0,0.12591,0,0,0,0.025304,0,0,0,0,0.18657,0.24779,0.28465,0.076495,0,0,0.39873,0.22718,0,0,0.25057,0.25475,0.31436,0.20434,0.43218,0.53397,0.034042,0,0,0,0,0,0.70222,1,0.60946,0.71195,0.60513,0.67322,0.35572,0.50685,0.4171,0.3176,0.52874,0.54703,0.23855,0.18026,0.28845,0.28032,0.32438,0.32948,0.57259,0.41139,0,0,0,0,0,0,0.019011,0,0,0,0.075857,0.16978,0.025827,0.084971,0.16648,0,0.082227,0.16651,0,0,0.31437,0.25973,0.33901,0.28833,0.4324,0.50079,0.50029,0.58065,0.53453,0.59217,0.58539,0.64061,0.42679,0.43607,0.093464,0.22349,0.042467,0.1101,0.42419,0.39742,0.14081,0.0053109,0.31719,0.3096,0.17128,0.016064,0.18228,0.21156,0.026555,0.11036,0,0.36447,0.1811,0.48942,0,0,0,0.11675,0.36799,0
0,0,0.030304,0,0,0.13519,0,0,0,0,0,0,0,0,0.036314,0.046496,0.028404,0,0.065393,0.0053102,0.47684,0.37435,0,0,0.17034,0.19545,0.42862,0.30939,0.21903,0.27983,0,0,0,0,0,0,0.69754,0.60946,1,0.9559,0.87456,0.60503,0.145,0.39133,0.31775,0.13758,0.54483,0.52267,0,0,0.077574,0.13017,0.1829,0.28078,0.66059,0.42449,0,0,0,0,0,0,0,0,0,0,0.082332,0.16258,0.20122,0.3815,0.1517,0,0.034827,0.071305,0,0,0.35539,0.26744,0.20016,0.022195,0.27967,0.31975,0.63137,0.58501,0.49754,0.57978,0.74325,0.88364,0.4561,0.55772,0.0079276,0.36274,0.15934,0.28498,0.78501,0.74611,0.3453,0.040644,0.27865,0.23408,0.24079,0.13141,0.25964,0.38256,0.0225,0.24131,0.057369,0.42931,0.32214,0.74077,0,0,0,0.28334,0.50866,0
0,0,0,0,0,0.10036,0,0,0,0,0,0,0,0,0.059656,0.12602,0.067607,0,0.067936,0,0.47788,0.34985,0,0,0.19915,0.22122,0.42469,0.32038,0.31012,0.37847,0.00032617,0,0,0,0,0,0.69129,0.71195,0.9559,1,0.84865,0.66528,0.17907,0.41864,0.34355,0.17987,0.53872,0.54929,0,0,0.083243,0.1437,0.20237,0.27642,0.66548,0.4612,0,0,0,0,0,0,0,0,0,0,0.08395,0.19971,0.1981,0.39196,0.13096,0,0.027835,0.097817,0,0,0.33349,0.23974,0.26588,0.084846,0.34771,0.41345,0.65707,0.65675,0.56002,0.62468,0.75826,0.89531,0.45136,0.5943,0.021283,0.33525,0.15466,0.26022,0.79172,0.73253,0.36835,0.082465,0.30275,0.2597,0.26407,0.13557,0.3032,0.38773,0.052415,0.275,0,0.39516,0.37349,0.75104,0,0,0,0.3005,0.53424,0
0,0,0,0,0,0.12311,0,0,0,0,0,0,0,0,0.18018,0.25358,0.30428,0,0.031322,0,0.56777,0.33265,0,0,0.28466,0.30398,0.51622,0.34685,0.45203,0.51597,0.21936,0,0,0,0,0,0.5509,0.60513,0.87456,0.84865,1,0.67905,0.32492,0.47606,0.48194,0.30081,0.55601,0.54827,0.11342,0.046644,0.21157,0.19083,0.24531,0.27838,0.633,0.37414,0,0,0,0,0,0,0,0,0,0,0.069597,0.13617,0.024467,0.18552,0.031971,0,8.0905e-06,0.07384,0,0,0.11637,0.034671,0.45693,0.30857,0.50968,0.54239,0.70557,0.68565,0.61196,0.69948,0.81845,0.87532,0.50116,0.60399,0.044205,0.31023,0.12246,0.17062,0.64002,0.59033,0.078398,0,0.17638,0.13213,0.12821,0.040222,0.14001,0.26383,0,0.060984,0,0.50298,0.23244,0.76968,0,0,0,0.10514,0.43134,0
0,0,0,0,0,0.05752,0,0,0,0.035542,0,0,0,0,0.23019,0.31818,0.34191,0.14775,0.069799,0,0.51057,0.2212,0,0,0.2774,0.28254,0.32435,0.19768,0.4979,0.58927,0.21336,0,0,0,0,0,0.55034,0.67322,0.60503,0.66528,0.67905,1,0.35817,0.42494,0.41319,0.30455,0.43034,0.4456,0.17965,0.072203,0.23613,0.15869,0.22997,0.27097,0.47888,0.30658,0,0,0,0,0,0,0,0.073007,0.014399,0,0.036732,0.14431,0.022251,0.12714,0,0,0.068299,0.22895,0,0,0.072747,0,0.46708,0.38217,0.51968,0.61317,0.55956,0.66669,0.5892,0.62776,0.62957,0.68438,0.35645,0.45865,0.13705,0.18782,0.21082,0.18377,0.41257,0.39308,0.067122,0,0.25799,0.15775,0.27866,0.099277,0.2605,0.25633,0.060656,0.1334,0,0.44622,0.12616,0.53693,0,0,0,0.17106,0.44893,0
0,0,0,0,0,0,0,0,0,0.10923,0.31432,0.17765,0.30409,0.39029,0.31569,0.40661,0.44206,0.263,0,0,0.27583,0.094271,0.031879,0,0.24453,0.1699,0.20393,0.13825,0.42006,0.43089,0.27737,0.11536,0.11891,0.078706,0.22976,0.19996,0.13099,0.35572,0.145,0.17907,0.32492,0.35817,1,0.89907,0.87057,0.89036,0.75779,0.76427,0.87115,0.79941,0.83915,0.74276,0.723,0.52605,0.64589,0.60037,0,0,0.29035,0.27086,0.18514,0.026414,0.13337,0.18568,0.1842,0.16636,0.43619,0.46671,0,0,0,0,0.16211,0.18527,0.15449,0.083656,0,0,0.35637,0.35345,0.35378,0.41116,0.29018,0.28651,0.50489,0.50711,0.30702,0.22803,0.41626,0.39213,0.28263,0.2232,0.085934,0.018623,0,0,0,0,0.36475,0.4247,0.062852,0,0.074017,0.028121,0,0,0,0.29356,0,0.17957,0.43629,0,0.1561,0.032688,0,0
0,0,0,0,0,0,0,0,0,0,0.14859,0,0.13823,0.14704,0.20023,0.26604,0.33964,0.097129,0,0,0.27167,0.13717,0,0,0.17748,0.11708,0.25707,0.13303,0.38003,0.4185,0.083018,0,0,0,0.067486,0.026834,0.30268,0.50685,0.39133,0.41864,0.47606,0.42494,0.89907,1,0.82352,0.81585,0.86742,0.89639,0.79302,0.76572,0.79852,0.76436,0.76865,0.61535,0.77399,0.70308,0,0,0.17182,0.13401,0.0091221,0,0.014098,0,0,0,0.34052,0.42047,0,0.11417,0.029881,0,0.10066,0.13542,0.050253,0,0.074536,0.052041,0.31313,0.26075,0.30726,0.37568,0.39408,0.41119,0.50284,0.57154,0.44152,0.44139,0.43281,0.44267,0.15356,0.2149,0,0,0.21815,0.19755,0.063488,0.053489,0.45079,0.50306,0.098206,0,0.13435,0.11415,0,0,0,0.30042,0.10104,0.3499,0.17474,0,0.069852,0.092575,0.087522,0
0,0,0,0,0,0,0,0,0,0.027025,0.21572,0.077205,0.20092,0.23612,0.29929,0.40571,0.49202,0.22704,0,0,0.31082,0.068113,0,0,0.26321,0.19044,0.25353,0.14302,0.51494,0.51262,0.29117,0.017904,0.030184,0,0.20623,0.090331,0.18824,0.4171,0.31775,0.34355,0.48194,0.41319,0.87057,0.82352,1,0.94959,0.76796,0.76222,0.82601,0.74706,0.74624,0.6895,0.61371,0.47013,0.68809,0.60462,0,0,0.207,0.21535,0.078678,0,0.12208,0.17665,0.11744,0.093268,0.44019,0.52697,0,0.013338,0,0,0.018644,0.085755,0,0,0,0,0.48966,0.41301,0.4519,0.54234,0.44021,0.41259,0.59394,0.66406,0.45965,0.39231,0.46056,0.45988,0.14734,0.18839,0,0,0.13933,0.097857,0,0,0.21237,0.28998,0,0,0,0,0,0,0,0.32091,0,0.36736,0.31303,0,0.00035252,0,0,0
0,0,0,0,0,0,0,0,0,0,0.21006,0.12016,0.19917,0.29675,0.23984,0.37275,0.44488,0.2302,0,0,0.15076,0,0,0,0.16868,0.10397,0.14597,0.045145,0.43937,0.43944,0.25394,0.033496,0.092028,0.055888,0.20451,0.15905,0.080995,0.3176,0.13758,0.17987,0.30081,0.30455,0.89036,0.81585,0.94959,1,0.70384,0.73965,0.89606,0.84206,0.80726,0.7589,0.67358,0.50222,0.61389,0.6093,0,0,0.25306,0.26889,0.09434,0,0.10887,0.16157,0.093558,0.098032,0.41825,0.52197,0,0,0,0,0.0092262,0.08812,0,0,0,0,0.39312,0.3754,0.34756,0.45531,0.28392,0.30309,0.47669,0.54661,0.30268,0.23976,0.36995,0.36377,0.15896,0.10241,0,0,0.0045534,0,0,0,0.22185,0.30724,0,0,0,0,0,0,0,0.21982,0,0.20894,0.40728,0,0.077532,0,0,0
0,0,0.011172,0,0,0,0.028783,0,0,0,0.15222,0.016304,0.10112,0.083639,0.15773,0.21271,0.21047,0,0.062156,0,0.33715,0.2527,0,0,0.17076,0.097546,0.33583,0.24047,0.26682,0.29807,0,0,0,0,0.098484,0.042083,0.48141,0.52874,0.54483,0.53872,0.55601,0.43034,0.75779,0.86742,0.76796,0.70384,1,0.92585,0.70155,0.69072,0.73933,0.71647,0.71426,0.60061,0.91795,0.78251,0,0,0.25491,0.26913,0.066197,0,0.098742,0,0,0,0.50468,0.55891,0.10927,0.28773,0.090951,0,0.23479,0.22876,0.16612,0.0093966,0.29267,0.28057,0.17499,0.049304,0.22583,0.27852,0.39927,0.31658,0.52317,0.63112,0.43916,0.46449,0.5729,0.60859,0.26468,0.42391,0.16061,0.18292,0.40221,0.37806,0.2946,0.20832,0.57055,0.61888,0.2255,0.15086,0.23519,0.2721,0.07384,0.062147,0,0.35695,0.19897,0.41872,0.11679,0,0.16392,0.27042,0.16766,0
0,0,0,0,0,0,0,0,0,0,0.027855,0,0.018881,0.040868,0.084071,0.18063,0.22321,0.0033358,0,0,0.29141,0.2092,0,0,0.13719,0.080469,0.28131,0.14904,0.31379,0.34393,0,0,0,0,0,0,0.42971,0.54703,0.52267,0.54929,0.54827,0.4456,0.76427,0.89639,0.76222,0.73965,0.92585,1,0.71643,0.73506,0.73482,0.76991,0.7932,0.72666,0.88929,0.85252,0,0,0.17911,0.20868,0,0,0,0,0,0,0.38887,0.49749,0.083235,0.26589,0.11327,0,0.11267,0.1685,0.021383,0,0.2084,0.19089,0.21524,0.10684,0.22605,0.3184,0.37885,0.38149,0.45284,0.58467,0.44121,0.49726,0.49318,0.59395,0.21875,0.35278,0.10468,0.096983,0.38919,0.36661,0.26856,0.21603,0.56886,0.64741,0.20982,0.065526,0.26308,0.23512,0.097223,0.12186,0,0.31241,0.23935,0.42417,0.070021,0,0.14933,0.22828,0.19749,0
0,0,0,0,0,0,0,0,0,0.053762,0.35303,0.21237,0.30609,0.39814,0.15088,0.22258,0.34438,0.22573,0,0,0.026271,0,0,0,0.076789,0.0032745,0.0054902,0,0.26342,0.25979,0.12167,0,0.14372,0.10261,0.17763,0.23846,0.055075,0.23855,0,0,0.11342,0.17965,0.87115,0.79302,0.82601,0.89606,0.70155,0.71643,1,0.95837,0.92182,0.86356,0.79214,0.59716,0.57831,0.64225,0,0,0.43703,0.41538,0.26323,0.046753,0.14403,0.13419,0.088066,0.11206,0.44024,0.48775,0,0,0,0,0.10658,0.12059,0.10293,0.048184,0,0,0.20151,0.22491,0.14398,0.21215,0.086407,0.074847,0.2738,0.3742,0.12727,0.04782,0.35044,0.27949,0.24631,0.12806,0,0,0,0,0,0.029108,0.33549,0.42411,0,0,0,0,0,0,0,0.22883,0,0.035984,0.46153,0,0.20663,0,0,0
0,0,0,0,0,0,0,0,0,0,0.30214,0.19113,0.21146,0.33403,0.037308,0.11374,0.25426,0.11852,0,0,0,0,0,0,0.025118,0,0,0,0.15307,0.1506,0.02382,0,0.094462,0.07617,0.16084,0.22567,0.035219,0.18026,0,0,0.046644,0.072203,0.79941,0.76572,0.74706,0.84206,0.69072,0.73506,0.95837,1,0.90673,0.91794,0.83168,0.67827,0.58378,0.70078,0,0,0.3935,0.4292,0.20199,0,0.11964,0.051085,0,0.015964,0.42078,0.49396,0,0,0.01547,0,0.079408,0.10804,0.076159,0.035644,0,0,0.086283,0.10059,0.02997,0.10193,0.013227,0,0.19709,0.30572,0.052994,0,0.31521,0.29087,0.20091,0.099458,0,0,0,0,0,0.10624,0.36177,0.46581,0,0,0,0,0,0,0,0.15216,0,0.0030367,0.40559,0.013882,0.22153,0,0,0.011629
0,0,0,0,0,0,0,0,0,0.10123,0.40279,0.25932,0.31349,0.41932,0.14651,0.21393,0.31209,0.17816,0,0,0.12973,0.031725,0,0,0.17234,0.11156,0.1118,0.09665,0.21388,0.25642,0.13179,0,0.14609,0.095951,0.25327,0.29075,0.16195,0.28845,0.077574,0.083243,0.21157,0.23613,0.83915,0.79852,0.74624,0.80726,0.73933,0.73482,0.92182,0.90673,1,0.91766,0.8608,0.68585,0.65003,0.66486,0,0,0.4059,0.39519,0.30565,0.05743,0.17657,0.13284,0.13447,0.14643,0.45212,0.49687,0,0,0,0,0.17492,0.19517,0.19826,0.12342,0,0,0.16935,0.18065,0.15076,0.21078,0.1256,0.083023,0.35272,0.44816,0.18446,0.11766,0.46546,0.39474,0.31715,0.23001,0.025699,0,0,0,0,0.079275,0.43984,0.47795,0.062473,0,0.005851,0,0,0,0,0.29954,0,0.10717,0.42118,0.0022286,0.24581,0.052619,0,0
0,0,0,0,0,0,0,0,0,0,0.2718,0.18638,0.11126,0.26589,0.01013,0.086998,0.24601,0.074315,0,0,0.027627,0.025136,0,0,0.15782,0.095406,0.096298,0.019724,0.15355,0.18243,0.051791,0,0.023226,0.020841,0.17139,0.20277,0.13502,0.28032,0.13017,0.1437,0.19083,0.15869,0.74276,0.76436,0.6895,0.7589,0.71647,0.76991,0.86356,0.91794,0.91766,1,0.88786,0.79154,0.67144,0.73888,0,0,0.28271,0.36875,0.11766,0,0.15143,0.023795,0,0,0.39918,0.47848,0,0.033599,0.036113,0,0.084366,0.10673,0.10011,0,0.01766,0.021767,0.1002,0.09222,0.077594,0.13271,0.10761,0.033827,0.30021,0.40879,0.1623,0.11736,0.46256,0.41488,0.24273,0.2173,0,0,0.017857,0.051251,0,0.090951,0.43618,0.5046,0.021016,0,0.013295,0,0,0,0,0.1942,0.0043206,0.13536,0.26927,0,0.22736,0.055549,0,0
0,0,0,0,0,0,0,0,0,0,0.16208,0.049078,0.077473,0.14405,0,0.076812,0.18825,0,0,0,0.090997,0.04163,0,0,0.074473,0.025009,0.15839,0.030814,0.14532,0.1856,0,0,0,0,0.02263,0.054894,0.14976,0.32438,0.1829,0.20237,0.24531,0.22997,0.723,0.76865,0.61371,0.67358,0.71426,0.7932,0.79214,0.83168,0.8608,0.88786,1,0.82063,0.70771,0.74202,0,0,0.22623,0.26202,0.020019,0,0.0085379,0,0,0,0.30765,0.37395,0.051064,0.074483,0,0,0.092431,0.089335,0.074016,0.02469,0.038147,0.035753,0.059828,0.08927,0.087828,0.13826,0.14096,0.10848,0.27523,0.39046,0.20511,0.20124,0.45498,0.41277,0.34383,0.31146,0.07102,0.0021032,0.095468,0.1244,0.075283,0.15679,0.5593,0.60412,0.10686,0,0.085459,0.029733,0.058427,0,0,0.25359,0.083645,0.17902,0.16028,0.038133,0.27244,0.14858,0.050414,0
0,0,0.013672,0,0,0.021475,0,0,0,0,0.03874,0.0015589,0.011237,0.058566,0,0,0.14331,0,0.0042086,0,0.12924,0.16289,0,0,0.13456,0.13137,0.21893,0.10237,0.12996,0.15619,0,0,0,0,0,0,0.19801,0.32948,0.28078,0.27642,0.27838,0.27097,0.52605,0.61535,0.47013,0.50222,0.60061,0.72666,0.59716,0.67827,0.68585,0.79154,0.82063,1,0.65624,0.7366,0,0,0.16484,0.1538,0,0,0,0,0,0,0.1918,0.27519,0.12016,0.15665,0.0056048,0,0.083907,0.10356,0.051062,0.064454,0.083412,0.040354,0.039161,0.039736,0.049117,0.10762,0.17852,0.14046,0.213,0.33785,0.23597,0.28861,0.36895,0.4556,0.20931,0.33142,0.088254,0.065968,0.21312,0.24023,0.10349,0.1425,0.49117,0.53286,0.12694,0,0.14861,0.14143,0.11567,0.11183,0,0.2858,0.15219,0.25524,0.033712,0,0.21039,0.21584,0.1988,0
0,0,0.069439,0,0,0.010091,0,0,0,0,0.022225,0,0,0,0.13634,0.21175,0.12777,0,0.16994,0.044986,0.37628,0.29052,0,0,0.20014,0.15312,0.40861,0.31406,0.21625,0.28751,0,0,0,0,0.085099,0,0.55066,0.57259,0.66059,0.66548,0.633,0.47888,0.64589,0.77399,0.68809,0.61389,0.91795,0.88929,0.57831,0.58378,0.65003,0.67144,0.70771,0.65624,1,0.83998,0,0,0.18126,0.26568,0,0,0.059352,0,0,0,0.49332,0.5548,0.24117,0.39965,0.11216,0,0.20698,0.2445,0.12815,0.0083684,0.33726,0.30647,0.1319,0.015951,0.22554,0.28565,0.47661,0.36556,0.56371,0.65634,0.54037,0.58359,0.70138,0.72474,0.35184,0.50734,0.23699,0.24906,0.52258,0.48514,0.37228,0.2563,0.64966,0.63871,0.31266,0.18437,0.33681,0.3444,0.14766,0.15175,0.041495,0.43068,0.28991,0.4977,0,0,0.17963,0.36547,0.26405,0
