1,0.82793,0.38152,0.31562,0.14763,0.1046,0.55378,0.40473,0.053874,0,0.40507,0.49199,0.43326,0.56247,0.11856,0.27242,0.40153,0.46565,0.74361,0.82968,0.35229,0.26906,0.20253,0.1019,0.052899,0.086645,0.21946,0.24088,0.19231,0.15528,0.36884,0.37667,0.66516,0.70963,0.23741,0.30332,0.19287,0.027268,0,0.12327,0.23237,0.059271,0.3212,0.28258,0.51482,0.52506,0.48985,0.39286,0.54298,0.56668,0.4309,0.44011,0.40409,0.21609,0.42867,0.6057,0.84586,0.74322,0.76562,0.75651,0.74668,0.66813,0.68849,0.68948,0.34618,0.28703,0.72151,0.70297,0.65564,0.67955,0.42079,0.37769,0.54558,0.46203,0.47609,0.3811,0.55603,0.54655,0.15522,0.055118,0.42274,0.39272,0.14141,0.31622,0.54076,0.66853,0.30531,0.1949,0.37662,0.60819,0.40759,0.43262,0.26146,0.21879,0.050294,0.070061,0.21938,0.35554,0.54757,0.5688,0.29334,0.34441,0.33552,0.43783,0.25863,0.19159,0.043233,0.16144,0.16579,0.0080578,0.43283,0.33373,0.42459,0.3373,0.045662,0.081186
0.82793,1,0.3107,0.22614,0.018898,0,0.36485,0.25819,0,0,0.24642,0.41483,0.30284,0.48432,0.045079,0.189,0.41633,0.50477,0.65567,0.79693,0.2959,0.27966,0.17617,0.085436,0.019927,0.016659,0.1341,0.15826,0.13447,0.20178,0.33331,0.36748,0.57173,0.63646,0.12805,0.12002,0.1392,0.13338,0,0.11634,0.21391,0.13368,0.25651,0.277,0.53068,0.48681,0.49817,0.44086,0.48916,0.5213,0.40696,0.44835,0.39759,0.19774,0.50682,0.62216,0.88024,0.91878,0.69864,0.73573,0.70472,0.70303,0.67168,0.71836,0.16889,0.16486,0.65714,0.62763,0.68509,0.74439,0.39683,0.35779,0.49212,0.47504,0.45736,0.3824,0.50539,0.47833,0.2069,0.16511,0.4602,0.4902,0.047584,0.18002,0.55441,0.62355,0.16516,0.058799,0.47837,0.56889,0.36543,0.32703,0.22495,0.087584,0.033363,0.087992,0.26099,0.33854,0.55399,0.49376,0.32734,0.26871,0.41045,0.41589,0.21884,0.15032,0,0.18099,0.068867,0,0.33932,0.29107,0.41458,0.36311,0.03676,0.050835
0.38152,0.3107,1,0.76532,0.51565,0.25732,0.73182,0.66453,0.31159,0.14661,0.59965,0.1525,0.66116,0.28537,0.25519,0.10435,0.15631,0.25319,0.45614,0.5025,0.016946,0,0.63121,0.72206,0.40312,0.21701,0,0,0.17991,0.052873,0.35509,0.29263,0.3803,0.4678,0.51755,0.43256,0.40064,0.29223,0.033433,0.17191,0.13736,0,0.45051,0.41782,0.35673,0.40076,0.50521,0.41435,0.51501,0.45391,0.50728,0.4926,0.5929,0.44039,0.23085,0.39029,0.26281,0.23774,0.35042,0.38373,0.36388,0.29092,0.15267,0.21355,0.35901,0.31866,0.52474,0.49833,0.35758,0.3972,0.32225,0.19756,0.12285,0.26028,0.30926,0.32488,0.51896,0.60076,0.19021,0,0.17342,0.26416,0.023686,0.14967,0.44887,0.40977,0.15493,0.011175,0.44539,0.56176,0.13299,0.53718,0,0.36384,0,0,0.10636,0.0027623,0.18789,0.4624,0,0.19605,0,0.10812,0.13241,0.014315,0.038827,0,0.099202,0,0.4067,0.54267,0.41775,0.36677,0.3297,0
0.31562,0.22614,0.76532,1,0.65609,0.53278,0.73181,0.85655,0.59494,0.45342,0.44891,0.32725,0.57865,0.44488,0.44857,0.44728,0.1538,0.28392,0.45325,0.44973,0.16219,0.13468,0.70612,0.78982,0.62903,0.58309,0.2994,0.24742,0.030767,0.10014,0.48689,0.48078,0.37381,0.41532,0.47842,0.40719,0.26198,0.29062,0.10007,0.14599,0.14664,0,0.40643,0.37507,0.29154,0.29167,0.39911,0.36184,0.4757,0.46445,0.5569,0.49115,0.54223,0.49802,0.32372,0.40705,0.1418,0.1598,0.4089,0.46049,0.28641,0.37427,0.090422,0.13845,0.55094,0.58412,0.51703,0.51722,0.16431,0.18601,0.34615,0.25631,0.11287,0.28029,0.32115,0.40379,0.46965,0.4609,0,0.0073276,0.061192,0.24433,0.095557,0.19856,0.48036,0.48565,0.31521,0.10764,0.60802,0.54791,0.35742,0.58069,0.26318,0.47473,0,0,0.070602,0.079956,0.28928,0.43708,0.089796,0.34552,0.19463,0.28446,0.065057,0.071601,0.013049,0.19379,0.013106,0,0.26018,0.34519,0.35894,0.27311,0.081473,0.059969
0.14763,0.018898,0.51565,0.65609,1,0.81348,0.52912,0.64302,0.75733,0.74114,0.37931,0.18777,0.47425,0.35945,0.57669,0.59615,0.11857,0.17222,0.30343,0.2119,0.32015,0.32827,0.42029,0.45475,0.80161,0.7492,0.55257,0.50256,0.17103,0.18889,0.56712,0.54579,0.26151,0.2828,0.23957,0.23439,0.20381,0.21928,0.069945,0.022465,0.1024,0,0.38919,0.31561,0.19923,0.24375,0.26688,0.27549,0.41267,0.47748,0.411,0.3419,0.36351,0.37078,0.18406,0.27554,0.026746,0.011597,0.35456,0.40204,0.16538,0.30271,0.089965,0.066629,0.51334,0.59871,0.29794,0.36805,0.017164,0.047547,0.40708,0.38069,0.18751,0.34326,0.20892,0.33671,0.22394,0.21415,0.012193,0.040059,0.15042,0.18437,0.18697,0.17794,0.40309,0.29907,0.32916,0.13794,0.37801,0.33568,0.24194,0.39747,0.19976,0.39211,0,0,0.055532,0,0.1446,0.31861,0.097723,0.38356,0.20524,0.27925,0.14926,0.10408,0.078034,0.25489,0.12315,0,0.12247,0.21112,0.29993,0.22944,0.11066,0.078972
0.1046,0,0.25732,0.53278,0.81348,1,0.36166,0.53909,0.59562,0.85629,0.10843,0.11938,0.25009,0.3243,0.33292,0.55663,0.06551,0.089132,0.11862,0.034046,0.37578,0.41121,0.29459,0.31993,0.63617,0.71675,0.69325,0.68903,0.025565,0.078822,0.47823,0.4943,0.18109,0.18549,0.10395,0.14212,0.038118,0.0081745,0.056199,0,0.0056031,0.0092861,0.20308,0.14816,0.069232,0.094512,0.0711,0.11487,0.23627,0.34145,0.27876,0.18799,0.1934,0.32921,0.080462,0.17603,0,0,0.20008,0.24118,0.088146,0.24476,0.0601,0.018924,0.43276,0.5116,0.11583,0.19891,0,0,0.37896,0.39383,0.23069,0.27617,0.12043,0.19801,0.11258,0.04938,0,0.03872,0.019101,0.066657,0.10751,0.15591,0.23458,0.22351,0.31409,0.19954,0.27941,0.28962,0.24653,0.24393,0.30361,0.28936,0,0,0,0.023245,0.084521,0.12767,0.17619,0.29642,0.18034,0.21696,0.18217,0.15622,0.0078709,0.098573,0.13279,0,0.0044133,0.064693,0.13798,0.16751,0.099718,0.13746
0.55378,0.36485,0.73182,0.73181,0.52912,0.36166,1,0.83602,0.5122,0.29661,0.52323,0.38985,0.68525,0.61446,0.34815,0.37873,0.22,0.38402,0.59684,0.60193,0.22901,0.14876,0.48055,0.41479,0.30194,0.34485,0.17673,0.16304,0.16853,0.08697,0.4393,0.39563,0.50963,0.55912,0.37183,0.39108,0.32038,0.20139,0,0.044971,0.19222,0,0.5406,0.4408,0.42473,0.47498,0.58637,0.44946,0.65402,0.63675,0.57799,0.53408,0.55493,0.37746,0.37295,0.52819,0.33553,0.26157,0.63841,0.63831,0.59333,0.50701,0.37284,0.40997,0.59931,0.51472,0.65653,0.63874,0.35615,0.44053,0.30518,0.32111,0.22432,0.38931,0.3325,0.51735,0.54762,0.54347,0.090008,0,0.22393,0.28454,0.10221,0.23539,0.50711,0.55704,0.2615,0.11934,0.45372,0.62293,0.50911,0.6978,0.33337,0.54046,0,0,0.12549,0.18521,0.47496,0.60748,0.20268,0.51775,0.26907,0.43531,0.19386,0.19091,0.070689,0.21129,0.10044,0.015842,0.39594,0.43201,0.42062,0.32752,0.16515,0.11148
0.40473,0.25819,0.66453,0.85655,0.64302,0.53909,0.83602,1,0.55629,0.46425,0.54388,0.45774,0.67505,0.62798,0.44222,0.41321,0.29348,0.33064,0.4984,0.50024,0.22148,0.16676,0.47284,0.50514,0.44061,0.43597,0.26095,0.24312,0.15858,0.13052,0.47795,0.48971,0.46592,0.52234,0.38102,0.38737,0.27184,0.24762,0,0.030944,0.18375,0,0.49145,0.39342,0.40076,0.42196,0.4765,0.38205,0.56886,0.57406,0.54462,0.49027,0.55705,0.43141,0.32669,0.43484,0.20745,0.17177,0.53209,0.58332,0.47854,0.53324,0.2592,0.33985,0.64235,0.69498,0.54933,0.59194,0.16645,0.2728,0.37799,0.31344,0.20648,0.36148,0.35822,0.47634,0.46511,0.45637,0.057446,0.037673,0.18584,0.31507,0.083327,0.19331,0.54105,0.52456,0.26339,0.06339,0.59321,0.54938,0.47398,0.66466,0.35739,0.51859,0,0,0.071791,0.10012,0.37136,0.47982,0.16741,0.42956,0.24994,0.33714,0.1265,0.095489,0,0.20598,0.075782,0,0.28173,0.44156,0.43022,0.30225,0.11552,0.033417
0.053874,0,0.31159,0.59494,0.75733,0.59562,0.5122,0.55629,1,0.65253,0.15784,0.068145,0.26868,0.30548,0.56985,0.72902,0,0.13174,0.20744,0.076149,0.25305,0.22266,0.3878,0.28916,0.69895,0.8132,0.59132,0.52185,0,0.06788,0.41682,0.35011,0.087132,0.076214,0.12536,0.13752,0.027244,0.091293,0.0059788,0,0,0.077041,0.2319,0.16072,0.01556,0.05345,0.12104,0.087347,0.32209,0.37156,0.31121,0.21803,0.164,0.16499,0.12438,0.16815,0,0,0.34641,0.34757,0.093158,0.22168,0,0,0.48295,0.54203,0.18117,0.20824,0,0,0.14017,0.15653,0.046489,0.2729,0,0.29091,0.10215,0.02484,0,0,0,0,0.15286,0.11964,0.18298,0.11004,0.36301,0.19364,0.3033,0.17949,0.30311,0.32049,0.40277,0.4037,0.012621,0,0,0,0.19009,0.25835,0.3323,0.49872,0.32207,0.43414,0.17578,0.26525,0.093217,0.38145,0.040313,0,0.00020517,0,0.13973,0.1057,0,0.21145
0,0,0.14661,0.45342,0.74114,0.85629,0.29661,0.46425,0.65253,1,0.030152,0.044234,0.17204,0.29837,0.39756,0.66188,0.061682,0.079183,0.073054,0,0.25763,0.31956,0.28679,0.26986,0.58735,0.71697,0.65191,0.63251,0,0.065789,0.39916,0.45407,0.087,0.059369,0.10261,0.086443,0,0.069149,0.084316,0,0.041617,0.065512,0.18246,0.11761,0.026527,0.0027363,0.055129,0.11036,0.18378,0.28017,0.26451,0.1538,0.19627,0.28685,0.19669,0.19076,0,0,0.17808,0.21536,0,0.17512,0,0,0.45061,0.53201,0.073151,0.12777,0,0,0.27511,0.33217,0.17899,0.22231,0.11247,0.23855,0.10948,0,0,0.014846,0,0.037409,0.12428,0.093496,0.21386,0.17195,0.2678,0.12422,0.3394,0.23871,0.34699,0.25644,0.45643,0.33066,0,0,0,0.045423,0.16522,0.11877,0.33934,0.34631,0.33711,0.32261,0.17231,0.23257,0,0.26038,0.033691,0,0,0,0.17703,0.24462,0.033155,0.16573
0.40507,0.24642,0.59965,0.44891,0.37931,0.10843,0.52323,0.54388,0.15784,0.030152,1,0.5081,0.84093,0.41385,0.4349,0.086725,0.53311,0.32287,0.50868,0.50008,0,0,0.16947,0.31561,0.20695,0.0082471,0,0,0.47564,0.231,0.33492,0.32337,0.4245,0.50391,0.22645,0.23627,0.24519,0.17896,0,0,0.26324,0,0.43305,0.4357,0.45804,0.51696,0.46015,0.42975,0.42599,0.39462,0.34438,0.35439,0.44916,0.18515,0.12479,0.25861,0.19238,0.15181,0.31821,0.38014,0.40969,0.34214,0.25725,0.37221,0.40313,0.36692,0.42246,0.48071,0.20022,0.27903,0.26936,0.19474,0.24224,0.27882,0.49976,0.32166,0.36019,0.39936,0.3144,0.13733,0.38089,0.39329,0.045887,0.061463,0.50987,0.40049,0,0,0.2776,0.27226,0.09855,0.40809,0,0.22045,0,0,0.19488,0.0093259,0.18336,0.39724,0,0.16885,0.058746,0.04209,0,0,0,0.13439,0.13692,0.090099,0.28017,0.53194,0.3849,0.21883,0.10921,0
0.49199,0.41483,0.1525,0.32725,0.18777,0.11938,0.38985,0.45774,0.068145,0.044234,0.5081,1,0.559,0.80842,0.3937,0.30142,0.44862,0.50282,0.5334,0.56209,0.13972,0.16552,0.082146,0.10492,0.076283,0.056289,0.070855,0.10707,0.21979,0.38939,0.46125,0.49439,0.64704,0.62091,0.023021,0.071382,0.019741,0.1468,0,0,0.448,0.34926,0.53081,0.56107,0.60952,0.57904,0.55455,0.57125,0.53384,0.53715,0.50991,0.50253,0.47968,0.29378,0.47461,0.44543,0.30787,0.2523,0.53015,0.5567,0.47877,0.497,0.49199,0.53918,0.38553,0.38649,0.56497,0.6237,0.1819,0.22923,0.3012,0.2961,0.2952,0.3901,0.56126,0.4552,0.47897,0.37707,0,0.22184,0.36568,0.53001,0.19183,0.20736,0.64528,0.63956,0.17749,0,0.39006,0.2818,0.51587,0.39082,0.29994,0.16988,0,0,0.18402,0.37756,0.57342,0.48307,0.35316,0.21554,0.31853,0.24295,0,0,0,0.32304,0,0,0.097824,0.27269,0.37847,0.17591,0,0
0.43326,0.30284,0.66116,0.57865,0.47425,0.25009,0.68525,0.67505,0.26868,0.17204,0.84093,0.559,1,0.58972,0.5376,0.21178,0.52195,0.45574,0.55928,0.56597,0.036556,0.010056,0.29484,0.37658,0.29319,0.13738,0,0,0.44616,0.33778,0.49485,0.44383,0.44836,0.50375,0.15664,0.14501,0.28936,0.25544,0,0,0.33746,0,0.52444,0.54134,0.55612,0.55558,0.56734,0.55323,0.52336,0.46914,0.48044,0.43868,0.55827,0.29549,0.33387,0.37461,0.26079,0.20168,0.4037,0.47459,0.43413,0.37071,0.34778,0.37128,0.3742,0.31881,0.45448,0.5005,0.21345,0.2987,0.27454,0.29167,0.23174,0.26118,0.48086,0.38891,0.44086,0.4468,0.21589,0.27173,0.44788,0.54212,0.15934,0.18416,0.66959,0.52893,0.085312,0,0.4344,0.4058,0.26623,0.48519,0.0035366,0.30272,0,0,0.20593,0.099689,0.32699,0.48776,0.014451,0.29432,0.1776,0.18624,0,0,0.0071883,0.20808,0,0,0.24619,0.5343,0.41708,0.22868,0.068231,0
0.56247,0.48432,0.28537,0.44488,0.35945,0.3243,0.61446,0.62798,0.30548,0.29837,0.41385,0.80842,0.58972,1,0.43328,0.48904,0.40573,0.50827,0.55166,0.57232,0.27627,0.32843,0.19859,0.098295,0.14976,0.22803,0.28334,0.31246,0.21064,0.34455,0.52483,0.54323,0.6729,0.64969,0.049507,0.10479,0.1297,0.10543,0.0054879,0,0.36403,0.28707,0.54839,0.51928,0.56184,0.54421,0.59888,0.55692,0.65354,0.68374,0.60534,0.55752,0.56759,0.38776,0.5819,0.59452,0.36323,0.30046,0.65069,0.66315,0.585,0.58314,0.54503,0.59487,0.43669,0.40261,0.59599,0.6365,0.27232,0.33504,0.34463,0.41988,0.41548,0.49327,0.49821,0.5033,0.52784,0.42225,0,0.1543,0.38158,0.48471,0.22676,0.30722,0.65722,0.69835,0.27089,0.01286,0.48106,0.51228,0.64737,0.52748,0.45383,0.27154,0,0,0.18768,0.40517,0.69689,0.61936,0.4488,0.40167,0.4321,0.414,0.030408,0.061179,0,0.27534,0.034231,0,0.20584,0.30676,0.46942,0.36221,0,0.0032226
0.11856,0.045079,0.25519,0.44857,0.57669,0.33292,0.34815,0.44222,0.56985,0.39756,0.4349,0.3937,0.5376,0.43328,1,0.63553,0.29988,0.31687,0.25934,0.16497,0.066698,0.072948,0.24566,0.24987,0.5853,0.54039,0.34193,0.32179,0.42862,0.62227,0.5788,0.52795,0.11396,0.086769,0.053353,0.01197,0.17358,0.36518,0.27135,0.060207,0.28722,0.29996,0.40204,0.41444,0.28211,0.21313,0.32138,0.40449,0.2936,0.26484,0.36936,0.29042,0.35457,0.23446,0.40034,0.37042,0,0,0.25317,0.33298,0.023187,0.1449,0,0,0.30404,0.32359,0.20454,0.2894,0,0,0.1599,0.27652,0.10584,0.19385,0.24604,0.31502,0.19159,0.094607,0.013427,0.35153,0.44803,0.49728,0.58947,0.34198,0.54807,0.39973,0.2699,0,0.43134,0.2898,0.34633,0.35061,0.20089,0.30807,0.18009,0.077778,0.44018,0.27537,0.29125,0.44405,0.28483,0.35179,0.3744,0.27724,0,0.09027,0.31048,0.54563,0,0,0,0.073254,0.27505,0.17503,0,0.18533
0.27242,0.189,0.10435,0.44728,0.59615,0.55663,0.37873,0.41321,0.72902,0.66188,0.086725,0.30142,0.21178,0.48904,0.63553,1,0.050798,0.20623,0.37022,0.23368,0.43032,0.43926,0.39563,0.23409,0.64377,0.81593,0.78027,0.73556,0,0.26816,0.61097,0.61129,0.29473,0.23843,0.15438,0.1473,0,0.070623,0.19387,0.10151,0.12471,0.36672,0.26663,0.2284,0.12909,0.083814,0.21808,0.23873,0.30844,0.38909,0.37054,0.26646,0.2152,0.16917,0.42079,0.42644,0.15022,0.20607,0.51314,0.51883,0.19016,0.37426,0.14874,0.10123,0.54111,0.55723,0.34939,0.36785,0.078375,0.07372,0.27949,0.38409,0.23343,0.33594,0.17751,0.29444,0.22676,0.074413,0,0.071762,0.093983,0.18259,0.36811,0.39387,0.35184,0.35786,0.54632,0.32805,0.4536,0.34626,0.55668,0.33101,0.62148,0.36161,0,0,0.11709,0.32521,0.47107,0.35642,0.58868,0.47006,0.50631,0.4951,0.12106,0.26279,0.12815,0.52408,0,0,0,0,0.22671,0.1795,0,0.23519
0.40153,0.41633,0.15631,0.1538,0.11857,0.06551,0.22,0.29348,0,0.061682,0.53311,0.44862,0.52195,0.40573,0.29988,0.050798,1,0.62432,0.39288,0.40499,0.037799,0.080386,0,0,0.044159,0,0,0.028655,0.51578,0.4384,0.42238,0.39519,0.30874,0.34684,0,0,0.0041098,0.13771,0,0,0.31467,0.070916,0.25329,0.39053,0.60546,0.52083,0.36062,0.44767,0.29467,0.28115,0.29609,0.28794,0.35193,0.25227,0.23676,0.28073,0.42166,0.31396,0.19773,0.27259,0.25033,0.2456,0.41256,0.47809,0,0.050521,0.24053,0.36557,0.079762,0.20406,0.25797,0.36284,0.39663,0.32679,0.50976,0.37023,0.2452,0.18488,0.5133,0.56787,0.66735,0.68915,0.0074916,0,0.58458,0.44067,0,0,0.28829,0.25521,0.20377,0.21631,0.0063585,0.041487,0.031655,0.044644,0.15324,0.14477,0.23091,0.22051,0.15751,0.19093,0.30142,0.12996,0,0,0,0.24034,0,0.0055328,0.03432,0.30424,0.32995,0.18432,0,0
0.46565,0.50477,0.25319,0.28392,0.17222,0.089132,0.38402,0.33064,0.13174,0.079183,0.32287,0.50282,0.45574,0.50827,0.31687,0.20623,0.62432,1,0.46635,0.53869,0.14151,0.14083,0.080561,0.061645,0.15296,0.15802,0.093259,0.10541,0.33049,0.54691,0.49551,0.40525,0.42066,0.44322,0,0,0.063631,0.31889,0,0,0.3921,0.30394,0.38822,0.47444,0.64384,0.52987,0.44985,0.50389,0.41125,0.38339,0.45246,0.39665,0.41155,0.27456,0.3392,0.39377,0.46984,0.42161,0.37765,0.43297,0.31093,0.32864,0.44049,0.54648,0.096085,0.099199,0.39405,0.47884,0.27339,0.32079,0.31835,0.38312,0.41053,0.53103,0.53632,0.57532,0.45663,0.34634,0.26066,0.582,0.57068,0.69697,0.11566,0.048658,0.7012,0.5984,0,0,0.37052,0.33182,0.37943,0.307,0.19187,0.079412,0,0,0.15844,0.27832,0.4009,0.40874,0.32528,0.22836,0.39254,0.29834,0,0,0,0.33637,0,0,0.088292,0.17694,0.33982,0.19002,0,0
0.74361,0.65567,0.45614,0.45325,0.30343,0.11862,0.59684,0.4984,0.20744,0.073054,0.50868,0.5334,0.55928,0.55166,0.25934,0.37022,0.39288,0.46635,1,0.89091,0.28088,0.27636,0.39374,0.24162,0.21887,0.2264,0.20265,0.19201,0.14284,0.15964,0.50561,0.53351,0.72688,0.7341,0.25098,0.24876,0.10074,0.097648,0,0,0.23006,0.018096,0.42579,0.3846,0.47163,0.47062,0.57077,0.43913,0.53868,0.53836,0.44346,0.39986,0.42129,0.23142,0.40469,0.49664,0.65587,0.64727,0.76829,0.78738,0.69496,0.68616,0.67122,0.66289,0.53282,0.45796,0.70146,0.7024,0.49697,0.61531,0.45996,0.45439,0.43868,0.41583,0.49744,0.42888,0.55629,0.55379,0.11393,0.09568,0.37478,0.39554,0.11223,0.22186,0.56003,0.56635,0.22982,0.08442,0.48158,0.46305,0.51252,0.55101,0.36252,0.33971,0.003913,0,0.22854,0.26714,0.59814,0.53895,0.35691,0.43026,0.4132,0.42807,0.19823,0.048232,0.03746,0.28587,0.21381,0,0.35525,0.43531,0.53726,0.29428,0,0.098141
0.82968,0.79693,0.5025,0.44973,0.2119,0.034046,0.60193,0.50024,0.076149,0,0.50008,0.56209,0.56597,0.57232,0.16497,0.23368,0.40499,0.53869,0.89091,1,0.25134,0.2004,0.29632,0.25174,0.12594,0.098823,0.084898,0.074436,0.19261,0.19107,0.43476,0.46338,0.73071,0.79033,0.29304,0.32244,0.23491,0.16212,0,0.10856,0.31998,0.010476,0.43781,0.40454,0.5594,0.56139,0.6117,0.48537,0.59058,0.56467,0.48135,0.4824,0.47129,0.26157,0.42239,0.54891,0.76418,0.72697,0.76939,0.8045,0.754,0.68567,0.67546,0.71311,0.41574,0.36343,0.79028,0.76037,0.70488,0.75116,0.45134,0.38475,0.4299,0.453,0.54515,0.46205,0.58807,0.64253,0.1721,0.13661,0.43816,0.49467,0.12139,0.30172,0.62279,0.6863,0.25887,0.13402,0.45574,0.53464,0.44973,0.54466,0.26379,0.26355,0,0.0010806,0.29578,0.33054,0.57984,0.59133,0.24181,0.29158,0.31583,0.40014,0.20442,0.074278,0.040908,0.21351,0.17055,0,0.47125,0.47873,0.47683,0.31662,0.073728,0.024035
0.35229,0.2959,0.016946,0.16219,0.32015,0.37578,0.22901,0.22148,0.25305,0.25763,0,0.13972,0.036556,0.27627,0.066698,0.43032,0.037799,0.14151,0.28088,0.25134,1,0.81397,0.23951,0.050541,0.32623,0.45734,0.61766,0.63812,0,0.014762,0.43586,0.41222,0.3267,0.35157,0.082622,0.13355,0.032467,0,0,0,0.072711,0.21206,0.010954,0,0.069729,0.084147,0.09556,0.048936,0.1557,0.25871,0.13788,0.094028,0,0.033564,0.080474,0.18137,0.33963,0.3757,0.42328,0.34095,0.27375,0.34513,0.34026,0.26359,0.29215,0.2781,0.30066,0.29209,0.20395,0.183,0.46497,0.42146,0.34113,0.36011,0.18453,0.095533,0.16993,0.19388,0.0083269,0,0.096611,0,0,0,0.10367,0.13351,0.24894,0.2248,0.15346,0.23122,0.20373,0.1064,0.28721,0.18649,0.020827,0,0,0.072041,0.2175,0.072246,0.24118,0.31961,0.19036,0.31882,0.24942,0.14317,0,0.0080668,0.34685,0.093918,0.12676,0,0.12972,0.055571,0,0.13859
0.26906,0.27966,0,0.13468,0.32827,0.41121,0.14876,0.16676,0.22266,0.31956,0,0.16552,0.010056,0.32843,0.072948,0.43926,0.080386,0.14083,0.27636,0.2004,0.81397,1,0.30355,0.076554,0.34817,0.45938,0.60186,0.6676,0.019183,0.041707,0.44409,0.48843,0.3686,0.34765,0,0,0,0,0,0,0,0.20099,0.029955,0.063238,0.12755,0.09445,0.12352,0.11992,0.1832,0.31091,0.18731,0.151,0.033861,0.15252,0.17995,0.22743,0.30211,0.35171,0.36741,0.31025,0.21502,0.33857,0.38812,0.31779,0.23447,0.26408,0.26252,0.25816,0.075673,0.1141,0.48085,0.58628,0.3793,0.35507,0.22765,0.15174,0.16722,0.12826,0.0076668,0.017462,0.11164,0.04327,0,0,0.11276,0.13456,0.1622,0.097151,0.20549,0.23216,0.2831,0.056333,0.40408,0.12808,0,0,0,0.10093,0.28596,0.004177,0.36727,0.28351,0.28515,0.24943,0.23245,0.064357,0,0.039887,0.33057,0.091301,0,0,0.20386,0.10114,0,0.076592
0.20253,0.17617,0.63121,0.70612,0.42029,0.29459,0.48055,0.47284,0.3878,0.28679,0.16947,0.082146,0.29484,0.19859,0.24566,0.39563,0,0.080561,0.39374,0.29632,0.23951,0.30355,1,0.81989,0.57643,0.51573,0.31351,0.26801,0,0,0.47319,0.45575,0.30776,0.28491,0.52003,0.31623,0.09791,0.11044,0.014483,0.087036,0.056287,0,0.22634,0.28019,0.093622,0.040547,0.27789,0.25525,0.28572,0.30712,0.46851,0.41447,0.39629,0.45827,0.23842,0.29701,0.13814,0.2044,0.30237,0.27278,0.064061,0.16468,0,0,0.36354,0.31059,0.40665,0.30756,0.088748,0.10586,0.28327,0.29523,0.022227,0.11874,0.15335,0.1605,0.37568,0.36155,0,0,0,0.061317,0,0.025118,0.22821,0.21887,0.20236,0.059368,0.4991,0.42916,0.2785,0.38528,0.27456,0.41947,0,0,0,0.031431,0.19371,0.21424,0.094019,0.29764,0.13857,0.19725,0.098303,0.065511,0,0.088124,0.046139,0,0.15516,0.12681,0.29221,0.25488,0.02176,0.092366
0.1019,0.085436,0.72206,0.78982,0.45475,0.31993,0.41479,0.50514,0.28916,0.26986,0.31561,0.10492,0.37658,0.098295,0.24987,0.23409,0,0.061645,0.24162,0.25174,0.050541,0.076554,0.81989,1,0.57405,0.41664,0.12126,0.057946,0,0,0.32451,0.34887,0.20293,0.23283,0.58493,0.41849,0.19165,0.18962,0.17043,0.21594,0.11131,0,0.21555,0.27683,0.1155,0.086975,0.22466,0.25405,0.24214,0.20361,0.42991,0.39815,0.43565,0.46717,0.19473,0.25278,0.035041,0.069605,0.12965,0.14591,0.043468,0.10536,0,0,0.34847,0.35221,0.37265,0.3032,0.10292,0.062727,0.21314,0.12705,0,0.033004,0.21947,0.13893,0.35344,0.39642,0,0,0,0.078353,0,0.047077,0.2499,0.25778,0.17685,0.0085355,0.46373,0.40816,0.090096,0.3246,0.043973,0.30426,0,0,0.027379,0.0087622,0.027255,0.1857,0,0.085111,0,0.02816,0,0,0,0.025744,0,0,0.16531,0.16102,0.18388,0.20154,0.098375,0
0.052899,0.019927,0.40312,0.62903,0.80161,0.63617,0.30194,0.44061,0.69895,0.58735,0.20695,0.076283,0.29319,0.14976,0.5853,0.64377,0.044159,0.15296,0.21887,0.12594,0.32623,0.34817,0.57643,0.57405,1,0.88458,0.63636,0.56831,0.014772,0.2507,0.63872,0.57353,0.19592,0.17849,0.29298,0.21549,0.044633,0.21083,0.13087,0.052195,0.13995,0.18926,0.28022,0.32129,0.14274,0.13176,0.16591,0.30035,0.24637,0.31928,0.38908,0.32512,0.29601,0.36981,0.1649,0.23247,0.025593,0.058113,0.23123,0.2671,0,0.13965,0,0,0.36511,0.43003,0.24821,0.28945,0,0,0.27076,0.29143,0.067836,0.23287,0.15376,0.28626,0.12679,0.080866,0,0.12776,0.082187,0.23411,0.12067,0.15505,0.35729,0.24997,0.27515,0.082033,0.43124,0.26326,0.18822,0.26671,0.18226,0.35582,0,0,0.045882,0.019099,0.060615,0.20104,0.1298,0.36705,0.2185,0.30437,0,0,0,0.37238,0,0,0,0,0.22814,0.17378,0,0.026984
0.086645,0.016659,0.21701,0.58309,0.7492,0.71675,0.34485,0.43597,0.8132,0.71697,0.0082471,0.056289,0.13738,0.22803,0.54039,0.81593,0,0.15802,0.2264,0.098823,0.45734,0.45938,0.51573,0.41664,0.88458,1,0.82736,0.76518,0,0.19627,0.62355,0.5769,0.14842,0.11652,0.20673,0.18054,0,0.074306,0.095495,0.01241,0.0057959,0.24627,0.20759,0.1979,0.03158,0.0058367,0.10405,0.16834,0.19681,0.28774,0.31863,0.21641,0.1612,0.24859,0.15781,0.22287,0.018346,0.083286,0.31312,0.33186,0,0.19353,0,0,0.45142,0.50735,0.22775,0.26049,0.0066335,0,0.25822,0.32599,0.11419,0.27635,0.067232,0.28104,0.10989,0.022861,0,0.082924,0.035656,0.10595,0.17887,0.16724,0.26103,0.22135,0.38121,0.23322,0.38584,0.27453,0.34851,0.26687,0.44222,0.3778,0,0,0.012308,0.075886,0.15916,0.18024,0.35769,0.44219,0.31854,0.42937,0.082626,0.20873,0.064523,0.42302,0,0,0,0,0.1227,0.10566,0,0.19801
0.21946,0.1341,0,0.2994,0.55257,0.69325,0.17673,0.26095,0.59132,0.65191,0,0.070855,0,0.28334,0.34193,0.78027,0,0.093259,0.20265,0.084898,0.61766,0.60186,0.31351,0.12126,0.63636,0.82736,1,0.96229,0,0.14057,0.5526,0.54535,0.201,0.15385,0.0325,0.067021,0,0,0.083992,0.013707,0,0.32961,0.076727,0.04107,0,0,0.0042683,0.042269,0.15504,0.28377,0.21902,0.12136,0.01386,0.14235,0.16516,0.23534,0.17738,0.22066,0.40491,0.3757,0.090984,0.29994,0.119,0.027608,0.38689,0.43247,0.18437,0.21197,0.052356,0.014177,0.31672,0.39115,0.25265,0.27682,0.032891,0.13186,0.040904,0,0,0.058225,0.057326,0.026595,0.20903,0.2191,0.16578,0.18803,0.46287,0.34665,0.30854,0.2608,0.40186,0.13835,0.55329,0.24611,0.049355,0,0.014034,0.19399,0.24014,0.12764,0.48008,0.41762,0.34346,0.4584,0.2357,0.30894,0.073654,0.29587,0.08118,0,0,0,0.098529,0.12298,0,0.29831
0.24088,0.15826,0,0.24742,0.50256,0.68903,0.16304,0.24312,0.52185,0.63251,0,0.10707,0,0.31246,0.32179,0.73556,0.028655,0.10541,0.19201,0.074436,0.63812,0.6676,0.26801,0.057946,0.56831,0.76518,0.96229,1,0,0.16211,0.56716,0.56107,0.20466,0.16401,0,0.014103,0,0,0.0045483,0,0,0.33322,0.06018,0.057254,0.042746,0,0.022627,0.066383,0.14675,0.28569,0.1898,0.10732,0,0.12183,0.14506,0.22965,0.19779,0.23461,0.37744,0.35257,0.098275,0.29769,0.15931,0.085246,0.34772,0.39812,0.16577,0.20768,0.017969,0.012959,0.31973,0.43369,0.28167,0.30214,0.054408,0.13604,0.034329,0,0,0.098621,0.11771,0.080025,0.16168,0.15345,0.15737,0.16965,0.35387,0.24687,0.28124,0.25945,0.39501,0.10516,0.54867,0.21524,0.058715,0,0.00093439,0.17832,0.24838,0.090051,0.50388,0.41958,0.37759,0.42597,0.24301,0.28463,0.0080014,0.27528,0.090215,0,0,0,0.12022,0.15581,0,0.29421
0.19231,0.13447,0.17991,0.030767,0.17103,0.025565,0.16853,0.15858,0,0,0.47564,0.21979,0.44616,0.21064,0.42862,0,0.51578,0.33049,0.14284,0.19261,0,0.019183,0,0,0.014772,0,0,0,1,0.62325,0.29875,0.23156,0.053696,0.11333,0,0,0.30296,0.096448,0,0,0.083169,0,0.17167,0.21858,0.24986,0.23758,0.24362,0.21419,0.076276,0.052549,0.039321,0.057831,0.13584,0.0085,0,0.03742,0.11258,0.061431,0.031336,0.10587,0.056474,0.0036743,0.16628,0.20981,0,0,0.052365,0.13969,0.038904,0.05261,0.18492,0.23803,0.34862,0.29812,0.26469,0.17135,0.10404,0.16803,0.67238,0.56382,0.818,0.48145,0.34505,0,0.3946,0.20636,0,0,0.080188,0.16437,0,0.076946,0,0,0.55186,0.49986,0.52006,0.038486,0,0.18858,0,0.040549,0.018478,0,0.1631,0.18726,0.28059,0.10053,0.07914,0.18702,0.26495,0.26813,0.087601,0.10858,0.2884,0.14183
0.15528,0.20178,0.052873,0.10014,0.18889,0.078822,0.08697,0.13052,0.06788,0.065789,0.231,0.38939,0.33778,0.34455,0.62227,0.26816,0.4384,0.54691,0.15964,0.19107,0.014762,0.041707,0,0,0.2507,0.19627,0.14057,0.16211,0.62325,1,0.49669,0.39989,0.097259,0.077572,0,0,0.18297,0.3955,0.22241,0,0.35681,0.30401,0.23421,0.30776,0.3134,0.18913,0.22616,0.35001,0.052912,0.056275,0.14821,0.14663,0.23501,0.11843,0.26909,0.22743,0.11677,0.094386,0.10221,0.19747,0,0.049026,0.087145,0.15198,0,0,0.069754,0.16429,0,0,0.2778,0.3209,0.28326,0.36637,0.34783,0.30265,0.18563,0.10762,0.18924,0.75743,0.72614,0.73244,0.60471,0.30728,0.59224,0.41081,0.082676,0,0.29262,0.16948,0.15503,0.088121,0,0,0.20483,0.12822,0.48789,0.32807,0.17978,0.29049,0.13119,0.062383,0.21081,0.12308,0,0.075736,0.32961,0.34752,0,0,0,0.044398,0.18768,0.14248,0,0.14195
0.36884,0.33331,0.35509,0.48689,0.56712,0.47823,0.4393,0.47795,0.41682,0.39916,0.33492,0.46125,0.49485,0.52483,0.5788,0.61097,0.42238,0.49551,0.50561,0.43476,0.43586,0.44409,0.47319,0.32451,0.63872,0.62355,0.5526,0.56716,0.29875,0.49669,1,0.91906,0.47757,0.46476,0.16913,0.14324,0.032667,0.19616,0.014926,0,0.31097,0.32268,0.46017,0.54531,0.46649,0.39363,0.47029,0.52838,0.35471,0.41862,0.44017,0.36792,0.34816,0.32074,0.32408,0.37506,0.34035,0.33108,0.42114,0.47423,0.20049,0.31628,0.28953,0.27355,0.35573,0.34475,0.43385,0.5068,0.17185,0.1978,0.4222,0.52883,0.28346,0.41691,0.3999,0.4029,0.36021,0.29436,0.21203,0.45066,0.49231,0.58007,0.20856,0.12961,0.62239,0.47096,0.21303,0,0.45567,0.37518,0.4445,0.36211,0.35749,0.33914,0,0,0.17293,0.20969,0.33617,0.33323,0.3473,0.38177,0.40198,0.36773,0,0,0,0.3973,0,0,0.012037,0.09359,0.34863,0.26095,0,0.052778
0.37667,0.36748,0.29263,0.48078,0.54579,0.4943,0.39563,0.48971,0.35011,0.45407,0.32337,0.49439,0.44383,0.54323,0.52795,0.61129,0.39519,0.40525,0.53351,0.46338,0.41222,0.48843,0.45575,0.34887,0.57353,0.5769,0.54535,0.56107,0.23156,0.39989,0.91906,1,0.51585,0.50642,0.20256,0.17356,0.01165,0.15646,0.012804,0,0.2707,0.2885,0.42892,0.47998,0.43468,0.36897,0.46031,0.49985,0.34153,0.42283,0.40726,0.3307,0.32619,0.30844,0.3673,0.41552,0.36901,0.37539,0.44176,0.5167,0.26204,0.4164,0.34054,0.31678,0.43682,0.44745,0.46496,0.53332,0.17309,0.20913,0.48686,0.60033,0.33984,0.38911,0.45154,0.36133,0.36539,0.28707,0.14674,0.34092,0.40228,0.50646,0.16142,0.12213,0.5609,0.46306,0.21905,0,0.45462,0.37268,0.48237,0.3607,0.44023,0.35023,0,0,0.18405,0.24139,0.38896,0.31711,0.38954,0.36209,0.45019,0.35739,0,0,0,0.37237,0,0,0.0059184,0.1061,0.36201,0.2772,0,0.0031522
0.66516,0.57173,0.3803,0.37381,0.26151,0.18109,0.50963,0.46592,0.087132,0.087,0.4245,0.64704,0.44836,0.6729,0.11396,0.29473,0.30874,0.42066,0.72688,0.73071,0.3267,0.3686,0.30776,0.20293,0.19592,0.14842,0.201,0.20466,0.053696,0.097259,0.47757,0.51585,1,0.9621,0.31776,0.37325,0.024341,0.0094469,0,0,0.31757,0.14196,0.55838,0.53117,0.59081,0.63748,0.61812,0.57006,0.63512,0.69683,0.56848,0.57002,0.52845,0.41446,0.42252,0.56078,0.58033,0.49291,0.67206,0.65106,0.68233,0.64476,0.71436,0.72715,0.50084,0.41307,0.73893,0.7643,0.44835,0.5345,0.41764,0.42215,0.40279,0.45142,0.56237,0.47435,0.60256,0.53602,0,0.014829,0.25489,0.40782,0,0.24575,0.56696,0.61635,0.21322,0.0060548,0.35415,0.40281,0.53697,0.49063,0.33642,0.23953,0,0,0.093342,0.36621,0.62898,0.52624,0.2778,0.26135,0.33621,0.30705,0.072382,0,0,0.17711,0.32573,0.14422,0.23473,0.38514,0.559,0.39404,0,0
0.70963,0.63646,0.4678,0.41532,0.2828,0.18549,0.55912,0.52234,0.076214,0.059369,0.50391,0.62091,0.50375,0.64969,0.086769,0.23843,0.34684,0.44322,0.7341,0.79033,0.35157,0.34765,0.28491,0.23283,0.17849,0.11652,0.15385,0.16401,0.11333,0.077572,0.46476,0.50642,0.9621,1,0.34133,0.41888,0.091128,0.031247,0,0,0.28451,0.059931,0.56241,0.53271,0.62669,0.69921,0.6471,0.5676,0.65548,0.70495,0.55473,0.5651,0.53277,0.36865,0.36412,0.53605,0.62766,0.55716,0.68843,0.68353,0.74193,0.67495,0.70922,0.75815,0.49844,0.44439,0.77618,0.8098,0.55346,0.61305,0.46534,0.4108,0.43022,0.50392,0.57643,0.47297,0.63407,0.60402,0.07821,0.0074929,0.29267,0.41202,0,0.1896,0.59111,0.63063,0.19161,0,0.36949,0.44196,0.4769,0.48077,0.282,0.22106,0,0,0.094333,0.30807,0.58893,0.52357,0.21861,0.23976,0.28982,0.29243,0.12882,0,0,0.11671,0.35611,0.15493,0.31195,0.44499,0.53771,0.40197,0.040916,0
0.23741,0.12805,0.51755,0.47842,0.23957,0.10395,0.37183,0.38102,0.12536,0.10261,0.22645,0.023021,0.15664,0.049507,0.053353,0.15438,0,0,0.25098,0.29304,0.082622,0,0.52003,0.58493,0.29298,0.20673,0.0325,0,0,0,0.16913,0.20256,0.31776,0.34133,1,0.85195,0.37614,0.16618,0.23419,0.47951,0.11398,0,0.21437,0.13533,0.060972,0.085054,0.20707,0.10387,0.20698,0.18628,0.24204,0.25896,0.24103,0.23895,0.14802,0.28408,0.19039,0.13464,0.28147,0.26502,0.21421,0.17053,0,0.0091442,0.46362,0.39518,0.54178,0.43809,0.27621,0.25783,0.10221,0,0,0.031004,0.13112,0.069605,0.36122,0.49168,0,0,0,0,0.00035987,0.1942,0.14173,0.2588,0.28897,0.2788,0.2322,0.37663,0.10723,0.38023,0.099737,0.34934,0,0,0.046849,0.066539,0.070772,0.25942,0,0.098491,0,0.12854,0.16014,0.17676,0.11031,0,0.11099,0.055073,0.47731,0.15551,0.13556,0.24286,0.20177,0.032729
0.30332,0.12002,0.43256,0.40719,0.23439,0.14212,0.39108,0.38737,0.13752,0.086443,0.23627,0.071382,0.14501,0.10479,0.01197,0.1473,0,0,0.24876,0.32244,0.13355,0,0.31623,0.41849,0.21549,0.18054,0.067021,0.014103,0,0,0.14324,0.17356,0.37325,0.41888,0.85195,1,0.32274,0.059404,0.17032,0.38442,0.03363,0,0.23201,0.13243,0.099485,0.1909,0.2166,0.12463,0.22962,0.20826,0.18568,0.1865,0.20057,0.14724,0.058691,0.23758,0.22473,0.10647,0.32137,0.29723,0.3296,0.23939,0.15149,0.14586,0.45374,0.39617,0.5298,0.49402,0.35576,0.29064,0.18778,0,0.024038,0.099129,0.21,0.096235,0.40975,0.51456,0,0,0,0,0,0.24353,0.15651,0.2643,0.34631,0.32166,0.14313,0.29338,0.090348,0.28562,0.077269,0.21438,0,0,0.010208,0.11731,0.084939,0.27565,0,0.024175,0,0.12702,0.20384,0.17247,0.065238,0,0.21777,0.11987,0.45319,0.17454,0.087356,0.19764,0.21547,0
0.19287,0.1392,0.40064,0.26198,0.20381,0.038118,0.32038,0.27184,0.027244,0,0.24519,0.019741,0.28936,0.1297,0.17358,0,0.0041098,0.063631,0.10074,0.23491,0.032467,0,0.09791,0.19165,0.044633,0,0,0,0.30296,0.18297,0.032667,0.01165,0.024341,0.091128,0.37614,0.32274,1,0.5691,0.45739,0.57087,0.39749,0,0.14939,0.076174,0.034778,0.067553,0.2169,0.14327,0.18352,0.11183,0.19801,0.19227,0.28384,0.20053,0.24943,0.22848,0.10589,0.021075,0.15361,0.14543,0.15956,0.013515,0.057724,0.03029,0.018793,0.0013209,0.27875,0.188,0.24336,0.16361,0.16851,0.079221,0.22514,0.20194,0.10544,0,0.27044,0.42208,0.11682,0,0.21342,0.069709,0.33326,0.29128,0.29062,0.32917,0.20446,0.26407,0.17669,0.37389,0,0.30528,0,0.11786,0.24321,0.2356,0.36407,0.055959,0.059447,0.3993,0,0.039669,0,0.1038,0.15481,0.29741,0.44112,0,0,0,0.59431,0.33696,0.040316,0.15965,0.43543,0.28158
0.027268,0.13338,0.29223,0.29062,0.21928,0.0081745,0.20139,0.24762,0.091293,0.069149,0.17896,0.1468,0.25544,0.10543,0.36518,0.070623,0.13771,0.31889,0.097648,0.16212,0,0,0.11044,0.18962,0.21083,0.074306,0,0,0.096448,0.3955,0.19616,0.15646,0.0094469,0.031247,0.16618,0.059404,0.5691,1,0.35583,0.43367,0.46434,0.28791,0.30144,0.25154,0.22478,0.13305,0.28907,0.3119,0.17192,0.090767,0.25783,0.25212,0.37226,0.29335,0.3579,0.29682,0.030116,0.024928,0.053672,0.12029,0,0,0,0,0,0.028713,0.17109,0.14028,0.080896,0.06119,0.21571,0.1433,0,0.16665,0.19159,0.22743,0.26237,0.24368,0,0.16447,0.17537,0.37531,0.30317,0.24684,0.4108,0.37183,0.081005,0.02487,0.27816,0.25399,0.11173,0.30633,0,0.1829,0,0,0.23118,0.1449,0.15081,0.3256,0,0.056413,0.12644,0.1014,0,0,0.25456,0.14136,0,0,0.1103,0.20829,0.19964,0.095631,0,0.049472
0,0,0.033433,0.10007,0.069945,0.056199,0,0,0.0059788,0.084316,0,0,0,0.0054879,0.27135,0.19387,0,0,0,0,0,0,0.014483,0.17043,0.13087,0.095495,0.083992,0.0045483,0,0.22241,0.014926,0.012804,0,0,0.23419,0.17032,0.45739,0.35583,1,0.75542,0.36717,0.30821,0.009642,0,0,0,0,0,0,0,0.061443,0.016071,0.047478,0.1215,0.36451,0.20919,0,0,0,0,0,0,0,0,0.032509,0,0.062646,0.005309,0.030667,0,0,0,0,0,0,0,0.026737,0.030326,0,0,0,0.027121,0.60443,0.58904,0.14182,0.21075,0.46909,0.38843,0.074869,0.18889,0.042048,0.065873,0,0,0.16188,0.22723,0.46204,0.47249,0.10743,0.27721,0,0,0,0,0,0.26356,0.41093,0.048015,0,0,0.073923,0,0,0,0.11193,0.2801
0.12327,0.11634,0.17191,0.14599,0.022465,0,0.044971,0.030944,0,0,0,0,0,0,0.060207,0.10151,0,0,0,0.10856,0,0,0.087036,0.21594,0.052195,0.01241,0.013707,0,0,0,0,0,0,0,0.47951,0.38442,0.57087,0.43367,0.75542,1,0.19997,0.14068,0,0,0,0,0,0,0,0,0,0,0,0,0.24977,0.24996,0.1125,0.09754,0.083981,0.12226,0.064419,0.067998,0,0,0.090451,0.043914,0.19007,0.050706,0.24018,0.1045,0.055927,0,0,0,0,0,0.085838,0.20128,0,0,0,0,0.45039,0.58294,0.023301,0.19722,0.52039,0.63031,0.065085,0.29227,0,0.10124,0,0,0.10339,0.14118,0.26997,0.23513,0.043158,0.21485,0,0,0,0,0.10934,0.33621,0.49712,0,0,0,0.36388,0,0,0,0.26049,0.23954
0.23237,0.21391,0.13736,0.14664,0.1024,0.0056031,0.19222,0.18375,0,0.041617,0.26324,0.448,0.33746,0.36403,0.28722,0.12471,0.31467,0.3921,0.23006,0.31998,0.072711,0,0.056287,0.11131,0.13995,0.0057959,0,0,0.083169,0.35681,0.31097,0.2707,0.31757,0.28451,0.11398,0.03363,0.39749,0.46434,0.36717,0.19997,1,0.45843,0.40359,0.44326,0.3868,0.35039,0.35717,0.4926,0.30984,0.27045,0.44971,0.43217,0.46027,0.41911,0.42719,0.388,0.20652,0.081964,0.20895,0.20506,0.12091,0.076239,0.18996,0.16079,0.10636,0.014936,0.35534,0.34142,0.176,0.16238,0.049617,0.16617,0.20222,0.22756,0.37977,0.26986,0.26579,0.25612,0,0.14729,0.27512,0.49766,0.23533,0.29161,0.5329,0.58271,0.080238,0,0.24547,0.31468,0.34291,0.41613,0.037611,0.21208,0,0,0.25537,0.37522,0.34576,0.44911,0.11476,0.082776,0.18547,0.1682,0,0,0,0.27923,0,0,0.062606,0.15881,0.3044,0.22534,0,0
0.059271,0.13368,0,0,0,0.0092861,0,0,0.077041,0.065512,0,0.34926,0,0.28707,0.29996,0.36672,0.070916,0.30394,0.018096,0.010476,0.21206,0.20099,0,0,0.18926,0.24627,0.32961,0.33322,0,0.30401,0.32268,0.2885,0.14196,0.059931,0,0,0,0.28791,0.30821,0.14068,0.45843,1,0.23467,0.27278,0.24829,0.11904,0.14478,0.29756,0.10014,0.081161,0.22587,0.11965,0.075655,0.09712,0.33847,0.18736,0.10165,0.10193,0.14191,0.094334,0,0.040269,0.053773,0.044477,0.07315,0.033545,0.14031,0.14911,0.0047634,0,0,0.024908,0.0025806,0.067928,0.096076,0.090139,0.051472,0,0,0.13813,0.070217,0.28502,0.17437,0.18106,0.28264,0.30993,0.14337,0,0.15422,0.040223,0.37823,0,0.32788,0.030667,0,0,0.0984,0.37594,0.32331,0.13196,0.44589,0.1187,0.35266,0.23416,0,0,0,0.40674,0,0,0,0,0,0,0,0.051562
0.3212,0.25651,0.45051,0.40643,0.38919,0.20308,0.5406,0.49145,0.2319,0.18246,0.43305,0.53081,0.52444,0.54839,0.40204,0.26663,0.25329,0.38822,0.42579,0.43781,0.010954,0.029955,0.22634,0.21555,0.28022,0.20759,0.076727,0.06018,0.17167,0.23421,0.46017,0.42892,0.55838,0.56241,0.21437,0.23201,0.14939,0.30144,0.009642,0,0.40359,0.23467,1,0.90019,0.74459,0.75072,0.89478,0.83385,0.78818,0.69868,0.73781,0.62892,0.71785,0.50607,0.53211,0.51204,0.24073,0.10108,0.47094,0.47234,0.33854,0.28964,0.28278,0.31933,0.34746,0.33528,0.63622,0.68618,0.33404,0.37879,0.12958,0.189,0.077435,0.2097,0.39405,0.49287,0.50814,0.44876,0.0074616,0.087975,0.27603,0.48375,0.12209,0.21038,0.62658,0.58802,0.11927,0,0.35426,0.36631,0.62867,0.60637,0.28144,0.44031,0,0,0.2727,0.39299,0.59722,0.66678,0.25687,0.35596,0.34234,0.32592,0,0,0,0.39004,0,0,0.16518,0.39105,0.5348,0.40273,0,0
0.28258,0.277,0.41782,0.37507,0.31561,0.14816,0.4408,0.39342,0.16072,0.11761,0.4357,0.56107,0.54134,0.51928,0.41444,0.2284,0.39053,0.47444,0.3846,0.40454,0,0.063238,0.28019,0.27683,0.32129,0.1979,0.04107,0.057254,0.21858,0.30776,0.54531,0.47998,0.53117,0.53271,0.13533,0.13243,0.076174,0.25154,0,0,0.44326,0.27278,0.90019,1,0.78996,0.78497,0.84689,0.90936,0.7082,0.64512,0.75172,0.65571,0.67885,0.54695,0.50034,0.48368,0.22079,0.11653,0.36617,0.36451,0.25756,0.19127,0.27089,0.31099,0.23311,0.21631,0.59049,0.65087,0.24134,0.30876,0.077249,0.21871,0.073432,0.26369,0.43843,0.49874,0.49948,0.422,0.13211,0.23217,0.37196,0.59224,0.033289,0.064344,0.67964,0.58468,0,0,0.38237,0.32926,0.54139,0.48655,0.23242,0.36856,0,0,0.25751,0.34193,0.52523,0.57918,0.28104,0.34035,0.39259,0.30124,0,0,0,0.42495,0,0.027756,0.072079,0.33763,0.49568,0.36445,0,0
0.51482,0.53068,0.35673,0.29154,0.19923,0.069232,0.42473,0.40076,0.01556,0.026527,0.45804,0.60952,0.55612,0.56184,0.28211,0.12909,0.60546,0.64384,0.47163,0.5594,0.069729,0.12755,0.093622,0.1155,0.14274,0.03158,0,0.042746,0.24986,0.3134,0.46649,0.43468,0.59081,0.62669,0.060972,0.099485,0.034778,0.22478,0,0,0.3868,0.24829,0.74459,0.78996,1,0.92369,0.77597,0.78863,0.72437,0.6544,0.64647,0.58196,0.61256,0.38952,0.5062,0.5304,0.55133,0.39924,0.46969,0.4892,0.45786,0.3962,0.4983,0.52833,0.19577,0.20863,0.63582,0.72049,0.3755,0.46366,0.22465,0.30722,0.27497,0.3175,0.54211,0.53771,0.46855,0.38946,0.18326,0.32052,0.4787,0.69379,0,0.078892,0.74074,0.64551,0,0,0.37348,0.37603,0.46224,0.3802,0.18962,0.20721,0,0,0.17421,0.32511,0.53962,0.52224,0.29584,0.29471,0.39364,0.29868,0,0,0,0.34581,0,0,0.053503,0.34717,0.51368,0.34376,0,0
0.52506,0.48681,0.40076,0.29167,0.24375,0.094512,0.47498,0.42196,0.05345,0.0027363,0.51696,0.57904,0.55558,0.54421,0.21313,0.083814,0.52083,0.52987,0.47062,0.56139,0.084147,0.09445,0.040547,0.086975,0.13176,0.0058367,0,0,0.23758,0.18913,0.39363,0.36897,0.63748,0.69921,0.085054,0.1909,0.067553,0.13305,0,0,0.35039,0.11904,0.75072,0.78497,0.92369,1,0.75688,0.76813,0.75757,0.73421,0.6327,0.60203,0.60117,0.38088,0.41273,0.50344,0.50965,0.35152,0.48905,0.49992,0.54993,0.42098,0.53371,0.57842,0.25652,0.25988,0.66049,0.77165,0.43752,0.5329,0.20855,0.26479,0.2746,0.34289,0.50056,0.52518,0.46615,0.43521,0.19157,0.14179,0.41725,0.57259,0,0.084868,0.68847,0.60597,0,0,0.28883,0.34815,0.41512,0.41858,0.13342,0.21685,0,0,0.14817,0.25142,0.51114,0.5697,0.21646,0.29428,0.32868,0.28543,0,0,0,0.29384,0.052567,0.095168,0.14865,0.4465,0.51794,0.36455,0,0
0.48985,0.49817,0.50521,0.39911,0.26688,0.0711,0.58637,0.4765,0.12104,0.055129,0.46015,0.55455,0.56734,0.59888,0.32138,0.21808,0.36062,0.44985,0.57077,0.6117,0.09556,0.12352,0.27789,0.22466,0.16591,0.10405,0.0042683,0.022627,0.24362,0.22616,0.47029,0.46031,0.61812,0.6471,0.20707,0.2166,0.2169,0.28907,0,0,0.35717,0.14478,0.89478,0.84689,0.77597,0.75688,1,0.87763,0.80432,0.70974,0.7246,0.64837,0.71304,0.45164,0.62001,0.61759,0.45143,0.34432,0.57655,0.59593,0.49665,0.4053,0.4584,0.49067,0.27016,0.25777,0.7366,0.75297,0.4815,0.55924,0.23688,0.30779,0.21774,0.31598,0.47861,0.51386,0.64017,0.58583,0.14563,0.12879,0.40719,0.53429,0.078288,0.16713,0.65609,0.61948,0.071922,0,0.45844,0.48603,0.62423,0.62705,0.27079,0.38762,0,0,0.35968,0.41441,0.69022,0.70225,0.26715,0.37668,0.38855,0.35701,0,0,0,0.30807,0.02204,0.05699,0.31153,0.49255,0.57072,0.43454,0,0
