1,0.79318,0.36552,0.44174,0.13178,0.16466,0.46636,0.43711,0.17764,0.14709,0.55683,0.55068,0.49208,0.45726,0.32084,0.29391,0.094667,0.24806,0.79559,0.80329,0.3281,0.27955,0.1593,0.12943,0.1702,0.11498,0.25266,0.25109,0.16185,0.13036,0.013494,0.055828,0.32015,0.3312,0.026759,0,0.19087,0.11141,0.29454,0.15139,0.30978,0.24516,0.3657,0.34538,0.29267,0.38465,0.40892,0.38046,0.29656,0.41515,0.37151,0.49919,0.42903,0.44682,0.45304,0.41127,0.69156,0.61529,0.50786,0.39794,0.43869,0.18915,0.055378,0.25159,0.1387,0.18787,0.32092,0.37058,0.60723,0.57734,0.24009,0.30881,0.45045,0.45451,0.50537,0.55808,0.1218,0.22493,0.15099,0,0.21534,0.21803,0.21124,0.23145,0.22184,0.34163,0.21216,0.15818,0.27467,0.57293,0.3799,0.33334,0.26183,0.30761,0.097751,0,0.293,0.36182,0.52294,0.5466,0.24627,0.36019,0.30746,0.34139,0.054121,0.1825,0.10869,0.23397,0.13298,0.12315,0.32933,0.24943,0.36588,0.34848,0.30943,0
0.79318,1,0.04704,0.33212,0.11554,0,0.10081,0.32743,0.04936,0,0.34485,0.43309,0.21555,0.32274,0.14728,0.16601,0.0099915,0.22126,0.66117,0.69985,0.32054,0.29044,0,0,0,0,0.15423,0.1615,0.082312,0.097144,0,0,0.22173,0.27921,0.0023103,0.051799,0.20146,0.1224,0.30574,0.055699,0.04836,0.09289,0.35769,0.40444,0.29077,0.3945,0.46818,0.50883,0.4139,0.50006,0.32642,0.53571,0.47597,0.47086,0.48506,0.43774,0.7692,0.88032,0.48491,0.52443,0.28091,0.22244,0,0.20694,0,0.081305,0.26967,0.36206,0.69416,0.71384,0.22088,0.16083,0.2841,0.37083,0.37256,0.33942,0.155,0.21627,0.14072,0,0.15737,0.12265,0.15683,0.14447,0.11307,0.25858,0.21747,0.076718,0.19637,0.41473,0.40988,0.18191,0.33317,0.16101,0.26591,0.18557,0.44411,0.42411,0.58731,0.56462,0.47676,0.33326,0.51209,0.41198,0.095079,0.15299,0.23582,0.22256,0.28187,0.25769,0.45042,0.39159,0.3668,0.32189,0.1877,0
0.36552,0.04704,1,0.71853,0.016472,0.28997,0.81927,0.3801,0.2884,0.22395,0.23666,0.20804,0.51022,0.31649,0.31029,0.17249,0,0,0.47591,0.4588,0.18459,0.20166,0.85701,0.77944,0.59406,0.51578,0.27035,0.18514,0,0,0.27331,0.32128,0.38018,0.40243,0.43851,0.28415,0.099553,0,0.43039,0.13985,0.3194,0.23188,0.24568,0.075709,0.20373,0.14213,0.11904,0.11841,0,0.0083471,0.2399,0.067826,0.12221,0.25645,0.15343,0.15885,0.12434,0,0.12808,0,0.19409,0,0.10724,0.024039,0.61994,0.41342,0.52238,0.40899,0.24759,0.19428,0.43989,0.54624,0.28942,0.17609,0.39544,0.41515,0.33101,0.36587,0.0038253,0,0,0,0.082473,0.079114,0.23672,0.14112,0.10191,0.10418,0.23824,0.45316,0.30555,0.6579,0.14636,0.61132,0.15252,0.0082121,0.21145,0.22522,0.1036,0.16969,0,0.36606,0,0.13033,0.23613,0.30756,0.060779,0,0,0.15758,0.25122,0.013469,0.031819,0.14937,0.34207,0.021445
0.44174,0.33212,0.71853,1,0.035138,0.27551,0.57549,0.71584,0.22861,0.25813,0.26625,0.39689,0.36288,0.42207,0.20014,0.22797,0,0,0.5145,0.55521,0.18185,0.16209,0.67694,0.7639,0.47301,0.43601,0.29045,0.2016,0,0,0.29901,0.34324,0.37621,0.4449,0.33038,0.32772,0.084997,0,0.44571,0.13233,0.15866,0.15757,0.1961,0.089679,0.13847,0.14856,0.10478,0.14058,0,0.11345,0.26632,0.22253,0.1448,0.3395,0.21036,0.26635,0.26293,0.27234,0.20466,0.23761,0.25729,0.27804,0,0.17409,0.50182,0.62395,0.49994,0.48188,0.36983,0.33893,0.47116,0.45038,0.1811,0.18121,0.39523,0.35686,0.27315,0.31647,0,0,0,0,0.016917,0.014513,0.20706,0.15994,0.19462,0.090202,0.18321,0.52911,0.3771,0.51621,0.35011,0.44878,0.22313,0.095872,0.30184,0.29968,0.20773,0.23322,0.078299,0.31467,0.16033,0.19036,0.26924,0.31605,0.20255,0.00087193,0.061177,0.18566,0.30538,0.025339,0.0011995,0.1599,0.2551,0
0.13178,0.11554,0.016472,0.035138,1,0.68933,0.16864,0.13542,0.78032,0.63146,0.11452,0.054367,0.27245,0.11554,0.52717,0.31712,0,0.020566,0.1421,0.1546,0.3921,0.34654,0.090124,0,0.2775,0.23593,0.62654,0.58595,0.00053189,0.078758,0.31838,0.21822,0.16249,0.10661,0.19022,0.18745,0.34628,0.14459,0.27413,0.058317,0.097678,0.0061077,0.21827,0.19864,0.15228,0.076948,0.12259,0.19936,0.12994,0.1411,0.20445,0.15701,0.13659,0.15669,0.36081,0.25772,0.16358,0.18055,0.3349,0.41636,0.30856,0.33948,0.19664,0.25232,0.36743,0.3061,0.26791,0.19958,0.31401,0.33063,0.22596,0.17625,0.23476,0.25681,0.2458,0.24808,0.2932,0.33837,0.0016072,0,0.15481,0.12382,0.23566,0.058434,0.2844,0.11384,0.31469,0.097078,0.52823,0.2043,0.30007,0.10546,0.16602,0.23561,0,0.014909,0.21416,0.092636,0.31027,0.14561,0.32783,0.26543,0.40038,0.3232,0.00088726,0.06902,0.34881,0.35106,0.072037,0.048283,0.25442,0.18831,0.26095,0.32802,0.032909,0.028734
0.16466,0,0.28997,0.27551,0.68933,1,0.44266,0.33081,0.75352,0.85097,0.13719,0.10397,0.27989,0.13148,0.40614,0.39114,0,0,0.20724,0.21366,0.37738,0.32768,0.28189,0.19366,0.38738,0.45631,0.59989,0.61719,0,0,0.25558,0.1544,0.27087,0.21195,0.31051,0.31881,0.35027,0.20166,0.35485,0.16585,0.23093,0.12238,0.2844,0.23175,0.18601,0.098282,0.15229,0.20874,0.13546,0.12381,0.35138,0.22139,0.20039,0.30103,0.30498,0.35055,0.064942,0,0.29767,0.30016,0.38852,0.36853,0.25353,0.27707,0.56735,0.51513,0.39327,0.31191,0.29403,0.263,0.37957,0.4337,0.25744,0.19422,0.29184,0.31631,0.44948,0.4985,0,0,0.059558,0.028245,0.12273,0.066555,0.33995,0.17485,0.19915,0.17734,0.45439,0.3471,0.31007,0.34246,0.18805,0.37452,0.022787,0,0.17166,0.18164,0.21231,0.22822,0.18822,0.33219,0.28034,0.30324,0.20793,0.30726,0.28184,0.23603,0,0.089527,0.20411,0.070157,0.21233,0.46208,0.25309,0.037745
0.46636,0.10081,0.81927,0.57549,0.16864,0.44266,1,0.58297,0.48322,0.43275,0.53961,0.3959,0.71161,0.43089,0.42079,0.38928,0,0,0.56156,0.53024,0.20262,0.20554,0.57832,0.48517,0.33109,0.3306,0.22726,0.23283,0.14774,0.030987,0.13824,0.17018,0.30325,0.32823,0.19943,0.14917,0.2553,0.072586,0.35489,0.14029,0.38816,0.23514,0.32526,0.19328,0.15866,0.13715,0.22198,0.19109,0.079749,0.11703,0.33834,0.24074,0.25736,0.37111,0.27094,0.26501,0.14237,0,0.35645,0.16232,0.52539,0.17288,0.25659,0.24791,0.51768,0.36255,0.3567,0.28909,0.19321,0.16399,0.3852,0.51079,0.44049,0.33499,0.51855,0.53882,0.35855,0.43289,0,0,0.1277,0.10483,0.22713,0.26074,0.21821,0.22106,0.1215,0.16802,0.31091,0.50818,0.4261,0.656,0.20061,0.61981,0.11987,0,0.18702,0.25411,0.23681,0.32134,0,0.45033,0,0.18614,0.14272,0.22669,0.05806,0.047473,0,0.10067,0.21809,0.12532,0.22582,0.30299,0.36314,0
0.43711,0.32743,0.3801,0.71584,0.13542,0.33081,0.58297,1,0.32852,0.42674,0.6514,0.69979,0.57905,0.60169,0.27759,0.46011,0,0.015456,0.57297,0.58803,0.21113,0.14799,0.23577,0.32842,0.13068,0.19394,0.26155,0.24747,0.17551,0.095005,0.20113,0.23092,0.25744,0.38359,0.031456,0.19388,0.23075,0.05321,0.25758,0.16213,0.15141,0.16615,0.28882,0.26641,0.098643,0.18678,0.22806,0.2323,0.10272,0.23359,0.26101,0.33299,0.19498,0.34206,0.25959,0.24732,0.22885,0.18395,0.36911,0.51404,0.60878,0.66311,0.046685,0.44531,0.25345,0.51767,0.23479,0.3189,0.27792,0.26835,0.38617,0.33695,0.32596,0.36107,0.49575,0.44192,0.22447,0.29961,0.042196,0,0.091634,0.12701,0.21141,0.27136,0.20498,0.23994,0.22098,0.11488,0.22081,0.48125,0.50658,0.37849,0.4767,0.31341,0.095477,0,0.21939,0.23454,0.282,0.34232,0.27985,0.33238,0.26081,0.26157,0.11187,0.11692,0.1673,0.2368,0.082342,0.079366,0.26645,0.15586,0.1431,0.25332,0.18597,0
0.17764,0.04936,0.2884,0.22861,0.78032,0.75352,0.48322,0.32852,1,0.85109,0.22759,0.15343,0.48097,0.23186,0.59836,0.40755,0,0,0.20085,0.22024,0.30792,0.22455,0.33515,0.22353,0.27515,0.21731,0.4384,0.42722,0,0,0.16188,0.10208,0.14942,0.06461,0.19257,0.20284,0.29772,0.053828,0.31437,0.013289,0.15608,0,0.18056,0.12454,0.028197,0,0.070123,0.14659,0.011276,0.081688,0.25152,0.19691,0.18478,0.27779,0.36363,0.28332,0.095394,0.064345,0.27071,0.33486,0.43737,0.39824,0.21842,0.2491,0.55585,0.44823,0.23112,0.16826,0.32474,0.32869,0.30709,0.3071,0.25883,0.20758,0.33322,0.33742,0.36192,0.39955,0,0,0.034814,0.063295,0.10239,0.005719,0.19514,0.026064,0.2459,0.029599,0.51419,0.28458,0.37667,0.33361,0.18225,0.42953,0.088086,0.027739,0.19435,0.13981,0.22901,0.1417,0.13091,0.28069,0.22034,0.19932,0.12381,0.15735,0.23852,0.19787,0.056786,0.056791,0.2087,0.13112,0.19508,0.40065,0.24001,0
0.14709,0,0.22395,0.25813,0.63146,0.85097,0.43275,0.42674,0.85109,1,0.22396,0.21055,0.36197,0.2566,0.45254,0.44729,0,0,0.17366,0.19014,0.22774,0.11843,0.28058,0.22821,0.26234,0.23724,0.40804,0.38886,0,0,0.13283,0.084287,0.19809,0.11483,0.20225,0.22122,0.24869,0.07168,0.24052,0.089177,0.12181,0.0029467,0.2043,0.17022,0.02304,0.029857,0.052565,0.11308,0.0083469,0.085844,0.26755,0.21202,0.15036,0.27954,0.24535,0.24392,0.059143,0,0.23746,0.34307,0.44336,0.51198,0.23553,0.30986,0.52803,0.55111,0.23937,0.23154,0.23314,0.24155,0.28749,0.26296,0.18122,0.14454,0.29373,0.32513,0.34752,0.40009,0,0,0.0082207,0.044426,0.048982,0.030866,0.2661,0.098981,0.21688,0.093987,0.42297,0.32752,0.28427,0.27305,0.16363,0.30961,0,0,0.062827,0.096323,0.12282,0.070858,0.087916,0.19359,0.12478,0.10956,0.1168,0.17538,0.16666,0.14432,0,0,0.098845,0.027852,0.087712,0.38049,0.2462,0
0.55683,0.34485,0.23666,0.26625,0.11452,0.13719,0.53961,0.6514,0.22759,0.22396,1,0.78656,0.81999,0.68371,0.37416,0.44497,0.22045,0.23824,0.67248,0.65733,0.23817,0.15603,0,0,0.025695,0,0.23681,0.23177,0.36327,0.32691,0.043868,0.071164,0.15562,0.26991,0,0,0.20773,0.064054,0.032214,0.19335,0.29705,0.27974,0.32452,0.30916,0.14918,0.23659,0.3455,0.28377,0.14809,0.30109,0.24343,0.326,0.19782,0.23129,0.25537,0.093082,0.26149,0.14327,0.4784,0.44663,0.68378,0.38843,0.097219,0.39951,0.048511,0.11439,0.09057,0.18792,0.22942,0.22038,0.21043,0.18707,0.48769,0.45256,0.55019,0.55649,0.09985,0.21279,0.11769,0.052492,0.22013,0.29321,0.36434,0.40051,0.16519,0.26334,0.082617,0.088221,0.16291,0.31663,0.41789,0.35583,0.30228,0.25038,0,0,0.13654,0.14813,0.31021,0.41958,0.24382,0.34212,0.23992,0.28623,0,0,0.084126,0.27808,0.0085554,0.026071,0.24431,0.21444,0.29188,0.19129,0.12004,0
0.55068,0.43309,0.20804,0.39689,0.054367,0.10397,0.3959,0.69979,0.15343,0.21055,0.78656,1,0.62533,0.79894,0.34287,0.48523,0.16554,0.30131,0.64807,0.66869,0.13834,0.06563,0.064572,0.096022,0,0,0.1523,0.17503,0.16497,0.23576,0.058142,0.14804,0.084731,0.1851,0,0,0.015431,0,0,0.03907,0.074568,0.13583,0.26158,0.27232,0.077651,0.18679,0.30852,0.24592,0.1156,0.22642,0.14487,0.25706,0.14294,0.22753,0.11163,0.052937,0.28128,0.28675,0.27777,0.34914,0.4892,0.45094,0.0016534,0.36085,0.05086,0.18163,0.026865,0.14476,0.28206,0.3057,0.14905,0.13187,0.29059,0.34954,0.3821,0.41071,0.048895,0.10402,0.14927,0.031802,0.15504,0.27494,0.24183,0.33937,0.24563,0.32586,0.11661,0.072957,0.070421,0.42299,0.40135,0.34677,0.35996,0.27797,0,0,0.029019,0.11953,0.20598,0.29809,0.22004,0.34015,0.18814,0.28128,0,0,0.031566,0.19932,0,0,0.17639,0.10613,0.13664,0.064353,0.084858,0
0.49208,0.21555,0.51022,0.36288,0.27245,0.27989,0.71161,0.57905,0.48097,0.36197,0.81999,0.62533,1,0.71514,0.56487,0.43573,0.10825,0.16036,0.58308,0.56421,0.3422,0.27692,0.346,0.2621,0.29003,0.2064,0.31187,0.27427,0.21835,0.21824,0.12305,0.16354,0.21604,0.24549,0.14464,0.15076,0.24517,0.020811,0.1887,0.21765,0.36969,0.29822,0.30006,0.24516,0.18207,0.22561,0.24381,0.22431,0.068832,0.22533,0.28341,0.23706,0.16602,0.21549,0.26077,0.139,0.20448,0.080734,0.37661,0.30262,0.63526,0.30255,0.15927,0.29764,0.3738,0.29102,0.24185,0.26229,0.27679,0.22274,0.33669,0.3522,0.53721,0.4866,0.59341,0.59516,0.25933,0.32203,0.087554,0.023788,0.1647,0.23883,0.33471,0.30322,0.24142,0.23029,0.15206,0.1271,0.33969,0.4016,0.4468,0.48868,0.286,0.40913,0,0,0.13123,0.132,0.21469,0.3153,0.058152,0.3315,0.10578,0.18722,0,0.054275,0.036221,0.19015,0.032573,0.032252,0.24712,0.10196,0.22973,0.19611,0.23225,0
0.45726,0.32274,0.31649,0.42207,0.11554,0.13148,0.43089,0.60169,0.23186,0.2566,0.68371,0.79894,0.71514,1,0.48257,0.53368,0.19231,0.28093,0.54935,0.55026,0.1792,0.099304,0.31103,0.32425,0.17869,0.080555,0.20436,0.17401,0.14569,0.17392,0.18093,0.31854,0.20912,0.25275,0.10403,0.17051,0.13793,0,0.16837,0.18552,0.17088,0.26329,0.28934,0.23015,0.10977,0.16006,0.3212,0.27054,0.15338,0.27375,0.28569,0.28961,0.21001,0.25285,0.22161,0.13149,0.26577,0.20899,0.34419,0.34065,0.47286,0.3999,0.16341,0.41438,0.26137,0.39611,0.25603,0.35014,0.25473,0.2484,0.21389,0.13178,0.39415,0.42015,0.46782,0.45501,0.20286,0.23496,0.093389,0,0.15285,0.23884,0.27529,0.22875,0.43627,0.42374,0.16951,0.11264,0.33881,0.52432,0.4821,0.34078,0.38492,0.3655,0,0,0.091626,0.06994,0.2596,0.1988,0.17991,0.33666,0.1388,0.19886,0,0.038189,0.075935,0.14423,0.062958,0.039548,0.25516,0.10957,0.17752,0.1182,0.14568,0
0.32084,0.14728,0.31029,0.20014,0.52717,0.40614,0.42079,0.27759,0.59836,0.45254,0.37416,0.34287,0.56487,0.48257,1,0.70459,0.21342,0.26685,0.45614,0.40965,0.38739,0.38608,0.37286,0.25089,0.22788,0.1949,0.47286,0.41928,0.28634,0.33806,0.34762,0.33487,0.25202,0.19267,0.033149,0.054713,0.31175,0.18515,0.26294,0.17279,0.44874,0.28749,0.33895,0.2996,0.22234,0.23514,0.26715,0.27576,0.17649,0.25592,0.24053,0.15207,0.22824,0.29106,0.30135,0.24409,0.090058,0.066556,0.12452,0.22006,0.28314,0.25355,0.43162,0.36059,0.42298,0.26793,0.12127,0.11773,0.28575,0.29914,0.32294,0.34234,0.42059,0.40797,0.43051,0.38505,0.24822,0.30316,0.24263,0.21451,0.41731,0.43231,0.62443,0.43136,0.5197,0.31795,0.34286,0.28018,0.44885,0.35366,0.37991,0.33791,0.2413,0.38268,0,0,0.087565,0.12124,0.24317,0.25433,0.16668,0.25931,0.28556,0.27011,0,0,0.2482,0.32267,0,0.00559,0.16296,0.15746,0.25867,0.20178,0.11349,0
0.29391,0.16601,0.17249,0.22797,0.31712,0.39114,0.38928,0.46011,0.40755,0.44729,0.44497,0.48523,0.43573,0.53368,0.70459,1,0.40051,0.28743,0.49813,0.45414,0.38882,0.31159,0.14812,0.12671,0.032939,0.12114,0.33511,0.34496,0.43362,0.50542,0.23684,0.27901,0.19879,0.21785,0,0,0.27088,0.18784,0.17362,0.22522,0.33497,0.32666,0.47737,0.45385,0.29717,0.33539,0.43979,0.37403,0.37183,0.37595,0.35273,0.32303,0.36844,0.47084,0.2856,0.31088,0.14247,0.00212,0.15274,0.34591,0.42066,0.40574,0.5727,0.65916,0.13612,0.22561,0,0.12947,0.16508,0.25766,0.35836,0.31111,0.31366,0.40774,0.36805,0.39694,0.12586,0.2617,0.30686,0.23779,0.56973,0.57078,0.65755,0.66985,0.52595,0.50238,0.42371,0.40386,0.31526,0.39539,0.41128,0.26985,0.27902,0.21189,0,0,0,0.055915,0.2193,0.29736,0.18388,0.24222,0.2492,0.2913,0,0,0.14531,0.42574,0,0,0.076752,0.22544,0.3257,0.217,0.082175,0
0.094667,0.0099915,0,0,0,0,0,0,0,0,0.22045,0.16554,0.10825,0.19231,0.21342,0.40051,1,0.58576,0.090117,0.041202,0.093055,0.071329,0,0,0.0051209,0.05787,0,0.07369,0.65508,0.73205,0.064767,0.14143,0.092782,0.10305,0,0,0.17113,0.25483,0,0.29977,0.26695,0.36546,0.27766,0.29442,0.41223,0.4371,0.31704,0.21721,0.37498,0.43538,0.17364,0.1576,0.19947,0.1404,0.12577,0.03858,0.20438,0,0.0066911,0.019274,0.21294,0,0.58738,0.37636,0,0,0,0,0,0.059834,0,0,0.19477,0.23446,0.032133,0.17084,0,0,0.61523,0.60248,0.7076,0.72558,0.48123,0.62471,0.37649,0.45585,0.2797,0.36054,0.14727,0.16683,0,0,0,0,0,0,0,0,0.031194,0.1288,0,0,0,0,0,0,0,0.29229,0,0,0,0.1829,0.21919,0,0,0
0.24806,0.22126,0,0,0.020566,0,0,0.015456,0,0,0.23824,0.30131,0.16036,0.28093,0.26685,0.28743,0.58576,1,0.20344,0.18161,0.12436,0.083062,0,0,0.12919,0.13869,0.090421,0.14414,0.41314,0.63051,0.21135,0.23667,0.18196,0.1943,0,0,0.082327,0.26964,0,0.30551,0.20624,0.43083,0.12294,0.12851,0.27784,0.33135,0.14353,0.068251,0.20979,0.28678,0.11995,0.079783,0.042807,0,0.041192,0,0.20792,0.19999,0.057483,0.0070889,0.17791,0,0.34682,0.23263,0.043808,0,0,0.059639,0.12594,0.055825,0,0.04143,0.26014,0.39419,0.092294,0.17426,0,0,0.37877,0.52928,0.39063,0.53213,0.38891,0.4269,0.29539,0.34094,0.23224,0.31669,0.13673,0.15815,0.059004,0,0.056908,0,0,0,0,0,0.045592,0.086166,0.031288,0,0.01696,0,0,0,0,0.16538,0,0,0,0.031132,0.14404,0,0,0
0.79559,0.66117,0.47591,0.5145,0.1421,0.20724,0.56156,0.57297,0.20085,0.17366,0.67248,0.64807,0.58308,0.54935,0.45614,0.49813,0.090117,0.20344,1,0.96628,0.42014,0.37751,0.22324,0.17695,0.16279,0.12106,0.37886,0.35323,0.22343,0.23064,0.16729,0.18,0.35177,0.47153,0.059371,0.091879,0.26935,0.12666,0.37586,0.17597,0.30404,0.30012,0.51495,0.49195,0.34924,0.40406,0.5272,0.51453,0.33495,0.41812,0.32257,0.42524,0.40869,0.47721,0.43853,0.38085,0.4946,0.4339,0.49205,0.48925,0.42573,0.23711,0.068769,0.30092,0.16377,0.191,0.36091,0.416,0.53524,0.54398,0.46876,0.48692,0.48865,0.50777,0.587,0.57561,0.20004,0.33203,0.18216,0,0.3136,0.27755,0.40778,0.39831,0.30436,0.34371,0.24445,0.181,0.26966,0.50468,0.54813,0.52283,0.4033,0.44606,0.12273,0,0.3349,0.36346,0.53977,0.57329,0.36164,0.5232,0.47115,0.55166,0.089214,0.16908,0.28503,0.2912,0.082835,0.13866,0.42623,0.34655,0.38873,0.34529,0.23099,0
0.80329,0.69985,0.4588,0.55521,0.1546,0.21366,0.53024,0.58803,0.22024,0.19014,0.65733,0.66869,0.56421,0.55026,0.40965,0.45414,0.041202,0.18161,0.96628,1,0.39108,0.31891,0.22708,0.18347,0.16272,0.10516,0.36318,0.329,0.15917,0.15314,0.15725,0.15904,0.32,0.4346,0.063843,0.10119,0.21563,0.077051,0.33136,0.11839,0.23311,0.22208,0.45827,0.42706,0.27128,0.33911,0.4499,0.44979,0.22942,0.36181,0.24454,0.37893,0.359,0.43883,0.40025,0.32962,0.51509,0.4967,0.46357,0.49967,0.41033,0.26816,0,0.27101,0.16207,0.19796,0.33897,0.38357,0.59513,0.58239,0.43216,0.44827,0.45622,0.46074,0.58934,0.56914,0.22175,0.33294,0.16064,0,0.23083,0.20503,0.3268,0.32488,0.24507,0.26447,0.22394,0.13736,0.24596,0.47012,0.51886,0.52065,0.36904,0.4301,0.15019,0.033002,0.32386,0.35058,0.51062,0.5559,0.34492,0.51622,0.46296,0.53372,0.11739,0.18763,0.24237,0.22752,0.128,0.15007,0.40941,0.30469,0.33416,0.33497,0.25,0
0.3281,0.32054,0.18459,0.18185,0.3921,0.37738,0.20262,0.21113,0.30792,0.22774,0.23817,0.13834,0.3422,0.1792,0.38739,0.38882,0.093055,0.12436,0.42014,0.39108,1,0.84793,0.10965,0.045112,0.38425,0.3757,0.57394,0.58739,0.081857,0.19255,0.22061,0.17321,0.16721,0.16613,0.15022,0.22318,0.41222,0.26165,0.44819,0.43733,0.36698,0.41754,0.25668,0.31686,0.48229,0.45994,0.28856,0.336,0.37009,0.40537,0.39798,0.33868,0.27352,0.33172,0.41668,0.3788,0.28592,0.26518,0.31294,0.35481,0.20836,0.14978,0.099921,0.14257,0.18421,0.20973,0.32844,0.36111,0.52313,0.43769,0.60037,0.585,0.31417,0.33559,0.26492,0.29914,0.1403,0.34791,0.1968,0.072643,0.26252,0.24466,0.35082,0.29498,0.32916,0.37454,0.28899,0.28827,0.41888,0.38152,0.43057,0.28616,0.29693,0.14053,0,0,0.20169,0.10875,0.34654,0.43494,0.28135,0.32308,0.40944,0.47041,0.036167,0.17347,0.33064,0.47846,0.02583,0.02274,0.30536,0.29074,0.42716,0.30765,0.091487,0
0.27955,0.29044,0.20166,0.16209,0.34654,0.32768,0.20554,0.14799,0.22455,0.11843,0.15603,0.06563,0.27692,0.099304,0.38608,0.31159,0.071329,0.083062,0.37751,0.31891,0.84793,1,0.098824,0.036887,0.36025,0.38559,0.55457,0.56942,0.087773,0.16856,0.21531,0.17318,0.17106,0.15564,0.17795,0.25154,0.48844,0.29779,0.47594,0.388,0.35968,0.38801,0.21006,0.25251,0.41482,0.40235,0.28572,0.33914,0.35646,0.35883,0.35732,0.29105,0.28923,0.32454,0.44628,0.37353,0.25423,0.24266,0.27614,0.30317,0.14341,0.11923,0.06372,0.055705,0.18312,0.1598,0.31161,0.31447,0.51191,0.41526,0.51445,0.59712,0.32893,0.3509,0.26804,0.17567,0.20543,0.40064,0.2022,0.060289,0.25616,0.18162,0.38221,0.3137,0.28301,0.33297,0.2312,0.31788,0.39688,0.39453,0.41033,0.33165,0.31987,0.22812,0.0077582,0,0.28466,0.15825,0.34088,0.42866,0.31536,0.37948,0.40478,0.51332,0.016285,0.16998,0.39564,0.44328,0,0.10567,0.33425,0.28477,0.37073,0.24635,0.063999,0
0.1593,0,0.85701,0.67694,0.090124,0.28189,0.57832,0.23577,0.33515,0.28058,0,0.064572,0.346,0.31103,0.37286,0.14812,0,0,0.22324,0.22708,0.10965,0.098824,1,0.94032,0.6828,0.53488,0.25601,0.13115,0,0,0.38673,0.46067,0.40252,0.34727,0.55048,0.38192,0.0049653,0,0.43621,0.14078,0.2415,0.15454,0.10881,0,0.10528,0.036435,0,0,0,0,0.14136,0,0,0.11789,0.041346,0.050454,0,0,0,0,0,0,0.11592,0,0.75472,0.54773,0.51624,0.40432,0.20562,0.16623,0.32909,0.39309,0.1181,0.034643,0.26577,0.22698,0.29258,0.27557,0,0,0,0,0.0087373,0,0.31515,0.051977,0.15089,0.11329,0.29005,0.37329,0.2212,0.52879,0.1076,0.52863,0.12173,0,0.13922,0.09882,0,0,0,0.20117,0,0,0.22887,0.29062,0.084769,0,0,0.12066,0.17238,0,0,0.06742,0.3031,0
0.12943,0,0.77944,0.7639,0,0.19366,0.48517,0.32842,0.22353,0.22821,0,0.096022,0.2621,0.32425,0.25089,0.12671,0,0,0.17695,0.18347,0.045112,0.036887,0.94032,1,0.63823,0.50695,0.15686,0.031094,0,0,0.31901,0.44771,0.33726,0.31566,0.49096,0.35236,0,0,0.41089,0.18074,0.17533,0.15198,0.070691,0,0.10309,0.061176,0,0,0,0,0.13917,0,0,0.14079,0.021874,0.074084,0.0084594,0.0089303,0,0,0,0,0.074713,0.00064872,0.64572,0.58674,0.47828,0.4173,0.16915,0.15529,0.27864,0.3182,0.032604,0,0.20667,0.1605,0.23261,0.20973,0,0,0,0,0,0,0.28923,0.064002,0.17358,0.12959,0.22036,0.40143,0.18818,0.43733,0.17821,0.41992,0.12809,0.0038201,0.10458,0.095574,0,0,0,0.10367,0,0,0.22805,0.28016,0.064566,0,0,0.09081,0.11487,0,0,0,0.26518,0
0.1702,0,0.59406,0.47301,0.2775,0.38738,0.33109,0.13068,0.27515,0.26234,0.025695,0,0.29003,0.17869,0.22788,0.032939,0.0051209,0.12919,0.16279,0.16272,0.38425,0.36025,0.6828,0.63823,1,0.86872,0.61856,0.53816,0,0,0.57907,0.58682,0.39929,0.36621,0.63303,0.42522,0.21542,0.21054,0.43513,0.47211,0.30742,0.35368,0.12364,0.01064,0.43333,0.33029,0,0.022948,0,0.10761,0.24458,0.0035944,0,0.06067,0.17955,0.075669,0.16042,0.12748,0.085229,0.034209,0.042876,0,0.014128,0,0.66007,0.55914,0.66889,0.5688,0.36391,0.2742,0.35053,0.32267,0.17961,0.1525,0.23823,0.28667,0.28567,0.34024,0.1569,0.12741,0,0.094897,0.053648,0.007412,0.38389,0.23664,0.26003,0.24986,0.40218,0.39016,0.17856,0.32657,0.14151,0.26964,0,0,0.13689,0.023713,0.057663,0.029452,0,0.12939,0,0.070585,0,0.10741,0.091998,0.060441,0,0.072898,0.21312,0,0.040796,0.021493,0.028526,0
0.11498,0,0.51578,0.43601,0.23593,0.45631,0.3306,0.19394,0.21731,0.23724,0,0,0.2064,0.080555,0.1949,0.12114,0.05787,0.13869,0.12106,0.10516,0.3757,0.38559,0.53488,0.50695,0.86872,1,0.62573,0.62994,0,0.09816,0.59468,0.56414,0.30954,0.31881,0.46692,0.35338,0.26115,0.35969,0.39264,0.574,0.36344,0.43382,0.24315,0.13715,0.53682,0.41809,0.082299,0.086529,0.13059,0.19243,0.35349,0.084392,0.022417,0.13191,0.18348,0.1972,0.072343,0.0035376,0.081831,0.02874,0.089913,0,0.092612,0.0098753,0.56503,0.50727,0.55769,0.48372,0.23977,0.16527,0.33742,0.35448,0.122,0.15779,0.1725,0.23751,0.24435,0.29613,0.16922,0.21123,0.061274,0.20789,0.16195,0.16407,0.38869,0.34768,0.29173,0.38884,0.34778,0.38642,0.18294,0.28051,0.19449,0.20387,0,0,0.10838,0.058881,0.080725,0.146,0.05072,0.11155,0.024347,0.088614,0,0.10096,0.084607,0.19007,0,0.040717,0.1523,0,0.12538,0.041237,0,0
0.25266,0.15423,0.27035,0.29045,0.62654,0.59989,0.22726,0.26155,0.4384,0.40804,0.23681,0.1523,0.31187,0.20436,0.47286,0.33511,0,0.090421,0.37886,0.36318,0.57394,0.55457,0.25601,0.15686,0.61856,0.62573,1,0.91843,0.0655,0.16652,0.62711,0.4898,0.35648,0.35509,0.32027,0.2838,0.36702,0.29271,0.37624,0.37793,0.32238,0.29759,0.3072,0.2774,0.44888,0.36107,0.19719,0.22487,0.19424,0.25246,0.29932,0.15263,0.076681,0.16085,0.34062,0.23775,0.12121,0.16696,0.31053,0.34467,0.20816,0.20432,0.068974,0.1489,0.45033,0.3928,0.4894,0.41251,0.41101,0.32908,0.47713,0.37287,0.31451,0.33569,0.32263,0.34154,0.25398,0.34436,0.17805,0.11129,0.17481,0.24809,0.33907,0.23706,0.43865,0.32146,0.33157,0.27666,0.46159,0.29506,0.26701,0.17935,0.19592,0.17253,0,0,0.21352,0.12807,0.25701,0.25073,0.36558,0.27809,0.4103,0.41699,0,0.034498,0.30262,0.47155,0,0.024917,0.27269,0.07973,0.24439,0.20145,0,0
0.25109,0.1615,0.18514,0.2016,0.58595,0.61719,0.23283,0.24747,0.42722,0.38886,0.23177,0.17503,0.27427,0.17401,0.41928,0.34496,0.07369,0.14414,0.35323,0.329,0.58739,0.56942,0.13115,0.031094,0.53816,0.62994,0.91843,1,0.12744,0.2403,0.5624,0.43438,0.27965,0.25553,0.19396,0.21384,0.4139,0.31784,0.3662,0.42598,0.30455,0.31674,0.29441,0.29447,0.4587,0.3527,0.24098,0.2468,0.27162,0.28517,0.32369,0.20838,0.13192,0.18905,0.37919,0.30795,0.12859,0.13047,0.35116,0.35883,0.24268,0.20672,0.12099,0.17571,0.37037,0.3436,0.42318,0.35116,0.38968,0.31209,0.42316,0.38709,0.30423,0.35394,0.28179,0.33465,0.23059,0.32302,0.17917,0.13725,0.20978,0.28288,0.32618,0.26819,0.38436,0.35152,0.32409,0.28842,0.46659,0.33675,0.29755,0.17423,0.19855,0.18464,0,0,0.18877,0.12511,0.31722,0.30118,0.39861,0.33973,0.39313,0.4606,0,0.013918,0.29352,0.51941,0,0,0.24566,0.16406,0.32618,0.24901,0,0
0.16185,0.082312,0,0,0.00053189,0,0.14774,0.17551,0,0,0.36327,0.16497,0.21835,0.14569,0.28634,0.43362,0.65508,0.41314,0.22343,0.15917,0.081857,0.087773,0,0,0,0,0.0655,0.12744,1,0.80869,0.047892,0.027891,0.15718,0.26247,0,0,0.38609,0.45374,0,0.26154,0.40757,0.40735,0.47506,0.47222,0.39635,0.41673,0.46976,0.38115,0.48624,0.46782,0.30336,0.29051,0.36147,0.25035,0.30463,0.21332,0.17152,0,0.18358,0.18161,0.35299,0.041865,0.57582,0.46836,0,0,0,0.0040444,0,0,0.024629,0,0.44491,0.42156,0.29407,0.25351,0.18137,0.21549,0.49482,0.44967,0.76718,0.67887,0.68611,0.67329,0.32641,0.4674,0.21003,0.29092,0.097949,0.1599,0.090753,0,0.085842,0,0,0,0,0.093199,0.21813,0.30151,0.1654,0,0.097989,0.037199,0,0,0,0.30754,0,0,0.034062,0.19844,0.28947,0,0,0
0.13036,0.097144,0,0,0.078758,0,0.030987,0.095005,0,0,0.32691,0.23576,0.21824,0.17392,0.33806,0.50542,0.73205,0.63051,0.23064,0.15314,0.19255,0.16856,0,0,0,0.09816,0.16652,0.2403,0.80869,1,0.17277,0.15501,0.14431,0.21476,0,0,0.25718,0.38984,0,0.36326,0.31172,0.43531,0.42791,0.46571,0.54992,0.57463,0.43839,0.31634,0.53486,0.55162,0.28827,0.22861,0.263,0.16309,0.24156,0.10867,0.13999,0,0.10872,0.14783,0.26165,0,0.50234,0.40587,0,0,0,0,0,0.0028489,0.072586,0.019333,0.33013,0.46042,0.19142,0.2989,0,0.044666,0.62333,0.68982,0.74974,0.8661,0.68164,0.7496,0.33522,0.50403,0.41522,0.40122,0.16638,0.11019,0.094584,0,0.069154,0,0,0,0,0,0.13878,0.20671,0.11707,0,0.068737,0.032101,0,0,0,0.42036,0,0,0,0.18249,0.33108,0,0,0
0.013494,0,0.27331,0.29901,0.31838,0.25558,0.13824,0.20113,0.16188,0.13283,0.043868,0.058142,0.12305,0.18093,0.34762,0.23684,0.064767,0.21135,0.16729,0.15725,0.22061,0.21531,0.38673,0.31901,0.57907,0.59468,0.62711,0.5624,0.047892,0.17277,1,0.91353,0.52834,0.52817,0.39875,0.33652,0.19515,0.21563,0.22136,0.29057,0.25255,0.27964,0.19752,0.12843,0.29198,0.19037,0.075291,0.040857,0.053591,0.050525,0.045078,0,0,0,0.048792,0,0,0.043384,0.070978,0.11981,0.068863,0.17753,0.19489,0.22077,0.4676,0.41907,0.4315,0.32073,0.10796,0.068671,0.2881,0.16361,0.1459,0.23526,0.19016,0.13139,0.14397,0.1351,0.10709,0.093769,0.15933,0.17554,0.31093,0.22457,0.41197,0.23498,0.26031,0.21357,0.24212,0.11089,0.061578,0.029114,0.040021,0.095714,0,0,0.11249,0,0.061316,0,0.16426,0.13594,0.19804,0.20505,0,0,0.18023,0.23586,0,0,0.12235,0.0098382,0.062554,0.038555,0,0
0.055828,0,0.32128,0.34324,0.21822,0.1544,0.17018,0.23092,0.10208,0.084287,0.071164,0.14804,0.16354,0.31854,0.33487,0.27901,0.14143,0.23667,0.18,0.15904,0.17321,0.17318,0.46067,0.44771,0.58682,0.56414,0.4898,0.43438,0.027891,0.15501,0.91353,1,0.50255,0.50764,0.40315,0.32078,0.12333,0.13698,0.24718,0.34778,0.20854,0.31359,0.19328,0.11433,0.29496,0.19398,0.10311,0.064303,0.06659,0.068277,0.08436,0,0,0,0.078643,0,0.014063,0.063318,0.05579,0.1063,0.082204,0.19571,0.22951,0.27488,0.43743,0.4408,0.43374,0.36653,0.11197,0.11697,0.21234,0.097692,0.090563,0.22063,0.18351,0.14673,0.076438,0.083922,0.11874,0.059745,0.1949,0.17925,0.32533,0.26834,0.46879,0.27513,0.33567,0.30098,0.26675,0.22669,0.12057,0.057133,0.11738,0.15544,0,0,0.074877,0,0.075772,0,0.10096,0.1812,0.11442,0.17747,0,0,0.15276,0.19127,0,0,0.1001,0.057568,0.088221,0.044027,0,0
0.32015,0.22173,0.38018,0.37621,0.16249,0.27087,0.30325,0.25744,0.14942,0.19809,0.15562,0.084731,0.21604,0.20912,0.25202,0.19879,0.092782,0.18196,0.35177,0.32,0.16721,0.17106,0.40252,0.33726,0.39929,0.30954,0.35648,0.27965,0.15718,0.14431,0.52834,0.50255,1,0.88581,0.47568,0.45072,0.19864,0.18969,0.29035,0.12072,0.33972,0.3037,0.34947,0.22934,0.30521,0.2391,0.31175,0.25118,0.24934,0.19625,0.28005,0.057743,0.13394,0.030269,0.26233,0.13697,0.25686,0.2246,0.23008,0.17701,0.24658,0.14271,0.33301,0.30587,0.4292,0.40931,0.59901,0.53599,0.20749,0.20769,0.36227,0.30187,0.37194,0.37871,0.45657,0.38246,0.29823,0.30018,0.14781,0,0.25541,0.13247,0.25391,0.20498,0.39729,0.20062,0.29219,0.13883,0.20655,0.2397,0.059877,0.14835,0,0.15432,0.12014,0,0.30577,0.25403,0.17439,0.16941,0,0.19565,0.15292,0.20884,0.24413,0.32888,0.11104,0.097781,0.0619,0.22344,0.34728,0.053946,0.14924,0.20372,0.40167,0
0.3312,0.27921,0.40243,0.4449,0.10661,0.21195,0.32823,0.38359,0.06461,0.11483,0.26991,0.1851,0.24549,0.25275,0.19267,0.21785,0.10305,0.1943,0.47153,0.4346,0.16613,0.15564,0.34727,0.31566,0.36621,0.31881,0.35509,0.25553,0.26247,0.21476,0.52817,0.50764,0.88581,1,0.44367,0.42029,0.23501,0.23809,0.32336,0.1842,0.29088,0.35295,0.46567,0.3598,0.39683,0.34324,0.39972,0.3557,0.3035,0.28548,0.30027,0.12341,0.17338,0.088042,0.31578,0.16795,0.31786,0.24485,0.32339,0.28959,0.36352,0.19569,0.30979,0.37544,0.35718,0.39208,0.6039,0.58051,0.18978,0.22508,0.42235,0.33574,0.38416,0.38591,0.45077,0.40707,0.30741,0.3286,0.16492,0.012907,0.33221,0.18498,0.34015,0.2955,0.43339,0.23803,0.30636,0.20247,0.24457,0.25665,0.22689,0.18004,0.14864,0.17401,0.14058,0.016576,0.37873,0.2852,0.31033,0.28789,0.15184,0.24987,0.28962,0.29446,0.19729,0.2837,0.1623,0.15615,0.075007,0.24763,0.40305,0.18506,0.253,0.25737,0.25163,0
0.026759,0.0023103,0.43851,0.33038,0.19022,0.31051,0.19943,0.031456,0.19257,0.20225,0,0,0.14464,0.10403,0.033149,0,0,0,0.059371,0.063843,0.15022,0.17795,0.55048,0.49096,0.63303,0.46692,0.32027,0.19396,0,0,0.39875,0.40315,0.47568,0.44367,1,0.8148,0.24754,0.16234,0.53246,0.22444,0.14453,0.14254,0.078532,0,0.13056,0.020844,0,0.062924,0,0,0.13056,0,0,0,0.14676,0.05165,0.14713,0.15506,0.18297,0.091977,0.040571,0.065776,0,0,0.65653,0.599,0.80292,0.67407,0.31057,0.21708,0.23466,0.20785,0.1728,0.115,0.29807,0.1778,0.45174,0.4073,0,0,0,0,0,0,0.24892,0,0.029115,0.048317,0.30091,0.22777,0.19179,0.31,0.18397,0.38227,0.32845,0.26278,0.44692,0.23542,0.087522,0,0.042754,0.29388,0.1039,0.18245,0.35216,0.44575,0.26809,0,0.23712,0.39412,0.4226,0.0036372,0.027502,0.23854,0.27739,0.11844
0,0.051799,0.28415,0.32772,0.18745,0.31881,0.14917,0.19388,0.20284,0.22122,0,0,0.15076,0.17051,0.054713,0,0,0,0.091879,0.10119,0.22318,0.25154,0.38192,0.35236,0.42522,0.35338,0.2838,0.21384,0,0,0.33652,0.32078,0.45072,0.42029,0.8148,1,0.36705,0.19642,0.55524,0.21262,0.14859,0.15514,0.076351,0,0.037261,0,0.053064,0.13284,0.008425,0,0.19316,0.017915,0.040958,0,0.20806,0.11484,0.13604,0.12627,0.26181,0.24445,0.16983,0.25509,0,0.0035882,0.4956,0.61179,0.70685,0.66769,0.29125,0.21412,0.34987,0.31206,0.2737,0.29478,0.36299,0.20775,0.53578,0.50105,0,0,0,0,0,0,0.21425,0.031798,0.029232,0.042377,0.21831,0.23505,0.27183,0.32915,0.24627,0.35897,0.43124,0.28688,0.50711,0.29353,0.11851,0.062001,0.1688,0.36637,0.24837,0.29531,0.43653,0.48532,0.38041,0,0.29971,0.52002,0.50438,0.067314,0.067291,0.28448,0.30972,0.12852
0.19087,0.20146,0.099553,0.084997,0.34628,0.35027,0.2553,0.23075,0.29772,0.24869,0.20773,0.015431,0.24517,0.13793,0.31175,0.27088,0.17113,0.082327,0.26935,0.21563,0.41222,0.48844,0.0049653,0,0.21542,0.26115,0.36702,0.4139,0.38609,0.25718,0.19515,0.12333,0.19864,0.23501,0.24754,0.36705,1,0.67866,0.59954,0.42845,0.45009,0.27402,0.3431,0.30157,0.2859,0.28053,0.43363,0.51976,0.38398,0.42227,0.46408,0.44289,0.4881,0.45587,0.61985,0.46505,0.35158,0.13963,0.45434,0.48465,0.38678,0.3219,0.30545,0.32888,0.17165,0.30949,0.39734,0.44029,0.31457,0.33688,0.25806,0.26428,0.50208,0.45016,0.45329,0.2847,0.58177,0.67088,0.17504,0.01122,0.40131,0.23784,0.42736,0.26143,0.39489,0.39429,0.15389,0.22488,0.53381,0.45363,0.53059,0.34866,0.4452,0.36367,0.14083,0.096553,0.51625,0.33874,0.48669,0.40917,0.45095,0.41478,0.43722,0.41959,0.079252,0.15901,0.49712,0.29232,0.067557,0.35334,0.5522,0.4401,0.37173,0.37603,0.083311,0
0.11141,0.1224,0,0,0.14459,0.20166,0.072586,0.05321,0.053828,0.07168,0.064054,0,0.020811,0,0.18515,0.18784,0.25483,0.26964,0.12666,0.077051,0.26165,0.29779,0,0,0.21054,0.35969,0.29271,0.31784,0.45374,0.38984,0.21563,0.13698,0.18969,0.23809,0.16234,0.19642,0.67866,1,0.39746,0.64654,0.54969,0.49575,0.43929,0.38267,0.50557,0.4511,0.39545,0.41368,0.42317,0.46682,0.48486,0.3483,0.38923,0.32859,0.46257,0.4566,0.2173,0.104,0.25146,0.21279,0.17158,0.033176,0.30288,0.25249,0.070499,0.1751,0.30997,0.3382,0.15256,0.17373,0.11353,0.12806,0.34631,0.32572,0.24718,0.13397,0.39793,0.4329,0.24043,0.26204,0.40865,0.34862,0.44649,0.35025,0.39648,0.45125,0.24745,0.45433,0.35981,0.30217,0.17729,0.080078,0.23867,0,0.039884,0,0.33968,0.30785,0.31171,0.40762,0.3124,0.05259,0.26251,0.12547,0,0.060914,0.31481,0.24076,0.06402,0.23859,0.28987,0.17823,0.30903,0.15035,0,0
0.29454,0.30574,0.43039,0.44571,0.27413,0.35485,0.35489,0.25758,0.31437,0.24052,0.032214,0,0.1887,0.16837,0.26294,0.17362,0,0,0.37586,0.33136,0.44819,0.47594,0.43621,0.41089,0.43513,0.39264,0.37624,0.3662,0,0,0.22136,0.24718,0.29035,0.32336,0.53246,0.55524,0.59954,0.39746,1,0.43989,0.33924,0.32082,0.31954,0.22925,0.30191,0.22445,0.32159,0.44766,0.28727,0.25499,0.47865,0.41248,0.43261,0.46954,0.61137,0.61442,0.3745,0.29537,0.46109,0.46738,0.22554,0.22612,0.094231,0.14883,0.42679,0.55879,0.71835,0.72047,0.4575,0.49318,0.43389,0.45206,0.3598,0.36679,0.38757,0.24194,0.54115,0.62453,0,0,0.10651,0,0.19647,0.025013,0.40024,0.29885,0.30476,0.29018,0.54167,0.62932,0.55094,0.50697,0.44598,0.55127,0.44074,0.30412,0.67883,0.52873,0.52401,0.42346,0.34888,0.55027,0.37129,0.4521,0.3064,0.36529,0.60823,0.16876,0.32093,0.35753,0.61606,0.39462,0.36728,0.48229,0.23253,0.042675
0.15139,0.055699,0.13985,0.13233,0.058317,0.16585,0.14029,0.16213,0.013289,0.089177,0.19335,0.03907,0.21765,0.18552,0.17279,0.22522,0.29977,0.30551,0.17597,0.11839,0.43733,0.388,0.14078,0.18074,0.47211,0.574,0.37793,0.42598,0.26154,0.36326,0.29057,0.34778,0.12072,0.1842,0.22444,0.21262,0.42845,0.64654,0.43989,1,0.46082,0.66615,0.31132,0.30226,0.63793,0.60152,0.24757,0.25195,0.3518,0.46041,0.5055,0.34857,0.24398,0.25817,0.38726,0.38606,0.15657,0.048151,0.27277,0.21195,0.2382,0.056503,0.22477,0.21068,0.21,0.33778,0.37756,0.46734,0.20312,0.17521,0.20542,0.2049,0.23371,0.30911,0.13178,0.1546,0.09505,0.22376,0.21626,0.3131,0.28119,0.35191,0.41324,0.41476,0.4826,0.55606,0.43672,0.68071,0.4905,0.46423,0.25513,0.10457,0.27307,0,0,0,0.10189,0.15141,0.25642,0.30445,0.19786,0.037955,0.0769,0.057543,0,0,0.1088,0.35262,0,0,0.082991,0.17058,0.35508,0.14646,0,0
0.30978,0.04836,0.3194,0.15866,0.097678,0.23093,0.38816,0.15141,0.15608,0.12181,0.29705,0.074568,0.36969,0.17088,0.44874,0.33497,0.26695,0.20624,0.30404,0.23311,0.36698,0.35968,0.2415,0.17533,0.30742,0.36344,0.32238,0.30455,0.40757,0.31172,0.25255,0.20854,0.33972,0.29088,0.14453,0.14859,0.45009,0.54969,0.33924,0.46082,1,0.68644,0.29144,0.19484,0.37269,0.31881,0.23399,0.15543,0.27596,0.29426,0.43818,0.23783,0.24154,0.21842,0.27959,0.29178,0.040258,0,0.20673,0,0.2212,0,0.35901,0.19526,0.29023,0.21794,0.27841,0.27117,0.12224,0.080055,0.26777,0.37988,0.55848,0.47766,0.36208,0.28977,0.22936,0.27842,0.25488,0.19701,0.34687,0.33559,0.50888,0.38971,0.45816,0.46971,0.25213,0.38531,0.24814,0.3345,0.10215,0.235,0.032825,0.15231,0,0,0.17649,0.26942,0.20457,0.3353,0.04052,0.092112,0.071499,0.072367,0,0.066533,0.18857,0.30991,0,0.06133,0.1462,0.044622,0.24357,0.084395,0.11005,0
0.24516,0.09289,0.23188,0.15757,0.0061077,0.12238,0.23514,0.16615,0,0.0029467,0.27974,0.13583,0.29822,0.26329,0.28749,0.32666,0.36546,0.43083,0.30012,0.22208,0.41754,0.38801,0.15454,0.15198,0.35368,0.43382,0.29759,0.31674,0.40735,0.43531,0.27964,0.31359,0.3037,0.35295,0.14254,0.15514,0.27402,0.49575,0.32082,0.66615,0.68644,1,0.2993,0.23769,0.51185,0.45803,0.23903,0.1735,0.40903,0.43389,0.49698,0.29989,0.25405,0.17388,0.29057,0.31414,0.07261,0,0.28901,0.082438,0.21247,0,0.31909,0.23689,0.20239,0.24879,0.3354,0.38786,0.09169,0.061038,0.31589,0.33652,0.46181,0.51689,0.28791,0.28275,0.12371,0.17523,0.24161,0.29139,0.39502,0.41382,0.52874,0.47051,0.5061,0.60178,0.40011,0.52501,0.26429,0.39068,0.14285,0.071226,0.10558,0,0,0,0.04773,0.18572,0.17717,0.3032,0.10106,0.0041148,0.05981,0.036557,0,0,0.082091,0.35807,0.036371,0,0.1006,0.021529,0.28707,0,0,0
0.3657,0.35769,0.24568,0.1961,0.21827,0.2844,0.32526,0.28882,0.18056,0.2043,0.32452,0.26158,0.30006,0.28934,0.33895,0.47737,0.27766,0.12294,0.51495,0.45827,0.25668,0.21006,0.10881,0.070691,0.12364,0.24315,0.3072,0.29441,0.47506,0.42791,0.19752,0.19328,0.34947,0.46567,0.078532,0.076351,0.3431,0.43929,0.31954,0.31132,0.29144,0.2993,1,0.92082,0.67694,0.6026,0.85133,0.83007,0.70004,0.62392,0.59376,0.54606,0.62781,0.61859,0.52095,0.53087,0.41927,0.25489,0.29443,0.37774,0.32419,0.083803,0.43273,0.49784,0.010457,0.068344,0.3374,0.44308,0.20537,0.39486,0.29547,0.29567,0.27073,0.36039,0.4095,0.41601,0.3398,0.4388,0.216,0.099939,0.59245,0.4644,0.54197,0.52869,0.49674,0.50146,0.34011,0.33311,0.30727,0.40866,0.38115,0.24862,0.32225,0.20561,0.015447,0,0.31154,0.35903,0.45973,0.56952,0.28905,0.25595,0.34027,0.30054,0.091986,0.19354,0.20393,0.29127,0.011757,0.068998,0.41932,0.41006,0.50271,0.34682,0.21306,0
0.34538,0.40444,0.075709,0.089679,0.19864,0.23175,0.19328,0.26641,0.12454,0.17022,0.30916,0.27232,0.24516,0.23015,0.2996,0.45385,0.29442,0.12851,0.49195,0.42706,0.31686,0.25251,0,0,0.01064,0.13715,0.2774,0.29447,0.47222,0.46571,0.12843,0.11433,0.22934,0.3598,0,0,0.30157,0.38267,0.22925,0.30226,0.19484,0.23769,0.92082,1,0.68699,0.67315,0.81059,0.80989,0.70236,0.65618,0.50848,0.54966,0.58174,0.60196,0.47731,0.52678,0.42894,0.29822,0.24286,0.40617,0.32324,0.15276,0.41967,0.50605,0,0,0.18494,0.32781,0.22452,0.40427,0.28696,0.26821,0.18984,0.31059,0.25535,0.34255,0.20775,0.32209,0.21939,0.11328,0.61739,0.47562,0.52103,0.54497,0.44927,0.472,0.34617,0.31816,0.28015,0.35367,0.36868,0.15704,0.33648,0.091447,0,0,0.21461,0.28169,0.4376,0.57737,0.33967,0.22469,0.39851,0.34021,0.026415,0.10991,0.18431,0.34524,0.0049462,0,0.33115,0.42919,0.5308,0.35903,0.14009,0
0.29267,0.29077,0.20373,0.13847,0.15228,0.18601,0.15866,0.098643,0.028197,0.02304,0.14918,0.077651,0.18207,0.10977,0.22234,0.29717,0.41223,0.27784,0.34924,0.27128,0.48229,0.41482,0.10528,0.10309,0.43333,0.53682,0.44888,0.4587,0.39635,0.54992,0.29198,0.29496,0.30521,0.39683,0.13056,0.037261,0.2859,0.50557,0.30191,0.63793,0.37269,0.51185,0.67694,0.68699,1,0.91884,0.58483,0.55719,0.72269,0.74461,0.63271,0.45985,0.42765,0.42378,0.43268,0.44533,0.38611,0.28267,0.23675,0.20704,0.18845,0,0.31311,0.2456,0.092613,0.10258,0.39236,0.47968,0.278,0.38282,0.34434,0.26856,0.1743,0.30623,0.12523,0.31874,0.098671,0.23741,0.45066,0.46117,0.54427,0.63557,0.517,0.57303,0.50073,0.62295,0.53225,0.57391,0.35185,0.40797,0.20416,0.063938,0.17269,0,0,0,0.054966,0.17115,0.28064,0.42664,0.17002,0.054004,0.18433,0.17348,0,0,0,0.46302,0,0,0.1446,0.22562,0.46682,0.13097,0,0
0.38465,0.3945,0.14213,0.14856,0.076948,0.098282,0.13715,0.18678,0,0.029857,0.23659,0.18679,0.22561,0.16006,0.23514,0.33539,0.4371,0.33135,0.40406,0.33911,0.45994,0.40235,0.036435,0.061176,0.33029,0.41809,0.36107,0.3527,0.41673,0.57463,0.19037,0.19398,0.2391,0.34324,0.020844,0,0.28053,0.4511,0.22445,0.60152,0.31881,0.45803,0.6026,0.67315,0.91884,1,0.52418,0.53286,0.65116,0.79824,0.55646,0.50451,0.41494,0.45588,0.38981,0.4105,0.46311,0.38103,0.21926,0.28727,0.25213,0.0076234,0.28186,0.28204,0.023204,0.07704,0.27816,0.42922,0.3523,0.44914,0.324,0.22877,0.17364,0.30208,0.14152,0.33434,0.027559,0.1714,0.49272,0.46137,0.56391,0.66322,0.51472,0.61069,0.47365,0.59852,0.51624,0.57383,0.32555,0.44023,0.24178,0.049359,0.26098,0,0,0,0.00030001,0.13769,0.23902,0.41973,0.18951,0.0029751,0.17777,0.15008,0,0,0,0.46008,0,0,0.10726,0.23963,0.39823,0.10843,0,0
0.40892,0.46818,0.11904,0.10478,0.12259,0.15229,0.22198,0.22806,0.070123,0.052565,0.3455,0.30852,0.24381,0.3212,0.26715,0.43979,0.31704,0.14353,0.5272,0.4499,0.28856,0.28572,0,0,0,0.082299,0.19719,0.24098,0.46976,0.43839,0.075291,0.10311,0.31175,0.39972,0,0.053064,0.43363,0.39545,0.32159,0.24757,0.23399,0.23903,0.85133,0.81059,0.58483,0.52418,1,0.91908,0.80803,0.66016,0.63806,0.62701,0.75593,0.66965,0.63414,0.58491,0.49537,0.32586,0.34447,0.39541,0.28199,0.065422,0.39325,0.47812,0,0,0.29519,0.41831,0.23506,0.44241,0.21167,0.23093,0.32802,0.40631,0.42531,0.39705,0.3316,0.45283,0.22645,0.072962,0.58642,0.42866,0.50909,0.47665,0.44649,0.54938,0.23489,0.19889,0.29251,0.41899,0.46806,0.27567,0.34954,0.23952,0.1152,0,0.40097,0.42369,0.56451,0.6148,0.36467,0.34419,0.4239,0.40723,0.16099,0.21764,0.2686,0.28213,0.088794,0.19825,0.53832,0.51921,0.53239,0.37626,0.25668,0
