1,0.7867,0.71958,0.60526,0,0.11043,0.76301,0.60414,0.033096,0.31757,0.59885,0.76538,0.62127,0.41535,0.066042,0.37273,0.49312,0.39615,0.84814,0.81604,0.35832,0.063543,0.41466,0.33768,0,0,0,0.062615,0.38442,0.11074,0.48917,0.39895,0.55348,0.63768,0.32228,0.36958,0.38035,0.17494,0.2423,0.18839,0.44364,0.22415,0.5522,0.4567,0.42895,0.57239,0.56251,0.59041,0.445,0.50069,0.40732,0.51442,0.34742,0.60102,0.28683,0.44985,0.89782,0.75893,0.57585,0.5682,0.6552,0.64273,0.47883,0.54647,0.14986,0.42356,0.64484,0.62324,0.60792,0.70601,0,0,0.4983,0.52199,0.41203,0.52685,0.59155,0.71564,0,0,0.49074,0.47855,0.15255,0.63872,0.39708,0.60554,0.17872,0.47231,0,0.68841,0.33101,0.49077,0.21152,0.49775,0.2482,0.17998,0.51855,0.55137,0.58458,0.65941,0,0.28458,0.047699,0.28104,0,0,0,0,0.27021,0.23398,0.42144,0.22043,0.40384,0.19548,0.2462,0
0.7867,1,0.73548,0.74623,0.28873,0.40803,0.69066,0.71079,0.35378,0.43426,0.58064,0.7132,0.52628,0.1885,0.21812,0.23417,0.36018,0.28573,0.8425,0.86496,0.40362,0.23123,0.56211,0.5355,0.27412,0.27839,0.22706,0.33262,0.2927,0.16609,0.51335,0.5389,0.54691,0.71132,0.45801,0.4872,0.41834,0.25072,0.28531,0.25858,0.49045,0.40111,0.62681,0.58544,0.44443,0.50376,0.67109,0.66557,0.44465,0.39573,0.44434,0.41536,0.44416,0.49206,0.40484,0.35411,0.63413,0.8169,0.53356,0.60144,0.59858,0.67215,0.38468,0.50043,0.1845,0.48209,0.71735,0.65728,0.56551,0.75934,0,0,0.57269,0.59345,0.50115,0.44306,0.69545,0.70951,0,0,0.584,0.26284,0.1443,0.53061,0.51854,0.52994,0.14073,0.37499,0.23931,0.53976,0.44789,0.37611,0.3181,0.36366,0.35106,0.19112,0.73859,0.5521,0.54852,0.58176,0.005315,0.13508,0.0027525,0.1192,0,0,0,0,0.35408,0.29677,0.50665,0.23595,0.39516,0.19967,0.28942,0
0.71958,0.73548,1,0.86514,0.2916,0.45405,0.92542,0.73568,0.38669,0.44407,0.40366,0.51844,0.46831,0.068069,0.0796,0,0.22521,0.056458,0.82536,0.82472,0.39036,0.21751,0.82349,0.76544,0.43211,0.4087,0.15783,0.28999,0.24431,0.035844,0.40721,0.51218,0.4242,0.59285,0.58241,0.62796,0.50688,0.31829,0.24585,0.30244,0.60552,0.42541,0.72762,0.61794,0.68663,0.65905,0.71549,0.73005,0.57466,0.56029,0.60537,0.60886,0.4497,0.68592,0.35435,0.41133,0.4894,0.49833,0.32065,0.40031,0.54646,0.55892,0.27341,0.42285,0.27522,0.57285,0.76941,0.73229,0.51821,0.63194,0,0,0.46802,0.49515,0.37541,0.3628,0.69883,0.71503,0,0,0.46192,0.23483,0.16051,0.38573,0.48027,0.64892,0.16991,0.46714,0.054851,0.67004,0.44857,0.52793,0.34225,0.35563,0.41096,0.19321,0.56613,0.547,0.46236,0.56055,0,0,0,0,0,0,0,0,0.24911,0.41518,0.67996,0.073603,0.30434,0.037917,0.27764,0
0.60526,0.74623,0.86514,1,0.3753,0.51683,0.77164,0.84567,0.43388,0.49972,0.41952,0.51368,0.40103,0.12147,0.14198,0.042285,0.18882,0,0.77451,0.85371,0.46186,0.3775,0.7242,0.71286,0.43649,0.4281,0.23287,0.2922,0.20586,0.08943,0.39845,0.54365,0.31266,0.52979,0.56076,0.59518,0.60658,0.47853,0.40632,0.45325,0.6911,0.57327,0.75758,0.68373,0.66439,0.64337,0.79687,0.72319,0.57425,0.50484,0.64646,0.58116,0.50316,0.56762,0.52431,0.49756,0.37704,0.55933,0.37073,0.55123,0.48717,0.56465,0.17501,0.33372,0.20024,0.5474,0.7836,0.79048,0.56765,0.65854,0,0,0.56779,0.57545,0.5064,0.31611,0.77476,0.75056,0,0,0.5432,0.12028,0.26671,0.36842,0.62109,0.60804,0.303,0.50513,0.37554,0.58342,0.51109,0.44267,0.39593,0.27985,0.52142,0.28317,0.62419,0.6306,0.39747,0.51955,0,0,0,0,0,0,0,0,0.28546,0.5476,0.70949,0,0.37297,0.0010241,0.18345,0
0,0.28873,0.2916,0.3753,1,0.91656,0.21247,0.32371,0.94326,0.76189,0.01901,0,0,0,0.023904,0,0,0,0.15913,0.19737,0,0,0.48896,0.49608,0.88868,0.86216,0.50592,0.41929,0,0,0,0.046555,0.12124,0.24768,0.18016,0.27033,0.059778,0.047447,0,0,0.058138,0.15361,0.43328,0.40485,0.3483,0.31104,0.36451,0.38543,0.29303,0.23071,0.26277,0.19025,0.42203,0.26457,0.14854,0,0,0.095323,0.17006,0.23661,0.18115,0.24384,0.10458,0.23433,0.034752,0.21086,0.37866,0.33709,0,0.13885,0,0,0.099239,0.053375,0.094926,0,0.18722,0.046768,0,0,0.17983,0,0,0,0.097958,0.038414,0,0,0.2113,0.05615,0.23857,0.17188,0.078026,0,0.11387,0,0.41286,0.061309,0.20853,0.16611,0,0,0,0,0.05383,0,0,0,0.14326,0.088258,0.31976,0.24675,0.30641,0.078995,0.19123,0
0.11043,0.40803,0.45405,0.51683,0.91656,1,0.3399,0.46008,0.88864,0.8161,0.10265,0.040852,0.018691,0,0,0,0,0,0.31392,0.3618,0.029842,0.061718,0.57877,0.5789,0.84907,0.87132,0.45697,0.43196,0,0,0,0.21647,0.19223,0.33941,0.29521,0.41544,0.21688,0.15577,0,0.056952,0.21016,0.24885,0.51602,0.49037,0.42679,0.36622,0.49315,0.51294,0.34286,0.28548,0.32729,0.26266,0.44408,0.32985,0.1989,0.053843,0,0.17271,0.23169,0.28969,0.24506,0.294,0.079688,0.21081,0.019917,0.28114,0.48934,0.47506,0.12079,0.33231,0,0,0.19737,0.18146,0.17025,0.024916,0.38506,0.26023,0,0,0.26603,0,0,0,0.21175,0.13438,0,0.019399,0.20978,0.12682,0.34115,0.223,0.17558,0,0.19495,0,0.50035,0.18093,0.26507,0.26822,0,0,0,0,0.022271,0,0,0,0.26096,0.17506,0.4838,0.25789,0.38055,0.080937,0.23151,0
0.76301,0.69066,0.92542,0.77164,0.21247,0.3399,1,0.75541,0.33648,0.43157,0.40113,0.60742,0.57581,0.20601,0.035827,0.092936,0.25886,0.091655,0.79421,0.765,0.29459,0.082807,0.76598,0.69339,0.3683,0.28168,0.010492,0.136,0.27382,0.039082,0.31708,0.3624,0.44883,0.57669,0.40988,0.47559,0.41183,0.23282,0.17516,0.21837,0.53964,0.31588,0.6853,0.59129,0.66823,0.72632,0.69839,0.73689,0.65659,0.69329,0.64014,0.72474,0.51073,0.76884,0.35873,0.44896,0.55672,0.53661,0.39772,0.42583,0.64397,0.62898,0.35638,0.52131,0.23007,0.55053,0.73058,0.68843,0.43384,0.60007,0,0,0.3879,0.38397,0.33023,0.36365,0.61403,0.65097,0,0,0.43925,0.2972,0.15054,0.45474,0.38864,0.62489,0.13608,0.42521,0,0.70731,0.48295,0.59482,0.35847,0.38978,0.31612,0.16074,0.5523,0.54748,0.57133,0.63219,0,0,0,0,0,0,0,0,0.21289,0.33753,0.62315,0.14204,0.29422,0.10777,0.33905,0
0.60414,0.71079,0.73568,0.84567,0.32371,0.46008,0.75541,1,0.39349,0.53267,0.40366,0.58351,0.40994,0.30297,0,0.12659,0.18715,0.015212,0.68917,0.7761,0.23187,0.1483,0.65216,0.65878,0.403,0.39143,0.098318,0.12458,0.15116,0.090215,0.21164,0.33832,0.39064,0.56071,0.34247,0.45952,0.39882,0.30452,0.1775,0.24042,0.47239,0.40794,0.65882,0.61148,0.66317,0.73856,0.75218,0.73024,0.68774,0.66368,0.66007,0.67474,0.61972,0.64226,0.43892,0.35211,0.36606,0.62106,0.44487,0.54184,0.63617,0.68397,0.25332,0.42745,0.078137,0.49678,0.75128,0.74854,0.42921,0.7011,0,0,0.38641,0.41347,0.41737,0.17337,0.65755,0.62402,0,0,0.48128,0.049144,0.044324,0.34686,0.43479,0.41272,0.08929,0.2899,0.25588,0.46152,0.70134,0.50919,0.57158,0.20851,0.29421,0.10316,0.60945,0.45234,0.4899,0.53614,0,0,0,0,0,0,0,0,0.26797,0.34198,0.64965,0.15083,0.38985,0.14221,0.31183,0
0.033096,0.35378,0.38669,0.43388,0.94326,0.88864,0.33648,0.39349,1,0.74295,0.11068,0.060246,0.081327,0,0.099906,0,0,0,0.2478,0.25905,0,0.011404,0.57204,0.56593,0.86545,0.81282,0.41899,0.4227,0,0.0023654,0,0.10981,0.20391,0.32594,0.19526,0.25988,0.11763,0.076417,0,0,0.16168,0.199,0.49401,0.48535,0.38618,0.3743,0.44618,0.48973,0.37775,0.3284,0.34289,0.29809,0.47421,0.35565,0.21837,0.063758,0,0.14541,0.17919,0.21694,0.24912,0.28992,0.12659,0.28485,0.024737,0.23812,0.41512,0.3534,0.0061384,0.1822,0,0,0.16077,0.11361,0.15692,0.02422,0.25365,0.13128,0,0,0.18763,0,0,0,0.12123,0.066205,0,0,0.17478,0.11836,0.28386,0.21204,0.10926,0,0.14061,0,0.46497,0.15215,0.23532,0.20798,0,0,0,0,0,0,0,0,0.13741,0.10543,0.36977,0.20716,0.28117,0.11506,0.27804,0
0.31757,0.43426,0.44407,0.49972,0.76189,0.8161,0.43157,0.53267,0.74295,1,0.18298,0.17693,0.17526,0,0,0.00057371,0,0,0.37538,0.43688,0.0099763,0,0.434,0.40563,0.65295,0.61822,0.29125,0.16308,0,0,0,0.0814,0.13142,0.28788,0.11348,0.28549,0.27847,0.22991,0.048279,0.14478,0.2254,0.22646,0.5323,0.5484,0.46537,0.51936,0.54382,0.52985,0.41202,0.40441,0.3841,0.39111,0.503,0.42466,0.26934,0.24052,0.15114,0.34414,0.38337,0.48368,0.31109,0.37676,0.11614,0.24716,0,0.20775,0.56525,0.54838,0.33458,0.49221,0,0,0.14489,0.14562,0.15362,0.039741,0.42318,0.34658,0,0,0.30895,0,0,0.035632,0.23814,0.21908,0,0.17075,0.16531,0.29632,0.39668,0.4356,0.23522,0.16127,0.21362,0,0.50064,0.24059,0.38027,0.42647,0,0,0,0,0.031063,0,0,0,0.30798,0.22729,0.45737,0.22599,0.49023,0.022918,0.12654,0
0.59885,0.58064,0.40366,0.41952,0.01901,0.10265,0.40113,0.40366,0.11068,0.18298,1,0.64427,0.71155,0.4181,0.35741,0.49288,0.40956,0.42769,0.66694,0.52348,0.30051,0.15368,0.23769,0.28009,0,0.094924,0.080343,0.25399,0.31657,0.27669,0.53507,0.52199,0.58858,0.60942,0.41421,0.33342,0.12917,0,0.13633,0.0058743,0.2756,0.18978,0.35766,0.3084,0.19821,0.31302,0.30581,0.33628,0.25747,0.14904,0.17497,0.165,0.1708,0.14298,0.19434,0.13216,0.50213,0.54671,0.43002,0.35576,0.5363,0.48987,0.37517,0.30606,0.3557,0.45829,0.3967,0.37158,0.3328,0.43955,0,0,0.53305,0.4737,0.61407,0.51992,0.41514,0.47592,0,0.045134,0.4121,0.2244,0.15679,0.42481,0.45267,0.32421,0.16861,0.16594,0.25215,0.19292,0.17254,0.038263,0.14243,0.048402,0.14102,0.14245,0.38001,0.32695,0.20146,0.20134,0.096754,0.17176,0.11025,0.14106,0.046313,0,0.046971,0.12226,0.21249,0,0.1408,0.13782,0.10439,0.2819,0.31241,0
0.76538,0.7132,0.51844,0.51368,0,0.040852,0.60742,0.58351,0.060246,0.17693,0.64427,1,0.69471,0.6647,0.31099,0.64099,0.48786,0.52098,0.75953,0.67912,0.34133,0.055336,0.36108,0.3356,0,0,0,0.042166,0.51811,0.39263,0.55613,0.48023,0.67334,0.71552,0.22095,0.20871,0.16935,0,0.20082,0.0093378,0.33124,0.14691,0.41288,0.34626,0.25836,0.50564,0.47299,0.52471,0.51339,0.52988,0.42612,0.5267,0.46589,0.49919,0.47454,0.43123,0.74771,0.83748,0.66472,0.61119,0.70525,0.74135,0.60364,0.6843,0.21661,0.43076,0.49932,0.44695,0.34345,0.52807,0,0,0.57466,0.50109,0.6398,0.60761,0.43964,0.57365,0,0.010012,0.44835,0.3903,0.21146,0.6943,0.33551,0.40027,0.25417,0.28249,0.060077,0.47441,0.29054,0.22782,0.16601,0.17077,0.1106,0.14577,0.53841,0.52801,0.52129,0.49266,0.023852,0.20817,0.045987,0.2093,0,0,0.016014,0.074475,0.2022,0.011292,0.23916,0.28483,0.25233,0.41382,0.38354,0
0.62127,0.52628,0.46831,0.40103,0,0.018691,0.57581,0.40994,0.081327,0.17526,0.71155,0.69471,1,0.49586,0.43882,0.55056,0.36757,0.27694,0.61171,0.47252,0.37585,0.13103,0.32561,0.28362,0.001982,0,0,0.16716,0.30987,0.1219,0.46331,0.37505,0.54597,0.53833,0.33408,0.3014,0.19261,0.03015,0.22312,0.05117,0.35319,0.139,0.42152,0.31056,0.29997,0.43701,0.3915,0.43316,0.47728,0.41905,0.41795,0.45855,0.33985,0.34327,0.34708,0.3653,0.58434,0.54367,0.52113,0.42541,0.61727,0.52709,0.47004,0.37433,0.30524,0.46742,0.41872,0.40209,0.29489,0.37959,0,0,0.45307,0.36176,0.5676,0.61264,0.41274,0.5271,0,0,0.36062,0.31063,0.27781,0.5691,0.39653,0.37414,0.24765,0.26527,0.132,0.31932,0.30417,0.23229,0.27743,0.26583,0.16163,0.19072,0.3932,0.42222,0.4008,0.40734,0.084079,0.20699,0.040502,0.15564,0.041847,0,0,0.073745,0.10939,0.065354,0.16758,0.17576,0.16651,0.3571,0.39081,0
0.41535,0.1885,0.068069,0.12147,0,0,0.20601,0.30297,0,0,0.4181,0.6647,0.49586,1,0.23085,0.79021,0.26277,0.24151,0.32574,0.2703,0.26052,0.060583,0,0,0,0,0,0,0.37763,0.22044,0.38026,0.21103,0.31754,0.26533,0,0,0.048912,0,0.22938,0.026037,0.16564,0.018549,0.10129,0.099701,0.034577,0.28849,0.20389,0.19407,0.31919,0.29528,0.24924,0.30548,0.2315,0.18125,0.39274,0.38385,0.49101,0.47531,0.44504,0.39039,0.30699,0.32079,0.33188,0.25045,0,0,0.1645,0.12679,0.25731,0.24561,0,0,0.33443,0.23584,0.49008,0.338,0.18424,0.29904,0,0,0.17572,0.29502,0.2875,0.53604,0.15245,0.10093,0.34774,0.21406,0.10025,0.13767,0.18923,0.031508,0.18307,0.14783,0.015218,0.20031,0.15565,0.29752,0.20277,0.20567,0.2784,0.24299,0.28918,0.3229,0.0283,0,0.15394,0.2393,0.036307,0,0,0.049555,0.087608,0.20179,0.11597,0
0.066042,0.21812,0.0796,0.14198,0.023904,0,0.035827,0,0.099906,0,0.35741,0.31099,0.43882,0.23085,1,0.50837,0.32347,0.15775,0.29866,0.17362,0.54344,0.45134,0.061499,0.055102,0,0,0.31663,0.36944,0.37587,0.33467,0.52755,0.45939,0.21575,0.20524,0.32692,0.15225,0.11606,0.021069,0.38764,0.15629,0.26126,0.13486,0.15008,0.078558,0.0022805,0.052638,0.065593,0.012238,0.027361,0,0.0998,0,0,0,0.41373,0.30608,0.16324,0.2018,0.16139,0.27304,0.028987,0.15854,0.34071,0.06382,0.48374,0.23004,0.084905,0.074942,0.1586,0,0.43219,0.39372,0.48152,0.36368,0.57295,0.54096,0.18682,0.22089,0.048715,0.31855,0.35449,0.35064,0.6391,0.47706,0.44956,0.26383,0.54253,0.32919,0.42016,0.098102,0,0,0,0.029175,0.33361,0.31834,0.21968,0.35381,0.029396,0.037035,0.35679,0.19115,0.27945,0.19678,0.07168,0.1291,0.066582,0.24249,0.063895,0.097608,0,0,0,0.19507,0.079759,0.039087
0.37273,0.23417,0,0.042285,0,0,0.092936,0.12659,0,0.00057371,0.49288,0.64099,0.55056,0.79021,0.50837,1,0.34725,0.38161,0.33373,0.2135,0.34209,0.10502,0,0,0,0,0,0,0.43423,0.35744,0.43424,0.24051,0.42869,0.34782,0,0,0,0,0.17938,0,0.078354,0,0.11682,0.088245,0,0.17656,0.12281,0.15674,0.2403,0.17063,0.17633,0.16352,0.19852,0.05974,0.37882,0.33973,0.50839,0.52991,0.5375,0.41224,0.33091,0.33864,0.42516,0.2875,0.17738,0.087263,0.16759,0.091619,0.18815,0.20733,0.15326,0.034571,0.4043,0.30417,0.57066,0.53048,0.083299,0.21638,0,0.1735,0.2468,0.40855,0.33961,0.67474,0.1645,0.075324,0.34474,0.18959,0.17414,0.079599,0.10027,0,0.086187,0.058903,0.012479,0.19767,0.24055,0.30392,0.17786,0.19039,0.37883,0.31178,0.38792,0.37813,0.13989,0.15447,0.31072,0.40462,0.082916,0,0,0.1605,0.15602,0.3705,0.20089,0.16083
0.49312,0.36018,0.22521,0.18882,0,0,0.25886,0.18715,0,0,0.40956,0.48786,0.36757,0.26277,0.32347,0.34725,1,0.5145,0.48074,0.37977,0.16606,0.0057082,0.14181,0.066593,0,0,0.11276,0.12636,0.67712,0.53523,0.43722,0.29424,0.43897,0.39475,0.20973,0.10264,0,0,0.056214,0,0.15243,0,0.082228,0.0051141,0,0.17302,0.077103,0.10107,0,0.080139,0,0.037607,0,0.059434,0.06404,0.051478,0.59324,0.40683,0.28452,0.35843,0.35903,0.45631,0.58894,0.39263,0.36312,0.34796,0.19121,0.21393,0.14428,0.30083,0.19812,0.1863,0.27773,0.36062,0.33859,0.49142,0.12025,0.25348,0.48267,0.47902,0.65367,0.68457,0.2574,0.62712,0.30183,0.42002,0.10708,0.19445,0,0.24152,0.079469,0.064191,0.10636,0.21776,0.14318,0.18282,0.28679,0.38289,0.32278,0.25491,0.22181,0.31694,0.25404,0.35995,0.054721,0.16885,0.11383,0.22906,0.23668,0,0,0.24126,0.16509,0.32807,0.24442,0.075464
0.39615,0.28573,0.056458,0,0,0,0.091655,0.015212,0,0,0.42769,0.52098,0.27694,0.24151,0.15775,0.38161,0.5145,1,0.34603,0.18979,0,0,0.02052,0.0017279,0,0,0,0.11466,0.46093,0.5743,0.34987,0.18914,0.61491,0.52223,0.073011,0,0,0,0,0,0,0,0,0,0,0,0,0,0,0.029646,0,0,0,0.060821,0,0,0.51879,0.45318,0.30661,0.14079,0.47791,0.46457,0.61094,0.61878,0.32678,0.30481,0.013069,0,0,0.12634,0,0.20958,0.22548,0.12334,0.28496,0.45777,0,0,0.0085877,0.50834,0.089509,0.42171,0,0.32042,0,0,0,0,0,0.03884,0,0,0,0,0,0,0.074785,0.063144,0.24181,0.10923,0.053228,0.29011,0.1494,0.22193,0.038393,0.35714,0.36539,0.41208,0,0,0,0.39703,0.0010646,0.50735,0.30771,0.33287
0.84814,0.8425,0.82536,0.77451,0.15913,0.31392,0.79421,0.68917,0.2478,0.37538,0.66694,0.75953,0.61171,0.32574,0.29866,0.33373,0.48074,0.34603,1,0.9176,0.51703,0.27177,0.63856,0.59949,0.19331,0.23289,0.17542,0.30629,0.39163,0.25625,0.62227,0.61444,0.66039,0.77182,0.55658,0.55038,0.398,0.19387,0.2858,0.2212,0.55033,0.37624,0.63057,0.50037,0.51413,0.60895,0.63292,0.66434,0.48659,0.46843,0.47495,0.48912,0.39566,0.53991,0.42412,0.42336,0.72479,0.72901,0.5265,0.59267,0.64729,0.70676,0.51389,0.53599,0.35407,0.59331,0.73338,0.69872,0.57347,0.69235,0,0,0.66104,0.63443,0.60429,0.57721,0.68828,0.74427,0,0,0.621,0.42604,0.26712,0.63081,0.58014,0.66371,0.30314,0.50034,0.16155,0.6351,0.40353,0.3894,0.33198,0.36128,0.3561,0.22828,0.64981,0.63536,0.49509,0.57687,0,0.12417,0,0.10181,0,0,0,0,0.27968,0.2818,0.52574,0.2212,0.32152,0.23353,0.32962,0
0.81604,0.86496,0.82472,0.85371,0.19737,0.3618,0.765,0.7761,0.25905,0.43688,0.52348,0.67912,0.47252,0.2703,0.17362,0.2135,0.37977,0.18979,0.9176,1,0.49619,0.33289,0.58925,0.54363,0.21413,0.21175,0.20288,0.26127,0.31344,0.17175,0.48484,0.49811,0.44714,0.61013,0.45461,0.50214,0.59814,0.43007,0.42327,0.41697,0.65666,0.4972,0.6764,0.63119,0.58009,0.6307,0.76122,0.72131,0.50269,0.50085,0.53539,0.52394,0.44558,0.58212,0.47275,0.50556,0.64981,0.73243,0.5217,0.6605,0.56329,0.64434,0.33514,0.43823,0.12655,0.43456,0.78638,0.76555,0.70922,0.78776,0,0,0.62938,0.62401,0.51416,0.37761,0.80095,0.79945,0,0,0.63171,0.32085,0.26748,0.55832,0.63178,0.66015,0.31674,0.59349,0.27499,0.70227,0.52976,0.51064,0.41321,0.45385,0.50802,0.27909,0.67331,0.6819,0.5396,0.66436,0,0.04265,0,0.082679,0,0,0,0,0.307,0.5061,0.64831,0.083218,0.44206,0.074465,0.14228,0
0.35832,0.40362,0.39036,0.46186,0,0.029842,0.29459,0.23187,0,0.0099763,0.30051,0.34133,0.37585,0.26052,0.54344,0.34209,0.16606,0,0.51703,0.49619,1,0.80392,0.158,0.152,0,0,0.26262,0.35365,0.34297,0.15283,0.64776,0.58415,0.20934,0.29793,0.37851,0.35612,0.57278,0.43772,0.67528,0.56269,0.66531,0.55953,0.37986,0.3302,0.26971,0.24218,0.40602,0.32914,0.14121,0.036127,0.22818,0.10023,0.030895,0.026129,0.51452,0.52857,0.40255,0.3288,0.26716,0.3707,0.1127,0.20496,0.12488,0.019745,0.18286,0.20659,0.38213,0.42737,0.53642,0.24174,0.26682,0.11014,0.7417,0.69407,0.62645,0.50054,0.60432,0.66313,0,0,0.38016,0.25091,0.64202,0.49886,0.54022,0.45603,0.65739,0.67618,0.40021,0.34879,0.037285,0,0.056127,0.29464,0.47831,0.42935,0.29785,0.5826,0.029995,0.20118,0.13186,0.22715,0.13677,0.20706,0,0,0,0.028469,0.06422,0.4936,0.31396,0,0.072486,0,0,0
0.063543,0.23123,0.21751,0.3775,0,0.061718,0.082807,0.1483,0.011404,0,0.15368,0.055336,0.13103,0.060583,0.45134,0.10502,0.0057082,0,0.27177,0.33289,0.80392,1,0.068146,0.084636,0,0,0.32596,0.41338,0.13013,0.059252,0.39998,0.41308,0,0.008623,0.34509,0.31243,0.61684,0.60256,0.65551,0.66863,0.62315,0.64001,0.30276,0.30654,0.2433,0.10122,0.35476,0.22503,0.048653,0,0.19441,0,0,0,0.40055,0.39469,0.041992,0.068488,0.044584,0.21421,0,0,0,0,0.06816,0.047741,0.2233,0.29273,0.4633,0.10295,0.32802,0.13252,0.52961,0.52079,0.40399,0.13487,0.58599,0.5325,0,0,0.29495,0.040005,0.61468,0.26945,0.5906,0.33414,0.55919,0.55385,0.58011,0.16891,0.090568,0,0.14369,0.18945,0.60996,0.46571,0.23866,0.43506,0,0.049552,0.23123,0.060762,0.16693,0.10212,0,0,0,0,0,0.61533,0.3318,0,0,0,0,0
0.41466,0.56211,0.82349,0.7242,0.48896,0.57877,0.76598,0.65216,0.57204,0.434,0.23769,0.36108,0.32561,0,0.061499,0,0.14181,0.02052,0.63856,0.58925,0.158,0.068146,1,0.95668,0.69155,0.65321,0.13701,0.24514,0.12155,0.055339,0.24672,0.4298,0.45576,0.57212,0.59094,0.58876,0.25146,0.11427,0,0.070687,0.40913,0.31157,0.62448,0.47242,0.60742,0.53447,0.59641,0.64982,0.58067,0.56483,0.60156,0.59386,0.51946,0.62589,0.26998,0.16914,0.18719,0.28163,0.098751,0.20814,0.42967,0.47096,0.2811,0.39181,0.36856,0.61682,0.55569,0.50678,0.10281,0.40926,0,0,0.27331,0.24991,0.28815,0.22218,0.47374,0.41471,0,0,0.40747,0.10145,0,0.23339,0.36754,0.44257,0,0.17444,0.043806,0.37983,0.49022,0.39365,0.40342,0.028066,0.1824,0,0.52407,0.28949,0.35758,0.36687,0,0,0,0,0,0,0,0,0.1509,0.18118,0.61616,0.20975,0.15902,0.14555,0.48985,0
0.33768,0.5355,0.76544,0.71286,0.49608,0.5789,0.69339,0.65878,0.56593,0.40563,0.28009,0.3356,0.28362,0,0.055102,0,0.066593,0.0017279,0.59949,0.54363,0.152,0.084636,0.95668,1,0.68196,0.69195,0.15982,0.27738,0.072597,0.048727,0.25922,0.49268,0.46545,0.58286,0.62376,0.61238,0.18888,0.067265,0,0.03614,0.35949,0.31678,0.6097,0.4423,0.59462,0.50925,0.56148,0.61315,0.58171,0.5186,0.58721,0.55763,0.52523,0.55549,0.26352,0.11158,0.09113,0.25827,0.099488,0.17089,0.43385,0.46198,0.24271,0.35467,0.43132,0.66127,0.54165,0.49506,0.040799,0.34992,0,0,0.28614,0.27498,0.32618,0.22582,0.44179,0.36231,0,0,0.36013,0.027042,0,0.16752,0.37548,0.38703,0.00018312,0.095033,0.13169,0.29156,0.47919,0.30584,0.40188,0,0.11785,0,0.50295,0.23202,0.29773,0.28524,0,0,0,0,0.0080812,0,0,0,0.11529,0.12334,0.5889,0.21382,0.10217,0.16973,0.52363,0
0,0.27412,0.43211,0.43649,0.88868,0.84907,0.3683,0.403,0.86545,0.65295,0,0,0.001982,0,0,0,0,0,0.19331,0.21413,0,0,0.69155,0.68196,1,0.89913,0.42899,0.36126,0,0,0,0.051235,0.14872,0.25217,0.29961,0.37615,0.088131,0.071588,0,0,0.11433,0.20097,0.49581,0.38734,0.46836,0.37137,0.41947,0.464,0.41011,0.36117,0.41754,0.34368,0.48077,0.38862,0.084545,0,0,0.019396,0.039736,0.12213,0.19912,0.23834,0.058419,0.22027,0.1299,0.32821,0.37711,0.33062,0,0.12026,0,0,0,0,0.0078708,0,0.233,0.078088,0,0,0.19153,0,0,0,0.12455,0.10114,0,0,0.12037,0.086191,0.37689,0.26472,0.23426,0,0.12688,0,0.44098,0.023469,0.25286,0.18478,0,0,0,0,0.082074,0,0,0,0.047763,0.13012,0.46118,0.2841,0.19901,0.085231,0.32755,0
0,0.27839,0.4087,0.4281,0.86216,0.87132,0.28168,0.39143,0.81282,0.61822,0.094924,0,0,0,0,0,0,0,0.23289,0.21175,0,0,0.65321,0.69195,0.89913,1,0.44532,0.43265,0,0.0020999,0,0.21407,0.26694,0.37519,0.4352,0.48435,0,0,0,0,0.043068,0.13236,0.44993,0.31884,0.41002,0.32991,0.34052,0.398,0.34888,0.25185,0.31404,0.22867,0.41469,0.28588,0.056587,0,0,0.025352,0.084361,0.10462,0.2524,0.27227,0.15838,0.21759,0.25937,0.43036,0.38383,0.35285,0,0.14204,0,0,0.074118,0.094523,0.1278,0.03948,0.18045,0.05647,0,0,0.18642,0,0,0,0.1254,0.066876,0,0,0.17138,0,0.29212,0.12183,0.17518,0,0.013798,0,0.36662,0,0.17058,0.095295,0,0,0,0,0.13391,0,0,0,0.11867,0,0.3627,0.31955,0.2073,0.1575,0.37006,0
0,0.22706,0.15783,0.23287,0.50592,0.45697,0.010492,0.098318,0.41899,0.29125,0.080343,0,0,0,0.31663,0,0.11276,0,0.17542,0.20288,0.26262,0.32596,0.13701,0.15982,0.42899,0.44532,1,0.81368,0.019456,0.15142,0.066849,0.14367,0.023971,0.066245,0.26082,0.234,0.10933,0.085178,0.1016,0.074039,0.10278,0.10251,0.21472,0.11626,0.1352,0.091267,0.14508,0.11367,0,0,0.012189,0,0.06566,0,0.11702,0,0,0.08812,0.15765,0.21095,0.10077,0.14262,0.16311,0.031351,0.20214,0.13971,0.2937,0.26459,0.22068,0.13022,0.31675,0.28068,0.19763,0.19324,0.18363,0.125,0.16637,0.098005,0.033748,0.17402,0.23851,0.032927,0.099661,0,0.23468,0.078613,0.10303,0.073117,0.39873,0.082956,0.18588,0.106,0.20342,0.17159,0.42337,0.25977,0.29655,0.23481,0.0938,0.1359,0.28996,0.090921,0.18994,0.10997,0.15042,0.018468,0,0,0.092255,0.28952,0.10469,0.059602,0.19413,0.092716,0,0
0.062615,0.33262,0.28999,0.2922,0.41929,0.43196,0.136,0.12458,0.4227,0.16308,0.25399,0.042166,0.16716,0,0.36944,0,0.12636,0.11466,0.30629,0.26127,0.35365,0.41338,0.24514,0.27738,0.36126,0.43265,0.81368,1,0.13707,0.14918,0.2695,0.33034,0.25041,0.26553,0.42018,0.33605,0.097439,0.022045,0.081266,0.0019691,0.1456,0.098391,0.27949,0.12612,0.11781,0.041987,0.17998,0.21244,0.061341,0,0.052686,0,0.068413,0,0.10968,0.0047978,0.034195,0.14751,0.22694,0.14972,0.22274,0.18601,0.2109,0.10236,0.28669,0.24152,0.3278,0.27372,0.18899,0.13189,0.2584,0.36712,0.36103,0.3338,0.30449,0.29206,0.24439,0.21454,0,0.13253,0.15293,0,0.034029,0.031948,0.23883,0.072836,0.069476,0.011311,0.33489,0.058524,0.1461,0.0095492,0.14196,0.12119,0.34645,0.22177,0.36961,0.2938,0.096336,0.11334,0.17079,0.15374,0.088428,0.098681,0.12875,0.078833,7.4943e-05,0.04762,0.075232,0.18225,0.12587,0.098525,0.09822,0.15366,0.11507,0
0.38442,0.2927,0.24431,0.20586,0,0,0.27382,0.15116,0,0,0.31657,0.51811,0.30987,0.37763,0.37587,0.43423,0.67712,0.46093,0.39163,0.31344,0.34297,0.13013,0.12155,0.072597,0,0,0.019456,0.13707,1,0.6709,0.50385,0.39365,0.36733,0.35241,0.032725,0,0.066028,0,0.11093,0,0.27575,0.084329,0.018673,0.10469,0,0.097647,0.10405,0.13449,0.018066,0.076586,0.008574,0.05214,0,0.076039,0.15448,0.15702,0.46894,0.35269,0.22558,0.18878,0.29416,0.34399,0.45564,0.39028,0.1921,0.16649,0.11505,0.0822,0.12416,0.1909,0.1966,0.17381,0.46013,0.43766,0.40118,0.45271,0.086081,0.25374,0.27283,0.33374,0.42542,0.57769,0.30913,0.61177,0.088481,0.23491,0.10256,0.18448,0,0.17243,0,0,0,0.13207,0.15408,0.24336,0.15921,0.47498,0.12449,0.13347,0,0.24094,0.014481,0.16213,0,0,0,0.055618,0.14457,0,0,0,0.053367,0.18681,0.16912,0
0.11074,0.16609,0.035844,0.08943,0,0,0.039082,0.090215,0.0023654,0,0.27669,0.39263,0.1219,0.22044,0.33467,0.35744,0.53523,0.5743,0.25625,0.17175,0.15283,0.059252,0.055339,0.048727,0,0.0020999,0.15142,0.14918,0.6709,1,0.29583,0.24212,0.37076,0.34975,0.041864,0,0,0,0,0,0.030453,0,0,0,0,0.075937,0,0.041825,0.039453,0.041329,0,0,0.021001,0,0.15275,0,0.19157,0.26558,0.17041,0.13626,0.29557,0.359,0.46124,0.44285,0.27261,0.20843,0.042076,0,0,0,0.30844,0.30425,0.35495,0.31522,0.39273,0.35073,0,0,0.29285,0.59093,0.37659,0.45771,0.097708,0.36253,0,0.026475,0.025904,0,0,0,0,0,0,0,0,0.033403,0.12446,0.28145,0.077619,0.064037,0.039286,0.042008,0,0,0,0.11357,0.014383,0.081546,0.032624,0,0,0.1271,0.027111,0.34914,0.13964,0
0.48917,0.51335,0.40721,0.39845,0,0,0.31708,0.21164,0,0,0.53507,0.55613,0.46331,0.38026,0.52755,0.43424,0.43722,0.34987,0.62227,0.48484,0.64776,0.39998,0.24672,0.25922,0,0,0.066849,0.2695,0.50385,0.29583,1,0.88515,0.57391,0.585,0.52983,0.40421,0.23955,0.03063,0.43105,0.19369,0.41101,0.27528,0.20512,0.11905,0.068537,0.11636,0.19375,0.1818,0.023055,0,0.075602,0.013974,0,0,0.37502,0.24968,0.57637,0.50225,0.29336,0.36362,0.24345,0.3725,0.33787,0.2256,0.41288,0.4242,0.32071,0.32738,0.37937,0.32524,0.12593,0.1061,0.6586,0.64336,0.66847,0.6779,0.41827,0.54199,0,0.0852,0.42682,0.39233,0.45117,0.5975,0.4416,0.43756,0.45977,0.42496,0.16563,0.2148,0,0,0,0.22459,0.20907,0.31543,0.38102,0.48999,0.094808,0.099154,0.17953,0.37396,0.2039,0.31197,0,0,0.050081,0.26298,0.19957,0.065748,0.13499,0.054507,0.027057,0.20263,0.22586,0
0.39895,0.5389,0.51218,0.54365,0.046555,0.21647,0.3624,0.33832,0.10981,0.0814,0.52199,0.48023,0.37505,0.21103,0.45939,0.24051,0.29424,0.18914,0.61444,0.49811,0.58415,0.41308,0.4298,0.49268,0.051235,0.21407,0.14367,0.33034,0.39365,0.24212,0.88515,1,0.50112,0.59398,0.64889,0.55642,0.28537,0.096704,0.386,0.23023,0.46354,0.40085,0.32516,0.2468,0.21496,0.20468,0.30498,0.28302,0.12585,0.0042839,0.1789,0.092602,0.043672,0.011823,0.4031,0.24071,0.37438,0.40433,0.23964,0.32227,0.2408,0.37001,0.23778,0.18,0.45561,0.54514,0.40671,0.4272,0.3064,0.32207,0.15623,0.093207,0.6564,0.65612,0.65477,0.59427,0.49106,0.55889,0,0.025643,0.42932,0.2224,0.39636,0.41758,0.49278,0.43031,0.39813,0.33341,0.28132,0.17807,0,0,0.0046423,0.1095,0.22828,0.25626,0.41694,0.45707,0.042322,0.059263,0.035548,0.21623,0.01251,0.10393,0,0,0,0.053022,0.24452,0.11397,0.28579,0,0.01004,0.14075,0.27178,0
0.55348,0.54691,0.4242,0.31266,0.12124,0.19223,0.44883,0.39064,0.20391,0.13142,0.58858,0.67334,0.54597,0.31754,0.21575,0.42869,0.43897,0.61491,0.66039,0.44714,0.20934,0,0.45576,0.46545,0.14872,0.26694,0.023971,0.25041,0.36733,0.37076,0.57391,0.50112,1,0.93371,0.42275,0.37733,0,0,0,0,0.01277,0,0.27813,0.059783,0.16524,0.32725,0.17969,0.35377,0.32522,0.31759,0.18893,0.26122,0.24368,0.30171,0.10438,0,0.57751,0.61144,0.48897,0.35106,0.7045,0.69789,0.68597,0.68587,0.45663,0.60038,0.40235,0.32109,0,0.32623,0,0,0.45166,0.37287,0.57022,0.65311,0.1743,0.27531,0,0.1955,0.32294,0.29351,0,0.49334,0.12249,0.22381,0,0,0,0.15157,0.18568,0.00564,0.15985,0,0,0,0.47834,0.24617,0.34811,0.20557,0,0.19739,0,0.069485,0.1146,0.14146,0.28322,0.25115,0.074632,0,0.093182,0.57487,0.092418,0.60662,0.65847,0.16012
0.63768,0.71132,0.59285,0.52979,0.24768,0.33941,0.57669,0.56071,0.32594,0.28788,0.60942,0.71552,0.53833,0.26533,0.20524,0.34782,0.39475,0.52223,0.77182,0.61013,0.29793,0.008623,0.57212,0.58286,0.25217,0.37519,0.066245,0.26553,0.35241,0.34975,0.585,0.59398,0.93371,1,0.50454,0.49083,0,0,0,0,0.1678,0.12495,0.43838,0.26076,0.31202,0.46026,0.36924,0.50202,0.42132,0.37675,0.30195,0.35586,0.35895,0.39775,0.25153,0.048169,0.59082,0.69779,0.54734,0.46881,0.7388,0.76711,0.63644,0.69429,0.43441,0.6582,0.57998,0.50879,0.15726,0.47355,0,0,0.5433,0.48282,0.62294,0.63745,0.34308,0.422,0,0.089348,0.40626,0.24337,0,0.47815,0.25227,0.34309,0,0.067533,0,0.26886,0.24254,0.10092,0.17658,0.021694,0,0,0.58336,0.34791,0.39379,0.30723,0,0.16207,0,0.026331,0.084024,0,0.11348,0.088801,0.18353,0,0.25995,0.49647,0.18956,0.52944,0.61285,0.022336
0.32228,0.45801,0.58241,0.56076,0.18016,0.29521,0.40988,0.34247,0.19526,0.11348,0.41421,0.22095,0.33408,0,0.32692,0,0.20973,0.073011,0.55658,0.45461,0.37851,0.34509,0.59094,0.62376,0.29961,0.4352,0.26082,0.42018,0.032725,0.041864,0.52983,0.64889,0.42275,0.50454,1,0.87808,0.22935,0.1153,0.17759,0.15392,0.34916,0.35333,0.51345,0.25805,0.50697,0.32094,0.31555,0.31451,0.2732,0.11844,0.35712,0.18789,0.1127,0.15533,0.22254,0.086802,0.20219,0.20988,0.069861,0.19705,0.24159,0.27997,0.20744,0.060035,0.68646,0.72358,0.48799,0.5013,0.20478,0.2527,0.16516,0.14421,0.42306,0.47801,0.43419,0.44694,0.45802,0.42498,0.077875,0.12953,0.41228,0.22108,0.20187,0.2459,0.60476,0.53078,0.24399,0.25298,0.3743,0.17975,0.20694,0.023094,0.23683,0.045729,0.18396,0.047003,0.35801,0.21697,0.12507,0.10018,0,0,0,0,0.098755,0,0,0,0.151,0.12699,0.35371,0.08592,0.055588,0.16334,0.32139,0
0.36958,0.4872,0.62796,0.59518,0.27033,0.41544,0.47559,0.45952,0.25988,0.28549,0.33342,0.20871,0.3014,0,0.15225,0,0.10264,0,0.55038,0.50214,0.35612,0.31243,0.58876,0.61238,0.37615,0.48435,0.234,0.33605,0,0,0.40421,0.55642,0.37733,0.49083,0.87808,1,0.2952,0.21857,0.1806,0.21262,0.34014,0.36019,0.56726,0.3769,0.61651,0.4434,0.41657,0.43304,0.34152,0.20943,0.40838,0.26351,0.20631,0.27117,0.22929,0.14495,0.23108,0.25317,0.18105,0.30952,0.27435,0.32048,0.13846,0.056977,0.49501,0.65818,0.60694,0.64245,0.29914,0.37031,0.066659,0,0.33888,0.4139,0.33282,0.31884,0.54063,0.51365,0,0,0.39238,0.11679,0.12284,0.20314,0.55084,0.5238,0.18605,0.29542,0.33591,0.27221,0.30498,0.13993,0.30184,0.11497,0.20122,0.036398,0.41294,0.17937,0.22212,0.19574,0,0,0,0,0.11924,0,0,0,0.2225,0.20828,0.47252,0.14924,0.15056,0.085919,0.25915,0
0.38035,0.41834,0.50688,0.60658,0.059778,0.21688,0.41183,0.39882,0.11763,0.27847,0.12917,0.16935,0.19261,0.048912,0.11606,0,0,0,0.398,0.59814,0.57278,0.61684,0.25146,0.18888,0.088131,0,0.10933,0.097439,0.066028,0,0.23955,0.28537,0,0,0.22935,0.2952,1,0.91943,0.80354,0.91155,0.87887,0.78409,0.52943,0.65515,0.49075,0.33196,0.69254,0.51779,0.23696,0.2261,0.39936,0.30282,0.16555,0.26886,0.4732,0.62086,0.23378,0.23142,0.131,0.37797,0,0.059685,0,0,0,0.023364,0.46102,0.53314,0.69367,0.40716,0.10518,0,0.47904,0.52258,0.21838,0.016097,0.81902,0.74031,0,0,0.38559,0.019191,0.52006,0.22917,0.60687,0.51714,0.48144,0.76573,0.41956,0.53072,0.27242,0.28075,0.198,0.48236,0.71612,0.42441,0.36763,0.58981,0.18277,0.3978,0,0,0,0.027085,0,0,0,0,0.11374,0.85917,0.67708,0,0.35363,0,0,0
0.17494,0.25072,0.31829,0.47853,0.047447,0.15577,0.23282,0.30452,0.076417,0.22991,0,0,0.03015,0,0.021069,0,0,0,0.19387,0.43007,0.43772,0.60256,0.11427,0.067265,0.071588,0,0.085178,0.022045,0,0,0.03063,0.096704,0,0,0.1153,0.21857,0.91943,1,0.7201,0.93086,0.75574,0.7605,0.43028,0.59631,0.43435,0.22988,0.59793,0.39627,0.14988,0.12427,0.3383,0.19464,0.10414,0.14817,0.3805,0.54043,0.032068,0.082798,0.0058676,0.29042,0,0,0,0,0,0,0.35582,0.43637,0.62626,0.31251,0.12439,0,0.2796,0.35192,0.024753,0,0.70407,0.58917,0,0,0.31695,0,0.48763,0.10189,0.55492,0.41547,0.43228,0.68282,0.49711,0.41217,0.27223,0.23664,0.22991,0.39881,0.68766,0.39084,0.25671,0.43014,0.08256,0.28839,0.019663,0,0.030129,0,0,0,0,0,0.082509,0.8457,0.63369,0,0.30323,0,0,0
0.2423,0.28531,0.24585,0.40632,0,0,0.17516,0.1775,0,0.048279,0.13633,0.20082,0.22312,0.22938,0.38764,0.17938,0.056214,0,0.2858,0.42327,0.67528,0.65551,0,0,0,0,0.1016,0.081266,0.11093,0,0.43105,0.386,0,0,0.17759,0.1806,0.80354,0.7201,1,0.85616,0.73894,0.57643,0.32974,0.429,0.24083,0.15879,0.46339,0.26806,0.080685,0.018615,0.23997,0.12569,0,0,0.65883,0.67778,0.24821,0.21924,0.17248,0.43683,0,0,0,0,0,0,0.29652,0.39181,0.60965,0.24048,0.18843,0,0.48967,0.50413,0.36959,0.20695,0.61941,0.59595,0,0,0.34736,0.11283,0.71977,0.32027,0.59967,0.45424,0.76645,0.79707,0.5314,0.38884,0.073889,0.034965,0.065482,0.43768,0.62107,0.47198,0.2936,0.57636,0.076932,0.25906,0.2661,0.20194,0.27045,0.26772,0,0,0,0,0.10571,0.69998,0.37975,0,0.21619,0,0,0
0.18839,0.25858,0.30244,0.45325,0,0.056952,0.21837,0.24042,0,0.14478,0.0058743,0.0093378,0.05117,0.026037,0.15629,0,0,0,0.2212,0.41697,0.56269,0.66863,0.070687,0.03614,0,0,0.074039,0.0019691,0,0,0.19369,0.23023,0,0,0.15392,0.21262,0.91155,0.93086,0.85616,1,0.79476,0.7654,0.39824,0.54777,0.37584,0.19709,0.5394,0.33503,0.084128,0.045423,0.2962,0.14916,0.015926,0.058458,0.4713,0.61293,0.088713,0.096003,0,0.30184,0,0,0,0,0,0,0.32276,0.4139,0.64227,0.27318,0.14647,0,0.33069,0.41474,0.10531,0,0.67826,0.59608,0,0,0.32219,0.012218,0.64606,0.20096,0.60536,0.49042,0.58508,0.77963,0.49878,0.43588,0.16,0.14024,0.14049,0.4186,0.66806,0.44808,0.25845,0.47126,0.019499,0.22831,0.059186,0,0.086931,0.07604,0,0,0,0,0.084341,0.80692,0.54622,0,0.21936,0,0,0
0.44364,0.49045,0.60552,0.6911,0.058138,0.21016,0.53964,0.47239,0.16168,0.2254,0.2756,0.33124,0.35319,0.16564,0.26126,0.078354,0.15243,0,0.55033,0.65666,0.66531,0.62315,0.40913,0.35949,0.11433,0.043068,0.10278,0.1456,0.27575,0.030453,0.41101,0.46354,0.01277,0.1678,0.34916,0.34014,0.87887,0.75574,0.73894,0.79476,1,0.82223,0.54869,0.62553,0.49554,0.39374,0.69454,0.54063,0.30713,0.26066,0.44887,0.34751,0.20224,0.26318,0.5331,0.59179,0.31515,0.27414,0.13707,0.37541,0.1016,0.18473,0,0,0,0.22494,0.48525,0.54091,0.60831,0.40652,0.10554,0,0.61524,0.65764,0.44792,0.22113,0.8115,0.77541,0.016108,0,0.54639,0.18579,0.5816,0.41363,0.66187,0.62261,0.47572,0.73375,0.38869,0.49548,0.26229,0.18214,0.22754,0.3995,0.64232,0.43094,0.39661,0.68515,0.17004,0.36519,0,0,0,0,0,0,0,0,0.16415,0.71677,0.62394,0,0.27818,0,0,0
0.22415,0.40111,0.42541,0.57327,0.15361,0.24885,0.31588,0.40794,0.199,0.22646,0.18978,0.14691,0.139,0.018549,0.13486,0,0,0,0.37624,0.4972,0.55953,0.64001,0.31157,0.31678,0.20097,0.13236,0.10251,0.098391,0.084329,0,0.27528,0.40085,0,0.12495,0.35333,0.36019,0.78409,0.7605,0.57643,0.7654,0.82223,1,0.47519,0.58915,0.46838,0.28416,0.57926,0.42712,0.23305,0.1261,0.38115,0.19693,0.14555,0.10712,0.39488,0.37741,0.056299,0.17541,0.013107,0.24569,0,0.047022,0,0,0,0.17938,0.40184,0.44253,0.47446,0.26594,0.16332,0,0.5602,0.61084,0.36063,0.042873,0.72157,0.60767,0.091682,0,0.42425,0,0.45121,0.20023,0.59663,0.4455,0.34587,0.51063,0.49257,0.24184,0.16978,0,0.15761,0.14309,0.46017,0.24206,0.30193,0.40577,0,0.10812,0,0,0,0,0,0,0,0,0.070198,0.60488,0.56532,0,0.13771,0,0,0
0.5522,0.62681,0.72762,0.75758,0.43328,0.51602,0.6853,0.65882,0.49401,0.5323,0.35766,0.41288,0.42152,0.10129,0.15008,0.11682,0.082228,0,0.63057,0.6764,0.37986,0.30276,0.62448,0.6097,0.49581,0.44993,0.21472,0.27949,0.018673,0,0.20512,0.32516,0.27813,0.43838,0.51345,0.56726,0.52943,0.43028,0.32974,0.39824,0.54869,0.47519,1,0.84167,0.77448,0.76115,0.87761,0.85847,0.75924,0.65313,0.81259,0.69306,0.68195,0.68056,0.54481,0.58254,0.32986,0.45898,0.45894,0.51681,0.4216,0.40731,0.20579,0.27068,0.2091,0.3843,0.80672,0.77666,0.42222,0.45304,0.0032644,0,0.43883,0.46592,0.36282,0.30713,0.68568,0.60529,0,0,0.47874,0.15904,0.2413,0.32029,0.58552,0.54102,0.28807,0.42769,0.39257,0.52151,0.52409,0.53885,0.28839,0.25742,0.41293,0.1402,0.65095,0.51483,0.54758,0.65845,0,0,0,0,0.038612,0,0,0,0.16577,0.45596,0.65946,0.097371,0.51227,0.099114,0.20969,0
0.4567,0.58544,0.61794,0.68373,0.40485,0.49037,0.59129,0.61148,0.48535,0.5484,0.3084,0.34626,0.31056,0.099701,0.078558,0.088245,0.0051141,0,0.50037,0.63119,0.3302,0.30654,0.47242,0.4423,0.38734,0.31884,0.11626,0.12612,0.10469,0,0.11905,0.2468,0.059783,0.26076,0.25805,0.3769,0.65515,0.59631,0.429,0.54777,0.62553,0.58915,0.84167,1,0.6577,0.63531,0.8821,0.8341,0.61418,0.53052,0.68342,0.58133,0.56607,0.57108,0.53304,0.60165,0.2356,0.40805,0.39583,0.46043,0.27628,0.26608,0,0.12558,0,0.13237,0.71232,0.68222,0.49986,0.50927,0,0,0.39305,0.41891,0.24669,0.086414,0.68079,0.57656,0,0,0.446,0.04383,0.24819,0.24444,0.51488,0.43815,0.23094,0.45146,0.3882,0.45808,0.43023,0.43985,0.21732,0.27289,0.45593,0.19511,0.56346,0.54563,0.43116,0.58523,0,0,0,0,0,0,0,0,0.27428,0.54773,0.67675,0,0.52817,0,0.039248,0
0.42895,0.44443,0.68663,0.66439,0.3483,0.42679,0.66823,0.66317,0.38618,0.46537,0.19821,0.25836,0.29997,0.034577,0.0022805,0,0,0,0.51413,0.58009,0.26971,0.2433,0.60742,0.59462,0.46836,0.41002,0.1352,0.11781,0,0,0.068537,0.21496,0.16524,0.31202,0.50697,0.61651,0.49075,0.43435,0.24083,0.37584,0.49554,0.46838,0.77448,0.6577,1,0.86343,0.70901,0.66783,0.73386,0.6674,0.73725,0.68933,0.50459,0.61,0.39013,0.42374,0.17393,0.2493,0.25942,0.38355,0.35548,0.33914,0.13712,0.13372,0.22963,0.42361,0.7252,0.75541,0.35269,0.36572,0,0,0.30605,0.34904,0.24368,0.10213,0.60978,0.51522,0,0,0.43234,0.1234,0.25697,0.21406,0.54309,0.59677,0.27125,0.46131,0.29707,0.49065,0.57108,0.51197,0.42693,0.24374,0.36866,0.04454,0.44435,0.32894,0.40289,0.4829,0,0,0,0,0.046819,0,0,0,0.064329,0.45792,0.68067,0,0.32093,0,0.14536,0
0.57239,0.50376,0.65905,0.64337,0.31104,0.36622,0.72632,0.73856,0.3743,0.51936,0.31302,0.50564,0.43701,0.28849,0.052638,0.17656,0.17302,0,0.60895,0.6307,0.24218,0.10122,0.53447,0.50925,0.37137,0.32991,0.091267,0.041987,0.097647,0.075937,0.11636,0.20468,0.32725,0.46026,0.32094,0.4434,0.33196,0.22988,0.15879,0.19709,0.39374,0.28416,0.76115,0.63531,0.86343,1,0.71205,0.72517,0.81856,0.80621,0.74757,0.79694,0.65958,0.73308,0.48835,0.52382,0.38602,0.46313,0.5115,0.54483,0.561,0.54721,0.36928,0.38581,0.17989,0.40889,0.76109,0.77527,0.35438,0.44662,0,0,0.33774,0.35805,0.33785,0.25183,0.5284,0.51386,0,0,0.46526,0.24815,0.19793,0.37561,0.42782,0.55432,0.2359,0.38875,0.17592,0.57855,0.57081,0.60525,0.36968,0.26062,0.2811,0.042875,0.50692,0.4429,0.56036,0.64373,0,0,0,0,0.066848,0,0,0,0.14177,0.31501,0.53984,0.15007,0.42622,0.15907,0.24008,0
0.56251,0.67109,0.71549,0.79687,0.36451,0.49315,0.69839,0.75218,0.44618,0.54382,0.30581,0.47299,0.3915,0.20389,0.065593,0.12281,0.077103,0,0.63292,0.76122,0.40602,0.35476,0.59641,0.56148,0.41947,0.34052,0.14508,0.17998,0.10405,0,0.19375,0.30498,0.17969,0.36924,0.31555,0.41657,0.69254,0.59793,0.46339,0.5394,0.69454,0.57926,0.87761,0.8821,0.70901,0.71205,1,0.9286,0.74226,0.66961,0.77727,0.71051,0.70804,0.68547,0.63793,0.66259,0.33924,0.50613,0.47111,0.55037,0.38465,0.38951,0.087219,0.21278,0,0.22393,0.7807,0.74111,0.54451,0.62816,0,0,0.46826,0.47477,0.3563,0.16548,0.78964,0.68372,0,0,0.50491,0.094451,0.26518,0.35568,0.56953,0.46759,0.30188,0.49093,0.42236,0.53984,0.6125,0.55737,0.38203,0.34491,0.50474,0.21802,0.70476,0.63544,0.56087,0.71908,0,0,0,0,0,0,0,0,0.27299,0.59935,0.79435,0,0.55,0,0.11255,0
0.59041,0.66557,0.73005,0.72319,0.38543,0.51294,0.73689,0.73024,0.48973,0.52985,0.33628,0.52471,0.43316,0.19407,0.012238,0.15674,0.10107,0,0.66434,0.72131,0.32914,0.22503,0.64982,0.61315,0.464,0.398,0.11367,0.21244,0.13449,0.041825,0.1818,0.28302,0.35377,0.50202,0.31451,0.43304,0.51779,0.39627,0.26806,0.33503,0.54063,0.42712,0.85847,0.8341,0.66783,0.72517,0.9286,1,0.79151,0.73965,0.78101,0.75664,0.75837,0.76598,0.51725,0.56476,0.38646,0.53682,0.54361,0.49748,0.50882,0.45283,0.18834,0.34656,0.0047069,0.27846,0.76959,0.69962,0.39652,0.58803,0,0,0.41192,0.40376,0.31885,0.2071,0.66579,0.5983,0,0,0.42044,0.096917,0.10121,0.35829,0.41432,0.38125,0.13592,0.34498,0.24315,0.49998,0.60879,0.5427,0.37163,0.28299,0.34857,0.14922,0.72937,0.58862,0.59017,0.71424,0,0,0,0,0.038863,0,0,0,0.21747,0.41119,0.74164,0.21078,0.48428,0.1615,0.31466,0
0.445,0.44465,0.57466,0.57425,0.29303,0.34286,0.65659,0.68774,0.37775,0.41202,0.25747,0.51339,0.47728,0.31919,0.027361,0.2403,0,0,0.48659,0.50269,0.14121,0.048653,0.58067,0.58171,0.41011,0.34888,0,0.061341,0.018066,0.039453,0.023055,0.12585,0.32522,0.42132,0.2732,0.34152,0.23696,0.14988,0.080685,0.084128,0.30713,0.23305,0.75924,0.61418,0.73386,0.81856,0.74226,0.79151,1,0.8967,0.92062,0.91554,0.83816,0.77602,0.53573,0.51851,0.23096,0.41644,0.49833,0.3965,0.53355,0.41811,0.29032,0.35055,0.17542,0.33171,0.62797,0.56424,0.13933,0.35805,0,0,0.28544,0.23022,0.34734,0.21194,0.42955,0.36441,0,0,0.27532,0.1117,0.085819,0.31597,0.32145,0.26474,0.15885,0.16856,0.23044,0.34819,0.63601,0.57044,0.40662,0.098603,0.12275,0,0.50941,0.35449,0.54472,0.61461,0,0,0,0,0.18485,0,0,0,0.062126,0.20314,0.50417,0.1957,0.34915,0.26302,0.36158,0
