1,0.76042,0.7023,0.61575,0.4629,0.43397,0.83024,0.62825,0.49866,0.42836,0.77394,0.64347,0.78814,0.64213,0.59152,0.72181,0.72192,0.46312,0.80403,0.73177,0.14413,0.24143,0.48587,0.50051,0.40506,0.47841,0.59327,0.46211,0.66831,0.48819,0.64165,0.58373,0.63941,0.65493,0.44284,0.44829,0,0.011409,0.015574,0,0.07727,0.14714,0.45061,0.58643,0.70857,0.76869,0.34908,0.44466,0.747,0.68817,0.7425,0.69948,0.25664,0.5702,0.44866,0.65921,0.9323,0.71943,0.81558,0.66886,0.8024,0.65627,0.69207,0.6894,0.509,0.46213,0.7484,0.68412,0.72993,0.66096,0.48239,0.44404,0.57976,0.49234,0.39702,0.4271,0.33108,0.29466,0.64172,0.43886,0.66391,0.61567,0.3272,0.64256,0.71996,0.70995,0.35602,0.35615,0.10169,0.655,0.091526,0.29443,0.25179,0.64585,0.13062,0.022599,0.32261,0.31494,0.48093,0.45335,0.22917,0.65082,0.099791,0.484,0,0.066706,0.19184,0.36173,0.29416,0.11673,0.23357,0.14987,0.46982,0.35397,0.16906,0.16378
0.76042,1,0.54032,0.75292,0.49722,0.2972,0.64128,0.79558,0.5708,0.27594,0.70792,0.77983,0.66224,0.76239,0.65643,0.66125,0.48677,0.66645,0.72067,0.70761,0.1294,0.25544,0.55562,0.56901,0.45815,0.45345,0.58943,0.40616,0.43387,0.58434,0.72374,0.66592,0.70591,0.72112,0.48247,0.52988,0,0.23157,0.068549,0.064189,0.045938,0.28159,0.41382,0.60561,0.74443,0.7945,0.29773,0.3839,0.69105,0.68946,0.69787,0.72727,0.28192,0.41157,0.53569,0.59769,0.70322,0.91132,0.73486,0.74693,0.70382,0.77078,0.56078,0.80629,0.55719,0.6232,0.75495,0.70758,0.70564,0.64202,0.57229,0.44623,0.57053,0.60116,0.53678,0.45871,0.46443,0.34651,0.53975,0.60644,0.54674,0.6031,0.38392,0.51303,0.70332,0.74449,0.43497,0.40299,0.33628,0.49225,0,0.31925,0.37919,0.44476,0.1208,0.055944,0.31184,0.34253,0.51922,0.5328,0.41705,0.42646,0.2709,0.32633,0,0.061155,0.21716,0.35206,0.2328,0.055167,0.17241,0.027983,0.51406,0.35573,0.12439,0.1617
0.7023,0.54032,1,0.74065,0.5105,0.43879,0.89738,0.65916,0.50726,0.36846,0.74874,0.62163,0.78224,0.56632,0.5869,0.41617,0.47139,0.21883,0.70317,0.59089,0.12999,0.19624,0.81947,0.80777,0.66535,0.71054,0.56732,0.44914,0.43914,0.12519,0.57297,0.60541,0.53459,0.47431,0.73135,0.56681,0.037083,0,0.00082579,0,0,0,0.54374,0.55781,0.70782,0.68902,0.47804,0.51916,0.5753,0.54729,0.66756,0.61591,0.45193,0.61632,0.36388,0.45331,0.5847,0.52573,0.52132,0.35071,0.58466,0.36363,0.37847,0.37127,0.78745,0.54484,0.77885,0.70799,0.72391,0.63467,0.47536,0.47699,0.45033,0.35205,0.37065,0.38233,0.28468,0.2109,0.47673,0.28109,0.39656,0.31085,0.17514,0.3375,0.56554,0.53278,0.13322,0.066258,0.25963,0.54275,0.20033,0.32699,0.43616,0.65732,0.24131,0.11654,0.34095,0.24073,0.38651,0.21064,0.046493,0.40295,0,0.20032,0,0.030042,0,0,0.37269,0.20353,0.30651,0.28448,0.45034,0.40473,0.27234,0.058363
0.61575,0.75292,0.74065,1,0.41225,0.24352,0.7588,0.91041,0.50238,0.19253,0.70322,0.79411,0.67893,0.759,0.5634,0.47617,0.37098,0.43507,0.62164,0.5434,0.20763,0.27033,0.73187,0.82334,0.54444,0.58014,0.48927,0.33859,0.37009,0.33855,0.6776,0.69035,0.65749,0.62915,0.67173,0.60765,0.10822,0.17331,0.11622,0.049715,0.047316,0.18926,0.41749,0.51125,0.70903,0.71057,0.38937,0.44151,0.54463,0.54304,0.62158,0.64181,0.40726,0.42484,0.44817,0.41862,0.54787,0.71285,0.48387,0.43829,0.61449,0.6299,0.43231,0.58882,0.73374,0.72887,0.69633,0.68061,0.58895,0.49384,0.61215,0.51111,0.5467,0.51984,0.51452,0.35824,0.47206,0.3504,0.46717,0.46252,0.39152,0.36729,0.29619,0.29859,0.61994,0.59796,0.26861,0.1545,0.393,0.37748,0.15988,0.31117,0.5572,0.48027,0.26397,0.13765,0.36395,0.31411,0.4835,0.37564,0.34102,0.34001,0.27482,0.24296,0.035524,0.07503,0.06327,0.13686,0.30294,0.15749,0.18453,0.24352,0.50727,0.39244,0.14897,0.081672
0.4629,0.49722,0.5105,0.41225,1,0.78186,0.43816,0.45579,0.93077,0.6946,0.46126,0.39045,0.41834,0.3905,0.75785,0.4861,0.2505,0.13936,0.48611,0.48387,0.22494,0.42379,0.54128,0.46407,0.72441,0.64954,0.80268,0.67678,0.15279,0.12971,0.30844,0.3112,0.34099,0.36237,0.45789,0.37483,0.11117,0.12774,0.12124,0.0095293,0,0.094655,0.49727,0.49538,0.52501,0.50777,0.35875,0.44365,0.4311,0.33049,0.41613,0.39488,0.27789,0.33577,0.46018,0.51252,0.39795,0.44382,0.59386,0.63102,0.35886,0.35397,0.12255,0.26197,0.41339,0.35427,0.65004,0.63506,0.61569,0.61589,0.44783,0.54342,0.10421,0.11666,0.29556,0.38167,0.34752,0.2839,0.23543,0.075373,0.25377,0.24088,0.52659,0.52506,0.45353,0.44352,0.60356,0.54628,0.32461,0.39048,0.17502,0.15196,0.31964,0.51262,0,0,0,0.086013,0.29785,0.25435,0.234,0.51355,0.079711,0.2519,0,0,0.10955,0.28477,0.09272,0,0.20919,0.103,0.39869,0.14308,0,0
0.43397,0.2972,0.43879,0.24352,0.78186,1,0.35134,0.21516,0.73213,0.8689,0.36372,0.20685,0.32692,0.20205,0.57911,0.41566,0.25841,0,0.37416,0.37913,0.21801,0.42494,0.31848,0.2586,0.57643,0.58375,0.74084,0.67472,0.21603,0,0.16482,0.17167,0.13771,0.1523,0.26497,0.17645,0.035836,0,0.025245,0,0,0,0.2608,0.24528,0.2755,0.30606,0.18041,0.25178,0.28745,0.21145,0.27379,0.238,0.10747,0.25542,0.31219,0.39135,0.34439,0.22248,0.45319,0.47162,0.2481,0.21476,0.06582,0.1163,0.2407,0.19788,0.41266,0.41054,0.42572,0.42382,0.29493,0.42223,0,0,0.099092,0.21843,0.13747,0.1236,0.16387,0,0.22519,0.1837,0.40235,0.45995,0.33198,0.31897,0.47261,0.44265,0.095684,0.41477,0.045799,0.0032509,0.087095,0.43197,0,0,0,0,0.094604,0.034132,0.052296,0.42208,0,0.17708,0,0,0.08488,0.21393,0.043948,0,0.072823,0,0.22074,0.04942,0,0
0.83024,0.64128,0.89738,0.7588,0.43816,0.35134,1,0.76242,0.4971,0.3311,0.82354,0.70624,0.87795,0.70467,0.59166,0.55713,0.57068,0.32977,0.71139,0.5911,0.21088,0.25288,0.73368,0.7417,0.49722,0.56,0.48179,0.37014,0.533,0.27655,0.59486,0.60933,0.65231,0.61382,0.65731,0.5816,0.095267,0.026566,0.064236,0,0.083502,0.11454,0.53455,0.59975,0.76117,0.75759,0.44274,0.53997,0.64531,0.59739,0.70371,0.66705,0.3947,0.64223,0.38657,0.54645,0.71651,0.59605,0.63691,0.44855,0.75843,0.55768,0.54904,0.56252,0.74022,0.59521,0.79848,0.75202,0.67258,0.58874,0.56038,0.53874,0.61145,0.52475,0.48359,0.50601,0.43281,0.38483,0.5642,0.36174,0.47281,0.40953,0.26761,0.43599,0.6396,0.63366,0.20556,0.18837,0.22409,0.63464,0.18517,0.39842,0.42926,0.69549,0.19971,0.073392,0.31935,0.33863,0.45779,0.34685,0.078479,0.49765,0,0.28254,0,0.086505,0,0.052975,0.27836,0.09685,0.27311,0.26114,0.47189,0.39993,0.23659,0.049235
0.62825,0.79558,0.65916,0.91041,0.45579,0.21516,0.76242,1,0.55166,0.23608,0.68209,0.81118,0.68441,0.8547,0.59886,0.57362,0.35301,0.50923,0.59996,0.52527,0.25856,0.30078,0.71109,0.78561,0.49411,0.52755,0.46476,0.32755,0.36963,0.40764,0.63189,0.64713,0.71258,0.70933,0.65439,0.68291,0.11086,0.29175,0.14954,0.16388,0.1147,0.31632,0.44435,0.57483,0.74985,0.75938,0.36335,0.48083,0.56447,0.54983,0.62222,0.67305,0.36153,0.42028,0.46572,0.47039,0.54773,0.72828,0.5668,0.53187,0.68563,0.75301,0.47223,0.69714,0.67339,0.75316,0.76304,0.77133,0.58346,0.52846,0.66078,0.5784,0.61623,0.61429,0.58254,0.44743,0.5883,0.48092,0.45424,0.48535,0.40175,0.41205,0.36764,0.36891,0.62647,0.6894,0.31535,0.27124,0.39492,0.43038,0.1321,0.39444,0.55761,0.50161,0.16987,0.078508,0.29717,0.36377,0.50988,0.49257,0.37744,0.38784,0.28178,0.27928,0.12151,0.16758,0.096652,0.16181,0.19827,0.026405,0.26862,0.22116,0.54976,0.40908,0.13925,0.055311
0.49866,0.5708,0.50726,0.50238,0.93077,0.73213,0.4971,0.55166,1,0.69165,0.56529,0.50469,0.52533,0.51812,0.84742,0.60936,0.31332,0.20817,0.54554,0.53653,0.23315,0.42675,0.57053,0.50622,0.66044,0.58325,0.74186,0.60375,0.25597,0.26422,0.35374,0.32993,0.38275,0.41254,0.40484,0.34189,0.059037,0.13576,0.074913,0.017622,0,0.13412,0.51384,0.52461,0.51978,0.50481,0.37447,0.4108,0.44428,0.31798,0.45319,0.40905,0.31618,0.30197,0.48359,0.47537,0.41436,0.4967,0.58558,0.64202,0.43214,0.45028,0.24756,0.38044,0.45767,0.40193,0.64436,0.62216,0.62532,0.61701,0.53988,0.56877,0.17434,0.19541,0.35528,0.38274,0.39338,0.28129,0.32099,0.14918,0.35082,0.33592,0.56759,0.58789,0.56172,0.50049,0.57743,0.52941,0.45228,0.39969,0.19325,0.17404,0.44128,0.50863,0,0,0.058443,0.12376,0.33906,0.27832,0.31447,0.49208,0.1372,0.19856,0,0,0.17556,0.29955,0.15268,0,0.16666,0.09275,0.46384,0.18753,0,0.011883
0.42836,0.27594,0.36846,0.19253,0.6946,0.8689,0.3311,0.23608,0.69165,1,0.31118,0.24631,0.2992,0.2653,0.58972,0.52466,0.2209,0,0.35437,0.35836,0.21861,0.34532,0.26905,0.23113,0.45407,0.50526,0.61754,0.58459,0.24193,0.058778,0.095912,0.12786,0.14846,0.17832,0.19097,0.16355,0.025653,0,0.042982,0.017961,0,0.052534,0.24098,0.23347,0.22691,0.23408,0.13066,0.21336,0.22839,0.1128,0.18651,0.14828,0.028756,0.22361,0.28518,0.39199,0.33061,0.15523,0.43906,0.42583,0.29352,0.27816,0.10522,0.14471,0.19292,0.20628,0.36029,0.37143,0.36555,0.38254,0.27454,0.43286,0.0087392,0,0.05631,0.18855,0.16597,0.13647,0.15762,0,0.24478,0.2034,0.44187,0.53786,0.33708,0.36954,0.45079,0.501,0.050084,0.46205,0,0.041518,0.096658,0.48442,0,0,0,0.0024909,0.056279,0.078318,0.093744,0.50205,0,0.24192,0,0.07902,0.13438,0.26276,0,0,0.090888,0,0.23632,0.086914,0,0.010752
0.77394,0.70792,0.74874,0.70322,0.46126,0.36372,0.82354,0.68209,0.56529,0.31118,1,0.79255,0.91555,0.77858,0.72979,0.67813,0.66193,0.40441,0.71714,0.60922,0.031776,0.18777,0.65635,0.6443,0.49841,0.51626,0.55034,0.40245,0.62237,0.4378,0.64591,0.59169,0.56376,0.52971,0.49257,0.40298,0,0,0,0,0,0.027545,0.47262,0.56062,0.6861,0.67809,0.37191,0.34595,0.66071,0.5879,0.73731,0.64575,0.33646,0.45857,0.3825,0.4108,0.65119,0.64946,0.61343,0.49851,0.71999,0.56495,0.6052,0.62916,0.71972,0.59598,0.68907,0.6125,0.65386,0.57652,0.5437,0.46133,0.52779,0.46713,0.43931,0.36068,0.30469,0.19242,0.60765,0.42587,0.56914,0.51328,0.2822,0.50518,0.72468,0.62474,0.23014,0.18243,0.29339,0.46198,0.12068,0.2544,0.43817,0.50953,0.22511,0.081283,0.36913,0.26273,0.48587,0.33777,0.28994,0.42705,0.16068,0.24897,0,0.0011809,0.18548,0.24508,0.41869,0.11983,0.20191,0.13868,0.53932,0.45198,0.30255,0.2302
0.64347,0.77983,0.62163,0.79411,0.39045,0.20685,0.70624,0.81118,0.50469,0.24631,0.79255,1,0.74223,0.87765,0.60089,0.65967,0.52178,0.59541,0.63445,0.57788,0.056218,0.19293,0.62192,0.67206,0.50108,0.53302,0.44848,0.27283,0.49186,0.51185,0.72278,0.7241,0.64465,0.62382,0.55816,0.54019,0,0.087734,0,0,0,0.085905,0.37402,0.50098,0.64151,0.67238,0.27004,0.29399,0.57335,0.53281,0.60716,0.61511,0.19443,0.31983,0.28403,0.37166,0.55673,0.69716,0.4703,0.42153,0.61479,0.65276,0.52611,0.69765,0.70258,0.76625,0.62892,0.61301,0.59487,0.51465,0.49156,0.43318,0.53284,0.51328,0.49217,0.34388,0.30745,0.22972,0.5996,0.59744,0.51416,0.53843,0.21894,0.42123,0.59332,0.64654,0.22416,0.22655,0.16489,0.38313,0.023417,0.2478,0.41378,0.4894,0.23264,0.12028,0.36709,0.30843,0.39099,0.38121,0.34887,0.43896,0.21021,0.29263,0,0.034467,0.17974,0.29694,0.35418,0.14525,0.22556,0.087514,0.49734,0.40104,0.20019,0.22089
0.78814,0.66224,0.78224,0.67893,0.41834,0.32692,0.87795,0.68441,0.52533,0.2992,0.91555,0.74223,1,0.79383,0.70488,0.66101,0.69467,0.43359,0.76798,0.64249,0.13763,0.22456,0.6812,0.6874,0.4346,0.4814,0.46356,0.30486,0.64788,0.44752,0.59499,0.55659,0.58318,0.56351,0.48325,0.45043,0,0,0,0,0,0.058627,0.56171,0.61235,0.72887,0.70376,0.47165,0.47165,0.70763,0.61824,0.75672,0.65526,0.4182,0.55633,0.38395,0.45111,0.69461,0.64308,0.63237,0.46237,0.76577,0.56455,0.66737,0.64006,0.66682,0.54779,0.74547,0.67081,0.72338,0.65136,0.5876,0.47283,0.60077,0.53165,0.48259,0.45458,0.35977,0.26379,0.6528,0.45875,0.60764,0.51977,0.25936,0.49364,0.71001,0.59789,0.16873,0.1322,0.34654,0.54165,0.21811,0.38607,0.48291,0.58287,0.25222,0.09378,0.39237,0.30804,0.5025,0.36142,0.20121,0.42041,0.084659,0.24718,0,0.023594,0.085871,0.11952,0.36221,0.15222,0.31441,0.25872,0.55818,0.46924,0.32367,0.14058
0.64213,0.76239,0.56632,0.759,0.3905,0.20205,0.70467,0.8547,0.51812,0.2653,0.77858,0.87765,0.79383,1,0.64931,0.7285,0.49551,0.60335,0.62276,0.54454,0.21162,0.28644,0.61436,0.67239,0.38183,0.43768,0.4043,0.27131,0.48032,0.51405,0.6065,0.61582,0.65464,0.64856,0.48759,0.55561,0.0064842,0.25801,0.042712,0.092153,0.043323,0.27728,0.43548,0.56033,0.69697,0.68914,0.3393,0.41044,0.62703,0.55913,0.64558,0.63402,0.2652,0.39123,0.42075,0.43876,0.5683,0.6946,0.56906,0.48426,0.74104,0.75889,0.61083,0.76073,0.6237,0.72202,0.6761,0.66922,0.58122,0.54688,0.60378,0.55158,0.63013,0.61546,0.57311,0.44595,0.48899,0.40516,0.55723,0.53893,0.50859,0.49993,0.34385,0.46873,0.63931,0.66878,0.27882,0.27777,0.33609,0.45334,0.11098,0.37287,0.50466,0.4918,0.1585,0.053116,0.32991,0.37435,0.52671,0.50908,0.40237,0.42199,0.29474,0.33009,0.098635,0.15459,0.2036,0.25974,0.23528,0.036086,0.28067,0.1913,0.59033,0.43737,0.19109,0.15447
0.59152,0.65643,0.5869,0.5634,0.75785,0.57911,0.59166,0.59886,0.84742,0.58972,0.72979,0.60089,0.70488,0.64931,1,0.72195,0.39914,0.26593,0.66938,0.62469,0.076753,0.27351,0.64413,0.59812,0.6143,0.55003,0.7402,0.6188,0.41351,0.41647,0.45364,0.40102,0.42909,0.45051,0.4007,0.36365,0,0.041184,0,0,0,0.15394,0.55675,0.60838,0.5763,0.55461,0.37971,0.39376,0.49272,0.36574,0.55601,0.47847,0.35509,0.38923,0.54887,0.48676,0.4743,0.56719,0.62701,0.5953,0.54903,0.4695,0.34249,0.45423,0.54238,0.39247,0.68135,0.61445,0.68419,0.64622,0.56501,0.54631,0.25947,0.27914,0.32464,0.3175,0.42916,0.23398,0.39867,0.27998,0.4654,0.47139,0.61616,0.69407,0.69905,0.61729,0.53046,0.51942,0.52678,0.46867,0.13904,0.28825,0.5414,0.53732,0,0,0.13538,0.14317,0.42753,0.35974,0.44587,0.47665,0.22656,0.22738,0.010286,0.10777,0.3084,0.36073,0.23711,0,0.27817,0.099585,0.58051,0.43601,0.24326,0.19183
0.72181,0.66125,0.41617,0.47617,0.4861,0.41566,0.55713,0.57362,0.60936,0.52466,0.67813,0.65967,0.66101,0.7285,0.72195,1,0.62057,0.48288,0.7223,0.70823,0.036486,0.20223,0.35939,0.39412,0.29047,0.33713,0.57222,0.48111,0.671,0.67384,0.50691,0.44075,0.48428,0.54124,0.20557,0.33441,0,0.11534,0,0,0,0.24679,0.45965,0.55773,0.51101,0.55518,0.36792,0.38004,0.5712,0.43397,0.562,0.49372,0.18617,0.38238,0.47397,0.55356,0.66721,0.59037,0.66025,0.58415,0.64436,0.64354,0.63301,0.69523,0.30236,0.34551,0.56801,0.53197,0.62157,0.61811,0.48361,0.48559,0.41022,0.38847,0.30412,0.29282,0.32092,0.24636,0.59549,0.43423,0.72785,0.73146,0.50489,0.84853,0.7356,0.77231,0.41387,0.48874,0.22329,0.60538,0.19223,0.35644,0.40586,0.59557,0.075451,0,0.32855,0.29693,0.55131,0.54562,0.51691,0.68814,0.37436,0.54409,0.083785,0.19329,0.43325,0.55017,0.30411,0.070437,0.29337,0.18652,0.59438,0.44849,0.2675,0.33496
0.72192,0.48677,0.47139,0.37098,0.2505,0.25841,0.57068,0.35301,0.31332,0.2209,0.66193,0.52178,0.69467,0.49551,0.39914,0.62057,1,0.54962,0.72122,0.66609,0.086605,0.20471,0.29974,0.3022,0.2458,0.29871,0.34283,0.17342,0.78114,0.66197,0.60026,0.51419,0.49282,0.51642,0.20603,0.24772,0,0,0,0,0,0.0066442,0.37425,0.43432,0.51207,0.5722,0.38535,0.30313,0.7056,0.57979,0.65131,0.50581,0.25846,0.38248,0.26162,0.39242,0.76915,0.54203,0.57372,0.42083,0.57525,0.47246,0.7811,0.63467,0.30597,0.25338,0.50115,0.41004,0.61193,0.54351,0.429,0.29135,0.56188,0.46232,0.39496,0.37139,0.12673,0.11925,0.84838,0.55041,0.83786,0.70335,0.092142,0.50722,0.62044,0.50475,0.14156,0.12238,0.054246,0.38983,0.18817,0.16982,0.17414,0.40679,0.31099,0.19604,0.45381,0.31808,0.4248,0.32625,0.13374,0.44536,0.087619,0.33585,0,0,0.091783,0.25091,0.37905,0.2539,0.18518,0.21653,0.45447,0.27133,0.16625,0.18263
0.46312,0.66645,0.21883,0.43507,0.13936,0,0.32977,0.50923,0.20817,0,0.40441,0.59541,0.43359,0.60335,0.26593,0.48288,0.54962,1,0.52578,0.54223,0.016071,0.088623,0.22307,0.26653,0.15976,0.22354,0.19148,0.054069,0.4578,0.72664,0.62694,0.59258,0.60351,0.61038,0.24422,0.3991,0,0.28157,0,0.00509,0,0.16721,0.20668,0.41025,0.48834,0.6066,0.18284,0.2314,0.55085,0.58962,0.52329,0.59378,0.032857,0.22894,0.26751,0.42679,0.54225,0.71266,0.4886,0.46441,0.52693,0.6453,0.62518,0.81068,0.30585,0.46488,0.48885,0.45176,0.51339,0.45566,0.33234,0.26005,0.5486,0.59033,0.46116,0.38513,0.22103,0.21568,0.5862,0.78447,0.55525,0.6653,0.022776,0.31903,0.43519,0.58731,0.1366,0.19024,0.038435,0.30818,0,0.25812,0.13349,0.24404,0.26707,0.20218,0.4101,0.41878,0.41932,0.54905,0.30373,0.33373,0.25574,0.33583,0,0,0.14456,0.31847,0.21912,0.24468,0.1248,0.046519,0.41354,0.21641,0.021223,0.12628
0.80403,0.72067,0.70317,0.62164,0.48611,0.37416,0.71139,0.59996,0.54554,0.35437,0.71714,0.63445,0.76798,0.62276,0.66938,0.7223,0.72122,0.52578,1,0.96009,0.035561,0.16312,0.60447,0.61788,0.44935,0.48341,0.58018,0.39349,0.68844,0.59879,0.64311,0.56173,0.58966,0.62298,0.37671,0.42443,0,0,0,0,0,0.016082,0.61919,0.67955,0.68013,0.7136,0.53805,0.50519,0.73938,0.60609,0.74264,0.63277,0.45804,0.57123,0.50395,0.53696,0.76047,0.75063,0.68726,0.56602,0.64894,0.52966,0.65788,0.67485,0.46728,0.32677,0.77578,0.67527,0.9006,0.8439,0.49042,0.40386,0.46355,0.39791,0.38897,0.34735,0.25261,0.14733,0.71297,0.48555,0.74992,0.70252,0.30396,0.63736,0.74375,0.68965,0.26691,0.23128,0.31816,0.57526,0.22205,0.33381,0.48369,0.59706,0.21586,0.047354,0.39105,0.22848,0.53146,0.38348,0.35725,0.51639,0.19892,0.3463,0,0.014518,0.20685,0.27173,0.40748,0.2708,0.3756,0.22521,0.57608,0.45067,0.30192,0.21151
0.73177,0.70761,0.59089,0.5434,0.48387,0.37913,0.5911,0.52527,0.53653,0.35836,0.60922,0.57788,0.64249,0.54454,0.62469,0.70823,0.66609,0.54223,0.96009,1,0.052005,0.20751,0.52503,0.52496,0.40678,0.42932,0.55337,0.35691,0.59378,0.59622,0.58664,0.50797,0.53856,0.58874,0.29783,0.37678,0,0,0,0,0,0.046182,0.58622,0.63627,0.59886,0.64899,0.51714,0.48721,0.68726,0.55468,0.67456,0.58318,0.41659,0.54001,0.51502,0.56631,0.70078,0.72652,0.64964,0.57507,0.55112,0.5042,0.60127,0.66802,0.36491,0.25011,0.71177,0.62621,0.88345,0.84047,0.46055,0.40381,0.39118,0.36834,0.38282,0.34798,0.23557,0.14538,0.65994,0.46046,0.71355,0.70516,0.32462,0.64265,0.68769,0.67833,0.32951,0.30081,0.31383,0.59618,0.20889,0.33787,0.41538,0.56355,0.16623,0.019597,0.34236,0.22394,0.5076,0.38641,0.34138,0.49461,0.17844,0.32502,0,0.0045928,0.20548,0.28794,0.34955,0.23212,0.34885,0.18067,0.506,0.3704,0.23471,0.1724
0.14413,0.1294,0.12999,0.20763,0.22494,0.21801,0.21088,0.25856,0.23315,0.21861,0.031776,0.056218,0.13763,0.21162,0.076753,0.036486,0.086605,0.016071,0.035561,0.052005,1,0.85641,0.27384,0.2373,0.17319,0.15836,0,0,0,0,0.069931,0.14298,0.32323,0.36308,0.28147,0.30593,0.61532,0.59708,0.70496,0.66125,0.57363,0.5454,0.082247,0.066909,0.27107,0.22326,0.15691,0.3577,0.20026,0.13347,0.082206,0.078015,0.13791,0.18357,0.22046,0.32016,0.21358,0.14149,0.22823,0.24408,0.29723,0.41265,0.21601,0.21504,0.099822,0.26911,0.25653,0.33498,0.089035,0.093063,0.55856,0.53725,0.42372,0.48424,0.6067,0.67093,0.54092,0.66305,0.11668,0,0.0069057,0,0.34941,0,0.1218,0.060181,0.37676,0.25714,0.21465,0.28693,0.069445,0.064886,0.08569,0.16456,0,0,0,0.33357,0.13627,0.17106,0,0.062938,0,0,0.020179,0,0,0,0,0,0,0.19938,0.062379,0,0,0
0.24143,0.25544,0.19624,0.27033,0.42379,0.42494,0.25288,0.30078,0.42675,0.34532,0.18777,0.19293,0.22456,0.28644,0.27351,0.20223,0.20471,0.088623,0.16312,0.20751,0.85641,1,0.33248,0.27041,0.36141,0.32213,0.21694,0.042596,0,0.016137,0.20097,0.26525,0.37337,0.41213,0.33979,0.34161,0.53005,0.54553,0.59772,0.53131,0.38038,0.46744,0.15298,0.16196,0.35272,0.34644,0.20235,0.38169,0.31608,0.21248,0.21085,0.19033,0.10102,0.17778,0.28243,0.4004,0.28272,0.25146,0.33085,0.38445,0.30231,0.44792,0.24068,0.28624,0.19811,0.3464,0.34834,0.42351,0.23574,0.21547,0.55899,0.64302,0.37514,0.44402,0.62061,0.68438,0.46693,0.56968,0.21938,0,0.094404,0,0.39339,0.080409,0.19171,0.15234,0.54144,0.39045,0.18765,0.32735,0.0092543,0.0035558,0.070499,0.24085,0,0,0,0.34652,0.20681,0.20776,0,0.20447,0,0.027868,0,0,0,0,0,0,0,0.12228,0.15527,0,0,0
0.48587,0.55562,0.81947,0.73187,0.54128,0.31848,0.73368,0.71109,0.57053,0.26905,0.65635,0.62192,0.6812,0.61436,0.64413,0.35939,0.29974,0.22307,0.60447,0.52503,0.27384,0.33248,1,0.93867,0.70966,0.67943,0.49759,0.35437,0.25093,0.13095,0.53216,0.56356,0.58658,0.56142,0.73867,0.65464,0.1396,0.10892,0.1858,0.055587,0.061108,0.15584,0.53677,0.54505,0.7248,0.66755,0.46572,0.54317,0.51979,0.45375,0.56401,0.51892,0.52384,0.52553,0.42102,0.39764,0.38368,0.55842,0.46741,0.38629,0.544,0.43528,0.30588,0.40003,0.75798,0.59502,0.78774,0.76929,0.68471,0.66324,0.55824,0.51885,0.43592,0.43972,0.50186,0.47612,0.48091,0.37524,0.35031,0.24657,0.28034,0.19211,0.33649,0.23323,0.53188,0.487,0.23869,0.13031,0.50056,0.45196,0.19148,0.37929,0.58293,0.54453,0.12707,0.033434,0.19729,0.24791,0.3989,0.27152,0.093861,0.23051,0,0,0,0.071756,0,0,0.18063,0.036999,0.37963,0.2717,0.47292,0.39145,0.20598,0
0.50051,0.56901,0.80777,0.82334,0.46407,0.2586,0.7417,0.78561,0.50622,0.23113,0.6443,0.67206,0.6874,0.67239,0.59812,0.39412,0.3022,0.26653,0.61788,0.52496,0.2373,0.27041,0.93867,1,0.60905,0.65373,0.44311,0.32588,0.30444,0.1825,0.53323,0.59885,0.57322,0.55615,0.68722,0.63887,0.13282,0.09924,0.15378,0.011352,0.046949,0.12958,0.48601,0.48953,0.70402,0.64971,0.4487,0.49737,0.52846,0.4603,0.56898,0.51928,0.5108,0.50444,0.4268,0.36238,0.41909,0.57787,0.42664,0.32956,0.54473,0.46758,0.36712,0.44182,0.70678,0.61234,0.74043,0.73756,0.6546,0.62376,0.5556,0.52042,0.4726,0.43726,0.48177,0.40392,0.49031,0.3738,0.34812,0.25682,0.29736,0.22355,0.306,0.24813,0.53802,0.50511,0.22552,0.098421,0.47527,0.43232,0.19618,0.36168,0.59108,0.5377,0.16603,0.034944,0.23138,0.22227,0.44444,0.27747,0.1976,0.25101,0.09649,0.059335,0.025586,0.10106,0,0,0.21949,0.12039,0.35314,0.27223,0.46133,0.39534,0.20884,0
0.40506,0.45815,0.66535,0.54444,0.72441,0.57643,0.49722,0.49411,0.66044,0.45407,0.49841,0.50108,0.4346,0.38183,0.6143,0.29047,0.2458,0.15976,0.44935,0.40678,0.17319,0.36141,0.70966,0.60905,1,0.91147,0.71068,0.51039,0.19118,0.086223,0.60159,0.61999,0.40446,0.36598,0.74248,0.50307,0.027469,0.010131,0.059571,0,0,0,0.47107,0.49051,0.56004,0.57011,0.34481,0.40296,0.41139,0.41248,0.4956,0.53275,0.25473,0.29868,0.29175,0.35635,0.30779,0.43968,0.37443,0.35817,0.28189,0.22365,0.036064,0.18166,0.68212,0.58353,0.64598,0.60356,0.61254,0.5167,0.36704,0.41281,0.15973,0.16035,0.27505,0.30823,0.12898,0.067929,0.33932,0.25246,0.22665,0.23133,0.19345,0.23732,0.38044,0.38975,0.32965,0.2362,0.19023,0.2088,0.10894,0.13351,0.36506,0.49172,0.16822,0.13259,0.252,0.21643,0.22304,0.18286,0.10278,0.33243,0.013867,0.14411,0,0,0,0.12833,0.33506,0.14349,0.25463,0.2287,0.4219,0.27413,0.076676,0.03498
0.47841,0.45345,0.71054,0.58014,0.64954,0.58375,0.56,0.52755,0.58325,0.50526,0.51626,0.53302,0.4814,0.43768,0.55003,0.33713,0.29871,0.22354,0.48341,0.42932,0.15836,0.32213,0.67943,0.65373,0.91147,1,0.65821,0.48182,0.28785,0.095017,0.64215,0.70951,0.45162,0.41311,0.73239,0.53975,0.015164,0,0.078397,0,0,0,0.36654,0.39482,0.55476,0.58121,0.25887,0.32718,0.42894,0.42744,0.47698,0.50621,0.13582,0.27989,0.2491,0.36352,0.4051,0.45122,0.39696,0.33712,0.36966,0.2873,0.15895,0.25489,0.6843,0.63697,0.64066,0.62754,0.60562,0.5162,0.30442,0.40299,0.22629,0.18066,0.24112,0.29112,0.10911,0.077892,0.35283,0.2622,0.23883,0.26094,0.13819,0.26883,0.37219,0.42448,0.31969,0.23701,0.074416,0.28156,0.045376,0.1032,0.25045,0.52985,0.20671,0.1504,0.28956,0.24353,0.22968,0.19022,0.11692,0.38693,0.024004,0.21358,0,0,0,0.12518,0.35186,0.24229,0.25063,0.19043,0.41537,0.24867,0.03066,0.021242
0.59327,0.58943,0.56732,0.48927,0.80268,0.74084,0.48179,0.46476,0.74186,0.61754,0.55034,0.44848,0.46356,0.4043,0.7402,0.57222,0.34283,0.19148,0.58018,0.55337,0,0.21694,0.49759,0.44311,0.71068,0.65821,1,0.88924,0.35572,0.22892,0.50149,0.44258,0.34318,0.35258,0.50194,0.40479,0,0,0,0,0,0.028019,0.47022,0.53651,0.50879,0.54714,0.32854,0.4016,0.42436,0.40088,0.50006,0.51787,0.25508,0.39102,0.48055,0.51405,0.49246,0.51386,0.61038,0.58888,0.39464,0.31764,0.14182,0.28227,0.46133,0.3396,0.64376,0.58454,0.63408,0.58574,0.38481,0.43436,0.079419,0.075586,0.088441,0.16887,0.20408,0.11032,0.28757,0.21829,0.36765,0.41138,0.44975,0.61008,0.5484,0.58674,0.49513,0.48926,0.19887,0.40693,0.16307,0.21353,0.31319,0.53124,0,0,0.14994,0.071682,0.34449,0.31681,0.38666,0.55624,0.25206,0.40861,0.063487,0.192,0.337,0.48461,0.25196,0.05117,0.31671,0.11475,0.47118,0.3572,0.14024,0.21654
0.46211,0.40616,0.44914,0.33859,0.67678,0.67472,0.37014,0.32755,0.60375,0.58459,0.40245,0.27283,0.30486,0.27131,0.6188,0.48111,0.17342,0.054069,0.39349,0.35691,0,0.042596,0.35437,0.32588,0.51039,0.48182,0.88924,1,0.26665,0.093208,0.26648,0.20669,0.21138,0.21467,0.36337,0.3087,0,0,0,0,0,0.05928,0.32669,0.39332,0.34408,0.38977,0.20819,0.29822,0.25427,0.25485,0.34948,0.38781,0.20237,0.3907,0.46004,0.45558,0.35079,0.33023,0.54347,0.48751,0.33886,0.19292,0,0.11898,0.32513,0.1732,0.49391,0.45121,0.41892,0.42323,0.23347,0.34692,0,0,0,0,0.22542,0.13871,0.071843,0.069834,0.21437,0.26869,0.48811,0.59929,0.44158,0.54243,0.424,0.49901,0.14161,0.41976,0.10419,0.19246,0.21058,0.45008,0,0,0,0,0.25633,0.24522,0.38397,0.53007,0.26279,0.39443,0.22531,0.36197,0.42346,0.50763,0.13512,0,0.27577,0.025957,0.32958,0.31783,0.14704,0.25058
0.66831,0.43387,0.43914,0.37009,0.15279,0.21603,0.533,0.36963,0.25597,0.24193,0.62237,0.49186,0.64788,0.48032,0.41351,0.671,0.78114,0.4578,0.68844,0.59378,0,0,0.25093,0.30444,0.19118,0.28785,0.35572,0.26665,1,0.71799,0.57891,0.46367,0.43376,0.46303,0.12222,0.19718,0,0,0,0,0,0,0.27534,0.4056,0.41798,0.49492,0.23218,0.13826,0.54657,0.45686,0.54983,0.43299,0.15375,0.30471,0.23903,0.2686,0.66206,0.46512,0.49326,0.32743,0.56252,0.41265,0.68167,0.57944,0.25109,0.19881,0.4095,0.31037,0.47984,0.39917,0.33177,0.20773,0.48336,0.34075,0.19119,0.11561,0.074427,0.011744,0.69567,0.49894,0.78003,0.70572,0.12987,0.57687,0.6552,0.5773,0.017422,0.10234,0.0078496,0.35363,0.031462,0.11091,0.21868,0.34344,0.30526,0.1659,0.40237,0.16033,0.33505,0.24434,0.31147,0.41508,0.2034,0.32937,0,0.029945,0.28668,0.34699,0.42672,0.24619,0.13298,0.062273,0.42343,0.36941,0.32409,0.38704
0.48819,0.58434,0.12519,0.33855,0.12971,0,0.27655,0.40764,0.26422,0.058778,0.4378,0.51185,0.44752,0.51405,0.41647,0.67384,0.66197,0.72664,0.59879,0.59622,0,0.016137,0.13095,0.1825,0.086223,0.095017,0.22892,0.093208,0.71799,1,0.62076,0.48619,0.52621,0.58332,0.03259,0.22469,0,0.14569,0,0,0,0.19108,0.25103,0.44034,0.38269,0.49167,0.21242,0.13422,0.51888,0.43727,0.48169,0.41111,0.092246,0.10672,0.32072,0.34392,0.57693,0.64188,0.47848,0.45493,0.47846,0.55552,0.70753,0.76519,0.11327,0.19119,0.37812,0.3021,0.44046,0.38377,0.39053,0.20282,0.52851,0.51939,0.35103,0.25996,0.209,0.12779,0.70476,0.75246,0.81358,0.86314,0.18141,0.54683,0.64483,0.61662,0.17789,0.2793,0.15966,0.22677,0.00065094,0.18516,0.25382,0.18679,0.27689,0.20197,0.4271,0.3428,0.44402,0.52703,0.53101,0.36885,0.43686,0.39543,0,0.017625,0.37774,0.48498,0.30935,0.12397,0.089481,0.081212,0.48329,0.36305,0.21957,0.36614
0.64165,0.72374,0.57297,0.6776,0.30844,0.16482,0.59486,0.63189,0.35374,0.095912,0.64591,0.72278,0.59499,0.6065,0.45364,0.50691,0.60026,0.62694,0.64311,0.58664,0.069931,0.20097,0.53216,0.53323,0.60159,0.64215,0.50149,0.26648,0.57891,0.62076,1,0.93896,0.73583,0.70336,0.61298,0.54913,0,0.074005,0.027684,0,0,0.055659,0.33106,0.53254,0.6684,0.75972,0.26789,0.28663,0.63556,0.66588,0.66263,0.66175,0.13925,0.23836,0.30101,0.41546,0.6686,0.77169,0.52165,0.48317,0.58323,0.55991,0.58551,0.67992,0.6377,0.64234,0.65219,0.58856,0.61431,0.46884,0.43225,0.28324,0.56775,0.54219,0.4416,0.40466,0.17726,0.14145,0.69366,0.74546,0.59582,0.62461,0.064412,0.34719,0.5968,0.58536,0.24135,0.20907,0.077571,0.24236,0,0.14565,0.25554,0.36191,0.42337,0.3441,0.55726,0.45559,0.43712,0.45819,0.31432,0.36701,0.27126,0.33074,0,0,0.098297,0.27071,0.44285,0.31395,0.16697,0.17502,0.52999,0.34991,0.088674,0.17157
0.58373,0.66592,0.60541,0.69035,0.3112,0.17167,0.60933,0.64713,0.32993,0.12786,0.59169,0.7241,0.55659,0.61582,0.40102,0.44075,0.51419,0.59258,0.56173,0.50797,0.14298,0.26525,0.56356,0.59885,0.61999,0.70951,0.44258,0.20669,0.46367,0.48619,0.93896,1,0.7232,0.67985,0.68268,0.58706,0.042765,0.13344,0.10586,0,0,0.044015,0.29988,0.47819,0.65577,0.72676,0.225,0.29471,0.57435,0.60158,0.57421,0.59664,0.054595,0.21435,0.22453,0.39864,0.61519,0.70722,0.43794,0.38413,0.5283,0.52606,0.52625,0.6228,0.67358,0.72084,0.63069,0.60963,0.57169,0.42634,0.40872,0.37135,0.57023,0.54265,0.4813,0.46739,0.20597,0.20162,0.63359,0.66114,0.46812,0.51159,0.017146,0.2577,0.47783,0.52844,0.25695,0.20349,0,0.25331,0,0.12259,0.20895,0.41255,0.3867,0.3359,0.50239,0.48843,0.38401,0.40436,0.19724,0.35586,0.15264,0.28516,0,0,0,0.15311,0.36204,0.31843,0.15433,0.15689,0.45089,0.25588,0,0.051895
0.63941,0.70591,0.53459,0.65749,0.34099,0.13771,0.65231,0.71258,0.38275,0.14846,0.56376,0.64465,0.58318,0.65464,0.42909,0.48428,0.49282,0.60351,0.58966,0.53856,0.32323,0.37337,0.58658,0.57322,0.40446,0.45162,0.34318,0.21138,0.43376,0.52621,0.73583,0.7232,1,0.97371,0.66298,0.77075,0.18303,0.3554,0.35677,0.27765,0.32485,0.43844,0.24503,0.48958,0.72844,0.81116,0.17039,0.37569,0.57904,0.53425,0.54413,0.54992,0.1131,0.29254,0.41483,0.56654,0.70679,0.77204,0.69923,0.63091,0.82789,0.79578,0.65418,0.75393,0.63419,0.66919,0.77304,0.79894,0.54161,0.48948,0.53724,0.4115,0.74796,0.73548,0.68422,0.64504,0.6146,0.60832,0.55604,0.63233,0.46961,0.42943,0.33627,0.31736,0.61449,0.63683,0.41356,0.42162,0.15711,0.43987,0,0.20098,0.18251,0.36847,0.078865,0.030668,0.21592,0.48682,0.40862,0.50623,0.19934,0.38898,0.12034,0.24105,0,0,0,0.11401,0.0014449,0,0.19865,0.07805,0.37899,0.1592,0,0
0.65493,0.72112,0.47431,0.62915,0.36237,0.1523,0.61382,0.70933,0.41254,0.17832,0.52971,0.62382,0.56351,0.64856,0.45051,0.54124,0.51642,0.61038,0.62298,0.58874,0.36308,0.41213,0.56142,0.55615,0.36598,0.41311,0.35258,0.21467,0.46303,0.58332,0.70336,0.67985,0.97371,1,0.57403,0.72998,0.18611,0.38799,0.37385,0.31546,0.34876,0.49135,0.24386,0.48528,0.70866,0.79289,0.17087,0.38058,0.58695,0.50674,0.52044,0.51557,0.11669,0.28333,0.44506,0.58067,0.73316,0.78469,0.73248,0.66428,0.83119,0.82789,0.69463,0.79675,0.52855,0.60484,0.76051,0.79076,0.55812,0.52209,0.57629,0.44481,0.75969,0.76044,0.70273,0.6528,0.6518,0.64413,0.56405,0.60962,0.52316,0.47394,0.41648,0.39096,0.64403,0.66812,0.46598,0.4773,0.19063,0.4761,0,0.21223,0.20008,0.37241,0.045166,0,0.18478,0.46939,0.42431,0.52287,0.24611,0.4169,0.15778,0.27336,0,0.028939,0.007665,0.15052,0,0,0.20326,0.071364,0.37542,0.16937,0,0
0.44284,0.48247,0.73135,0.67173,0.45789,0.26497,0.65731,0.65439,0.40484,0.19097,0.49257,0.55816,0.48325,0.48759,0.4007,0.20557,0.20603,0.24422,0.37671,0.29783,0.28147,0.33979,0.73867,0.68722,0.74248,0.73239,0.50194,0.36337,0.12222,0.03259,0.61298,0.68268,0.66298,0.57403,1,0.84654,0.1866,0.18436,0.25702,0.12746,0.12229,0.16617,0.4004,0.476,0.66202,0.68888,0.30606,0.48349,0.3738,0.4193,0.46403,0.55812,0.20861,0.35866,0.24803,0.4151,0.39128,0.50202,0.4151,0.34768,0.4896,0.40785,0.17024,0.29731,0.84137,0.74092,0.74478,0.77108,0.49953,0.40623,0.40668,0.4104,0.41091,0.41646,0.42084,0.46485,0.37387,0.37424,0.33631,0.37536,0.13185,0.13234,0.15006,0.093383,0.36041,0.44711,0.25388,0.19057,0.12238,0.3083,0.11898,0.24709,0.29286,0.5019,0.12171,0.089648,0.25375,0.362,0.27337,0.31828,0.0080152,0.32662,0,0.18393,0,0.00407,0,0,0.13196,0.08291,0.35139,0.27709,0.36034,0.24585,0,0
0.44829,0.52988,0.56681,0.60765,0.37483,0.17645,0.5816,0.68291,0.34189,0.16355,0.40298,0.54019,0.45043,0.55561,0.36365,0.33441,0.24772,0.3991,0.42443,0.37678,0.30593,0.34161,0.65464,0.63887,0.50307,0.53975,0.40479,0.3087,0.19718,0.22469,0.54913,0.58706,0.77075,0.72998,0.84654,1,0.1767,0.32496,0.31077,0.27572,0.27025,0.37135,0.27687,0.42174,0.61486,0.71031,0.18452,0.45069,0.36239,0.36805,0.3991,0.48218,0.11344,0.30544,0.31455,0.47475,0.44175,0.56598,0.50762,0.45116,0.61181,0.59759,0.34484,0.48561,0.67001,0.64154,0.75212,0.83204,0.48476,0.45121,0.41499,0.39322,0.50377,0.53017,0.47457,0.49608,0.5222,0.53376,0.33526,0.45602,0.24896,0.25472,0.29406,0.21913,0.4311,0.56587,0.34805,0.32808,0.13581,0.41177,0.034442,0.33056,0.24066,0.42235,0,0,0.12158,0.33356,0.29688,0.44274,0.14631,0.34578,0.083043,0.23753,0.10231,0.14656,0,0.076691,0,0,0.49652,0.17932,0.34807,0.23796,0,0
0,0,0.037083,0.10822,0.11117,0.035836,0.095267,0.11086,0.059037,0.025653,0,0,0,0.0064842,0,0,0,0,0,0,0.61532,0.53005,0.1396,0.13282,0.027469,0.015164,0,0,0,0,0,0.042765,0.18303,0.18611,0.1866,0.1767,1,0.70451,0.80836,0.6357,0.51349,0.47016,0.10008,0.029165,0.22197,0.11415,0.25209,0.46114,0.13688,0.10172,0.015608,0.011893,0.19863,0.18432,0.20522,0.28324,0.097009,0.0089327,0.11597,0.11455,0.092401,0.19265,0.072462,0.014058,0.021163,0.1603,0.13905,0.20959,0,0.049385,0.3208,0.31567,0.24812,0.31199,0.36537,0.50409,0.40471,0.52393,0,0,0,0,0.17581,0,0,0,0.23725,0.042104,0.17024,0.13738,0.18805,0.20885,0.028586,0.12559,0,0,0,0.31566,0.17185,0.16675,0,0,0,0,0.028596,0,0,0,0,0,0,0.34332,8.0723e-05,0,0,0
0.011409,0.23157,0,0.17331,0.12774,0,0.026566,0.29175,0.13576,0,0,0.087734,0,0.25801,0.041184,0.11534,0,0.28157,0,0,0.59708,0.54553,0.10892,0.09924,0.010131,0,0,0,0,0.14569,0.074005,0.13344,0.3554,0.38799,0.18436,0.32496,0.70451,1,0.72335,0.83597,0.54867,0.76371,0.086093,0.15666,0.27814,0.24379,0.18388,0.42816,0.1832,0.17279,0.084692,0.16286,0.067646,0.11356,0.33618,0.42737,0.12253,0.23665,0.22189,0.28315,0.23456,0.46471,0.1941,0.3346,0.030001,0.26666,0.21515,0.29298,0.042173,0.092397,0.42647,0.417,0.40903,0.5535,0.50873,0.60198,0.57653,0.65069,0.094845,0.20714,0.045785,0.029103,0.32416,0,0.11311,0.18966,0.38253,0.27652,0.22558,0.18132,0.066636,0.35449,0.11384,0.11175,0,0.010835,0.075905,0.52132,0.37188,0.52874,0,0.10297,0.093272,0.178,0.24005,0.12028,0,0,0,0,0,0.28494,0.14321,0,0,0
0.015574,0.068549,0.00082579,0.11622,0.12124,0.025245,0.064236,0.14954,0.074913,0.042982,0,0,0,0.042712,0,0,0,0,0,0,0.70496,0.59772,0.1858,0.15378,0.059571,0.078397,0,0,0,0,0.027684,0.10586,0.35677,0.37385,0.25702,0.31077,0.80836,0.72335,1,0.8149,0.72984,0.67963,0,0.0038082,0.26079,0.19469,0.094966,0.36144,0.10217,0.092954,0,0,0.11773,0.14289,0.35905,0.40981,0.13621,0.10575,0.24903,0.25693,0.24575,0.32083,0.0923,0.10131,0.062884,0.2023,0.21301,0.30688,0,0.022687,0.30756,0.28712,0.33054,0.4162,0.46103,0.58307,0.5936,0.68802,0,0,0,0,0.3905,0,0.035112,0.0030496,0.48174,0.34816,0.2528,0.24893,0.019202,0.20059,0,0.10703,0,0,0,0.3762,0.1744,0.27673,0,0,0,0,0.11168,0,0,0,0,0,0,0.20554,0,0,0,0
0,0.064189,0,0.049715,0.0095293,0,0,0.16388,0.017622,0.017961,0,0,0,0.092153,0,0,0,0.00509,0,0,0.66125,0.53131,0.055587,0.011352,0,0,0,0,0,0,0,0,0.27765,0.31546,0.12746,0.27572,0.6357,0.83597,0.8149,1,0.77624,0.88548,0,0.0048276,0.12809,0.092615,0.013043,0.30012,0,0,0,0,0.036606,0.096075,0.32622,0.34628,0,0.052231,0.15453,0.19088,0.20408,0.35205,0.020032,0.133,0,0.11954,0.090764,0.18467,0,0,0.3318,0.3403,0.31318,0.46813,0.40706,0.48782,0.63107,0.71145,0,0.018442,0,0,0.45829,0,0.07273,0.1167,0.37408,0.36078,0.23201,0.23497,0,0.31024,0.044261,0.039916,0,0,0,0.35353,0.17422,0.35568,0,0,0.0072492,0.044085,0.40787,0.2997,0,0,0,0,0,0.14064,0,0,0,0
0.07727,0.045938,0,0.047316,0,0,0.083502,0.1147,0,0,0,0,0,0.043323,0,0,0,0,0,0,0.57363,0.38038,0.061108,0.046949,0,0,0,0,0,0,0,0,0.32485,0.34876,0.12229,0.27025,0.51349,0.54867,0.72984,0.77624,1,0.79643,0,0,0.14106,0.13031,0,0.13866,0.0028612,0.025402,0,0,0.0073125,0.15243,0.23393,0.28134,0.14938,0.054894,0.25245,0.206,0.3588,0.36366,0.14402,0.13362,0,0.10533,0.11355,0.19163,0,0,0.25182,0.19425,0.42209,0.48894,0.36375,0.41222,0.60549,0.68634,0,0,0,0,0.44599,0,0.14912,0.13286,0.27455,0.27508,0.13914,0.30879,0,0.15243,0,0.0023323,0,0,0,0.20279,0.087425,0.22556,0,0.0070924,0,0.0072215,0.3723,0.32445,0,0,0,0,0,0,0,0,0,0
0.14714,0.28159,0,0.18926,0.094655,0,0.11454,0.31632,0.13412,0.052534,0.027545,0.085905,0.058627,0.27728,0.15394,0.24679,0.0066442,0.16721,0.016082,0.046182,0.5454,0.46744,0.15584,0.12958,0,0,0.028019,0.05928,0,0.19108,0.055659,0.044015,0.43844,0.49135,0.16617,0.37135,0.47016,0.76371,0.67963,0.88548,0.79643,1,0.018529,0.16186,0.29738,0.2953,0.057395,0.33678,0.17015,0.12599,0.074498,0.108,0.10451,0.21537,0.45939,0.4682,0.22472,0.28174,0.40367,0.41299,0.42785,0.53324,0.2607,0.36186,0.047607,0.15873,0.27699,0.34577,0.00060611,0.07539,0.46278,0.42749,0.46153,0.61944,0.459,0.51895,0.7558,0.78218,0.048313,0.17382,0.14174,0.043495,0.64111,0.20634,0.35716,0.36806,0.47746,0.486,0.33179,0.3887,0,0.35045,0.14572,0.15618,0,0,0,0.3479,0.37132,0.53885,0.15853,0.18588,0.16986,0.18693,0.43717,0.37322,0.0028204,0.037988,0,0,0.014263,0.10301,0.19146,0.03635,0,0
0.45061,0.41382,0.54374,0.41749,0.49727,0.2608,0.53455,0.44435,0.51384,0.24098,0.47262,0.37402,0.56171,0.43548,0.55675,0.45965,0.37425,0.20668,0.61919,0.58622,0.082247,0.15298,0.53677,0.48601,0.47107,0.36654,0.47022,0.32669,0.27534,0.25103,0.33106,0.29988,0.24503,0.24386,0.4004,0.27687,0.10008,0.086093,0,0,0,0.018529,1,0.89285,0.65432,0.54158,0.88807,0.81721,0.58263,0.48326,0.63493,0.59746,0.66337,0.67418,0.45492,0.49987,0.37337,0.43977,0.42688,0.33137,0.29276,0.16463,0.20421,0.27852,0.35558,0.16827,0.65593,0.54828,0.6999,0.66384,0.46356,0.45624,0.20069,0.21206,0.21712,0.33302,0.23206,0.13497,0.49899,0.29746,0.43241,0.43491,0.20832,0.40645,0.47456,0.45344,0.087064,0.062848,0.435,0.41484,0.64519,0.5959,0.69443,0.69022,0.24092,0.17493,0.4599,0.34792,0.59771,0.45131,0.19753,0.43754,0.19287,0.31392,0.048407,0.069048,0.073533,0.10805,0.36694,0.13463,0.48444,0.63591,0.62169,0.53175,0.36262,0.1027
0.58643,0.60561,0.55781,0.51125,0.49538,0.24528,0.59975,0.57483,0.52461,0.23347,0.56062,0.50098,0.61235,0.56033,0.60838,0.55773,0.43432,0.41025,0.67955,0.63627,0.066909,0.16196,0.54505,0.48953,0.49051,0.39482,0.53651,0.39332,0.4056,0.44034,0.53254,0.47819,0.48958,0.48528,0.476,0.42174,0.029165,0.15666,0.0038082,0.0048276,0,0.16186,0.89285,1,0.77429,0.74355,0.73405,0.78083,0.6671,0.60901,0.71119,0.72547,0.50239,0.63838,0.52312,0.62545,0.52834,0.64086,0.59102,0.50247,0.48657,0.37166,0.34542,0.49908,0.43453,0.2963,0.75708,0.65135,0.71055,0.64963,0.50677,0.48598,0.38069,0.39575,0.3281,0.40705,0.3464,0.24647,0.58835,0.51015,0.53332,0.58198,0.28926,0.48669,0.59763,0.63649,0.1738,0.2058,0.33684,0.47558,0.37854,0.56254,0.63492,0.6764,0.17717,0.13757,0.46098,0.45518,0.6473,0.59853,0.34213,0.52048,0.27242,0.3996,0.075507,0.12595,0.19149,0.24773,0.3042,0.061044,0.4654,0.46517,0.66502,0.56194,0.3279,0.16359
0.70857,0.74443,0.70782,0.70903,0.52501,0.2755,0.76117,0.74985,0.51978,0.22691,0.6861,0.64151,0.72887,0.69697,0.5763,0.51101,0.51207,0.48834,0.68013,0.59886,0.27107,0.35272,0.7248,0.70402,0.56004,0.55476,0.50879,0.34408,0.41798,0.38269,0.6684,0.65577,0.72844,0.70866,0.66202,0.61486,0.22197,0.27814,0.26079,0.12809,0.14106,0.29738,0.65432,0.77429,1,0.9305,0.59743,0.69954,0.83968,0.79418,0.80957,0.78035,0.52042,0.6419,0.58669,0.67245,0.67952,0.76309,0.729,0.63101,0.70975,0.63543,0.5451,0.64866,0.62418,0.59773,0.87039,0.81766,0.7363,0.67294,0.63096,0.52692,0.66985,0.6179,0.60394,0.59105,0.5444,0.4761,0.58883,0.49847,0.49743,0.43102,0.35497,0.38178,0.64759,0.63064,0.33096,0.25794,0.36432,0.53479,0.22653,0.44835,0.44918,0.63165,0.21424,0.15854,0.41988,0.53097,0.69646,0.60233,0.1691,0.46821,0.11946,0.306,0,0.0012309,0,0.040295,0.23513,0.13625,0.32169,0.37845,0.63354,0.35717,0.098429,0
0.76869,0.7945,0.68902,0.71057,0.50777,0.30606,0.75759,0.75938,0.50481,0.23408,0.67809,0.67238,0.70376,0.68914,0.55461,0.55518,0.5722,0.6066,0.7136,0.64899,0.22326,0.34644,0.66755,0.64971,0.57011,0.58121,0.54714,0.38977,0.49492,0.49167,0.75972,0.72676,0.81116,0.79289,0.68888,0.71031,0.11415,0.24379,0.19469,0.092615,0.13031,0.2953,0.54158,0.74355,0.9305,1,0.47637,0.62161,0.8166,0.81385,0.81294,0.82382,0.38096,0.56534,0.57754,0.71279,0.74659,0.82288,0.77686,0.71174,0.75526,0.70617,0.60259,0.72859,0.62627,0.62097,0.89114,0.85865,0.73753,0.66663,0.57484,0.49646,0.67547,0.63586,0.58848,0.57333,0.49786,0.45072,0.64124,0.60545,0.57276,0.54611,0.32282,0.42586,0.69066,0.72732,0.38351,0.33921,0.24936,0.55038,0.091829,0.37858,0.37106,0.58887,0.17264,0.098701,0.40075,0.52255,0.64337,0.63402,0.26673,0.52506,0.1829,0.37917,0,0.016071,0,0.18314,0.22139,0.15329,0.32594,0.27181,0.59917,0.36031,0.056995,0
