1,0.6411,0.78895,0.75128,0.62977,0.47394,0.72534,0.64588,0.66102,0.39182,0.73335,0.57588,0.79514,0.59271,0.78689,0.50364,0.64626,0.47277,0.8293,0.79845,0.1186,0.17424,0.75419,0.63401,0.33939,0.28069,0.32815,0.33601,0.60567,0.41999,0.64919,0.58222,0.72452,0.70654,0.60804,0.32724,0.65146,0.4618,0.44282,0.29128,0.55993,0.42823,0.70603,0.64509,0.60886,0.68995,0.67327,0.6352,0.70394,0.68375,0.73347,0.72661,0.70513,0.67664,0.42188,0.37481,0.89824,0.58998,0.81301,0.69444,0.80884,0.57682,0.71461,0.46317,0.61604,0.59824,0.80452,0.78925,0.87357,0.782,0.33301,0.38854,0.70963,0.6217,0.62444,0.66621,0.54784,0.63268,0.3916,0.081555,0.65802,0.56534,0.41299,0.5654,0.71609,0.73661,0.43018,0.53479,0.6436,0.75028,0.72531,0.69001,0.55007,0.46341,0.069709,0.087596,0.46174,0.38256,0.72397,0.69777,0.49787,0.3062,0.59826,0.5347,0.61816,0.68065,0.42722,0.60858,0.22398,0,0.55285,0.75097,0.76474,0.65263,0.65708,0.46704
0.6411,1,0.38866,0.77478,0.58316,0.36184,0.37102,0.78327,0.44042,0.40692,0.45689,0.66054,0.50223,0.73451,0.63461,0.56396,0.58151,0.63717,0.66443,0.84623,0,0.0736,0.473,0.53197,0.15605,0.11561,0.17612,0.21423,0.43521,0.44595,0.57188,0.61292,0.72684,0.76653,0.42268,0.41165,0.46205,0.44757,0.22386,0.23648,0.39009,0.43319,0.48295,0.49757,0.43423,0.59086,0.55868,0.57858,0.68862,0.70127,0.65576,0.57645,0.74045,0.43818,0.48379,0.10096,0.66864,0.82622,0.75409,0.81251,0.70364,0.8128,0.6368,0.70194,0.53557,0.64009,0.69455,0.72894,0.78204,0.69379,0.48765,0.34123,0.74518,0.65999,0.67654,0.49791,0.48943,0.56126,0.18909,0.15529,0.54982,0.50185,0.24577,0.40337,0.48246,0.53336,0.3034,0.26102,0.63609,0.45239,0.77948,0.39782,0.62059,0.21116,0.045334,0.001372,0.44452,0.29105,0.71911,0.67744,0.55682,0.056614,0.69694,0.39177,0.59295,0.56448,0.41452,0.47188,0.073278,0,0.43938,0.69183,0.66646,0.48762,0.58236,0.4691
0.78895,0.38866,1,0.65061,0.4714,0.32263,0.90774,0.4905,0.75794,0.25108,0.7166,0.44054,0.81804,0.4437,0.62613,0.40181,0.4443,0.36178,0.69023,0.63305,0.26623,0.21275,0.8401,0.65199,0.29959,0.23742,0.228,0.2348,0.58591,0.35918,0.51192,0.34727,0.5846,0.51864,0.60867,0.28515,0.60614,0.41601,0.46157,0.28991,0.61901,0.41619,0.70841,0.64075,0.61027,0.60338,0.70161,0.68617,0.62812,0.56385,0.67819,0.65868,0.62287,0.81712,0.20654,0.48354,0.72407,0.42124,0.57574,0.38387,0.67643,0.40656,0.60533,0.38755,0.57553,0.4335,0.64425,0.62427,0.62145,0.66012,0.17681,0.36366,0.46378,0.4539,0.36344,0.6519,0.45756,0.5461,0.30266,0.10944,0.52593,0.48198,0.2989,0.55009,0.60108,0.70046,0.17304,0.47958,0.34177,0.66228,0.55794,0.73185,0.47905,0.60927,0.1602,0.20749,0.46253,0.42766,0.63677,0.66569,0.34581,0.48907,0.40653,0.49457,0.39032,0.4727,0.15782,0.31482,0.2081,0,0.39015,0.67541,0.6546,0.59785,0.4207,0.33955
0.75128,0.77478,0.65061,1,0.68803,0.47291,0.61641,0.91771,0.65246,0.59471,0.54818,0.68843,0.64453,0.75088,0.691,0.71955,0.49421,0.49946,0.70075,0.87534,0.11702,0.27988,0.76258,0.84801,0.37283,0.30997,0.29938,0.32165,0.45269,0.39764,0.66954,0.73239,0.76422,0.78284,0.65738,0.51716,0.65826,0.55394,0.48107,0.44072,0.6135,0.55656,0.73546,0.78473,0.71758,0.83878,0.78107,0.77974,0.774,0.80059,0.838,0.83876,0.81569,0.65109,0.51838,0.34797,0.71249,0.59795,0.7572,0.68386,0.73489,0.70763,0.6214,0.55361,0.64206,0.77104,0.83565,0.88862,0.82846,0.7529,0.41841,0.33479,0.66004,0.60543,0.62864,0.56844,0.65026,0.72099,0.21033,0.16612,0.60111,0.56558,0.33164,0.57504,0.642,0.80487,0.35301,0.47184,0.60506,0.67898,0.81296,0.61863,0.72757,0.48386,0.24848,0.18614,0.68378,0.51822,0.84744,0.81582,0.63301,0.34123,0.7584,0.58098,0.62601,0.69642,0.43752,0.53866,0.22645,0,0.59567,0.79008,0.80576,0.6216,0.62377,0.55798
0.62977,0.58316,0.4714,0.68803,1,0.56506,0.38665,0.5805,0.64178,0.48474,0.5478,0.52469,0.44438,0.45835,0.67891,0.58994,0.52607,0.445,0.53537,0.59737,0.010534,0.2523,0.62933,0.63458,0.55008,0.4298,0.3723,0.42595,0.39627,0.30373,0.63117,0.63366,0.63976,0.62238,0.65961,0.45221,0.47264,0.41505,0.26844,0.23582,0.34053,0.34354,0.57981,0.55921,0.63082,0.65184,0.60238,0.61249,0.57364,0.57988,0.65954,0.60154,0.54037,0.39135,0.47566,0.3163,0.60181,0.57384,0.61407,0.59471,0.57683,0.60385,0.51075,0.45443,0.67358,0.64759,0.70991,0.67216,0.67407,0.59336,0.45117,0.44266,0.66725,0.57295,0.66119,0.52155,0.58306,0.69168,0.26764,0.14124,0.47552,0.38408,0.23254,0.39444,0.56172,0.57081,0.28027,0.33806,0.63747,0.55983,0.62317,0.40482,0.5343,0.35029,0.056723,0.078985,0.44686,0.41691,0.66686,0.60564,0.50049,0.19513,0.59959,0.45135,0.58753,0.56618,0.47933,0.60856,0.14377,0,0.51639,0.62988,0.64907,0.54265,0.51403,0.37829
0.47394,0.36184,0.32263,0.47291,0.56506,1,0.29258,0.44084,0.38036,0.67227,0.36698,0.31711,0.38439,0.35656,0.51589,0.45644,0.35504,0.28727,0.34738,0.42518,0,0.13706,0.35102,0.36236,0.3757,0.41004,0.27071,0.30865,0.29849,0.093621,0.46838,0.45178,0.48428,0.48464,0.42421,0.32716,0.38988,0.26415,0.24201,0.17788,0.31515,0.24678,0.39031,0.45787,0.41435,0.51306,0.36932,0.44233,0.43034,0.46678,0.47013,0.52106,0.40848,0.33372,0.38531,0.25781,0.51162,0.35577,0.52948,0.48127,0.49427,0.42348,0.40727,0.31512,0.43431,0.48817,0.48354,0.50063,0.48278,0.41811,0.37095,0.37398,0.44825,0.35448,0.45998,0.33855,0.42738,0.50112,0.21583,0,0.39292,0.26246,0.14646,0.29222,0.38042,0.43793,0.13869,0.26402,0.40384,0.43486,0.47588,0.38928,0.39941,0.32484,0.054792,0.056516,0.31286,0.35012,0.47681,0.48983,0.40451,0.25646,0.46502,0.45338,0.50086,0.53224,0.44276,0.48914,0.075433,0,0.32674,0.38776,0.47171,0.43037,0.40033,0.33759
0.72534,0.37102,0.90774,0.61641,0.38665,0.29258,1,0.53532,0.76922,0.34085,0.72913,0.48831,0.89054,0.43209,0.62968,0.48481,0.45526,0.41193,0.56421,0.57629,0.28778,0.22671,0.75346,0.58138,0.22398,0.20661,0.23838,0.24811,0.6431,0.38916,0.434,0.28982,0.54646,0.49293,0.54207,0.19024,0.62866,0.42235,0.47533,0.27585,0.66369,0.39666,0.68448,0.64349,0.63279,0.63185,0.6909,0.70475,0.70756,0.6475,0.738,0.71871,0.62225,0.83797,0.16651,0.5284,0.69179,0.41706,0.59579,0.35986,0.73803,0.47547,0.67024,0.49421,0.65577,0.49006,0.61883,0.61764,0.5703,0.61184,0.029455,0.29202,0.36147,0.38858,0.24061,0.59125,0.39774,0.49567,0.35295,0.16368,0.56963,0.56194,0.31601,0.58671,0.57649,0.73448,0.15764,0.46874,0.23826,0.6903,0.57101,0.8045,0.50787,0.71562,0.17081,0.21718,0.50507,0.45538,0.62792,0.68809,0.37501,0.57391,0.42868,0.50714,0.37105,0.46695,0.161,0.35463,0.22351,0,0.46878,0.66571,0.66764,0.6215,0.39728,0.34118
0.64588,0.78327,0.4905,0.91771,0.5805,0.44084,0.53532,1,0.53307,0.66784,0.47836,0.7471,0.60435,0.8177,0.65727,0.76509,0.46845,0.49025,0.62494,0.80956,0.046464,0.24304,0.65501,0.76538,0.33374,0.27163,0.28255,0.28686,0.39825,0.41359,0.61575,0.70962,0.69119,0.72764,0.57224,0.46709,0.60627,0.51496,0.41475,0.37087,0.57341,0.55599,0.65435,0.72051,0.64879,0.78815,0.69607,0.72564,0.75384,0.80218,0.81304,0.81971,0.80643,0.58828,0.49808,0.24484,0.63619,0.60247,0.69673,0.66174,0.68764,0.73314,0.60772,0.58571,0.61989,0.80011,0.77196,0.81745,0.76881,0.6806,0.37398,0.24605,0.63415,0.56862,0.61992,0.45485,0.59184,0.63311,0.18187,0.14814,0.5853,0.54047,0.31324,0.51964,0.59483,0.74577,0.33176,0.35731,0.61077,0.60122,0.82743,0.56764,0.74227,0.41183,0.19336,0.13191,0.64294,0.46026,0.821,0.76787,0.68694,0.27515,0.77607,0.53533,0.58158,0.64156,0.47448,0.53897,0.20387,0,0.60732,0.77085,0.79674,0.59104,0.58193,0.57587
0.66102,0.44042,0.75794,0.65246,0.64178,0.38036,0.76922,0.53307,1,0.44985,0.80149,0.51602,0.76082,0.39787,0.71121,0.5299,0.50905,0.43611,0.5504,0.58247,0.12422,0.25061,0.7771,0.69563,0.43284,0.38865,0.18049,0.32277,0.54044,0.26996,0.53984,0.42856,0.64334,0.59099,0.58988,0.29177,0.57185,0.39952,0.33094,0.23794,0.48734,0.34158,0.59309,0.58632,0.63089,0.6408,0.69828,0.74672,0.67629,0.66106,0.73374,0.69626,0.59988,0.70331,0.24639,0.39477,0.66263,0.47536,0.59134,0.43701,0.69009,0.55859,0.64453,0.50783,0.75249,0.56369,0.63255,0.61471,0.59714,0.61297,0.18207,0.34984,0.4145,0.42162,0.36751,0.53039,0.5166,0.60679,0.23195,0.12508,0.49307,0.43698,0.21621,0.47911,0.59637,0.66311,0.08854,0.34131,0.39429,0.58893,0.57377,0.7108,0.55685,0.64995,0.13299,0.13432,0.52409,0.421,0.65112,0.69895,0.45288,0.49892,0.51604,0.55234,0.44469,0.50982,0.18934,0.36845,0.1119,0.018721,0.52417,0.66681,0.64411,0.61183,0.39892,0.33565
0.39182,0.40692,0.25108,0.59471,0.48474,0.67227,0.34085,0.66784,0.44985,1,0.33667,0.48891,0.41624,0.48889,0.53352,0.71224,0.26985,0.33866,0.30316,0.42506,0.025078,0.26999,0.42946,0.56657,0.36327,0.33572,0.26063,0.3501,0.18079,0.098597,0.34856,0.46501,0.40026,0.44618,0.3984,0.32519,0.48867,0.36404,0.37355,0.34807,0.4215,0.31399,0.43,0.54918,0.48917,0.59423,0.49554,0.6,0.51156,0.63382,0.58042,0.71109,0.54126,0.41854,0.46025,0.34505,0.44754,0.36556,0.55556,0.497,0.51642,0.54731,0.4025,0.43029,0.50443,0.70884,0.49184,0.56647,0.53639,0.48985,0.23571,0.20377,0.29777,0.26264,0.36363,0.23972,0.48478,0.53163,0.087703,0.010825,0.43083,0.39637,0.24214,0.44765,0.46661,0.59637,0.2199,0.36637,0.40398,0.51215,0.59106,0.51261,0.57517,0.51661,0.24843,0.18668,0.56766,0.46237,0.58279,0.62429,0.61109,0.43033,0.64494,0.58663,0.53182,0.58226,0.45624,0.53647,0.16682,0.17909,0.52364,0.47152,0.54292,0.45276,0.43736,0.51994
0.73335,0.45689,0.7166,0.54818,0.5478,0.36698,0.72913,0.47836,0.80149,0.33667,1,0.43261,0.86943,0.33102,0.76815,0.47296,0.63425,0.45734,0.67118,0.53576,0.020596,0.17651,0.78381,0.61391,0.48912,0.42392,0.15847,0.29575,0.61041,0.25031,0.48208,0.37165,0.58654,0.55016,0.53936,0.23824,0.49359,0.33526,0.23475,0.11345,0.4499,0.22043,0.51381,0.45871,0.47597,0.51078,0.5836,0.65797,0.58534,0.57536,0.66799,0.60021,0.55499,0.69267,0.22268,0.31631,0.68044,0.52191,0.52867,0.42638,0.66247,0.50048,0.65462,0.49344,0.74856,0.46347,0.55408,0.49174,0.57924,0.55754,0.19194,0.40016,0.49305,0.41085,0.40193,0.4849,0.48276,0.55697,0.36066,0.13163,0.53393,0.41066,0.24521,0.36231,0.62593,0.57294,0.072949,0.23552,0.46156,0.5536,0.54811,0.68032,0.49668,0.54502,0,0.073946,0.35554,0.34321,0.55249,0.59535,0.42225,0.41841,0.49342,0.556,0.52367,0.52037,0.19839,0.38654,0.14369,0.019914,0.51744,0.61727,0.62847,0.66339,0.45303,0.31061
0.57588,0.66054,0.44054,0.68843,0.52469,0.31711,0.48831,0.7471,0.51602,0.48891,0.43261,1,0.51422,0.81405,0.66405,0.73256,0.58293,0.61689,0.41631,0.63887,0.1216,0.15962,0.50123,0.54207,0.21186,0.19293,0.392,0.31646,0.57895,0.69268,0.62017,0.55434,0.62453,0.68026,0.48886,0.32242,0.46819,0.39021,0.27854,0.23483,0.42858,0.4696,0.55078,0.56512,0.5419,0.68641,0.51269,0.56903,0.72192,0.7258,0.69221,0.68563,0.6158,0.43151,0.30105,0.21789,0.5398,0.50481,0.65616,0.69117,0.61067,0.75611,0.63719,0.59052,0.60836,0.81429,0.69881,0.76994,0.64172,0.59329,0.28628,0.21568,0.53884,0.58859,0.55601,0.51552,0.31486,0.48121,0.40652,0.28501,0.62481,0.59612,0.41962,0.62131,0.58956,0.65788,0.42153,0.35874,0.50265,0.54986,0.59783,0.47862,0.41949,0.33414,0.010433,0,0.43444,0.31598,0.64008,0.63801,0.37929,0.13911,0.56365,0.35271,0.43815,0.47052,0.37764,0.48795,0.089062,0,0.57523,0.68327,0.677,0.48017,0.46715,0.40234
0.79514,0.50223,0.81804,0.64453,0.44438,0.38439,0.89054,0.60435,0.76082,0.41624,0.86943,0.51422,1,0.50581,0.79541,0.55878,0.5808,0.49686,0.69344,0.63134,0.18801,0.25649,0.7888,0.6185,0.3298,0.29859,0.25733,0.31602,0.67571,0.38652,0.48889,0.38176,0.58103,0.55773,0.50741,0.21322,0.62673,0.45476,0.44999,0.28438,0.66336,0.40638,0.64638,0.60589,0.56086,0.59666,0.68659,0.72205,0.71896,0.68769,0.77623,0.72732,0.70246,0.83775,0.27217,0.41709,0.74942,0.56651,0.65431,0.47798,0.79513,0.56623,0.73074,0.57199,0.69805,0.51928,0.62202,0.60482,0.65758,0.64416,0.1517,0.37016,0.49645,0.42013,0.37449,0.53889,0.48219,0.5467,0.39396,0.16664,0.6653,0.57246,0.38205,0.58486,0.69159,0.72351,0.20677,0.44242,0.45481,0.66372,0.69763,0.82231,0.61927,0.67117,0.12541,0.17001,0.50353,0.42842,0.67382,0.70489,0.52151,0.54262,0.58241,0.60345,0.5426,0.57008,0.24362,0.42701,0.23351,0.044405,0.56446,0.708,0.74558,0.70603,0.4966,0.40743
0.59271,0.73451,0.4437,0.75088,0.45835,0.35656,0.43209,0.8177,0.39787,0.48889,0.33102,0.81405,0.50581,1,0.61493,0.61216,0.47122,0.46475,0.54181,0.75752,0.079888,0.1257,0.51365,0.56332,0.091858,0.058297,0.23969,0.15768,0.43539,0.56683,0.61121,0.62302,0.66699,0.69917,0.36942,0.28054,0.48055,0.40185,0.34296,0.29727,0.46885,0.4912,0.56405,0.58469,0.49009,0.63409,0.53141,0.55998,0.70137,0.68903,0.65724,0.63216,0.73704,0.50626,0.40712,0.1534,0.60391,0.54773,0.69145,0.71824,0.63259,0.68067,0.59841,0.52272,0.42796,0.65978,0.70295,0.76154,0.71084,0.64921,0.40578,0.20493,0.61874,0.61276,0.58375,0.46704,0.404,0.47639,0.18062,0.13395,0.54079,0.48859,0.34389,0.53896,0.51825,0.6032,0.39519,0.40274,0.56477,0.50237,0.75322,0.47283,0.59707,0.27269,0.083893,0.0053242,0.47837,0.29464,0.71495,0.65121,0.55752,0.14793,0.66554,0.38697,0.48593,0.50457,0.37851,0.4532,0.092632,0,0.45316,0.70364,0.69206,0.4767,0.49452,0.44701
0.78689,0.63461,0.62613,0.691,0.67891,0.51589,0.62968,0.65727,0.71121,0.53352,0.76815,0.66405,0.79541,0.61493,1,0.65855,0.71687,0.58672,0.68064,0.67171,0.14203,0.27228,0.69593,0.59557,0.41219,0.37643,0.40608,0.48679,0.66999,0.50837,0.62425,0.54012,0.63762,0.6556,0.55901,0.30822,0.60971,0.41556,0.36622,0.25446,0.52174,0.43145,0.64892,0.58363,0.55537,0.64257,0.60187,0.65694,0.70267,0.71191,0.77418,0.71109,0.67629,0.60114,0.44178,0.25086,0.73105,0.65426,0.71972,0.71154,0.7667,0.74006,0.72014,0.63553,0.76709,0.71967,0.70619,0.6899,0.75365,0.64232,0.32851,0.40432,0.6693,0.54849,0.6345,0.56133,0.49333,0.62885,0.46508,0.27148,0.73923,0.58682,0.5352,0.61472,0.79405,0.68639,0.4436,0.44059,0.72597,0.59864,0.71718,0.62025,0.55658,0.46804,0.017236,0.062615,0.44103,0.38802,0.68087,0.62781,0.54278,0.33434,0.68645,0.57209,0.62925,0.6325,0.46571,0.60598,0.20915,0,0.64506,0.75201,0.78758,0.67307,0.52811,0.45166
0.50364,0.56396,0.40181,0.71955,0.58994,0.45644,0.48481,0.76509,0.5299,0.71224,0.47296,0.73256,0.55878,0.61216,0.65855,1,0.49609,0.57992,0.36806,0.51371,0.22384,0.44317,0.59068,0.66324,0.34519,0.31908,0.49231,0.5257,0.4843,0.42241,0.50418,0.5859,0.41952,0.48032,0.48579,0.37579,0.53792,0.38982,0.41885,0.34456,0.58989,0.44322,0.59165,0.61863,0.59761,0.66957,0.55689,0.65163,0.63204,0.69029,0.71015,0.74339,0.63466,0.49262,0.38262,0.32856,0.47211,0.50958,0.56083,0.52476,0.57177,0.69023,0.49096,0.64091,0.64425,0.79682,0.57566,0.65339,0.61161,0.53248,0.15235,0.19377,0.40564,0.29694,0.42627,0.32635,0.45875,0.53017,0.39883,0.34696,0.67342,0.69031,0.49939,0.70458,0.66561,0.77251,0.42728,0.47012,0.4996,0.59094,0.632,0.54772,0.54339,0.55145,0.19846,0.17977,0.54541,0.49891,0.62809,0.6529,0.52198,0.39568,0.67037,0.55352,0.5724,0.60861,0.4755,0.56556,0.30543,0.19062,0.6907,0.66225,0.70286,0.60401,0.48245,0.51388
0.64626,0.58151,0.4443,0.49421,0.52607,0.35504,0.45526,0.46845,0.50905,0.26985,0.63425,0.58293,0.5808,0.47122,0.71687,0.49609,1,0.67769,0.5308,0.57579,0.073996,0.12598,0.402,0.30793,0.29399,0.32749,0.28456,0.3282,0.86051,0.64548,0.61125,0.48046,0.57951,0.64099,0.37755,0.26129,0.45376,0.35827,0.15338,0.066835,0.41219,0.37086,0.48672,0.40393,0.36287,0.48177,0.39082,0.48205,0.64,0.63227,0.58113,0.51377,0.57331,0.44082,0.26464,0.04547,0.65856,0.61527,0.60344,0.62957,0.66497,0.68919,0.73924,0.65701,0.61185,0.59805,0.50407,0.5273,0.59723,0.46521,0.26165,0.36648,0.63813,0.56989,0.54209,0.55186,0.27875,0.4299,0.71887,0.34616,0.81703,0.61639,0.46714,0.49693,0.63557,0.4747,0.37155,0.23029,0.55084,0.40227,0.53298,0.45177,0.33918,0.27373,0,0,0.16049,0.066731,0.49779,0.47527,0.32024,0.064917,0.50739,0.2986,0.50969,0.48456,0.38001,0.49278,0,0,0.57034,0.64039,0.64026,0.58689,0.51103,0.36675
0.47277,0.63717,0.36178,0.49946,0.445,0.28727,0.41193,0.49025,0.43611,0.33866,0.45734,0.61689,0.49686,0.46475,0.58672,0.57992,0.67769,1,0.3891,0.52851,0.16662,0.15552,0.34962,0.35085,0.2441,0.2945,0.40821,0.36739,0.66286,0.65235,0.37519,0.32861,0.42349,0.48267,0.41235,0.28356,0.42653,0.30517,0.25185,0.17551,0.43186,0.3678,0.46767,0.42474,0.3868,0.47841,0.47791,0.46431,0.61294,0.58856,0.57148,0.49673,0.5832,0.4062,0.2437,0.10698,0.54756,0.70534,0.58238,0.61804,0.59807,0.71474,0.60564,0.75622,0.54988,0.60163,0.50301,0.52851,0.56438,0.51435,0.11509,0.26455,0.52841,0.49914,0.41051,0.53538,0.20846,0.32673,0.51864,0.53285,0.70639,0.70344,0.43277,0.54778,0.5799,0.5308,0.32033,0.29994,0.46485,0.35095,0.5132,0.3621,0.32671,0.24107,0,0,0.35077,0.22705,0.51285,0.54245,0.29377,0.1058,0.49884,0.3462,0.46643,0.42599,0.32492,0.39754,0.051369,0,0.50228,0.59107,0.59513,0.50828,0.43188,0.35177
0.8293,0.66443,0.69023,0.70075,0.53537,0.34738,0.56421,0.62494,0.5504,0.30316,0.67118,0.41631,0.69344,0.54181,0.68064,0.36806,0.5308,0.3891,1,0.82811,0.045412,0.15173,0.71829,0.60127,0.33046,0.26977,0.14811,0.21486,0.42503,0.30922,0.55866,0.52406,0.67375,0.66362,0.49659,0.37336,0.60616,0.53205,0.37999,0.3284,0.47944,0.42077,0.55224,0.52591,0.44096,0.52567,0.60469,0.59838,0.57965,0.57124,0.63643,0.56722,0.66983,0.60116,0.46954,0.23879,0.70731,0.5702,0.63815,0.62274,0.63246,0.4974,0.55618,0.38721,0.50285,0.43573,0.66314,0.65062,0.80709,0.72374,0.42874,0.43892,0.71582,0.58955,0.64977,0.55356,0.65875,0.67958,0.17957,0.067899,0.55783,0.44057,0.32835,0.40547,0.64221,0.58444,0.26303,0.33967,0.68382,0.55136,0.71667,0.59016,0.6253,0.38568,0.12309,0.1568,0.45324,0.359,0.69671,0.666,0.59725,0.26889,0.65479,0.57033,0.64863,0.65668,0.32716,0.47571,0.21578,0,0.42743,0.65039,0.67949,0.59278,0.65604,0.48203
0.79845,0.84623,0.63305,0.87534,0.59737,0.42518,0.57629,0.80956,0.58247,0.42506,0.53576,0.63887,0.63134,0.75752,0.67171,0.51371,0.57579,0.52851,0.82811,1,0.044286,0.12945,0.63007,0.63913,0.23034,0.20287,0.18164,0.17377,0.49202,0.46195,0.64273,0.62854,0.8227,0.83696,0.52719,0.43877,0.62936,0.56033,0.39519,0.35875,0.53083,0.5236,0.62404,0.64788,0.56764,0.70288,0.68264,0.673,0.76505,0.75957,0.75428,0.68711,0.80261,0.59998,0.51395,0.24855,0.76539,0.66332,0.80819,0.78715,0.76576,0.71421,0.69537,0.54218,0.55982,0.62242,0.80561,0.84858,0.86531,0.7934,0.44882,0.34486,0.76008,0.71523,0.67064,0.5965,0.61966,0.69036,0.19149,0.072556,0.60262,0.52277,0.2875,0.48626,0.57777,0.66917,0.31923,0.40363,0.64515,0.61948,0.8173,0.61196,0.67674,0.37938,0.13104,0.070314,0.55208,0.36082,0.82668,0.78173,0.60323,0.22532,0.72769,0.50055,0.60574,0.65431,0.38767,0.50382,0.13277,0,0.46332,0.74035,0.75152,0.59889,0.64387,0.50536
0.1186,0,0.26623,0.11702,0.010534,0,0.28778,0.046464,0.12422,0.025078,0.020596,0.1216,0.18801,0.079888,0.14203,0.22384,0.073996,0.16662,0.045412,0.044286,1,0.67364,0.15537,0.074518,0,0,0.53073,0.4285,0.3006,0.31858,0.0017816,0,0,0,0.052138,0.049203,0.43314,0.35279,0.63609,0.51426,0.59406,0.44366,0.36908,0.29688,0.3093,0.18815,0.22297,0.11647,0.14097,0.13294,0.19174,0.20002,0.13867,0.10529,0.11535,0.28359,0.0018637,0,0.03518,0,0.067687,0.025174,0,0.14074,0.01521,0.095721,0.059726,0.15393,0.087668,0.048247,0,0.050507,0,0,0,0.12738,0.10357,0.021372,0.2728,0.31801,0.37366,0.5518,0.68038,0.51164,0.41314,0.43763,0.40607,0.40351,0.090615,0.21205,0.076346,0.16545,0.085861,0.29246,0.51933,0.47657,0.33169,0.3789,0.077325,0.059052,0.018061,0.36287,0,0.13607,0,0.083614,0.052002,0.053255,0.56563,0.42692,0.093102,0.15266,0.21426,0.16439,0.033457,0.011395
0.17424,0.0736,0.21275,0.27988,0.2523,0.13706,0.22671,0.24304,0.25061,0.26999,0.17651,0.15962,0.25649,0.1257,0.27228,0.44317,0.12598,0.15552,0.15173,0.12945,0.67364,1,0.31409,0.29183,0.21761,0.16009,0.49747,0.55632,0.22461,0.18558,0.1236,0.14441,0,0,0.17987,0.15088,0.41321,0.33001,0.51336,0.42682,0.5048,0.33232,0.41043,0.35961,0.43921,0.32887,0.35343,0.32492,0.26755,0.29982,0.36245,0.35257,0.288,0.18766,0.3076,0.29286,0.10203,0.10662,0.13736,0.048732,0.16577,0.11936,0.090046,0.22171,0.24025,0.23974,0.18118,0.22709,0.219,0.077111,0.12427,0.17831,0.10369,0,0.029236,0.063978,0.33735,0.20936,0.22543,0.33247,0.39938,0.4775,0.5464,0.45843,0.48796,0.44121,0.36528,0.28985,0.27255,0.20434,0.22556,0.21675,0.2769,0.32737,0.3978,0.40117,0.40752,0.42253,0.24821,0.20184,0.23215,0.36107,0.22859,0.26259,0.17637,0.23537,0.19186,0.1571,0.51343,0.53624,0.34722,0.26633,0.34822,0.33321,0.137,0.13836
0.75419,0.473,0.8401,0.76258,0.62933,0.35102,0.75346,0.65501,0.7771,0.42946,0.78381,0.50123,0.7888,0.51365,0.69593,0.59068,0.402,0.34962,0.71829,0.63007,0.15537,0.31409,1,0.89803,0.49788,0.35052,0.23887,0.31911,0.42271,0.2042,0.56315,0.54676,0.61289,0.55376,0.70065,0.41949,0.62975,0.45216,0.4949,0.38043,0.61399,0.38224,0.71563,0.66462,0.68251,0.66083,0.77006,0.77168,0.60086,0.57603,0.74647,0.7167,0.64797,0.77604,0.34273,0.49279,0.66989,0.46481,0.54605,0.40653,0.63342,0.44654,0.50568,0.3811,0.65715,0.53649,0.70662,0.6588,0.68871,0.70386,0.28067,0.36517,0.50167,0.40346,0.45218,0.52516,0.65476,0.65463,0.17916,0.12379,0.47873,0.45225,0.29865,0.52559,0.67479,0.76931,0.1941,0.438,0.49545,0.68659,0.66221,0.68634,0.62287,0.61659,0.28039,0.32011,0.61092,0.57366,0.71256,0.72456,0.51717,0.52158,0.56754,0.63494,0.53633,0.59845,0.23033,0.40727,0.32607,0.080819,0.5111,0.71565,0.70598,0.62939,0.51541,0.41873
0.63401,0.53197,0.65199,0.84801,0.63458,0.36236,0.58138,0.76538,0.69563,0.56657,0.61391,0.54207,0.6185,0.56332,0.59557,0.66324,0.30793,0.35085,0.60127,0.63913,0.074518,0.29183,0.89803,1,0.51239,0.3752,0.21316,0.28306,0.26849,0.13273,0.52044,0.62179,0.61617,0.59224,0.70493,0.4994,0.57042,0.43934,0.44359,0.39341,0.54661,0.41111,0.65467,0.66461,0.67634,0.70832,0.74737,0.76098,0.57791,0.6024,0.72744,0.74589,0.65813,0.68105,0.36938,0.40055,0.59424,0.4437,0.54091,0.43294,0.56821,0.48633,0.42485,0.37201,0.59992,0.62215,0.71198,0.70592,0.67566,0.68692,0.28086,0.23769,0.45156,0.38804,0.46722,0.42248,0.65927,0.66139,0.04884,0.10446,0.39707,0.37815,0.1973,0.45922,0.58033,0.73684,0.15773,0.38105,0.46334,0.61831,0.67248,0.60434,0.68578,0.5499,0.31786,0.28447,0.65806,0.54581,0.72394,0.74113,0.57558,0.48028,0.63079,0.65545,0.53461,0.6039,0.26071,0.40481,0.2619,0.075441,0.50026,0.66252,0.66605,0.5216,0.49205,0.4477
0.33939,0.15605,0.29959,0.37283,0.55008,0.3757,0.22398,0.33374,0.43284,0.36327,0.48912,0.21186,0.3298,0.091858,0.41219,0.34519,0.29399,0.2441,0.33046,0.23034,0,0.21761,0.49788,0.51239,1,0.85947,0.20992,0.32332,0.23043,5.8191e-05,0.35276,0.32865,0.3259,0.30867,0.65445,0.35752,0.23461,0.1675,0.070946,0.049262,0.22086,0.15516,0.47349,0.39758,0.5058,0.43667,0.39303,0.37757,0.24314,0.28966,0.46689,0.45325,0.27447,0.24429,0.16436,0.12737,0.32198,0.29668,0.19347,0.21506,0.25015,0.24348,0.1973,0.15923,0.53221,0.38315,0.45221,0.32098,0.34664,0.34318,0.19385,0.29592,0.36059,0.17525,0.36796,0.20661,0.37866,0.38856,0.21332,0.12401,0.27181,0.10749,0.069981,0.11778,0.45414,0.36577,0,0,0.40674,0.2797,0.23851,0.23554,0.2818,0.1651,0,0.059647,0.23569,0.29076,0.31397,0.3184,0.27523,0.14918,0.36157,0.3754,0.37101,0.3843,0.275,0.36395,0.16894,0.066283,0.41822,0.33864,0.43374,0.45071,0.28879,0.19496
0.28069,0.11561,0.23742,0.30997,0.4298,0.41004,0.20661,0.27163,0.38865,0.33572,0.42392,0.19293,0.29859,0.058297,0.37643,0.31908,0.32749,0.2945,0.26977,0.20287,0,0.16009,0.35052,0.3752,0.85947,1,0.2425,0.37421,0.29582,0.022134,0.31673,0.24378,0.27044,0.26611,0.48022,0.29207,0.24183,0.13173,0.058631,0.034577,0.25914,0.1515,0.38491,0.34244,0.36303,0.33906,0.28252,0.28978,0.19364,0.23981,0.38326,0.40378,0.25531,0.18208,0.079191,0.065793,0.251,0.20989,0.15047,0.19945,0.21615,0.24913,0.16822,0.21062,0.44821,0.35643,0.32574,0.24765,0.25913,0.25207,0.057689,0.27986,0.25393,0.037366,0.24132,0.12453,0.23062,0.28866,0.24499,0.21934,0.29153,0.21363,0.1396,0.14481,0.4112,0.34462,0.016187,0,0.31812,0.16802,0.16529,0.19904,0.17543,0.15138,0,0.045928,0.17672,0.24468,0.22348,0.2719,0.17715,0.15031,0.34317,0.37992,0.34252,0.37356,0.22844,0.33507,0.14641,0.084252,0.38513,0.26793,0.35332,0.44527,0.29238,0.19833
0.32815,0.17612,0.228,0.29938,0.3723,0.27071,0.23838,0.28255,0.18049,0.26063,0.15847,0.392,0.25733,0.23969,0.40608,0.49231,0.28456,0.40821,0.14811,0.18164,0.53073,0.49747,0.23887,0.21316,0.20992,0.2425,1,0.78052,0.37554,0.39531,0.19886,0.14548,0,0.011088,0.2858,0.14519,0.38405,0.24263,0.48078,0.41033,0.4734,0.36496,0.5145,0.45244,0.45043,0.41886,0.32448,0.22073,0.29372,0.35248,0.39458,0.42358,0.30634,0.096661,0.30052,0.19118,0.19583,0.1843,0.24812,0.25509,0.18976,0.26435,0.097845,0.24109,0.28912,0.46582,0.33592,0.38844,0.33707,0.1826,0,0.047224,0.2247,0.10073,0.21901,0.28855,0.088843,0.096593,0.42129,0.42588,0.52176,0.6014,0.70615,0.62357,0.58732,0.53078,0.65658,0.51527,0.45144,0.31606,0.2486,0.14483,0.13211,0.1853,0.20108,0.23273,0.34381,0.35168,0.27703,0.20419,0.16956,0.14725,0.26661,0.16662,0.25222,0.29323,0.42308,0.40553,0.35989,0.19852,0.51253,0.39898,0.46007,0.3524,0.2975,0.32227
0.33601,0.21423,0.2348,0.32165,0.42595,0.30865,0.24811,0.28686,0.32277,0.3501,0.29575,0.31646,0.31602,0.15768,0.48679,0.5257,0.3282,0.36739,0.21486,0.17377,0.4285,0.55632,0.31911,0.28306,0.32332,0.37421,0.78052,1,0.35263,0.27627,0.22052,0.18229,0.012265,0.041511,0.30427,0.14652,0.39976,0.26914,0.41269,0.32952,0.42711,0.29518,0.53857,0.43921,0.45469,0.4211,0.36149,0.31491,0.323,0.37331,0.44928,0.45168,0.31255,0.14066,0.3141,0.21954,0.23594,0.24451,0.27748,0.27853,0.26976,0.30881,0.14558,0.3196,0.3996,0.45645,0.34258,0.3515,0.35793,0.19786,0.030678,0.21184,0.24024,0.078988,0.25589,0.32803,0.13902,0.17779,0.38071,0.44368,0.51628,0.51596,0.68039,0.54206,0.60257,0.50346,0.58781,0.40054,0.45709,0.29574,0.28084,0.18454,0.17618,0.25807,0.14388,0.25807,0.31369,0.3999,0.26949,0.24785,0.21965,0.19539,0.34434,0.28224,0.3205,0.3856,0.45875,0.4459,0.38909,0.25468,0.56242,0.42341,0.4565,0.42372,0.31677,0.32301
0.60567,0.43521,0.58591,0.45269,0.39627,0.29849,0.6431,0.39825,0.54044,0.18079,0.61041,0.57895,0.67571,0.43539,0.66999,0.4843,0.86051,0.66286,0.42503,0.49202,0.3006,0.22461,0.42271,0.26849,0.23043,0.29582,0.37554,0.35263,1,0.71248,0.57626,0.35536,0.49984,0.53347,0.36743,0.1623,0.50195,0.34406,0.29602,0.12743,0.57474,0.40667,0.56074,0.48453,0.43617,0.51127,0.4249,0.47946,0.68232,0.62579,0.62812,0.54613,0.55273,0.5274,0.16125,0.16703,0.61497,0.49918,0.5633,0.4917,0.67846,0.6153,0.73788,0.63669,0.59842,0.54347,0.48137,0.51288,0.48948,0.4125,0.12036,0.34073,0.51706,0.44916,0.36039,0.55385,0.17369,0.32152,0.82119,0.42602,0.83566,0.67332,0.52877,0.60279,0.63302,0.53914,0.34688,0.30848,0.39148,0.44684,0.46487,0.52673,0.28465,0.3717,0,0,0.23162,0.16466,0.47451,0.46365,0.21007,0.16974,0.36327,0.24776,0.36678,0.36674,0.2844,0.4008,0.051989,0,0.52709,0.61435,0.64096,0.57022,0.35558,0.25518
0.41999,0.44595,0.35918,0.39764,0.30373,0.093621,0.38916,0.41359,0.26996,0.098597,0.25031,0.69268,0.38652,0.56683,0.50837,0.42241,0.64548,0.65235,0.30922,0.46195,0.31858,0.18558,0.2042,0.13273,5.8191e-05,0.022134,0.39531,0.27627,0.71248,1,0.42679,0.27402,0.37323,0.44348,0.25196,0.059519,0.37481,0.35951,0.23396,0.14706,0.39335,0.52752,0.46482,0.39022,0.36156,0.44692,0.31359,0.30487,0.63701,0.55293,0.52648,0.41361,0.51336,0.3353,0.094679,0,0.42008,0.42479,0.47464,0.51477,0.46554,0.56198,0.59251,0.53388,0.39593,0.49198,0.45433,0.49689,0.43527,0.37255,0.17987,0.21095,0.54943,0.58955,0.43001,0.5743,0,0.19477,0.63432,0.54815,0.71094,0.64141,0.53979,0.61535,0.57806,0.39444,0.42363,0.26224,0.41898,0.27294,0.44105,0.29259,0.228,0.12002,0,0,0.17442,0.064365,0.43926,0.38072,0.22314,0,0.39566,0.15369,0.22966,0.20875,0.27714,0.31266,0.028463,0,0.40571,0.55917,0.5713,0.40957,0.27729,0.21639
0.64919,0.57188,0.51192,0.66954,0.63117,0.46838,0.434,0.61575,0.53984,0.34856,0.48208,0.62017,0.48889,0.61121,0.62425,0.50418,0.61125,0.37519,0.55866,0.64273,0.0017816,0.1236,0.56315,0.52044,0.35276,0.31673,0.19886,0.22052,0.57626,0.42679,1,0.86845,0.79961,0.79257,0.50425,0.43746,0.47835,0.40903,0.23013,0.17808,0.38872,0.34182,0.5286,0.53528,0.50207,0.5996,0.49353,0.54536,0.62621,0.59503,0.61148,0.55931,0.57008,0.42651,0.44465,0.21721,0.62258,0.48042,0.64391,0.58948,0.66426,0.63178,0.64315,0.46178,0.58791,0.65242,0.63055,0.65977,0.63215,0.53722,0.43885,0.38185,0.65037,0.55178,0.66381,0.50116,0.49414,0.59245,0.38401,0.04833,0.57215,0.37883,0.27367,0.40404,0.48852,0.528,0.3154,0.2482,0.55295,0.5511,0.59397,0.44205,0.442,0.29921,0,0,0.31832,0.22112,0.62428,0.54724,0.37982,0.078316,0.52875,0.33539,0.53384,0.5238,0.42099,0.5681,0,0,0.47205,0.60819,0.62297,0.52714,0.52615,0.35738
0.58222,0.61292,0.34727,0.73239,0.63366,0.45178,0.28982,0.70962,0.42856,0.46501,0.37165,0.55434,0.38176,0.62302,0.54012,0.5859,0.48046,0.32861,0.52406,0.62854,0,0.14441,0.54676,0.62179,0.32865,0.24378,0.14548,0.18229,0.35536,0.27402,0.86845,1,0.73901,0.75344,0.4939,0.47917,0.44534,0.35397,0.2085,0.17018,0.32407,0.2842,0.47202,0.50632,0.4766,0.60796,0.47898,0.53195,0.56221,0.57021,0.58004,0.56849,0.56328,0.39111,0.44883,0.17245,0.56945,0.46271,0.60711,0.55473,0.59523,0.57907,0.5224,0.4243,0.50154,0.65332,0.61884,0.65825,0.63753,0.52275,0.45478,0.33824,0.62015,0.48805,0.66997,0.37777,0.58515,0.63976,0.21719,0.03959,0.46723,0.33743,0.17275,0.33575,0.42317,0.51703,0.26808,0.21522,0.53498,0.52085,0.62658,0.38066,0.51594,0.26041,0,0,0.35635,0.25116,0.63996,0.57484,0.4861,0.077333,0.5991,0.40858,0.56354,0.58945,0.39237,0.55553,0.035512,0,0.46619,0.58151,0.5883,0.46911,0.55983,0.42375
0.72452,0.72684,0.5846,0.76422,0.63976,0.48428,0.54646,0.69119,0.64334,0.40026,0.58654,0.62453,0.58103,0.66699,0.63762,0.41952,0.57951,0.42349,0.67375,0.8227,0,0,0.61289,0.61617,0.3259,0.27044,0,0.012265,0.49984,0.37323,0.79961,0.73901,1,0.97037,0.605,0.44974,0.46276,0.4139,0.1819,0.13024,0.36006,0.33204,0.50351,0.52446,0.5221,0.662,0.57109,0.62112,0.69404,0.65951,0.68886,0.61604,0.62887,0.55708,0.36922,0.22741,0.75344,0.60244,0.76912,0.72533,0.77793,0.71035,0.75691,0.48748,0.66175,0.63084,0.78763,0.7797,0.73906,0.73202,0.52091,0.39235,0.73776,0.72099,0.68633,0.57664,0.58375,0.70148,0.20717,0,0.46737,0.3133,0.05325,0.29164,0.42717,0.51741,0.094898,0.18646,0.4926,0.58843,0.69595,0.55357,0.578,0.33269,0,0,0.39892,0.25624,0.71412,0.70089,0.47864,0.1242,0.5896,0.41916,0.52022,0.55334,0.27138,0.49782,0,0,0.37908,0.60965,0.61842,0.497,0.54341,0.3534
0.70654,0.76653,0.51864,0.78284,0.62238,0.48464,0.49293,0.72764,0.59099,0.44618,0.55016,0.68026,0.55773,0.69917,0.6556,0.48032,0.64099,0.48267,0.66362,0.83696,0,0,0.55376,0.59224,0.30867,0.26611,0.011088,0.041511,0.53347,0.44348,0.79257,0.75344,0.97037,1,0.57373,0.46812,0.46102,0.42372,0.17015,0.13652,0.36346,0.36537,0.48945,0.52747,0.50481,0.67898,0.54689,0.61815,0.72694,0.70925,0.69465,0.64294,0.65974,0.52056,0.39197,0.15993,0.7309,0.63075,0.79633,0.78438,0.77737,0.77185,0.77254,0.54858,0.65622,0.69288,0.77838,0.8041,0.75639,0.71984,0.54382,0.40949,0.75452,0.75887,0.72068,0.59777,0.55738,0.69945,0.28377,0.013618,0.54855,0.36674,0.1134,0.34366,0.46466,0.52728,0.15987,0.18728,0.53283,0.56758,0.71425,0.53734,0.57603,0.31574,0,0,0.39012,0.2184,0.7251,0.70961,0.49637,0.095421,0.64318,0.4205,0.55431,0.57452,0.33524,0.54255,0,0,0.43631,0.62841,0.64368,0.50834,0.5689,0.3884
0.60804,0.42268,0.60867,0.65738,0.65961,0.42421,0.54207,0.57224,0.58988,0.3984,0.53936,0.48886,0.50741,0.36942,0.55901,0.48579,0.37755,0.41235,0.49659,0.52719,0.052138,0.17987,0.70065,0.70493,0.65445,0.48022,0.2858,0.30427,0.36743,0.25196,0.50425,0.4939,0.605,0.57373,1,0.67193,0.49259,0.33609,0.33856,0.21531,0.41009,0.33753,0.72629,0.66198,0.76065,0.74755,0.64752,0.57844,0.50334,0.49283,0.68967,0.65848,0.42084,0.43365,0.33595,0.32252,0.55355,0.48077,0.52132,0.45373,0.52912,0.46796,0.44247,0.2749,0.73663,0.62073,0.80258,0.70119,0.60807,0.60892,0.22623,0.27718,0.54075,0.49408,0.56392,0.55481,0.50003,0.58245,0.31942,0.17101,0.4096,0.30939,0.2047,0.32405,0.57112,0.62176,0.2098,0.25172,0.51066,0.60006,0.4684,0.3914,0.38065,0.29985,0.080921,0.11504,0.45205,0.42577,0.55411,0.56049,0.32211,0.17222,0.40712,0.33992,0.38342,0.46123,0.39233,0.48155,0.18997,0,0.50013,0.55805,0.63863,0.44642,0.39701,0.31511
0.32724,0.41165,0.28515,0.51716,0.45221,0.32716,0.19024,0.46709,0.29177,0.32519,0.23824,0.32242,0.21322,0.28054,0.30822,0.37579,0.26129,0.28356,0.37336,0.43877,0.049203,0.15088,0.41949,0.4994,0.35752,0.29207,0.14519,0.14652,0.1623,0.059519,0.43746,0.47917,0.44974,0.46812,0.67193,1,0.39395,0.40017,0.24676,0.29019,0.30427,0.26766,0.38849,0.42933,0.41096,0.46154,0.40653,0.3883,0.25891,0.31609,0.37163,0.37862,0.26765,0.13982,0.42111,0.20686,0.23841,0.36315,0.34306,0.36128,0.31424,0.42263,0.22526,0.215,0.43958,0.51116,0.46762,0.50116,0.41022,0.35306,0.28315,0.23253,0.35312,0.30981,0.42426,0.23914,0.53335,0.54234,0.1399,0.026854,0.28761,0.20456,0.12804,0.14274,0.29411,0.4363,0.13308,0.1069,0.39487,0.37684,0.33194,0.16079,0.27242,0.16166,0.18741,0.14718,0.37572,0.36042,0.3709,0.37603,0.18417,0.048104,0.27577,0.17699,0.33966,0.35407,0.32115,0.27268,0.17162,0.054695,0.30655,0.31056,0.36979,0.22127,0.3649,0.30735
0.65146,0.46205,0.60614,0.65826,0.47264,0.38988,0.62866,0.60627,0.57185,0.48867,0.49359,0.46819,0.62673,0.48055,0.60971,0.53792,0.45376,0.42653,0.60616,0.62936,0.43314,0.41321,0.62975,0.57042,0.23461,0.24183,0.38405,0.39976,0.50195,0.37481,0.47835,0.44534,0.46276,0.46102,0.49259,0.39395,1,0.71805,0.75933,0.63085,0.77295,0.69373,0.6872,0.7302,0.67594,0.68793,0.73711,0.71024,0.66929,0.66153,0.69425,0.70111,0.67313,0.5746,0.54531,0.44797,0.57635,0.44655,0.60001,0.49349,0.61506,0.49047,0.49202,0.41053,0.50073,0.5595,0.60254,0.67941,0.66642,0.60659,0.21069,0.26314,0.45638,0.36744,0.36802,0.47594,0.53069,0.54375,0.27794,0.18194,0.64686,0.65678,0.56133,0.68937,0.69879,0.78131,0.41129,0.56041,0.53424,0.64648,0.66264,0.61859,0.63366,0.59385,0.4136,0.36394,0.72659,0.57148,0.72431,0.67906,0.5718,0.50485,0.59239,0.56534,0.51697,0.57513,0.36379,0.48783,0.34972,0.16487,0.56169,0.67905,0.71767,0.60291,0.55989,0.4203
0.4618,0.44757,0.41601,0.55394,0.41505,0.26415,0.42235,0.51496,0.39952,0.36404,0.33526,0.39021,0.45476,0.40185,0.41556,0.38982,0.35827,0.30517,0.53205,0.56033,0.35279,0.33001,0.45216,0.43934,0.1675,0.13173,0.24263,0.26914,0.34406,0.35951,0.40903,0.35397,0.4139,0.42372,0.33609,0.40017,0.71805,1,0.62922,0.73771,0.62751,0.72646,0.50721,0.59095,0.56389,0.54665,0.61949,0.56845,0.5592,0.55657,0.57239,0.50023,0.54914,0.38274,0.55629,0.42499,0.37748,0.3796,0.51527,0.44075,0.49373,0.4276,0.36053,0.33189,0.39515,0.4189,0.48014,0.56311,0.55721,0.53872,0.32369,0.31688,0.41286,0.37638,0.38998,0.33247,0.52895,0.50193,0.19076,0.06142,0.53667,0.47783,0.43736,0.54656,0.55655,0.60969,0.28168,0.41324,0.52337,0.50869,0.61648,0.47102,0.63563,0.51662,0.44338,0.41565,0.67086,0.5327,0.61808,0.56778,0.57805,0.42867,0.55821,0.48161,0.45405,0.51594,0.3537,0.4112,0.33504,0.28423,0.38796,0.50276,0.52339,0.40947,0.52931,0.35225
0.44282,0.22386,0.46157,0.48107,0.26844,0.24201,0.47533,0.41475,0.33094,0.37355,0.23475,0.27854,0.44999,0.34296,0.36622,0.41885,0.15338,0.25185,0.37999,0.39519,0.63609,0.51336,0.4949,0.44359,0.070946,0.058631,0.48078,0.41269,0.29602,0.23396,0.23013,0.2085,0.1819,0.17015,0.33856,0.24676,0.75933,0.62922,1,0.851,0.78501,0.59116,0.59705,0.67264,0.61176,0.53078,0.64825,0.53753,0.40419,0.41753,0.50485,0.54008,0.46636,0.39988,0.5497,0.58241,0.34256,0.202,0.41059,0.29203,0.37456,0.22103,0.17184,0.17472,0.22859,0.34113,0.44187,0.50449,0.49,0.47063,0.11175,0.064503,0.23356,0.15335,0.13564,0.2995,0.47805,0.36614,0.19923,0.12279,0.48096,0.59001,0.61774,0.69017,0.57378,0.73749,0.50015,0.70714,0.40001,0.60239,0.505,0.45526,0.50892,0.52319,0.71128,0.65276,0.79382,0.69214,0.51628,0.48704,0.45495,0.51858,0.41613,0.44911,0.35695,0.48742,0.35986,0.40442,0.55537,0.38465,0.39632,0.4435,0.48891,0.3982,0.44346,0.37141
0.29128,0.23648,0.28991,0.44072,0.23582,0.17788,0.27585,0.37087,0.23794,0.34807,0.11345,0.23483,0.28438,0.29727,0.25446,0.34456,0.066835,0.17551,0.3284,0.35875,0.51426,0.42682,0.38043,0.39341,0.049262,0.034577,0.41033,0.32952,0.12743,0.14706,0.17808,0.17018,0.13024,0.13652,0.21531,0.29019,0.63085,0.73771,0.851,1,0.65329,0.63298,0.45618,0.54978,0.48512,0.40434,0.5574,0.4429,0.2806,0.32055,0.36889,0.39767,0.37519,0.25324,0.59082,0.53058,0.18282,0.15404,0.32036,0.2866,0.23624,0.21107,0.031183,0.098488,0.11739,0.2984,0.32524,0.4273,0.4169,0.41346,0.19436,0.054143,0.17037,0.07714,0.12233,0.14862,0.44779,0.32695,0.02695,0.04637,0.35162,0.46777,0.49965,0.61391,0.44865,0.61233,0.4015,0.65395,0.39517,0.4702,0.43752,0.33099,0.47694,0.46624,0.77476,0.69747,0.78756,0.68044,0.44636,0.4004,0.44566,0.47157,0.41408,0.4113,0.36193,0.44976,0.29857,0.29861,0.5164,0.4532,0.29392,0.33345,0.35247,0.24576,0.40726,0.36396
0.55993,0.39009,0.61901,0.6135,0.34053,0.31515,0.66369,0.57341,0.48734,0.4215,0.4499,0.42858,0.66336,0.46885,0.52174,0.58989,0.41219,0.43186,0.47944,0.53083,0.59406,0.5048,0.61399,0.54661,0.22086,0.25914,0.4734,0.42711,0.57474,0.39335,0.38872,0.32407,0.36006,0.36346,0.41009,0.30427,0.77295,0.62751,0.78501,0.65329,1,0.68227,0.6832,0.69651,0.6347,0.59942,0.66439,0.6153,0.59649,0.58925,0.68825,0.67928,0.67504,0.61953,0.33097,0.4014,0.48779,0.37142,0.47847,0.33075,0.54724,0.4398,0.41838,0.44838,0.44917,0.48364,0.50485,0.56548,0.54614,0.54163,0.11361,0.23771,0.42604,0.2509,0.25133,0.40692,0.44251,0.38931,0.37738,0.25494,0.6685,0.71556,0.61947,0.73205,0.69588,0.78504,0.35747,0.53357,0.40409,0.57745,0.62816,0.59454,0.6018,0.59361,0.48098,0.43099,0.68552,0.56765,0.62108,0.62045,0.48963,0.53234,0.48341,0.502,0.37899,0.48062,0.2284,0.38305,0.45483,0.21762,0.445,0.59015,0.65476,0.54349,0.41463,0.3682
0.42823,0.43319,0.41619,0.55656,0.34354,0.24678,0.39666,0.55599,0.34158,0.31399,0.22043,0.4696,0.40638,0.4912,0.43145,0.44322,0.37086,0.3678,0.42077,0.5236,0.44366,0.33232,0.38224,0.41111,0.15516,0.1515,0.36496,0.29518,0.40667,0.52752,0.34182,0.2842,0.33204,0.36537,0.33753,0.26766,0.69373,0.72646,0.59116,0.63298,0.68227,1,0.58412,0.58885,0.53354,0.56008,0.54174,0.49438,0.52747,0.53369,0.56394,0.54109,0.5873,0.39184,0.34728,0.14829,0.37126,0.35369,0.4337,0.39179,0.41165,0.42037,0.33545,0.33704,0.32081,0.46223,0.46622,0.54862,0.48889,0.44565,0.26214,0.12718,0.46781,0.40088,0.37196,0.40269,0.28707,0.31739,0.26407,0.20355,0.55497,0.54917,0.51307,0.63363,0.61053,0.57798,0.33752,0.39891,0.48575,0.39488,0.52761,0.36527,0.54297,0.346,0.36262,0.29141,0.5509,0.39717,0.55257,0.48129,0.48599,0.3165,0.49112,0.37356,0.30397,0.3979,0.24134,0.29849,0.29965,0.054597,0.37201,0.5757,0.58514,0.3748,0.36074,0.27715
0.70603,0.48295,0.70841,0.73546,0.57981,0.39031,0.68448,0.65435,0.59309,0.43,0.51381,0.55078,0.64638,0.56405,0.64892,0.59165,0.48672,0.46767,0.55224,0.62404,0.36908,0.41043,0.71563,0.65467,0.47349,0.38491,0.5145,0.53857,0.56074,0.46482,0.5286,0.47202,0.50351,0.48945,0.72629,0.38849,0.6872,0.50721,0.59705,0.45618,0.6832,0.58412,1,0.88093,0.86453,0.82959,0.79848,0.70581,0.71572,0.6869,0.83726,0.79762,0.69279,0.59844,0.41332,0.34621,0.65695,0.51437,0.61148,0.50779,0.63947,0.50495,0.49644,0.41895,0.63253,0.6208,0.79353,0.75544,0.70231,0.64814,0.17875,0.24421,0.55886,0.45461,0.45361,0.57461,0.39592,0.45816,0.39714,0.34009,0.63624,0.59308,0.55393,0.66366,0.77115,0.796,0.49622,0.5328,0.59177,0.6264,0.64303,0.54584,0.4984,0.43586,0.24921,0.26443,0.61647,0.55207,0.68867,0.64232,0.45233,0.35177,0.54125,0.45695,0.43967,0.54738,0.43077,0.49384,0.38714,0,0.66441,0.80996,0.83008,0.65103,0.49073,0.44376
0.64509,0.49757,0.64075,0.78473,0.55921,0.45787,0.64349,0.72051,0.58632,0.54918,0.45871,0.56512,0.60589,0.58469,0.58363,0.61863,0.40393,0.42474,0.52591,0.64788,0.29688,0.35961,0.66462,0.66461,0.39758,0.34244,0.45244,0.43921,0.48453,0.39022,0.53528,0.50632,0.52446,0.52747,0.66198,0.42933,0.7302,0.59095,0.67264,0.54978,0.69651,0.58885,0.88093,1,0.87354,0.91284,0.87486,0.80583,0.75654,0.77585,0.85026,0.86371,0.71461,0.56376,0.53122,0.39269,0.59523,0.43957,0.62831,0.49328,0.63164,0.5163,0.48569,0.40476,0.61421,0.64912,0.76588,0.79265,0.67834,0.62111,0.17292,0.22216,0.47621,0.43995,0.41745,0.49091,0.48568,0.53547,0.28631,0.22818,0.58117,0.55979,0.44406,0.63626,0.67815,0.8205,0.42371,0.54652,0.55214,0.63916,0.68116,0.56908,0.60514,0.49462,0.34401,0.30993,0.76276,0.60828,0.76629,0.72339,0.54764,0.37427,0.59908,0.47511,0.49262,0.59463,0.47573,0.53967,0.29876,0.020993,0.67722,0.75076,0.78915,0.61181,0.54569,0.54978
