1,0.80307,0.32282,0.30301,0.0064456,0.14283,0.47192,0.3192,0.23724,0.25673,0.37677,0.34783,0.41269,0.31166,0.27732,0.35529,0.58859,0.58654,0.65262,0.68934,0.20825,0.32544,0.26948,0.18411,0,0.060571,0.25358,0.33908,0.24848,0.19509,0.3606,0.22956,0.54099,0.52772,0.12711,0.17374,0.30094,0.48272,0.38999,0.48533,0.25413,0.39104,0.12516,0.076312,0.02854,0.08917,0.23934,0.28763,0.012102,0.1781,0.18577,0.14833,0.31654,0.29901,0.30835,0.36356,0.7981,0.74587,0.32611,0.18082,0.62856,0.41467,0.59951,0.66348,0.039864,0.064976,0.22443,0.24421,0.70988,0.65719,0.26687,0.24983,0.42728,0.39224,0.34528,0.22022,0.36403,0.43003,0.44993,0.2907,0.43694,0.50224,0.27194,0.39513,0.46581,0.46062,0.1398,0.43833,0.21275,0.47365,0.39393,0.38082,0.29801,0.24261,0.21739,0.17359,0.31439,0.18339,0.29637,0.46456,0.16187,0.16579,0.29643,0.3749,0.058517,0.072337,0.12291,0.25257,0.14713,0.36887,0.26131,0.41655,0.34455,0.11193,0.012937,0
0.80307,1,0.34485,0.31798,0,0,0.35764,0.26309,0.11341,0.15244,0.27106,0.298,0.27144,0.338,0.16498,0.17231,0.57208,0.62696,0.62438,0.74185,0.22806,0.24938,0.23694,0.17344,0,0,0.072736,0.13012,0.12255,0.07849,0.32996,0.2666,0.62376,0.61914,0.16092,0.22483,0.3527,0.49953,0.46936,0.54525,0.38956,0.43447,0.15342,0.18566,0.068081,0.15299,0.32032,0.38117,0.063398,0.27554,0.22483,0.25058,0.37348,0.30039,0.32897,0.36795,0.82295,0.90645,0.28131,0.24322,0.45508,0.36981,0.54426,0.68021,0.033908,0.049597,0.26431,0.27166,0.80256,0.76372,0.22461,0.20982,0.38207,0.41589,0.30051,0.28098,0.46134,0.47566,0.36373,0.218,0.30682,0.39555,0.22497,0.28889,0.43919,0.43415,0.21462,0.50808,0.26341,0.45216,0.34319,0.25872,0.22447,0.15126,0.18599,0.025426,0.26877,0.053633,0.43046,0.35275,0.10945,0.027228,0.21811,0.23476,0,0,0.12566,0.10645,0.075705,0.33662,0.30415,0.42584,0.40101,0.11841,0,0
0.32282,0.34485,1,0.62829,0.20631,0.066861,0.72462,0.48039,0.0086406,0.062253,0.1257,0.0096819,0.19086,0.35237,0.20177,0.17738,0.14796,0.12313,0.47053,0.36343,0.078743,0.098087,0.74167,0.61427,0.42953,0.33554,0.21939,0.23487,0.052808,0.10533,0.23522,0.23702,0.36928,0.38856,0.56545,0.46708,0.089353,0.21137,0.21697,0.28771,0.096677,0.051165,0.34125,0.34346,0.19329,0.24525,0.32829,0.39979,0.076651,0.3813,0.50202,0.47298,0.43778,0.59795,0.22453,0.28885,0.26695,0.34754,0.0044888,0,0.023387,0,0.047763,0.093847,0.30688,0.23907,0.38327,0.42541,0.35983,0.40018,0,0,0.047257,0,0.10995,0,0.092294,0.17381,0.22754,0.20934,0.15685,0.29114,0.12742,0.20325,0.44356,0.43647,0.086458,0.32628,0.30082,0.48528,0.41339,0.43964,0.30319,0.34292,0.037191,0.081198,0.13881,0.1294,0.30084,0.23467,0.14031,0.11464,0,0,0,0.0037199,0,0,0,0.18956,0.29037,0.44324,0.28838,0,0,0
0.30301,0.31798,0.62829,1,0,0.5482,0.51,0.6883,0.055633,0,0.25395,0.16221,0.3031,0.49126,0.20133,0.41133,0.29307,0.16513,0.45786,0.44488,0.1701,0.28909,0.73308,0.79782,0.30062,0.39994,0.42938,0.42761,0.13214,0.20549,0.38203,0.28983,0.52107,0.58834,0.56916,0.49479,0.0043928,0.2156,0.11555,0.17393,0,0.076912,0.55595,0.54399,0.39074,0.49458,0.53259,0.50322,0.30272,0.41045,0.60307,0.48832,0.53264,0.58542,0.38361,0.44805,0.18926,0.32687,0.030494,0,0.15721,0.18804,0.20824,0.38585,0.26621,0.30068,0.48263,0.5394,0.27265,0.41171,0.16461,0.012767,0.1235,0.06932,0.27963,0.16695,0.2981,0.23905,0.25405,0.21268,0.31696,0.402,0.1946,0.17929,0.55503,0.51647,0.14899,0.14948,0.54895,0.55377,0.60095,0.4531,0.54792,0.35898,0.1171,0.17792,0.24344,0.32125,0.34545,0.3695,0.38903,0.18887,0.16514,0,0.073417,0.14807,0,0.070102,0,0.31446,0.35696,0.45766,0.39769,0.12293,0.26082,0
0.0064456,0,0.20631,0,1,0.1802,0.2372,0.23556,0.45609,0.54317,0.0098973,0,0.12583,0,0.23968,0.10523,0.019752,0,0.057062,0.076921,0,0.12053,0.15898,0.075698,0.4352,0.42387,0.45719,0.39562,0.061487,0,0.1372,0.096502,0,0,0,0,0,0,0,0.027334,0,0,0.011267,0.053681,0.13905,0.0063149,0,0,0.12304,0.0094688,0,0.082066,0,0,0,0,0.13897,0.086491,0.19973,0.37221,0,0.065185,0,0,0.11082,0.2682,0.16147,0.10213,0.071656,0,0,0,0,0,0,0,0,0,0.13614,0,0.055421,0.0483,0.10188,0.0088061,0,0,0.15342,0.17025,0,0,0,0,0,0,0,0.064164,0.040259,0,0,0,0,0,0,0.051601,0.1571,0.086156,0,0.1041,0.075704,0.079054,0.16777,0.023873,0,0.0043058,0.1038,0.073867
0.14283,0,0.066861,0.5482,0.1802,1,0.097761,0.29387,0.46134,0.24757,0.18858,0,0.20862,0.12533,0.38763,0.52565,0.18299,0,0.17609,0.1681,0.1248,0.31333,0.35029,0.44493,0.20306,0.44376,0.69228,0.7091,0.070469,0.052882,0.19943,0,0.29102,0.29768,0.27825,0.24295,0,0.0065516,0,0,0,0,0.31966,0.37737,0.3466,0.3665,0.30666,0.23353,0.31904,0.19435,0.30435,0.13259,0.1813,0.19265,0.28345,0.28011,0.063609,0.052692,0.20251,0.15332,0.16945,0.20761,0.19996,0.21283,0.15089,0.20404,0.32177,0.29281,0.055139,0.089253,0.054941,0,0.0030523,0,0.13417,0.10107,0.18194,0.11207,0.15395,0,0.25832,0.14051,0.32136,0.11873,0.38096,0.18318,0.28369,0.0015381,0.43001,0.25903,0.30946,0.23412,0.27386,0.15858,0.056286,0.11733,0.20423,0.26787,0.10064,0.26553,0.11969,0.22009,0.20896,0.12662,0.29768,0.36435,0,0.20885,0.041844,0.20186,0.2794,0.25124,0.13701,0.19097,0.42103,0.053185
0.47192,0.35764,0.72462,0.51,0.2372,0.097761,1,0.66312,0.232,0.21648,0.51177,0.2653,0.61883,0.4508,0.43637,0.17312,0.35614,0.15082,0.58422,0.44272,0.14564,0.20888,0.62656,0.52337,0.37044,0.34895,0.21112,0.26506,0.19433,0.12032,0.31112,0.27552,0.41471,0.46336,0.51925,0.50786,0.21234,0.27349,0.2644,0.30873,0.14868,0.17371,0.37527,0.27495,0.24693,0.20829,0.31037,0.39303,0.09348,0.32736,0.4191,0.41287,0.24716,0.43189,0.099786,0.20409,0.27755,0.34613,0.23437,0.060082,0.42624,0.2705,0.31351,0.23193,0.44943,0.48621,0.44682,0.55469,0.37801,0.4012,0,0,0.18178,0.089224,0.24522,0.12331,0.19021,0.24123,0.26147,0.27211,0.20309,0.33031,0.10064,0.14718,0.4656,0.38826,0.084983,0.3801,0.31621,0.43805,0.45002,0.52152,0.30896,0.40348,0.18743,0.097396,0.2252,0.11467,0.28726,0.35558,0.11407,0.20328,0.10201,0.1464,0,0,0,0.020788,0.041736,0.35523,0.46886,0.51874,0.28843,0.091194,0,0
0.3192,0.26309,0.48039,0.6883,0.23556,0.29387,0.66312,1,0.15845,0.27133,0.3888,0.40057,0.39433,0.48714,0.20564,0.30623,0.33186,0.1561,0.47018,0.40554,0,0.13671,0.568,0.53364,0.30297,0.38597,0.32982,0.32454,0.1389,0.16196,0.33466,0.29179,0.37741,0.48644,0.36531,0.32577,0,0.07722,0.030703,0.034332,0,0,0.46131,0.36391,0.40603,0.37729,0.36765,0.32534,0.27552,0.2933,0.40856,0.31336,0.18857,0.28387,0.099733,0.17869,0.10956,0.24126,0.11283,0.10524,0.4305,0.50021,0.35713,0.38618,0.45783,0.53372,0.41798,0.50522,0.1372,0.21056,0.001579,0,0.13388,0.0035307,0.29528,0.094798,0.17092,0.18589,0.21555,0.18241,0.28774,0.37709,0.10442,0.15009,0.44001,0.40617,0.062047,0.15068,0.33547,0.39915,0.4431,0.39629,0.43069,0.31529,0.12589,0.12628,0.18143,0.15547,0.20751,0.26769,0.42473,0.13886,0.25517,0.04277,0.024243,0.012295,0,0.0484,0.015864,0.31796,0.3932,0.38095,0.21951,0.14577,0.15603,0
0.23724,0.11341,0.0086406,0.055633,0.45609,0.46134,0.232,0.15845,1,0.67096,0.19561,0.0058412,0.31207,0.0087846,0.59084,0.44901,0.25036,0.077365,0.21676,0.24452,0.14101,0.26128,0.14885,0.1167,0.23966,0.47609,0.26687,0.36284,0.15348,0.03721,0.21586,0.02358,0.14657,0.13417,0.074489,0.12345,0.046739,0.071243,0.16544,0.14125,0,0,0.04343,0.097438,0.18206,0.10583,0.058825,0.043398,0.16261,0.10618,0.02866,0,0,0,0.091226,0.13967,0.24847,0.16409,0.44966,0.44988,0.33034,0.34899,0.32995,0.12781,0.20817,0.31684,0.26559,0.19843,0.18647,0.052542,0,0,0.0063608,0,0.050915,0.069475,0.013027,0.093738,0.16132,0.0084611,0.23285,0.12387,0.29426,0.21979,0.25033,0.031752,0.24771,0.26805,0.13556,0.057245,0.0032342,0.091482,0,0.032569,0.19391,0.16366,0.30396,0.2332,0.075912,0.21686,0,0.047262,0.17993,0.2557,0.14328,0.070044,0.089921,0.26094,0.20007,0.24459,0.25985,0.27977,0.016533,0.082395,0.056337,0.038426
0.25673,0.15244,0.062253,0,0.54317,0.24757,0.21648,0.27133,0.67096,1,0.080463,0.084786,0.14797,0.019752,0.3613,0.40879,0.20054,0.077831,0.14863,0.20212,0.029793,0.11079,0.067055,0.022371,0.1837,0.36961,0.26346,0.30086,0.089574,0.023736,0.11375,0.030745,0.014358,0.033925,0,0,0.037113,0.068902,0.13705,0.18291,0,0.021554,0,0,0.087291,0,0,0,0.1232,0.12466,0,0,0,0,0.03379,0.068301,0.25449,0.18278,0.41132,0.40309,0.35853,0.3643,0.28038,0.11483,0.22429,0.31341,0.14702,0.097466,0.13026,0.010749,0,0,0,0,0,0,0,0.10693,0.16143,0.008484,0.20272,0.11174,0.21776,0.22487,0.12567,0.05447,0.18757,0.24099,0.0071057,0.11019,0,0.079928,0,0.078405,0.11717,0.1269,0.20868,0.073385,0.068661,0.12804,0,0.1107,0.22118,0.25104,0.13975,0.041004,0.13643,0.29562,0.17691,0.14223,0.14094,0.10592,0,0.0017644,0,0.075368
0.37677,0.27106,0.1257,0.25395,0.0098973,0.18858,0.51177,0.3888,0.19561,0.080463,1,0.5716,0.85525,0.48224,0.53575,0.20357,0.58627,0.32087,0.57032,0.44889,0.2469,0.23475,0.36889,0.33376,0.10282,0.11038,0.24551,0.30848,0.44989,0.24553,0.35259,0.27071,0.39372,0.4287,0.27496,0.33432,0.47228,0.3771,0.38945,0.26416,0.28408,0.25698,0.30576,0.19505,0.116,0.15152,0.25161,0.3466,0.034302,0.22588,0.27354,0.31968,0.15717,0.22709,0.13012,0.22497,0.12036,0.24411,0.20976,0.16661,0.47374,0.38066,0.46511,0.34841,0.39725,0.40965,0.25593,0.39873,0.24051,0.33017,0.21226,0.15163,0.54292,0.38687,0.57959,0.49418,0.35504,0.193,0.45782,0.49156,0.12744,0.34606,0,0,0.3588,0.30607,0,0.18869,0.33858,0.33226,0.37061,0.3478,0.3053,0.18664,0.31765,0.099282,0.2077,0.10776,0.22802,0.41355,0.11598,0.095129,0.3952,0.29444,0,0,0,0,0.1367,0.34435,0.49214,0.35023,0.27925,0.32998,0.15629,0
0.34783,0.298,0.0096819,0.16221,0,0,0.2653,0.40057,0.0058412,0.084786,0.5716,1,0.42054,0.60759,0.19155,0.20861,0.46537,0.5601,0.50261,0.43409,0.29782,0.14543,0.22508,0.25369,0,0,0.033005,0.05257,0.28927,0.28146,0.3896,0.41926,0.31805,0.35877,0.12912,0.21712,0.4145,0.43118,0.32168,0.26273,0.46352,0.35785,0.17156,0.076858,0.059716,0.12593,0.15122,0.24314,0,0.23776,0.22747,0.22292,0.18292,0.048808,0.065298,0.16845,0.067583,0.1578,0.13659,0.15613,0.45332,0.49168,0.40587,0.41741,0.2432,0.24759,0.15145,0.33098,0.14002,0.18854,0.477,0.41511,0.6222,0.5699,0.66092,0.47257,0.41213,0.40525,0.36716,0.46432,0.17193,0.35931,0,0.040614,0.28982,0.41556,0,0.25367,0.12114,0.35491,0.25149,0.28494,0.26177,0.20482,0.27854,0.10314,0.12259,0.11633,0.17737,0.35768,0.26478,0.16742,0.49326,0.37607,0,0,0.033113,0,0.19088,0.21987,0.32174,0.2312,0.25284,0.30637,0.035238,0
0.41269,0.27144,0.19086,0.3031,0.12583,0.20862,0.61883,0.39433,0.31207,0.14797,0.85525,0.42054,1,0.47896,0.56645,0.24895,0.46088,0.15179,0.52662,0.43234,0.28016,0.31505,0.39696,0.37529,0.20259,0.2146,0.27077,0.34076,0.32211,0.11471,0.31989,0.22681,0.40765,0.45061,0.32276,0.36269,0.39334,0.3709,0.33189,0.29024,0.22496,0.29162,0.27318,0.16318,0.14336,0.093289,0.21041,0.26784,0.046679,0.16358,0.21855,0.27526,0.10834,0.20187,0.077791,0.15561,0.22239,0.27221,0.24762,0.14085,0.5068,0.34284,0.4484,0.31592,0.36379,0.4526,0.30501,0.40398,0.3528,0.39461,0.10708,0.083141,0.41282,0.29091,0.41178,0.42354,0.37215,0.26974,0.28837,0.31995,0.13071,0.27788,0.056835,0.027433,0.37414,0.2625,0.1034,0.29043,0.35906,0.3058,0.33312,0.32852,0.24568,0.21703,0.32972,0.08559,0.26657,0.10532,0.14515,0.32401,0.044857,0.13308,0.26003,0.22157,0.016993,0,0.019059,0,0.17402,0.44382,0.45797,0.35171,0.16725,0.21183,0.11973,0
0.31166,0.338,0.35237,0.49126,0,0.12533,0.4508,0.48714,0.0087846,0.019752,0.48224,0.60759,0.47896,1,0.24371,0.3599,0.45225,0.36571,0.4439,0.3729,0.29415,0.06696,0.45111,0.54425,0.24675,0.13362,0.02708,0.01359,0.3359,0.31632,0.3989,0.45095,0.46602,0.46751,0.35554,0.3679,0.27775,0.36559,0.30218,0.29799,0.36259,0.29276,0.4119,0.36463,0.26024,0.30964,0.36187,0.4102,0.18663,0.3446,0.44828,0.35905,0.47144,0.37147,0.31767,0.35845,0.12168,0.21199,0.10017,0.15851,0.31059,0.30501,0.3509,0.38927,0.17455,0.17848,0.34985,0.44958,0.21579,0.30824,0.060474,0.061362,0.29746,0.24952,0.43236,0.35384,0.37102,0.35588,0.34464,0.41882,0.32752,0.50194,0.028243,0.28286,0.47806,0.60481,0,0.2851,0.25322,0.48174,0.34159,0.18189,0.19299,0.044805,0.24611,0.18413,0.21161,0.2423,0.40947,0.39572,0.16638,0,0.18278,0.073196,0,0,0.0047202,0,0.0083516,0.21737,0.25312,0.24014,0.37748,0.17177,0,0
0.27732,0.16498,0.20177,0.20133,0.23968,0.38763,0.43637,0.20564,0.59084,0.3613,0.53575,0.19155,0.56645,0.24371,1,0.5484,0.35535,0.10991,0.48971,0.37405,0.2405,0.32365,0.48289,0.43855,0.43596,0.41055,0.39116,0.43052,0.28544,0.13857,0.34614,0.30387,0.29327,0.28407,0.44604,0.48937,0.32385,0.39914,0.34115,0.35487,0.13199,0.10793,0.17834,0.11851,0.14544,0.067806,0.13655,0.27038,0,0.20199,0.22057,0.25543,0.05448,0.12202,0.090359,0.27181,0.156,0.20137,0.37303,0.30746,0.35764,0.35462,0.23155,0.094966,0.51766,0.50322,0.41016,0.44017,0.24685,0.19995,0.047859,0.12643,0.27325,0.18707,0.33798,0.24183,0.26631,0.28508,0.26763,0.09534,0.30189,0.24411,0.45727,0.26268,0.49496,0.27305,0.32639,0.4534,0.44051,0.34947,0.24082,0.36321,0.074749,0.21997,0.23421,0.27395,0.45129,0.3113,0.075628,0.41783,0,0.16467,0.28508,0.41726,0.34105,0.33429,0.15477,0.36472,0.28796,0.39425,0.55646,0.3933,0.17936,0.26206,0.26125,0.060952
0.35529,0.17231,0.17738,0.41133,0.10523,0.52565,0.17312,0.30623,0.44901,0.40879,0.20357,0.20861,0.24895,0.3599,0.5484,1,0.34603,0.17219,0.27919,0.33149,0.17453,0.33724,0.45767,0.51137,0.27746,0.48801,0.42962,0.49965,0.43263,0.46685,0.35134,0.22065,0.33142,0.27553,0.32806,0.29762,0.066803,0.33993,0.16269,0.34664,0,0.1348,0.20448,0.12607,0.12388,0.11819,0.13763,0.21319,0,0.087911,0.19427,0.11291,0.29624,0.18448,0.33876,0.39118,0.23212,0.19252,0.21452,0.21668,0.24981,0.40218,0.2359,0.25654,0.15133,0.26047,0.31206,0.30585,0.22525,0.16824,0.021515,0,0.141,0.076791,0.23378,0.11484,0.082883,0.19487,0.35523,0.16986,0.69725,0.58259,0.58381,0.66236,0.65022,0.51163,0.19801,0.23527,0.38494,0.53148,0.28556,0.25587,0.22508,0.12689,0.21966,0.65544,0.61056,0.67027,0.067788,0.408,0.16002,0.067757,0.24003,0.19002,0.40106,0.35028,0.1754,0.60314,0.33052,0.36851,0.18888,0.30858,0.24916,0.078858,0.23729,0.28784
0.58859,0.57208,0.14796,0.29307,0.019752,0.18299,0.35614,0.33186,0.25036,0.20054,0.58627,0.46537,0.46088,0.45225,0.35535,0.34603,1,0.70614,0.5499,0.61428,0.33924,0.321,0.25009,0.24115,0.05611,0.13454,0.12724,0.19236,0.60832,0.43451,0.49925,0.41141,0.58723,0.55457,0.14877,0.23674,0.51533,0.51631,0.52334,0.51479,0.43001,0.44564,0.24067,0.25955,0.16847,0.24771,0.33454,0.3541,0.12494,0.13218,0.18329,0.21103,0.21902,0.19385,0.34647,0.367,0.56712,0.57272,0.26078,0.27006,0.40134,0.38763,0.6342,0.57329,0.084096,0.15763,0.25894,0.35193,0.46067,0.45988,0.28231,0.18262,0.48208,0.48193,0.43866,0.37742,0.34324,0.27378,0.69436,0.55342,0.53097,0.62731,0.074566,0.28153,0.44381,0.48478,0,0.30794,0.21874,0.36115,0.26361,0.22277,0.17192,0.10693,0.38771,0.28791,0.38615,0.28911,0.42489,0.47568,0.11983,0.0084451,0.41279,0.36691,0,0,0.00027244,0.099295,0.18992,0.37937,0.32698,0.40114,0.36178,0.37014,0.07335,0
0.58654,0.62696,0.12313,0.16513,0,0,0.15082,0.1561,0.077365,0.077831,0.32087,0.5601,0.15179,0.36571,0.10991,0.17219,0.70614,1,0.49548,0.53116,0.35509,0.24042,0.15328,0.077902,0,0,0,0,0.43549,0.43684,0.4404,0.34463,0.42491,0.39792,0.027749,0.065084,0.41312,0.4808,0.47842,0.4619,0.43012,0.32749,0.17115,0.1683,0.046613,0.1736,0.2603,0.31363,6.4793e-05,0.13158,0.12926,0.13507,0.27259,0.18988,0.29587,0.36624,0.52798,0.58533,0.024775,0.12842,0.2695,0.17638,0.51368,0.5549,0,0,0.092413,0.18724,0.43902,0.40415,0.47632,0.4164,0.48038,0.53521,0.42962,0.34521,0.26526,0.30689,0.56764,0.63386,0.34621,0.58092,0,0.23405,0.24317,0.38308,0,0.25401,0,0.27227,0.22569,0.22206,0.17779,0.15394,0.34849,0.20972,0.23421,0.20032,0.4426,0.4409,0.15281,0.077699,0.34013,0.34628,0,0,0.035555,0,0.20517,0.21548,0.12483,0.3263,0.43017,0.2844,0,0
0.65262,0.62438,0.47053,0.45786,0.057062,0.17609,0.58422,0.47018,0.21676,0.14863,0.57032,0.50261,0.52662,0.4439,0.48971,0.27919,0.5499,0.49548,1,0.88689,0.33541,0.40446,0.63351,0.53405,0.22788,0.27887,0.31923,0.35334,0.2343,0.12527,0.61027,0.54432,0.69769,0.73876,0.57018,0.63285,0.49565,0.59077,0.44563,0.48141,0.46783,0.39179,0.39435,0.35526,0.32863,0.35747,0.46339,0.53591,0.17016,0.42674,0.44573,0.47404,0.3005,0.39961,0.22263,0.43451,0.41453,0.5075,0.37745,0.25397,0.52376,0.39359,0.40399,0.50582,0.38945,0.34462,0.56561,0.6612,0.55708,0.57746,0.40014,0.4134,0.66763,0.59532,0.64477,0.50762,0.65086,0.6185,0.399,0.29708,0.25268,0.38273,0.16396,0.14763,0.54069,0.51842,0.21338,0.5861,0.40136,0.53982,0.52107,0.56572,0.34274,0.35943,0.32722,0.052031,0.33893,0.19379,0.43015,0.58604,0.17599,0.23669,0.46358,0.4833,0.086994,0.12328,0.056396,0.093688,0.20977,0.53676,0.70604,0.60409,0.43557,0.40769,0.27766,0
0.68934,0.74185,0.36343,0.44488,0.076921,0.1681,0.44272,0.40554,0.24452,0.20212,0.44889,0.43409,0.43234,0.3729,0.37405,0.33149,0.61428,0.53116,0.88689,1,0.36959,0.4934,0.51523,0.46415,0.16137,0.30532,0.25249,0.29329,0.30274,0.20494,0.60241,0.53353,0.69219,0.73815,0.45572,0.52761,0.47604,0.62179,0.4145,0.53058,0.45528,0.46378,0.36358,0.32336,0.3212,0.36868,0.44176,0.50892,0.23187,0.3611,0.37475,0.38384,0.30013,0.32894,0.25108,0.44243,0.55886,0.62197,0.46521,0.34281,0.51087,0.44431,0.40363,0.57249,0.20521,0.23049,0.54452,0.58382,0.65837,0.66024,0.42431,0.38804,0.62158,0.6199,0.58203,0.46826,0.60654,0.5961,0.42154,0.28318,0.37495,0.45459,0.23907,0.22459,0.52934,0.50675,0.25009,0.57835,0.37688,0.4988,0.46845,0.49415,0.29073,0.2794,0.32394,0.16191,0.40966,0.29792,0.40028,0.57827,0.19475,0.15374,0.52216,0.48117,0.17419,0.16535,0.07489,0.25001,0.27407,0.55064,0.60603,0.5863,0.38608,0.3898,0.302,0
0.20825,0.22806,0.078743,0.1701,0,0.1248,0.14564,0,0.14101,0.029793,0.2469,0.29782,0.28016,0.29415,0.2405,0.17453,0.33924,0.35509,0.33541,0.36959,1,0.77453,0.24394,0.29909,0.10554,0.24483,0.057294,0.075808,0.28472,0.22801,0.48508,0.38711,0.30689,0.29022,0.2287,0.32372,0.45816,0.46397,0.51966,0.48877,0.56637,0.41324,0.13926,0.12819,0.10025,0.12823,0.10724,0.24536,0.0065134,0.14316,0.13574,0.18199,0.16146,0.069963,0.21356,0.22749,0.26446,0.25321,0.1493,0.2189,0.15442,0.015264,0.15175,0.063116,0,0.050252,0.24852,0.33488,0.27578,0.29942,0.52775,0.58115,0.40656,0.48457,0.38341,0.35861,0.30538,0.38334,0.31268,0.32086,0.11228,0.21197,0,0.097868,0.20548,0.2678,0.038113,0.41727,0.089415,0.29145,0.036246,0.096653,0,0.071384,0.51794,0.19746,0.32411,0.25451,0.21553,0.28442,0,0.069117,0.27773,0.31122,0.11792,0,0.23966,0.030674,0.47635,0.44555,0.25347,0.30438,0.23048,0.41499,0.18274,0
0.32544,0.24938,0.098087,0.28909,0.12053,0.31333,0.20888,0.13671,0.26128,0.11079,0.23475,0.14543,0.31505,0.06696,0.32365,0.33724,0.321,0.24042,0.40446,0.4934,0.77453,1,0.36606,0.38974,0.1463,0.46291,0.30727,0.3527,0.29012,0.23863,0.56892,0.39289,0.40493,0.43353,0.3454,0.40626,0.30331,0.44354,0.30921,0.41147,0.2677,0.3703,0.16714,0.12543,0.20867,0.15003,0.11963,0.2286,0.036702,0.050042,0.069804,0.11248,0.035003,0.079581,0.10608,0.21447,0.35431,0.31523,0.29036,0.24067,0.25878,0.16205,0.16611,0.12774,0.030472,0.17692,0.39397,0.4111,0.39052,0.36061,0.5169,0.54382,0.39243,0.43185,0.34102,0.29559,0.2783,0.33089,0.32934,0.18916,0.27849,0.25514,0.17687,0.11495,0.31032,0.22519,0.27808,0.403,0.23321,0.28473,0.15584,0.30194,0.058897,0.19793,0.32821,0.26409,0.40782,0.31625,0.08781,0.35393,0,0.16456,0.37457,0.34845,0.38157,0.23418,0.11231,0.30819,0.41616,0.52716,0.36918,0.46114,0.18217,0.39143,0.43085,0.08905
0.26948,0.23694,0.74167,0.73308,0.15898,0.35029,0.62656,0.568,0.14885,0.067055,0.36889,0.22508,0.39696,0.45111,0.48289,0.45767,0.25009,0.15328,0.63351,0.51523,0.24394,0.36606,1,0.90743,0.58556,0.62644,0.41729,0.42621,0.17918,0.20878,0.5792,0.50671,0.5673,0.60569,0.81988,0.71616,0.21605,0.40735,0.26635,0.34664,0.14935,0.13227,0.51047,0.50031,0.38685,0.40807,0.4386,0.53222,0.1528,0.41269,0.57854,0.58501,0.41801,0.56099,0.23829,0.39895,0.12801,0.24223,0.11777,0.083,0.13958,0.11945,0.096228,0.10651,0.51898,0.48924,0.65227,0.70684,0.32779,0.41977,0.14333,0.098381,0.25307,0.21537,0.37691,0.25106,0.29588,0.3399,0.28296,0.24513,0.25423,0.37174,0.25145,0.20201,0.65092,0.58504,0.24795,0.42982,0.5474,0.62177,0.50424,0.51851,0.35165,0.313,0.21359,0.20279,0.36934,0.3236,0.24629,0.42631,0.1434,0.11178,0.16395,0.15112,0.14821,0.1919,0,0.12538,0.1553,0.44253,0.58675,0.56874,0.27616,0.18641,0.26906,0
0.18411,0.17344,0.61427,0.79782,0.075698,0.44493,0.52337,0.53364,0.1167,0.022371,0.33376,0.25369,0.37529,0.54425,0.43855,0.51137,0.24115,0.077902,0.53405,0.46415,0.29909,0.38974,0.90743,1,0.56749,0.61074,0.39923,0.38264,0.21511,0.26156,0.57425,0.56944,0.55687,0.61645,0.78793,0.7239,0.18395,0.37524,0.21567,0.29445,0.1387,0.21073,0.50431,0.50016,0.42387,0.4344,0.42636,0.48938,0.21482,0.40207,0.58783,0.58593,0.43659,0.52108,0.25436,0.37774,0.064823,0.16707,0.17722,0.11782,0.12258,0.14581,0.065811,0.11109,0.44112,0.46899,0.65028,0.71498,0.23408,0.37915,0.17517,0.13355,0.23795,0.21345,0.37217,0.27285,0.34276,0.31448,0.31488,0.24557,0.31783,0.39518,0.28631,0.20569,0.6348,0.61752,0.29332,0.38585,0.53705,0.58324,0.45985,0.4405,0.3128,0.26172,0.12963,0.23269,0.35142,0.36214,0.25453,0.42391,0.12658,0.11498,0.19989,0.13511,0.21374,0.25738,0,0.17015,0.077184,0.34789,0.5515,0.47745,0.31432,0.23128,0.30394,0
0,0,0.42953,0.30062,0.4352,0.20306,0.37044,0.30297,0.23966,0.1837,0.10282,0,0.20259,0.24675,0.43596,0.27746,0.05611,0,0.22788,0.16137,0.10554,0.1463,0.58556,0.56749,1,0.7243,0.1596,0.14185,0.074506,0.033356,0.39143,0.41713,0.28379,0.2932,0.54458,0.46148,0.096944,0.12612,0.081134,0.15005,0.089305,0,0.31465,0.33594,0.39894,0.27964,0.19318,0.2495,0.18745,0.26146,0.29795,0.40098,0.022611,0.20841,0,0.086967,0,0.030554,0.22764,0.34515,0,0.10019,0,0,0.48599,0.51312,0.56395,0.52034,0.10643,0.14608,0,0,0,0,0.053911,0.022226,0.084766,0.12552,0.068687,0,0.16501,0.13612,0.3026,0.20306,0.34334,0.27723,0.27465,0.36886,0.24804,0.21606,0.088279,0.11184,0,0,0.091969,0.1352,0.27349,0.20123,0.057229,0.18895,0,0,0.0090103,0.09151,0.18897,0.15812,0.0067983,0.18239,0.090108,0.25927,0.41959,0.26532,0.054512,0.094206,0.10878,0
0.060571,0,0.33554,0.39994,0.42387,0.44376,0.34895,0.38597,0.47609,0.36961,0.11038,0,0.2146,0.13362,0.41055,0.48801,0.13454,0,0.27887,0.30532,0.24483,0.46291,0.62644,0.61074,0.7243,1,0.26373,0.3146,0.1256,0.10264,0.54444,0.43159,0.38591,0.40177,0.55962,0.50785,0.078355,0.19818,0.15039,0.21523,0.023495,0.033937,0.32624,0.36425,0.46331,0.32949,0.21703,0.25875,0.24529,0.21425,0.2543,0.29724,0.026718,0.12187,0.069083,0.15307,0.099092,0.076801,0.39243,0.37834,0.15776,0.19331,0.097962,0,0.4265,0.53329,0.64587,0.56826,0.1894,0.21354,0,0,0.037993,0.032854,0.11723,0.13055,0.097815,0.22658,0.12909,0,0.26105,0.18349,0.34301,0.26177,0.43399,0.31698,0.33581,0.39565,0.28796,0.31455,0.11279,0.1595,0,0,0.19822,0.21828,0.3969,0.32603,0.046895,0.22363,0,0,0.1603,0.16217,0.25652,0.17068,0.048606,0.30578,0.21756,0.3993,0.46893,0.39979,0.021892,0.12972,0.21241,0
0.25358,0.072736,0.21939,0.42938,0.45719,0.69228,0.21112,0.32982,0.26687,0.26346,0.24551,0.033005,0.27077,0.02708,0.39116,0.42962,0.12724,0,0.31923,0.25249,0.057294,0.30727,0.41729,0.39923,0.1596,0.26373,1,0.92928,0.066431,0.041078,0.17323,0.046427,0.20026,0.22696,0.27811,0.22582,0,0.069192,0,0.063122,0,0,0.17328,0.17199,0.12034,0.13682,0.15794,0.16605,0.067826,0.10751,0.20323,0.19248,0.062628,0.22208,0.081893,0.17286,0.14394,0.13966,0.090515,0.026654,0.11818,0.14319,0.097323,0.15741,0.17827,0.23241,0.21457,0.24437,0.15246,0.12535,0.11238,0.03819,0.06127,0.0037885,0.10104,0,0.19481,0.10078,0.24672,0.012481,0.16947,0.15797,0.24694,0,0.30344,0.21116,0.27846,0.06173,0.36906,0.28181,0.23606,0.3334,0.19626,0.27215,0,0.088518,0.10743,0.11614,0,0.18966,0.036545,0.28507,0.15121,0.17621,0.39831,0.45927,0,0.18371,0.089345,0.18781,0.32602,0.20075,0,0.15214,0.48847,0.15612
0.33908,0.13012,0.23487,0.42761,0.39562,0.7091,0.26506,0.32454,0.36284,0.30086,0.30848,0.05257,0.34076,0.01359,0.43052,0.49965,0.19236,0,0.35334,0.29329,0.075808,0.3527,0.42621,0.38264,0.14185,0.3146,0.92928,1,0.091651,0.050077,0.21402,0.034742,0.2502,0.26091,0.2922,0.24188,0.018088,0.15928,0.063439,0.16654,0,0,0.20284,0.19567,0.10646,0.12637,0.20801,0.23094,0.040534,0.10223,0.22405,0.2217,0.13363,0.24356,0.17738,0.25966,0.20799,0.20035,0.1375,0.055124,0.16355,0.2278,0.17171,0.20967,0.18751,0.2841,0.24786,0.28535,0.21116,0.17447,0.12341,0.050823,0.12107,0.049033,0.14711,0.010733,0.19756,0.14818,0.2389,0.021883,0.20864,0.17985,0.27852,0.07895,0.37278,0.27506,0.26633,0.11107,0.38117,0.35753,0.31638,0.38571,0.30782,0.31032,0.077583,0.13314,0.2197,0.20529,0,0.27323,0.12016,0.2839,0.2453,0.24009,0.4016,0.43735,0,0.23509,0.19614,0.29484,0.34909,0.29076,0.02608,0.1738,0.46747,0.12662
0.24848,0.12255,0.052808,0.13214,0.061487,0.070469,0.19433,0.1389,0.15348,0.089574,0.44989,0.28927,0.32211,0.3359,0.28544,0.43263,0.60832,0.43549,0.2343,0.30274,0.28472,0.29012,0.17918,0.21511,0.074506,0.1256,0.066431,0.091651,1,0.90383,0.45259,0.38492,0.20843,0.17523,0.059398,0.092986,0.26364,0.29526,0.2203,0.31258,0.082406,0.141,0.24057,0.13511,0.084583,0.12509,0.11394,0.20954,0,0,0.035976,0.04923,0.048203,0.11481,0.16019,0.22932,0.1407,0.15132,0.0097383,0.10528,0.044791,0.070877,0.21149,0.15397,0,0,0.07598,0.16735,0.099922,0.064809,0.16495,0.023303,0.29932,0.15921,0.32025,0.11568,0,0,0.72839,0.75656,0.67578,0.82063,0,0.37789,0.2692,0.28421,0,0,0.0086667,0.11003,0.097717,0.18492,0.056436,0.00046139,0.24038,0.74108,0.41814,0.61742,0.164,0.41511,0.063621,0,0.23497,0.21428,0,0,0,0.22052,0.21808,0.13575,0.029913,0.20192,0.3698,0.26958,0.096009,0.10884
0.19509,0.07849,0.10533,0.20549,0,0.052882,0.12032,0.16196,0.03721,0.023736,0.24553,0.28146,0.11471,0.31632,0.13857,0.46685,0.43451,0.43684,0.12527,0.20494,0.22801,0.23863,0.20878,0.26156,0.033356,0.10264,0.041078,0.050077,0.90383,1,0.4336,0.36545,0.133,0.10949,0.038261,0.03875,0.075304,0.19894,0.10414,0.22892,0,0.075799,0.25159,0.10172,0.050426,0.080929,0.066593,0.17055,0,0,0.0059093,0,0.11635,0.14818,0.13862,0.19623,0.07951,0.094708,0,0,0,0.024509,0.073152,0.11299,0,0,0,0.08948,0.045637,0.0153,0.1966,0.04076,0.16822,0.090318,0.25504,0.022608,0,0,0.65975,0.75822,0.71575,0.87052,0,0.48087,0.24027,0.28101,0,0,0,0.10745,0.11759,0.21176,0.10917,0.040549,0.14267,0.83012,0.37875,0.66195,0.11709,0.37101,0.13585,0,0.13835,0.10709,0,0,0,0.24217,0.17844,0.021047,0,0.16983,0.42389,0.15353,0.023966,0.16569
0.3606,0.32996,0.23522,0.38203,0.1372,0.19943,0.31112,0.33466,0.21586,0.11375,0.35259,0.3896,0.31989,0.3989,0.34614,0.35134,0.49925,0.4404,0.61027,0.60241,0.48508,0.56892,0.5792,0.57425,0.39143,0.54444,0.17323,0.21402,0.45259,0.4336,1,0.87198,0.61506,0.66651,0.50634,0.54799,0.40619,0.58552,0.43934,0.5011,0.3335,0.29299,0.46739,0.49708,0.45092,0.43854,0.44958,0.53904,0.24955,0.22729,0.32768,0.42485,0.20758,0.25143,0.26224,0.41704,0.28172,0.30245,0.28627,0.36548,0.23684,0.21069,0.29532,0.23651,0.16003,0.24781,0.61066,0.68267,0.34885,0.37157,0.42523,0.39016,0.41821,0.45289,0.41836,0.35556,0.33082,0.42869,0.47793,0.43469,0.39281,0.5177,0.099214,0.2995,0.40733,0.51007,0.085501,0.51949,0.15156,0.36036,0.24492,0.30315,0.039696,0.044285,0.40076,0.32177,0.48168,0.43126,0.31274,0.54705,0,0,0.46195,0.4928,0.091976,0.030975,0.062343,0.20642,0.36575,0.48962,0.53607,0.50784,0.26938,0.45044,0.25013,0
0.22956,0.2666,0.23702,0.28983,0.096502,0,0.27552,0.29179,0.02358,0.030745,0.27071,0.41926,0.22681,0.45095,0.30387,0.22065,0.41141,0.34463,0.54432,0.53353,0.38711,0.39289,0.50671,0.56944,0.41713,0.43159,0.046427,0.034742,0.38492,0.36545,0.87198,1,0.50395,0.57042,0.46949,0.53861,0.43032,0.57537,0.39257,0.47638,0.43759,0.34271,0.37408,0.40858,0.41819,0.34691,0.33749,0.45138,0.20886,0.20803,0.30025,0.43986,0.10906,0.16185,0.091391,0.29519,0.1658,0.2084,0.32626,0.35131,0.18113,0.1827,0.13989,0.10662,0.20716,0.26977,0.58269,0.66363,0.20756,0.26598,0.37668,0.43386,0.39845,0.463,0.37754,0.35767,0.35796,0.42137,0.4237,0.37514,0.31938,0.43331,0.087528,0.2302,0.30047,0.51037,0.10336,0.579,0.038783,0.28718,0.089534,0.22018,0,0.036487,0.24101,0.23155,0.35851,0.31368,0.23765,0.45189,0,0,0.42359,0.5001,0.094682,0.070117,0.046104,0.18292,0.24678,0.33098,0.54868,0.3483,0.20988,0.43769,0.17184,0
0.54099,0.62376,0.36928,0.52107,0,0.29102,0.41471,0.37741,0.14657,0.014358,0.39372,0.31805,0.40765,0.46602,0.29327,0.33142,0.58723,0.42491,0.69769,0.69219,0.30689,0.40493,0.5673,0.55687,0.28379,0.38591,0.20026,0.2502,0.20843,0.133,0.61506,0.50395,1,0.93825,0.62403,0.62258,0.42772,0.49546,0.46845,0.51076,0.41151,0.41493,0.41556,0.47737,0.42831,0.45524,0.5435,0.57032,0.25517,0.31749,0.42207,0.42395,0.36812,0.40798,0.42886,0.48415,0.50833,0.55888,0.29729,0.22238,0.35969,0.3276,0.46223,0.52627,0.26498,0.27893,0.65613,0.68519,0.6576,0.68887,0.19937,0.18555,0.45047,0.44088,0.44605,0.44696,0.57364,0.48678,0.35101,0.21638,0.35661,0.41974,0.2896,0.27853,0.63958,0.56222,0.3424,0.56283,0.4649,0.56801,0.43097,0.34637,0.2613,0.16698,0.26858,0.071727,0.41011,0.21178,0.46882,0.471,0.15878,0.057814,0.33499,0.23321,0.066311,0.1555,0.017541,0.091234,0.06248,0.47167,0.57486,0.57403,0.41074,0.26096,0.15864,0
0.52772,0.61914,0.38856,0.58834,0,0.29768,0.46336,0.48644,0.13417,0.033925,0.4287,0.35877,0.45061,0.46751,0.28407,0.27553,0.55457,0.39792,0.73876,0.73815,0.29022,0.43353,0.60569,0.61645,0.2932,0.40177,0.22696,0.26091,0.17523,0.10949,0.66651,0.57042,0.93825,1,0.63695,0.66284,0.35175,0.46303,0.36165,0.41734,0.34251,0.38974,0.48749,0.50918,0.52157,0.50801,0.58504,0.57219,0.35472,0.36909,0.44956,0.44641,0.32679,0.38778,0.32019,0.4342,0.4638,0.54649,0.35132,0.24123,0.42032,0.37255,0.469,0.56016,0.30405,0.32777,0.66699,0.70542,0.6096,0.68183,0.23651,0.2194,0.46953,0.4518,0.45668,0.44306,0.6144,0.50424,0.34781,0.20216,0.33713,0.39025,0.28017,0.19391,0.5711,0.49609,0.39114,0.55774,0.43419,0.49109,0.46229,0.37438,0.30176,0.1656,0.21177,0.023463,0.34393,0.16897,0.48558,0.48326,0.17602,0.076551,0.36798,0.24945,0.10596,0.19,0,0.10235,0.02405,0.47608,0.63057,0.58527,0.42598,0.30669,0.23059,0
0.12711,0.16092,0.56545,0.56916,0,0.27825,0.51925,0.36531,0.074489,0,0.27496,0.12912,0.32276,0.35554,0.44604,0.32806,0.14877,0.027749,0.57018,0.45572,0.2287,0.3454,0.81988,0.78793,0.54458,0.55962,0.27811,0.2922,0.059398,0.038261,0.50634,0.46949,0.62403,0.63695,1,0.91795,0.28709,0.38382,0.24634,0.32837,0.24178,0.13713,0.52562,0.47518,0.44023,0.40253,0.51384,0.58287,0.17075,0.39863,0.5299,0.5452,0.36051,0.4898,0.23265,0.38014,0.04135,0.15883,0.15444,0.052679,0.10535,0.11004,0.010239,0.071309,0.48334,0.46227,0.73748,0.80533,0.34125,0.42388,0.083104,0.10468,0.22291,0.21608,0.31562,0.2435,0.44346,0.43279,0.079924,0.037738,0.17297,0.18065,0.32037,0.17529,0.5958,0.4437,0.35344,0.488,0.54722,0.51889,0.51071,0.54372,0.30498,0.35142,0.2267,0.090357,0.40399,0.2803,0.30137,0.41929,0.11498,0.19149,0.23585,0.22728,0.24798,0.30029,0.11821,0.19119,0.18384,0.47638,0.67584,0.59871,0.27044,0.24756,0.30192,0
0.17374,0.22483,0.46708,0.49479,0,0.24295,0.50786,0.32577,0.12345,0,0.33432,0.21712,0.36269,0.3679,0.48937,0.29762,0.23674,0.065084,0.63285,0.52761,0.32372,0.40626,0.71616,0.7239,0.46148,0.50785,0.22582,0.24188,0.092986,0.03875,0.54799,0.53861,0.62258,0.66284,0.91795,1,0.3511,0.45568,0.29901,0.37668,0.33452,0.25144,0.43751,0.39283,0.39387,0.3416,0.45132,0.54598,0.13961,0.39291,0.45084,0.49188,0.29157,0.37447,0.20567,0.37154,0.080352,0.18191,0.26136,0.13393,0.20042,0.21585,0.07462,0.16383,0.43602,0.44389,0.69031,0.80316,0.36891,0.44172,0.18108,0.23101,0.33318,0.329,0.37097,0.33991,0.54589,0.50347,0.11649,0.03083,0.20687,0.17513,0.32649,0.16131,0.56458,0.4344,0.3742,0.56093,0.50132,0.50039,0.46356,0.52659,0.25451,0.34674,0.23937,0.079939,0.40742,0.27431,0.32676,0.44557,0.081358,0.21185,0.29938,0.34622,0.27308,0.31197,0.11611,0.22352,0.19274,0.51492,0.72367,0.62108,0.29984,0.3075,0.2901,0
0.30094,0.3527,0.089353,0.0043928,0,0,0.21234,0,0.046739,0.037113,0.47228,0.4145,0.39334,0.27775,0.32385,0.066803,0.51533,0.41312,0.49565,0.47604,0.45816,0.30331,0.21605,0.18395,0.096944,0.078355,0,0.018088,0.26364,0.075304,0.40619,0.43032,0.42772,0.35175,0.28709,0.3511,1,0.67535,0.81898,0.69415,0.77703,0.53139,0.079194,0.064248,0,0.019303,0.19578,0.37026,0,0.20037,0.18441,0.3592,0.17197,0.11859,0.28536,0.28595,0.26155,0.3236,0.23777,0.24167,0.19175,0.13243,0.2141,0.18692,0.16258,0.20066,0.31184,0.40982,0.37441,0.3578,0.34434,0.35566,0.52233,0.56071,0.4889,0.49112,0.44827,0.48614,0.29032,0.35765,0,0.15986,0,0.057443,0.27227,0.3596,0.058612,0.52531,0.17647,0.34879,0.18934,0.23344,0.032638,0.21059,0.51454,0.028115,0.38889,0.097628,0.3127,0.33678,0.028222,0.14022,0.44891,0.49361,0,0,0.3251,0,0.39414,0.42349,0.46314,0.30282,0.19644,0.39396,0,0
0.48272,0.49953,0.21137,0.2156,0,0.0065516,0.27349,0.07722,0.071243,0.068902,0.3771,0.43118,0.3709,0.36559,0.39914,0.33993,0.51631,0.4808,0.59077,0.62179,0.46397,0.44354,0.40735,0.37524,0.12612,0.19818,0.069192,0.15928,0.29526,0.19894,0.58552,0.57537,0.49546,0.46303,0.38382,0.45568,0.67535,1,0.58037,0.81438,0.63783,0.59003,0.22751,0.21647,0.11307,0.17263,0.305,0.49448,0.012631,0.26255,0.31365,0.41363,0.36124,0.25779,0.30566,0.49469,0.38785,0.41745,0.30189,0.35054,0.30313,0.2472,0.21807,0.29778,0.12156,0.21166,0.44306,0.50584,0.46016,0.44526,0.48206,0.45624,0.56786,0.63665,0.47392,0.51544,0.53176,0.62635,0.33602,0.31022,0.26109,0.33506,0.19806,0.25176,0.44963,0.553,0.20998,0.61774,0.25498,0.50216,0.34762,0.36313,0.14686,0.25034,0.49248,0.24002,0.53993,0.36009,0.30966,0.52429,0.06025,0.16519,0.54038,0.61094,0.2465,0.19198,0.36714,0.35545,0.49728,0.60746,0.52589,0.44654,0.25002,0.42292,0.21867,0
0.38999,0.46936,0.21697,0.11555,0,0,0.2644,0.030703,0.16544,0.13705,0.38945,0.32168,0.33189,0.30218,0.34115,0.16269,0.52334,0.47842,0.44563,0.4145,0.51966,0.30921,0.26635,0.21567,0.081134,0.15039,0,0.063439,0.2203,0.10414,0.43934,0.39257,0.46845,0.36165,0.24634,0.29901,0.81898,0.58037,1,0.78476,0.69633,0.46121,0.049536,0.1238,0,0.029404,0.18815,0.37431,0,0.17416,0.21676,0.34367,0.26536,0.16991,0.46307,0.37206,0.42493,0.48408,0.17725,0.2125,0.17872,0.088332,0.32601,0.19168,0.15625,0.19362,0.30486,0.38017,0.46471,0.45571,0.24963,0.29293,0.34292,0.42465,0.36934,0.3893,0.27707,0.43817,0.33269,0.37112,0.042227,0.22328,0,0.23047,0.36832,0.47168,0.028143,0.5837,0.18364,0.46729,0.12716,0.10443,0,0.12892,0.59459,0.080803,0.41681,0.12698,0.32738,0.25683,0,0.033972,0.24696,0.34983,0,0,0.39258,0,0.40957,0.41397,0.36081,0.32486,0.21824,0.24637,0,0
0.48533,0.54525,0.28771,0.17393,0.027334,0,0.30873,0.034332,0.14125,0.18291,0.26416,0.26273,0.29024,0.29799,0.35487,0.34664,0.51479,0.4619,0.48141,0.53058,0.48877,0.41147,0.34664,0.29445,0.15005,0.21523,0.063122,0.16654,0.31258,0.22892,0.5011,0.47638,0.51076,0.41734,0.32837,0.37668,0.69415,0.81438,0.78476,1,0.65543,0.56079,0.12702,0.14438,0.05306,0.067083,0.22494,0.42301,0,0.1202,0.21841,0.34801,0.25474,0.1832,0.39649,0.44341,0.51715,0.54738,0.23486,0.25591,0.17546,0.11158,0.26258,0.20691,0.082106,0.16962,0.40283,0.44745,0.56088,0.50233,0.26224,0.30596,0.3426,0.4662,0.27501,0.34322,0.30542,0.48106,0.38612,0.37169,0.27377,0.37862,0.16455,0.36309,0.4656,0.55819,0.14824,0.66924,0.17923,0.49551,0.17037,0.20433,0,0.19134,0.55727,0.30365,0.57528,0.35721,0.3032,0.36073,0,0.10827,0.32187,0.46599,0.12285,0.03893,0.42234,0.26726,0.51626,0.55668,0.41659,0.40561,0.26393,0.29283,0.013506,0
0.25413,0.38956,0.096677,0,0,0,0.14868,0,0,0,0.28408,0.46352,0.22496,0.36259,0.13199,0,0.43001,0.43012,0.46783,0.45528,0.56637,0.2677,0.14935,0.1387,0.089305,0.023495,0,0,0.082406,0,0.3335,0.43759,0.41151,0.34251,0.24178,0.33452,0.77703,0.63783,0.69633,0.65543,1,0.58715,0,0,0,0,0.067192,0.22402,0,0.15453,0.12442,0.2472,0.15815,0.042351,0.15175,0.18027,0.27078,0.30925,0.21349,0.20529,0.20773,0.11031,0.1986,0.14244,0.13818,0.1242,0.27265,0.36673,0.37224,0.37872,0.3318,0.44935,0.53863,0.63634,0.44432,0.47867,0.5184,0.59371,0.20741,0.22161,0,0.067131,0,0.054089,0.19175,0.39124,0.10217,0.61018,0.023857,0.35909,0.025125,0.026436,0,0.040817,0.50545,0,0.2309,0,0.29596,0.19817,0,0.041602,0.31727,0.40625,0,0,0.376,0,0.37742,0.38901,0.36513,0.20487,0.15673,0.35191,0,0
0.39104,0.43447,0.051165,0.076912,0,0,0.17371,0,0,0.021554,0.25698,0.35785,0.29162,0.29276,0.10793,0.1348,0.44564,0.32749,0.39179,0.46378,0.41324,0.3703,0.13227,0.21073,0,0.033937,0,0,0.141,0.075799,0.29299,0.34271,0.41493,0.38974,0.13713,0.25144,0.53139,0.59003,0.46121,0.56079,0.58715,1,0,0,0,0,0.042721,0.13829,0,0.062114,0.031016,0.13937,0.18673,0.11627,0.19615,0.17384,0.35179,0.34192,0.22318,0.14059,0.25525,0.21745,0.18956,0.33473,0,0.07365,0.14317,0.18866,0.39873,0.39987,0.35769,0.39804,0.52583,0.6747,0.42596,0.50134,0.43187,0.40214,0.22023,0.2259,0.18202,0.21092,0.12804,0.13788,0.29082,0.40497,0.18759,0.40703,0.15818,0.33798,0.12854,0.098781,0.082128,0.069457,0.20954,0.014659,0.21935,0.018023,0.20526,0.24215,0.011958,0,0.26747,0.23498,0.081105,0.041154,0.13827,0.07915,0.095793,0.25968,0.19571,0.21521,0.17811,0.14928,0,0
0.12516,0.15342,0.34125,0.55595,0.011267,0.31966,0.37527,0.46131,0.04343,0,0.30576,0.17156,0.27318,0.4119,0.17834,0.20448,0.24067,0.17115,0.39435,0.36358,0.13926,0.16714,0.51047,0.50431,0.31465,0.32624,0.17328,0.20284,0.24057,0.25159,0.46739,0.37408,0.41556,0.48749,0.52562,0.43751,0.079194,0.22751,0.049536,0.12702,0,0,1,0.84431,0.77292,0.74904,0.85079,0.78498,0.65386,0.50994,0.66067,0.52336,0.41193,0.5743,0.354,0.51438,0,0.077007,0.088506,0.16827,0.07191,0.09924,0.07445,0.26515,0.073632,0.19281,0.54007,0.57366,0.077607,0.13216,0.028891,0,0.098764,0.15968,0.30443,0.26565,0.22639,0.21337,0.060225,0.23292,0.26696,0.34066,0.091823,0.21946,0.26194,0.17197,0,0.089319,0.22338,0.24306,0.61403,0.53209,0.39459,0.28507,0.28119,0.24305,0.37325,0.42214,0.55506,0.6224,0.34034,0.17555,0.37148,0.18783,0.053212,0.056599,0.018716,0.11945,0.16817,0.36097,0.43287,0.5076,0.49337,0.49783,0.36364,0
0.076312,0.18566,0.34346,0.54399,0.053681,0.37737,0.27495,0.36391,0.097438,0,0.19505,0.076858,0.16318,0.36463,0.11851,0.12607,0.25955,0.1683,0.35526,0.32336,0.12819,0.12543,0.50031,0.50016,0.33594,0.36425,0.17199,0.19567,0.13511,0.10172,0.49708,0.40858,0.47737,0.50918,0.47518,0.39283,0.064248,0.21647,0.1238,0.14438,0,0,0.84431,1,0.75026,0.84455,0.84818,0.77433,0.70057,0.51003,0.69684,0.63438,0.40574,0.52479,0.43517,0.55205,0.042228,0.12205,0.17346,0.27373,0.036293,0.030555,0.15502,0.21864,0.13364,0.20739,0.61685,0.59752,0.068427,0.14727,0.028279,0,0.047416,0.13255,0.19655,0.26947,0.28357,0.21381,0.11569,0.17361,0.1697,0.2522,0.042388,0.070703,0.27788,0.30286,0.067485,0.15247,0.23218,0.27501,0.40423,0.31016,0.19659,0.12785,0.15413,0.046529,0.23671,0.29501,0.49879,0.48731,0.15432,0.040611,0.24858,0.11114,0,0.04395,0,0,0.00086523,0.27089,0.46981,0.39093,0.33358,0.39983,0.29729,0
0.02854,0.068081,0.19329,0.39074,0.13905,0.3466,0.24693,0.40603,0.18206,0.087291,0.116,0.059716,0.14336,0.26024,0.14544,0.12388,0.16847,0.046613,0.32863,0.3212,0.10025,0.20867,0.38685,0.42387,0.39894,0.46331,0.12034,0.10646,0.084583,0.050426,0.45092,0.41819,0.42831,0.52157,0.44023,0.39387,0,0.11307,0,0.05306,0,0,0.77292,0.75026,1,0.8413,0.65676,0.52112,0.82489,0.44832,0.54957,0.36678,0.11836,0.26405,0.18936,0.34406,0,0.011435,0.38024,0.40324,0.14296,0.094234,0.063913,0.11971,0.1892,0.21642,0.69941,0.61447,0.03062,0.079889,0,0.0048144,0.10786,0.13983,0.17857,0.24278,0.27293,0.24646,0.012722,0.0089023,0.1865,0.16081,0.17554,0.12076,0.15364,0.088851,0.19575,0.25637,0.094175,0.049775,0.32623,0.29574,0.1047,0.13637,0.16393,0.069267,0.29306,0.26493,0.4588,0.45074,0.16403,0.15527,0.36541,0.26548,0.15912,0.15819,0,0.14988,0.061405,0.303,0.50475,0.39171,0.3004,0.4857,0.35465,0
