1,0.62661,0.14875,0.30272,0.10144,0.15496,0.32331,0.21505,0.26983,0.19978,0.43354,0.49009,0.21784,0.1243,0.24561,0.13179,0.031035,0.35767,0.50284,0.66728,0.04607,0,0,0.014221,0.020851,0,0.21487,0.18563,0.099042,0.18025,0.011929,0.067627,0.43371,0.40308,0,0,0,0,0,0,0.025247,0,0.36465,0.33858,0.11112,0.18154,0.37467,0.25133,0.23647,0.27036,0.27797,0.22698,0.29552,0.27304,0.25861,0.1468,0.69057,0.50072,0.51768,0.43322,0.63602,0.44494,0.46055,0.43321,0,0,0.29801,0.23373,0.63317,0.39289,0.14494,0.1182,0.39753,0.36786,0.3399,0.29704,0.092594,0,0,0,0.10586,0.12226,0.092206,0.18927,0.11205,0.15134,0.28378,0.11398,0.28476,0.41024,0.072053,0.13608,0,0.04806,0,0,0,0.0048692,0.19738,0.22202,0.11214,0.13451,0.083956,0.18363,0.012406,0.064233,0.12972,0.10371,0,0,0,0.042768,0,0.084385,0,0.041519
0.62661,1,0,0.030354,0,0,0,0.0043591,0,0,0.37943,0.58602,0.23167,0.36954,0,0.008396,0.11409,0.58142,0,0.41277,0.14918,0,0,0,0,0,0.069368,0.0038592,0.19549,0.27262,0,0,0.24146,0.19621,0,0,0,0,0,0,0,0,0.20975,0.17223,0,0.058684,0.3732,0.20449,0.076809,0.4576,0.27587,0.44966,0.59778,0.52093,0.43974,0.26087,0.74681,0.8817,0.72078,0.66831,0.49281,0.57017,0.41674,0.54682,0,0,0.023581,0.13847,0.60192,0.66452,0.31141,0.23744,0.51186,0.41825,0.22227,0.28122,0,0,0.083711,0.16779,0.33287,0.1924,0,0.14825,0,0.13284,0.17684,0.067255,0.13846,0.62094,0,0,0,0,0,0,0,0.03047,0.25026,0.09869,0.21242,0,0.081079,0,0,0,0,0.043897,0.12197,0,0,0,0,0.029032,0,0.011005
0.14875,0,1,0.56513,0.30785,0,0.89659,0.62548,0.11978,0,0.32596,0.060873,0.43142,0.16328,0.48143,0.20946,0.015725,0,0.61094,0.29934,0.24354,0.19603,0.8577,0.76072,0.27565,0.46159,0.064428,0.063516,0.16048,0.0087031,0.69131,0.54107,0.32931,0.3314,0.50213,0.44316,0.27197,0.14821,0.17142,0.10189,0.18363,0.090002,0.24668,0.27117,0.25995,0.22283,0.09582,0.17885,0.14032,0,0.15279,0,0,0,0,0.12783,0,0,0,0,0,0,0,0,0.50368,0.2819,0.4204,0.24919,0.029462,0.020915,0.21628,0.34232,0.090521,0.1048,0.21214,0.23519,0.41319,0.43856,0,0,0,0.13016,0.19377,0.092874,0.43923,0.13768,0.22907,0,0.52757,0.064238,0.16383,0.43313,0.32551,0.49506,0.18527,0.023107,0.10305,0.095647,0,0.097924,0,0.1062,0,0.017586,0,0.080954,0.074502,0,0,0.0077499,0.21631,0,0.08206,0,0.16944,0
0.30272,0.030354,0.56513,1,0.21198,0,0.57583,0.8227,0.080077,0,0.31127,0.41805,0.25786,0.44461,0.41737,0.19124,0.17805,0,0.69352,0.54827,0.17373,0.17742,0.56082,0.6519,0.24867,0.47431,0,0,0.17558,0.06763,0.57844,0.67109,0.27206,0.41153,0.35013,0.33544,0,0,0,0,0,0.039871,0.27195,0.31728,0.1792,0.21874,0.15149,0.2109,0.16241,0.085567,0.21982,0.10846,0,0.035099,0,0.099754,0.23528,0.040557,0,0.084006,0.11888,0.18154,0.23997,0.21519,0.42058,0.37548,0.39779,0.23232,0.22321,0.01751,0.17091,0.31632,0.16094,0.26479,0.17919,0.22831,0.29198,0.27415,0,0,0,0.13671,0.12063,0,0.35748,0.1956,0.080281,0,0.37394,0.058237,0.0042679,0.25107,0.20518,0.2775,0.082439,0,0,0.037909,0,0.049454,0,0,0,0,0.045436,0.11594,0,0,0,0,0,0,0,0.014203,0.27119,0.070435
0.10144,0,0.30785,0.21198,1,0.68502,0.32616,0.26407,0.89437,0.76709,0,0,0,0,0.64336,0.42495,0,0,0.36132,0.28179,0,0,0.078361,0.30109,0.85852,0.60545,0.59245,0.57913,0,0.091575,0.18375,0.090886,0.35242,0.29316,0.522,0.44697,0.17823,0.1171,0,0.065367,0.12675,0.12422,0.2346,0.25795,0.45908,0.3841,0.090365,0.1684,0.3613,0.075633,0.03147,0,0,0,0,0,0,0,0,0,0.18683,0.044755,0,0,0.49763,0.42516,0.35628,0.2923,0,0,0,0,0,0,0.15108,0,0.29282,0.3185,0,0,0,0.056805,0.17134,0.1044,0.20952,0.031142,0.088443,0.11424,0.028399,0,0.31533,0.43288,0.4736,0.41711,0,0,0.13235,0.11826,0.16967,0.22645,0.15679,0.26214,0.1508,0.24576,0.077745,0.14103,0.11808,0.17714,0.033314,0.059253,0.37619,0.1112,0.17553,0.25471,0.19595,0
0.15496,0,0,0,0.68502,1,0.019192,0,0.80964,0.90074,0,0,0,0,0.31975,0.40408,0,0.071793,0.060866,0.16803,0,0,0,0,0.6277,0.31354,0.65143,0.70878,0,0.065648,0,0,0.34232,0.30025,0.31738,0.31185,0.036652,0.016125,0,0,0.055886,0.084082,0.1427,0.12676,0.33594,0.3061,0.069362,0.09633,0.35035,0.19339,0.038475,0.088596,0,0,0,0,0,0,0.2054,0.10032,0.42799,0.27056,0.1062,0.14879,0.23795,0.36317,0.27939,0.31486,0.048485,0,0,0,0,0,0.14484,0,0.19972,0.16125,0.053827,0.14098,0.038606,0.024204,0.092509,0.085659,0,0,0.034155,0.2814,0,0,0.31056,0.28758,0.4343,0.22662,0,0,0.10405,0.11871,0.26303,0.26668,0.2189,0.33565,0.22422,0.33642,0.036703,0.091523,0.076486,0.19015,0.078566,0.13595,0.34366,0.13135,0.21005,0.26838,0.04253,0
0.32331,0,0.89659,0.57583,0.32616,0.019192,1,0.66516,0.22694,0.051811,0.40772,0.18246,0.448,0.14615,0.46747,0.23523,0.043999,0,0.62762,0.39992,0.20052,0.15566,0.72659,0.68308,0.32209,0.44475,0.12737,0.15966,0.12667,0,0.61968,0.51229,0.43494,0.45702,0.49891,0.44627,0.17489,0.059951,0.046542,0.015461,0.10216,0.096985,0.31692,0.32188,0.32342,0.28563,0.13245,0.22256,0.23524,0,0.24173,0,0,0,0,0.11689,0.047413,0,0,0,0.18281,0.091761,0.17798,0.13384,0.53123,0.34047,0.51389,0.32801,0.16983,0.055139,0.17572,0.28541,0.15891,0.16226,0.26908,0.19425,0.42138,0.47107,0,0,0,0.10493,0.16337,0.070689,0.38217,0.14673,0.18112,0.0082183,0.44653,0.082926,0.20696,0.46963,0.40405,0.47576,0.10465,0,0.038652,0.085795,0.066415,0.19988,0,0.20297,0,0.13045,0,0.13907,0.11707,0,0,0,0.18227,0.040637,0.13209,0,0.18327,0
0.21505,0.0043591,0.62548,0.8227,0.26407,0,0.66516,1,0.15016,0.032891,0.21305,0.47316,0.19776,0.3871,0.34243,0.243,0.10626,0,0.56626,0.45149,0.26305,0.24243,0.58579,0.68172,0.23858,0.44958,0.027221,0.075014,0.17863,0.098321,0.65602,0.66136,0.4676,0.54348,0.47282,0.47032,0.059026,0.042162,0,0.0047614,0,0.062172,0.2721,0.31477,0.23376,0.31941,0.14695,0.22104,0.16033,0.057797,0.17546,0.045095,0,0.0036348,0,0.132,0.16126,0.055486,0,0.13291,0.16933,0.32146,0.13322,0.27306,0.49262,0.57486,0.51148,0.39913,0.19295,0.10935,0.27818,0.3733,0.15159,0.27518,0.23436,0.22925,0.42736,0.38176,0,0,0,0.18243,0.11781,0,0.40526,0.22579,0.13983,0,0.47695,0.11028,0.083625,0.26257,0.25233,0.25011,0.12957,0,0,0.095753,0,0.017627,0,0,0,0,0,0.057771,0,0,0,0,0.080983,0,0,0.065095,0.19688,0
0.26983,0,0.11978,0.080077,0.89437,0.80964,0.22694,0.15016,1,0.86265,0,0,0,0,0.5816,0.43514,0,0.024129,0.25963,0.28943,0,0,0,0.12058,0.74698,0.42875,0.61615,0.61176,0,0.084398,0,0,0.36721,0.29668,0.41631,0.36381,0.11102,0.055613,0,0.027431,0.096569,0.096013,0.20103,0.20802,0.40347,0.36058,0.1028,0.14715,0.37197,0.15457,0.06818,0.027161,0,0,0,0,0,0,0.086326,0.029262,0.38674,0.22547,0.032642,0.095706,0.43192,0.43209,0.35119,0.32038,0.06278,0,0,0,0,0,0.18105,0,0.23178,0.23516,0,0.059452,0,0.07682,0.1407,0.10959,0.12704,0.044014,0.065132,0.17207,0,0,0.34796,0.40557,0.50266,0.38693,0,0,0.15792,0.18158,0.23993,0.29982,0.26484,0.39294,0.24599,0.3267,0.075944,0.13372,0.15031,0.20382,0.092189,0.11709,0.35218,0.17978,0.22828,0.30943,0.14938,0
0.19978,0,0,0,0.76709,0.90074,0.051811,0.032891,0.86265,1,0,0,0,0,0.36957,0.45146,0,0.048177,0.087744,0.16695,0,0,0,0,0.70434,0.33302,0.66201,0.68524,0,0.068965,0,0,0.28457,0.22834,0.30416,0.26354,0.011423,0.0022577,0,0,0.039242,0.056839,0.11228,0.099112,0.29269,0.28107,0,0.047421,0.28742,0.16462,0,0.058671,0,0,0,0,0,0,0.14193,0.0028309,0.39056,0.20246,0.069385,0.076189,0.24949,0.3418,0.21937,0.24693,0,0,0,0,0,0,0.14992,0,0.16998,0.15276,0.0038801,0.1002,0,0,0.081945,0.11667,0,0,0.02305,0.25543,0,0,0.2011,0.2123,0.37387,0.1805,0,0,0.058567,0.055594,0.16106,0.18931,0.17233,0.22306,0.15625,0.22393,0.015647,0.050674,0.089872,0.1757,0.092431,0.13583,0.27938,0.1049,0.13169,0.29314,0.064937,0
0.43354,0.37943,0.32596,0.31127,0,0,0.40772,0.21305,0,0,1,0.5606,0.86309,0.57813,0.16802,0.1238,0.40364,0.34286,0.30332,0.30398,0.3106,0.21097,0.41825,0.2886,0,0.062211,0.028411,0,0.49672,0.25516,0.40099,0.44043,0.30886,0.36471,0,0,0,0,0,0,0,0.12495,0.34023,0.27293,0.049282,0.037678,0.23475,0.22041,0.16022,0.11063,0.33372,0.20119,0.18114,0.15103,0.01239,0.11337,0.37364,0.42196,0.21444,0.26492,0.32177,0.17928,0.57943,0.36094,0,0,0.1496,0.1072,0.31773,0.26029,0.38187,0.49287,0.51145,0.39054,0.17561,0.23853,0.12523,0.062774,0.13768,0.061306,0.30171,0.26521,0.099628,0.12392,0.26211,0.18637,0.17229,0.033585,0.26325,0.26765,0,0,0,0,0,0,0,0,0,0,0,0,0,0,0,0,0,0,0,0,0,0,0,0,0,0
0.49009,0.58602,0.060873,0.41805,0,0,0.18246,0.47316,0,0,0.5606,1,0.44295,0.6903,0.1656,0.24226,0.4805,0.6094,0.22362,0.43138,0.40246,0.33672,0.13193,0.20815,0,0.10517,0.023604,0.013696,0.45798,0.46996,0.25069,0.4165,0.39012,0.43306,0,0,0,0.028696,0,0.078275,0,0.18478,0.37215,0.34389,0.040348,0.17839,0.36966,0.32039,0.19266,0.38159,0.38163,0.433,0.39952,0.28739,0.18621,0.31414,0.58049,0.57354,0.41597,0.52274,0.51866,0.59993,0.57044,0.68056,0,0.17137,0.28991,0.26653,0.46763,0.3322,0.30648,0.47165,0.37352,0.44401,0.21238,0.19139,0.15951,0.024801,0.31889,0.264,0.35755,0.35227,0.12572,0.13099,0.26418,0.34396,0.1794,0.083119,0.33552,0.44606,0,0,0,0,0,0,0,0.13391,0.022372,0,0,0,0,0,0,0,0,0,0,0,0,0,0,0.0075304,0,0
0.21784,0.23167,0.43142,0.25786,0,0,0.448,0.19776,0,0,0.86309,0.44295,1,0.60488,0.20461,0.10966,0.37564,0.20361,0.19685,0.091971,0.26579,0.19311,0.59237,0.40692,0,0.11335,0,0,0.38483,0.13031,0.42106,0.41713,0.13456,0.17899,0,0,0.016817,0,0.014302,0.0017078,0,0.083178,0.20065,0.14147,0,0,0.16213,0.17664,0.10204,0.023805,0.36333,0.1848,0.18368,0.1518,0,0.13882,0.22081,0.29876,0.074117,0.14077,0.18675,0.054398,0.38875,0.22773,0.070804,0,0.14089,0.049479,0.19699,0.22474,0.30902,0.50965,0.37374,0.24584,0.082228,0.22384,0.091922,0.069764,0.1348,0.020434,0.20307,0.2266,0.049462,0.049961,0.29767,0.21091,0.087146,0,0.31937,0.22687,0,0,0,0.014094,0,0,0,0.021671,0,0,0,0,0,0,0,0.033986,0,0,0,0,0,0,0,0,0,0
0.1243,0.36954,0.16328,0.44461,0,0,0.14615,0.3871,0,0,0.57813,0.6903,0.60488,1,0.10907,0.1816,0.51545,0.46195,0.14714,0.21768,0.38077,0.36396,0.39016,0.28704,0,0.11418,0,0,0.45997,0.39166,0.35137,0.47632,0.021093,0.10135,0,0,0,0.11902,0.065522,0.1651,0,0.191,0.26681,0.29426,0,0.082587,0.27012,0.31318,0.09142,0.29342,0.4314,0.44568,0.35609,0.33023,0.12025,0.32479,0.3694,0.41321,0.12865,0.28584,0.08558,0.22677,0.37766,0.43777,0,0,0.11794,0.054138,0.24777,0.16123,0.21692,0.47746,0.23845,0.33367,0,0.18569,0.0070502,0,0.28556,0.20147,0.29594,0.3764,0.1448,0.1172,0.36565,0.3748,0.1158,0,0.34736,0.34907,0,0,0,0,0.0071904,0.00851,0,0.11961,0,0,0,0,0,0,0,0,0,0,0,0,0,0,0,0,0,0
0.24561,0,0.48143,0.41737,0.64336,0.31975,0.46747,0.34243,0.5816,0.36957,0.16802,0.1656,0.20461,0.10907,1,0.68956,0.28678,0.080678,0.57842,0.38607,0.26636,0.29892,0.43899,0.59239,0.62687,0.68669,0.34334,0.38607,0.35761,0.28573,0.46259,0.44474,0.35166,0.405,0.5497,0.43643,0.32053,0.18058,0.014346,0.15592,0.041762,0.31673,0.4152,0.39377,0.42873,0.35178,0.20073,0.36531,0.41661,0.088399,0.36561,0.14671,0.0081791,0,0,0.20912,0.055884,0,0,0.072681,0.2384,0.15541,0.16871,0.15823,0.69516,0.50097,0.51524,0.37002,0.21704,0.045731,0.10311,0.18889,0.061953,0.13536,0.25334,0.15993,0.43438,0.42547,0.20918,0.13506,0.20467,0.43347,0.45566,0.2318,0.62444,0.30082,0.33062,0.23776,0.3267,0.058096,0.25111,0.39006,0.33425,0.39919,0,0,0.081954,0.28836,0.1208,0.19725,0.0232,0.22003,0.069991,0.081718,0,0.13324,0.13397,0,0.029044,0.062287,0.37842,0.081035,0.15395,0.13262,0.18388,0
0.13179,0.008396,0.20946,0.19124,0.42495,0.40408,0.23523,0.243,0.43514,0.45146,0.1238,0.24226,0.10966,0.1816,0.68956,1,0.44393,0.27706,0.25691,0.29676,0.30024,0.386,0.17892,0.31229,0.3945,0.43939,0.35063,0.4419,0.44766,0.43635,0.29155,0.31938,0.32462,0.41054,0.44091,0.41681,0.37342,0.27885,0.09615,0.3178,0.086246,0.42403,0.46235,0.41213,0.44774,0.44124,0.23709,0.41242,0.44378,0.2177,0.45941,0.32367,0.16828,0.11142,0,0.30758,0.1339,0.025646,0.13091,0.26029,0.35056,0.36896,0.27871,0.38672,0.44099,0.47704,0.52275,0.49113,0.28882,0.18721,0.11896,0.1836,0.091811,0.20925,0.33629,0.13492,0.44922,0.39482,0.41549,0.29477,0.46555,0.59293,0.54112,0.482,0.60859,0.41893,0.48825,0.61581,0.271,0.2391,0.25708,0.20336,0.29362,0.13625,0,0.02738,0.15389,0.28467,0.25109,0.17054,0.13039,0.196,0.11487,0.06599,0,0,0.082343,0.044635,0.20101,0.23078,0.48637,0.12845,0.21251,0.19841,0.050304,0
0.031035,0.11409,0.015725,0.17805,0,0,0.043999,0.10626,0,0,0.40364,0.4805,0.37564,0.51545,0.28678,0.44393,1,0.55068,0.19055,0.12809,0.47816,0.5605,0.15595,0.1222,0,0.32863,0,0,0.71149,0.4886,0.22798,0.46103,0.042229,0.2409,0.076341,0.074289,0.35307,0.31739,0.14583,0.41687,0,0.6245,0.35788,0.31619,0.17314,0.18353,0.25001,0.37253,0.29426,0.26557,0.51125,0.41639,0.31088,0.19723,0,0.43665,0.32591,0.18454,0.0051612,0.28976,0.17989,0.26593,0.48799,0.47429,0.18476,0.20245,0.23567,0.12486,0.34,0.028309,0.069984,0.38835,0.1991,0.31197,0.10535,0.064879,0.20994,0.29256,0.66117,0.37889,0.53574,0.51567,0.49969,0.30477,0.48726,0.34701,0.27872,0.36534,0.19893,0.11094,0,0,0,0,0.054874,0.12659,0.055343,0.34901,0,0,0,0,0,0,0,0,0,0,0.078066,0.11574,0.15882,0,0.0038344,0,0,0
0.35767,0.58142,0,0,0,0.071793,0,0,0.024129,0.048177,0.34286,0.6094,0.20361,0.46195,0.080678,0.27706,0.55068,1,0.0084065,0.2812,0.31907,0.32308,0,0,0,0,0.10555,0.063225,0.46329,0.70479,0,0.07004,0.26751,0.24192,0,0,0.051519,0.21616,0.10626,0.29517,0.089771,0.29512,0.42526,0.39648,0.17717,0.2896,0.55905,0.47088,0.31998,0.54725,0.47585,0.55113,0.56619,0.4219,0.33329,0.33256,0.54513,0.60227,0.49604,0.53737,0.37423,0.48997,0.49228,0.63744,0,0,0.15922,0.25426,0.4704,0.32978,0.066774,0.15126,0.37559,0.35913,0.12836,0.057282,0.014511,0,0.53483,0.62489,0.61626,0.49128,0.19148,0.34231,0.19133,0.41684,0.16305,0.23615,0.13294,0.48543,0.0058012,0,0,0,0,0.13963,0.21639,0.29403,0.272,0.094832,0.11906,0,0,0,0,0,0,0.042603,0.1253,0.033954,0.0024891,0.1181,0.10419,0,0,0
0.50284,0,0.61094,0.69352,0.36132,0.060866,0.62762,0.56626,0.25963,0.087744,0.30332,0.22362,0.19685,0.14714,0.57842,0.25691,0.19055,0.0084065,1,0.70478,0.16781,0.16362,0.47834,0.50891,0.31522,0.46589,0.10931,0.14458,0.22267,0.12074,0.48707,0.52868,0.37191,0.44652,0.37849,0.27385,0.10432,0.041445,0,0,0.041686,0.11484,0.38699,0.42444,0.31534,0.31459,0.25391,0.31107,0.30446,0.080327,0.27866,0.049324,0,0.01924,0,0.040214,0.24241,0,0,0.079726,0.14348,0.13091,0.21951,0.13524,0.47639,0.32924,0.43782,0.26222,0.3564,0.0037418,0.045233,0.19217,0.19954,0.30741,0.3329,0.26705,0.35185,0.37023,0,0,0,0.13435,0.23391,0.064381,0.38876,0.13784,0.19656,0,0.34575,0,0.138,0.41918,0.25651,0.4409,0.033442,0,0.013398,0.093198,0.048018,0.17014,0,0.1151,0,0.050427,0.027674,0.12287,0.065579,0,0,0,0.088366,0.03695,0.071171,0.060787,0.20957,0.058129
0.66728,0.41277,0.29934,0.54827,0.28179,0.16803,0.39992,0.45149,0.28943,0.16695,0.30398,0.43138,0.091971,0.21768,0.38607,0.29676,0.12809,0.2812,0.70478,1,0.19727,0.15631,0.13314,0.2184,0.15195,0.18495,0.18582,0.21675,0.22748,0.24821,0.27302,0.35061,0.51235,0.56085,0.12452,0.14848,0.052919,0.026472,0,0,0.076714,0.044638,0.44766,0.47447,0.31124,0.36274,0.40461,0.35429,0.30266,0.25946,0.27578,0.15539,0.24214,0.19088,0.2582,0.18267,0.55089,0.34228,0.32272,0.39705,0.37437,0.3724,0.42335,0.44836,0.091396,0.12438,0.42359,0.38113,0.60816,0.39431,0.16127,0.20074,0.33941,0.46136,0.34546,0.35007,0.37616,0.28473,0,0,0.05316,0.20148,0.15298,0.13318,0.23117,0.17535,0.25789,0.10349,0.31526,0.34587,0.22062,0.32204,0.14945,0.15672,0,0,0.14709,0.1426,0.24574,0.23694,0.06364,0.041526,0.005555,0.06224,0,0.0011951,0,0.0013438,0,0,0.10636,0.071543,0.068096,0.11726,0.060765,0.070271
0.04607,0.14918,0.24354,0.17373,0,0,0.20052,0.26305,0,0,0.3106,0.40246,0.26579,0.38077,0.26636,0.30024,0.47816,0.31907,0.16781,0.19727,1,0.84155,0.28195,0.27983,0,0.30739,0.11054,0.11018,0.5158,0.44998,0.43657,0.45185,0.29181,0.25613,0.14546,0.197,0.34987,0.43946,0.32725,0.51861,0.26608,0.45734,0.42824,0.42884,0.25213,0.25933,0.39099,0.41854,0.18059,0.11734,0.34058,0.24745,0.26805,0.12257,0.18523,0.38428,0.25687,0.27757,0.072478,0.23634,0,0.18233,0.1931,0.29255,0.088227,0.21188,0.25448,0.2447,0.33422,0.20329,0.46152,0.55424,0.40135,0.32981,0.30449,0.13114,0.48133,0.36551,0.52027,0.35779,0.44888,0.46408,0.42565,0.29196,0.46645,0.41622,0.44564,0.35763,0.36101,0.25545,0.00057602,0,0,0,0,0.26324,0.20527,0.26986,0.04704,0,0,0,0,0,0,0,0,0,0.13387,0,0.19039,0,0,0,0,0
0,0,0.19603,0.17742,0,0,0.15566,0.24243,0,0,0.21097,0.33672,0.19311,0.36396,0.29892,0.386,0.5605,0.32308,0.16362,0.15631,0.84155,1,0.25524,0.26753,0.043198,0.41212,0.079175,0.14655,0.49477,0.44075,0.44943,0.50779,0.1968,0.20919,0.15679,0.22302,0.37727,0.5028,0.28918,0.54315,0.2616,0.56626,0.39994,0.3965,0.25515,0.27468,0.30543,0.37899,0.20332,0.11895,0.30459,0.2515,0.16437,0.0388,0.072242,0.30938,0.11237,0.082511,0,0.12689,0,0.12736,0.20009,0.25045,0.12517,0.27811,0.2215,0.2143,0.20797,0,0.25972,0.50109,0.26051,0.30796,0.20427,0.11316,0.42509,0.41939,0.58654,0.39327,0.41394,0.44881,0.45715,0.32404,0.47228,0.43666,0.40131,0.41782,0.283,0.11838,0,0,0,0,0,0.30702,0.22614,0.32344,0,0,0,0,0,0,0,0,0,0,0.1724,0.033932,0.28249,0,0,0,0,0
0,0,0.8577,0.56082,0.078361,0,0.72659,0.58579,0,0,0.41825,0.13193,0.59237,0.39016,0.43899,0.17892,0.15595,0,0.47834,0.13314,0.28195,0.25524,1,0.85267,0.17608,0.47395,0,0,0.24542,0.038614,0.77038,0.64254,0.19674,0.23235,0.42986,0.35804,0.17729,0.10511,0.11146,0.0542,0.036813,0.06441,0.17994,0.18298,0.094721,0.071545,0.039303,0.15506,0,0,0.17344,0,0,0,0,0.090483,0,0,0,0,0,0,0,0,0.48892,0.24488,0.30354,0.15069,0,0,0.27692,0.41331,0.095296,0.13851,0.064533,0.1914,0.27817,0.29354,0,0,0,0.19061,0.11845,0.0040943,0.4921,0.21732,0.14252,0,0.46351,0.051646,0,0.17791,0.12404,0.29573,0.13889,0,0,0.058735,0,0,0,0,0,0,0,0.052825,0,0,0,0,0.10109,0,0,0,0.15254,0
0.014221,0,0.76072,0.6519,0.30109,0,0.68308,0.68172,0.12058,0,0.2886,0.20815,0.40692,0.28704,0.59239,0.31229,0.1222,0,0.50891,0.2184,0.27983,0.26753,0.85267,1,0.37415,0.63482,0.075914,0.086758,0.21621,0.032034,0.76883,0.70793,0.33785,0.37484,0.60262,0.53937,0.14815,0.059555,0,0,0,0.031949,0.21443,0.22262,0.15665,0.12884,0.0047065,0.13671,0.014596,0,0.093457,0,0,0,0,0,0,0,0,0,0,0,0,0,0.65839,0.46366,0.40916,0.26953,0,0,0.27692,0.32793,0.035042,0.080406,0.12685,0.092465,0.40734,0.40212,0.0445,0,0,0.20379,0.11834,0,0.52699,0.28786,0.14914,0,0.41189,0,0,0.22306,0.2138,0.31142,0.030185,0,0,0.050947,0,0,0,0,0,0,0,0.05089,0,0,0,0,0.18442,0,0,0,0.19901,0
0.020851,0,0.27565,0.24867,0.85852,0.6277,0.32209,0.23858,0.74698,0.70434,0,0,0,0,0.62687,0.3945,0,0,0.31522,0.15195,0,0.043198,0.17608,0.37415,1,0.78636,0.52053,0.54941,0.045596,0.055305,0.28682,0.22826,0.30017,0.30698,0.5679,0.48995,0.14502,0.062881,0,0.040588,0,0.1888,0.20826,0.21067,0.38879,0.29347,0.0026004,0.13202,0.32353,0.060527,0.082559,0.0077844,0,0,0,0,0,0,0,0,0.14837,0,0.0339,0,0.52782,0.39648,0.32906,0.22481,0,0,0,0,0,0,0.051396,0,0.26161,0.33566,0,0,0,0.048611,0.17275,0,0.20824,0.0089708,0,0.058012,0,0,0.16327,0.29912,0.35739,0.33535,0,0,0,0.09472,0.032939,0.10176,0,0.15316,0.039056,0.11493,0.032795,0.092311,0,0,0,0.04826,0.31168,0,0.066316,0.14729,0.16644,0
0,0,0.46159,0.47431,0.60545,0.31354,0.44475,0.44958,0.42875,0.33302,0.062211,0.10517,0.11335,0.11418,0.68669,0.43939,0.32863,0,0.46589,0.18495,0.30739,0.41212,0.47395,0.63482,0.78636,1,0.23904,0.30097,0.2538,0.1662,0.60581,0.6369,0.30277,0.39342,0.68758,0.63424,0.34821,0.26877,0.09481,0.27741,0.080219,0.40877,0.33945,0.3632,0.39668,0.31316,0.12829,0.31575,0.32249,0.027966,0.24802,0.085352,0,0,0,0.14089,0,0,0,0,0.017983,0,0.1056,0.037667,0.63359,0.50402,0.46546,0.27607,0,0,0.0086607,0.14224,0,0.031662,0.024784,0,0.38885,0.48946,0.1761,0.031704,0,0.21664,0.303,0.032015,0.45823,0.23638,0.097863,0.13798,0.16243,0,0.12292,0.24694,0.25705,0.34057,0,0,0.072883,0.2646,0,0.019391,0,0.025874,0,0,0,0,0,0,0,0.021553,0.38939,0,0.022324,0,0.091953,0
0.21487,0.069368,0.064428,0,0.59245,0.65143,0.12737,0.027221,0.61615,0.66201,0.028411,0.023604,0,0,0.34334,0.35063,0,0.10555,0.10931,0.18582,0.11054,0.079175,0,0.075914,0.52053,0.23904,1,0.90574,0.083552,0.16641,0.10398,0,0.56878,0.37283,0.17846,0.14004,0,0,0,0,0.028638,0,0.27493,0.20161,0.26767,0.25874,0.18382,0.11476,0.25053,0.05116,0.0064716,0,0,0,0.15534,0,0,0.05287,0.28446,0.084665,0.29427,0.203,0.13892,0.043107,0.15763,0.26601,0.24255,0.35398,0.096391,0.15878,0.11096,0,0.11605,0,0.28802,0,0.28324,0.11371,0.20937,0.24447,0.25419,0.11142,0.082157,0.22827,0.068924,0.059159,0.16327,0.30815,0,0.043913,0.12128,0.12043,0.1711,0.10341,0,0,0,0,0.18058,0.078146,0.13963,0.25346,0.042847,0.22462,0,0.033928,0,0.24546,0.071433,0,0.20867,0,0.061551,0.29051,0,0
0.18563,0.0038592,0.063516,0,0.57913,0.70878,0.15966,0.075014,0.61176,0.68524,0,0.013696,0,0,0.38607,0.4419,0,0.063225,0.14458,0.21675,0.11018,0.14655,0,0.086758,0.54941,0.30097,0.90574,1,0.13254,0.15055,0.12527,0.018809,0.55335,0.42893,0.28303,0.26286,0.0017862,0,0,0,0.057096,0.0057117,0.27482,0.20692,0.33706,0.32983,0.15203,0.13102,0.311,0.070456,0.04325,0,0,0,0.072854,0,0,0,0.25163,0.13944,0.34975,0.23687,0.13967,0.066675,0.25785,0.38858,0.34659,0.43623,0.13167,0.15513,0.061741,0,0.045246,0,0.27568,0,0.34151,0.22949,0.20832,0.22116,0.26306,0.19188,0.20355,0.27236,0.14519,0.096066,0.24386,0.3986,0.052697,0.014762,0.16065,0.19178,0.24638,0.15362,0,0,0,0.062975,0.19827,0.12233,0.14178,0.28829,0.057084,0.22319,0,0.053854,0,0.22062,0.083293,0,0.30012,0,0.09889,0.3165,0,0
0.099042,0.19549,0.16048,0.17558,0,0,0.12667,0.17863,0,0,0.49672,0.45798,0.38483,0.45997,0.35761,0.44766,0.71149,0.46329,0.22267,0.22748,0.5158,0.49477,0.24542,0.21621,0.045596,0.2538,0.083552,0.13254,1,0.67279,0.41999,0.4819,0.31069,0.39057,0.064911,0.046022,0.17984,0.095502,0,0.23651,0,0.42614,0.35036,0.29346,0.16645,0.16757,0.19609,0.27268,0.17131,0.094981,0.29407,0.18285,0.10419,0.041256,0,0.27418,0.21164,0.26068,0.057559,0.24021,0.10687,0.2112,0.39091,0.3292,0.19034,0.16726,0.17198,0.17109,0.2276,0.16377,0.27282,0.50793,0.37779,0.41828,0.25026,0.20643,0.31459,0.24324,0.57234,0.37433,0.656,0.5615,0.54228,0.37451,0.45708,0.20427,0.33719,0.29272,0.24961,0.11807,0,0,0,0,0,0,0,0.19575,0,0,0,0,0,0,0,0,0,0,0.072437,0,0.10673,0,0,0,0,0
0.18025,0.27262,0.0087031,0.06763,0.091575,0.065648,0,0.098321,0.084398,0.068965,0.25516,0.46996,0.13031,0.39166,0.28573,0.43635,0.4886,0.70479,0.12074,0.24821,0.44998,0.44075,0.038614,0.032034,0.055305,0.1662,0.16641,0.15055,0.67279,1,0.16234,0.24264,0.32856,0.2936,0,0.027194,0.22606,0.40659,0.20139,0.41619,0.24473,0.41278,0.45286,0.41818,0.27029,0.33853,0.46684,0.43875,0.24592,0.25247,0.33375,0.33689,0.26458,0.097204,0.3095,0.3243,0.19318,0.27804,0.22177,0.27661,0.13708,0.2816,0.23947,0.37049,0,0.13717,0.21945,0.29077,0.19915,0.1387,0.17794,0.33345,0.34975,0.44986,0.25499,0.20419,0.2505,0.11451,0.55243,0.71649,0.69175,0.68177,0.4372,0.50685,0.42534,0.45979,0.35459,0.31898,0.29244,0.33922,0.0049527,0,0,0,0,0.18112,0.29933,0.32835,0.15721,0,0.034158,0,0,0,0,0,0.040379,0.099789,0.18329,0.076553,0.2159,0.07257,0.065728,0,0,0
0.011929,0,0.69131,0.57844,0.18375,0,0.61968,0.65602,0,0,0.40099,0.25069,0.42106,0.35137,0.46259,0.29155,0.22798,0,0.48707,0.27302,0.43657,0.44943,0.77038,0.76883,0.28682,0.60581,0.10398,0.12527,0.41999,0.16234,1,0.87684,0.51087,0.58788,0.51297,0.4848,0.23643,0.11205,0.089232,0.13146,0.049302,0.21204,0.38715,0.37761,0.29579,0.25649,0.14067,0.27807,0.14114,0,0.16107,0,0,0,0,0.19203,0,0,0,0.0025762,0,0.082114,0.16416,0.14246,0.47115,0.3821,0.44633,0.34882,0.037111,0.019221,0.37973,0.47526,0.1831,0.26369,0.17855,0.19663,0.48152,0.43958,0.096136,0,0.1013,0.31114,0.23842,0.10281,0.50935,0.26031,0.23994,0.082011,0.42504,0.073258,0.012776,0.11037,0.058725,0.11037,0,0,0,0.22118,0,0,0,0,0,0,0,0,0,0,0,0,0.24844,0,0,0,0.066386,0
0.067627,0,0.54107,0.67109,0.090886,0,0.51229,0.66136,0,0,0.44043,0.4165,0.41713,0.47632,0.44474,0.31938,0.46103,0.07004,0.52868,0.35061,0.45185,0.50779,0.64254,0.70793,0.22826,0.6369,0,0.018809,0.4819,0.24264,0.87684,1,0.44771,0.61182,0.48667,0.48629,0.23319,0.14819,0.040876,0.17872,0,0.33648,0.42925,0.42762,0.28391,0.26709,0.19236,0.33673,0.19544,0,0.25434,0.049136,0,0,0,0.24627,0.12799,0,0,0.092949,0.061188,0.15006,0.32967,0.28552,0.44429,0.39344,0.48743,0.36351,0.16933,0,0.27419,0.48684,0.14233,0.31651,0.13041,0.18097,0.41346,0.41892,0.20162,0.0063895,0.18048,0.38293,0.33421,0.10808,0.56478,0.33143,0.24316,0.12223,0.42459,0.051326,0,0.068284,0.0096335,0.073581,0,0,0,0.22514,0,0,0,0,0,0,0,0,0,0,0,0,0.22012,0,0,0,0.075099,0
0.43371,0.24146,0.32931,0.27206,0.35242,0.34232,0.43494,0.4676,0.36721,0.28457,0.30886,0.39012,0.13456,0.021093,0.35166,0.32462,0.042229,0.26751,0.37191,0.51235,0.29181,0.1968,0.19674,0.33785,0.30017,0.30277,0.56878,0.55335,0.31069,0.32856,0.51087,0.44771,1,0.89835,0.4168,0.44688,0.060731,0,0,0.010198,0.11052,0.034572,0.61033,0.54694,0.48742,0.5219,0.45417,0.41449,0.40001,0.16621,0.21586,0.048296,0.079947,0.099534,0.25616,0.1341,0.29254,0.31365,0.43093,0.40905,0.49872,0.50574,0.39384,0.46198,0.23472,0.40393,0.66182,0.73465,0.39098,0.40502,0.31154,0.18048,0.39072,0.28234,0.40996,0.091427,0.54362,0.34585,0.14836,0.15316,0.28167,0.3441,0.16052,0.22411,0.30327,0.28102,0.31162,0.23949,0.39457,0.34405,0.18576,0.15493,0.044822,0,0,0,0.08914,0.22992,0.28283,0.10357,0.14964,0.24336,0.06327,0.19627,0,0,0,0.1263,0,0,0.29143,0,0.043429,0.19291,0,0
0.40308,0.19621,0.3314,0.41153,0.29316,0.30025,0.45702,0.54348,0.29668,0.22834,0.36471,0.43306,0.17899,0.10135,0.405,0.41054,0.2409,0.24192,0.44652,0.56085,0.25613,0.20919,0.23235,0.37484,0.30698,0.39342,0.37283,0.42893,0.39057,0.2936,0.58788,0.61182,0.89835,1,0.47194,0.50625,0.14956,0.0018956,0,0.021497,0.036553,0.2174,0.628,0.56456,0.5115,0.53528,0.36626,0.42491,0.44338,0.21889,0.29058,0.12016,0.09776,0.13152,0.050147,0.26381,0.33274,0.24869,0.33272,0.45186,0.54079,0.56109,0.49052,0.56384,0.34522,0.47599,0.69818,0.71395,0.41553,0.34406,0.31278,0.24027,0.31376,0.38365,0.38047,0.20095,0.55578,0.44334,0.098296,0.043153,0.3008,0.40991,0.28884,0.22166,0.37055,0.23458,0.32839,0.2719,0.35009,0.29635,0.18194,0.15826,0.10712,0,0,0,0.01409,0.27584,0.24862,0.14372,0.064935,0.2309,0.072027,0.1358,0,0,0,0,0,0.032677,0.33173,0.0032184,0.050627,0.17802,0.032458,0
0,0,0.50213,0.35013,0.522,0.31738,0.49891,0.47282,0.41631,0.30416,0,0,0,0,0.5497,0.44091,0.076341,0,0.37849,0.12452,0.14546,0.15679,0.42986,0.60262,0.5679,0.68758,0.17846,0.28303,0.064911,0,0.51297,0.48667,0.4168,0.47194,1,0.93165,0.40892,0.24587,0.15977,0.2408,0.16731,0.24668,0.29856,0.30609,0.51842,0.42137,0.070594,0.27007,0.32748,0,0.19631,0,0,0,0,0.10613,0,0,0,0,0.074619,0.013158,0,0.0068278,0.75664,0.63521,0.64937,0.52323,0,0,0.057795,0.039986,0,0,0.18362,0,0.5345,0.5798,0.027743,0,0,0.24679,0.27716,0.061093,0.51088,0.24924,0.20648,0.1992,0.29638,0,0.33639,0.45585,0.45876,0.48223,0.13464,0.046085,0.17624,0.2908,0.14683,0.16834,0,0.30908,0.039056,0.14912,0,0.16475,0.17647,0.0015399,0,0.15224,0.62152,0.11347,0.15221,0.064541,0.23847,0
0,0,0.44316,0.33544,0.44697,0.31185,0.44627,0.47032,0.36381,0.26354,0,0,0,0,0.43643,0.41681,0.074289,0,0.27385,0.14848,0.197,0.22302,0.35804,0.53937,0.48995,0.63424,0.14004,0.26286,0.046022,0.027194,0.4848,0.48629,0.44688,0.50625,0.93165,1,0.48059,0.34489,0.27377,0.33731,0.28585,0.27467,0.36081,0.36288,0.57172,0.49248,0.17879,0.34405,0.35947,0,0.21558,0,0,0,0,0.20548,0,0,0,0,0.077453,0.086243,0,0.085998,0.62867,0.62516,0.67672,0.60649,0.029756,0.0003787,0.11503,0.073024,0,0,0.16329,0,0.57579,0.60343,0.028722,0,0,0.28157,0.29526,0.10497,0.48079,0.31361,0.24902,0.23541,0.30827,0,0.37937,0.45887,0.42435,0.41126,0.21521,0.13685,0.27979,0.37786,0.21334,0.19016,0,0.28333,0.050375,0.15181,0,0.10196,0.14242,0.044483,0.0016082,0.24363,0.66743,0.10905,0.13675,0.0051771,0.17213,0
0,0,0.27197,0,0.17823,0.036652,0.17489,0.059026,0.11102,0.011423,0,0,0.016817,0,0.32053,0.37342,0.35307,0.051519,0.10432,0.052919,0.34987,0.37727,0.17729,0.14815,0.14502,0.34821,0,0.0017862,0.17984,0.22606,0.23643,0.23319,0.060731,0.14956,0.40892,0.48059,1,0.74093,0.7633,0.79587,0.62191,0.66198,0.38695,0.38129,0.52788,0.43136,0.28506,0.44011,0.37725,0.10551,0.34126,0.19744,0.18257,0.066167,0.088814,0.59077,0,0,0,0.12418,0,0.041394,0,0.19427,0.1934,0.21959,0.36425,0.29603,0.14652,0.10697,0.032681,0.20104,0,0.09668,0.087815,0.087026,0.46001,0.56335,0.17308,0.10798,0.19059,0.45636,0.53004,0.44816,0.52197,0.40929,0.46047,0.50244,0.3952,0.17806,0.47896,0.37568,0.23177,0.28528,0.34764,0.56787,0.58569,0.54302,0.36906,0.33744,0.13859,0.29058,0.19804,0.12281,0,0,0.12735,0.17293,0.42955,0.51197,0.63118,0.36379,0.38018,0,0,0
0,0,0.14821,0,0.1171,0.016125,0.059951,0.042162,0.055613,0.0022577,0,0.028696,0,0.11902,0.18058,0.27885,0.31739,0.21616,0.041445,0.026472,0.43946,0.5028,0.10511,0.059555,0.062881,0.26877,0,0,0.095502,0.40659,0.11205,0.14819,0,0.0018956,0.24587,0.34489,0.74093,1,0.76505,0.85472,0.79024,0.65732,0.43266,0.45646,0.48854,0.4938,0.47132,0.5329,0.34518,0.22971,0.35941,0.33915,0.26282,0.14097,0.27063,0.48542,0,0,0,0.12583,0,0.067761,0,0.16017,0.061319,0.22816,0.28258,0.28403,0.12381,0.054862,0.065264,0.27218,0.084999,0.18269,0.14689,0.099789,0.35102,0.42125,0.31952,0.4648,0.26863,0.51891,0.4715,0.49044,0.49669,0.63021,0.48093,0.43602,0.34598,0.24576,0.29333,0.25656,0,0.12914,0.37462,0.65951,0.6216,0.55973,0.31511,0.23572,0.078327,0.10275,0,0.0095535,0,0,0.21898,0.25156,0.25462,0.40376,0.50445,0.31649,0.23513,0,0,0
0,0,0.17142,0,0,0,0.046542,0,0,0,0,0,0.014302,0.065522,0.014346,0.09615,0.14583,0.10626,0,0,0.32725,0.28918,0.11146,0,0,0.09481,0,0,0,0.20139,0.089232,0.040876,0,0,0.15977,0.27377,0.7633,0.76505,1,0.83531,0.82809,0.46539,0.36738,0.37614,0.40978,0.38329,0.47058,0.50557,0.29301,0.17821,0.33607,0.28337,0.32935,0.25918,0.44179,0.57961,0.042929,0,0.071436,0.1391,0,0.039808,0,0.13206,0,0.014932,0.22369,0.21598,0.14548,0.19875,0.12182,0.21268,0,0.051216,0,0.0029958,0.17558,0.21867,0.078692,0.22105,0.14535,0.37008,0.36907,0.47579,0.38634,0.53033,0.5239,0.46374,0.41102,0.41432,0.3512,0.16941,0,0.090517,0.44863,0.7624,0.61209,0.48639,0.42775,0.28506,0.11515,0.1225,0.091112,0.056533,0,0,0.2119,0.3797,0.36254,0.54629,0.38789,0.32305,0.22207,0,0,0
0,0,0.10189,0,0.065367,0,0.015461,0.0047614,0.027431,0,0,0.078275,0.0017078,0.1651,0.15592,0.3178,0.41687,0.29517,0,0,0.51861,0.54315,0.0542,0,0.040588,0.27741,0,0,0.23651,0.41619,0.13146,0.17872,0.010198,0.021497,0.2408,0.33731,0.79587,0.85472,0.83531,1,0.67156,0.74743,0.46773,0.49711,0.53618,0.51664,0.49853,0.61189,0.42165,0.2876,0.46717,0.39947,0.36839,0.23888,0.28423,0.64,0.040876,0,0.035161,0.2241,0,0.16291,0,0.2782,0.034594,0.20347,0.30635,0.29496,0.18481,0.13037,0.099183,0.23559,0.033864,0.12687,0.095445,0.031574,0.28543,0.33946,0.39577,0.39613,0.37562,0.56353,0.57037,0.54647,0.53896,0.58364,0.51822,0.59597,0.38028,0.3024,0.31797,0.14444,0,0.044321,0.30829,0.73305,0.59279,0.56447,0.35864,0.20351,0.079193,0.14705,0,0,0,0,0.094598,0.24936,0.43952,0.4895,0.51615,0.25419,0.19249,0,0,0
0.025247,0,0.18363,0,0.12675,0.055886,0.10216,0,0.096569,0.039242,0,0,0,0,0.041762,0.086246,0,0.089771,0.041686,0.076714,0.26608,0.2616,0.036813,0,0,0.080219,0.028638,0.057096,0,0.24473,0.049302,0,0.11052,0.036553,0.16731,0.28585,0.62191,0.79024,0.82809,0.67156,1,0.36202,0.41857,0.42678,0.47578,0.46358,0.53259,0.48397,0.32014,0.15363,0.21112,0.20237,0.19311,0.14408,0.4993,0.32223,0.012859,0,0.12303,0.089362,0,0.030375,0,0.04976,0,0.047736,0.23829,0.28727,0.14497,0.15727,0.13267,0.15419,0.097106,0.094149,0.13857,0.0025922,0.25614,0.23605,0.034765,0.32985,0.14839,0.3484,0.37215,0.56203,0.30437,0.52912,0.52367,0.4217,0.29455,0.32448,0.34694,0.28449,0.022069,0.1575,0.35525,0.65163,0.60611,0.42129,0.44315,0.35598,0.10543,0.17105,0.061603,0.17638,0,0,0.25542,0.4798,0.18554,0.39286,0.41856,0.34992,0.27299,0,0,0
0,0,0.090002,0.039871,0.12422,0.084082,0.096985,0.062172,0.096013,0.056839,0.12495,0.18478,0.083178,0.191,0.31673,0.42403,0.6245,0.29512,0.11484,0.044638,0.45734,0.56626,0.06441,0.031949,0.1888,0.40877,0,0.0057117,0.42614,0.41278,0.21204,0.33648,0.034572,0.2174,0.24668,0.27467,0.66198,0.65732,0.46539,0.74743,0.36202,1,0.4501,0.43284,0.46446,0.42503,0.24263,0.45764,0.41413,0.26925,0.42459,0.3792,0.20271,0.11755,0,0.57435,0.047636,0,0,0.20836,0.1097,0.2007,0.18261,0.34911,0.23926,0.30891,0.28786,0.20504,0.16508,0,0,0.22658,0.025494,0.31105,0.15624,0.154,0.29851,0.45042,0.3642,0.26877,0.39887,0.56877,0.67842,0.49648,0.54891,0.38426,0.42102,0.53625,0.21029,0.095135,0.13646,0.068716,0,0.0089834,0.13219,0.39619,0.27767,0.48341,0.11521,0.086552,0,0.095382,0,0,0,0,0,0,0.33328,0.43525,0.44192,0.16695,0.14642,0,0,0
0.36465,0.20975,0.24668,0.27195,0.2346,0.1427,0.31692,0.2721,0.20103,0.11228,0.34023,0.37215,0.20065,0.26681,0.4152,0.46235,0.35788,0.42526,0.38699,0.44766,0.42824,0.39994,0.17994,0.21443,0.20826,0.33945,0.27493,0.27482,0.35036,0.45286,0.38715,0.42925,0.61033,0.628,0.29856,0.36081,0.38695,0.43266,0.36738,0.46773,0.41857,0.4501,1,0.95109,0.80452,0.80511,0.82202,0.87768,0.76023,0.52579,0.70348,0.53791,0.46956,0.4269,0.35983,0.53491,0.43655,0.30284,0.44906,0.54275,0.4597,0.5544,0.41384,0.55883,0.20087,0.34881,0.69523,0.67157,0.56431,0.38478,0.19989,0.1754,0.28154,0.33666,0.36392,0.17628,0.44139,0.33158,0.31357,0.3099,0.45821,0.6405,0.52968,0.58566,0.60586,0.65356,0.59894,0.51103,0.4761,0.53498,0.2576,0.17611,0,0,0,0.16299,0.22349,0.41069,0.48846,0.29968,0.11061,0.17031,0.07708,0.10016,0,0,0.060299,0.17231,0.12707,0.19156,0.35282,0.23123,0.15634,0.021425,0,0
0.33858,0.17223,0.27117,0.31728,0.25795,0.12676,0.32188,0.31477,0.20802,0.099112,0.27293,0.34389,0.14147,0.29426,0.39377,0.41213,0.31619,0.39648,0.42444,0.47447,0.42884,0.3965,0.18298,0.22262,0.21067,0.3632,0.20161,0.20692,0.29346,0.41818,0.37761,0.42762,0.54694,0.56456,0.30609,0.36288,0.38129,0.45646,0.37614,0.49711,0.42678,0.43284,0.95109,1,0.83633,0.8391,0.82394,0.90416,0.7686,0.57402,0.69668,0.53496,0.46659,0.43688,0.35839,0.54208,0.41823,0.25952,0.40783,0.50824,0.39417,0.50911,0.37237,0.53632,0.20061,0.31776,0.6598,0.61765,0.52755,0.32898,0.15901,0.12581,0.23429,0.29795,0.30302,0.13884,0.39539,0.31407,0.25598,0.25537,0.35128,0.59167,0.49602,0.52856,0.56546,0.61309,0.51936,0.42581,0.44505,0.48865,0.29317,0.22725,0,0,0,0.23964,0.29111,0.44591,0.49434,0.33092,0.090504,0.13551,0.045183,0.063989,0,0,0.073039,0.16541,0.13407,0.19965,0.36837,0.24007,0.18884,0,0,0
0.11112,0,0.25995,0.1792,0.45908,0.33594,0.32342,0.23376,0.40347,0.29269,0.049282,0.040348,0,0,0.42873,0.44774,0.17314,0.17717,0.31534,0.31124,0.25213,0.25515,0.094721,0.15665,0.38879,0.39668,0.26767,0.33706,0.16645,0.27029,0.29579,0.28391,0.48742,0.5115,0.51842,0.57172,0.52788,0.48854,0.40978,0.53618,0.47578,0.46446,0.80452,0.83633,1,0.92725,0.64664,0.78964,0.85604,0.50014,0.60378,0.40472,0.27583,0.28715,0.1971,0.45677,0.13703,0,0.26597,0.39736,0.34246,0.40411,0.19773,0.36934,0.36473,0.46803,0.69129,0.68545,0.32251,0.26169,0.092756,0.016983,0.087773,0.13222,0.2482,0.090223,0.46115,0.42654,0.16426,0.18436,0.27391,0.53401,0.4926,0.48437,0.53362,0.48663,0.42558,0.4379,0.32376,0.27558,0.44545,0.40128,0.21965,0.18139,0.050241,0.25849,0.36817,0.4821,0.53376,0.435,0.20744,0.37078,0.22897,0.24301,0,0.038286,0.13666,0.22943,0.20248,0.34326,0.58957,0.36657,0.33829,0.067511,0.0090216,0
0.18154,0.058684,0.22283,0.21874,0.3841,0.3061,0.28563,0.31941,0.36058,0.28107,0.037678,0.17839,0,0.082587,0.35178,0.44124,0.18353,0.2896,0.31459,0.36274,0.25933,0.27468,0.071545,0.12884,0.29347,0.31316,0.25874,0.32983,0.16757,0.33853,0.25649,0.26709,0.5219,0.53528,0.42137,0.49248,0.43136,0.4938,0.38329,0.51664,0.46358,0.42503,0.80511,0.8391,0.92725,1,0.69995,0.81117,0.81163,0.6139,0.62422,0.4955,0.3489,0.37614,0.30184,0.46307,0.25627,0.15431,0.3761,0.51131,0.38755,0.53991,0.19614,0.44618,0.29735,0.52786,0.7277,0.76113,0.40834,0.36517,0.11422,0.055488,0.14398,0.21713,0.26899,0.13583,0.40432,0.34633,0.19975,0.2815,0.32365,0.58448,0.49347,0.5276,0.53944,0.56442,0.45331,0.45305,0.3747,0.3936,0.36012,0.28915,0.11663,0.057934,0.054596,0.23096,0.34387,0.45889,0.51232,0.38429,0.23416,0.30417,0.16145,0.17004,0,0,0.13217,0.1961,0.25891,0.30244,0.48304,0.32975,0.28795,0.10587,0,0
0.37467,0.3732,0.09582,0.15149,0.090365,0.069362,0.13245,0.14695,0.1028,0,0.23475,0.36966,0.16213,0.27012,0.20073,0.23709,0.25001,0.55905,0.25391,0.40461,0.39099,0.30543,0.039303,0.0047065,0.0026004,0.12829,0.18382,0.15203,0.19609,0.46684,0.14067,0.19236,0.45417,0.36626,0.070594,0.17879,0.28506,0.47132,0.47058,0.49853,0.53259,0.24263,0.82202,0.82394,0.64664,0.69995,1,0.88574,0.69388,0.60643,0.71233,0.60575,0.66135,0.58042,0.65337,0.50132,0.56195,0.48208,0.59347,0.59384,0.3897,0.5265,0.29998,0.52005,0,0.13994,0.55675,0.58036,0.61311,0.49153,0.19446,0.14186,0.37662,0.26623,0.26547,0.1077,0.24792,0.10591,0.30277,0.46064,0.40359,0.53388,0.31874,0.48997,0.42116,0.67414,0.47669,0.3503,0.46854,0.63711,0.33263,0.1954,0,0,0,0.34813,0.41064,0.43938,0.62621,0.39615,0.21302,0.15331,0.059209,0.15385,0,0,0.17697,0.37516,0.10928,0.15392,0.21955,0.28304,0.18008,0,0,0
0.25133,0.20449,0.17885,0.2109,0.1684,0.09633,0.22256,0.22104,0.14715,0.047421,0.22041,0.32039,0.17664,0.31318,0.36531,0.41242,0.37253,0.47088,0.31107,0.35429,0.41854,0.37899,0.15506,0.13671,0.13202,0.31575,0.11476,0.13102,0.27268,0.43875,0.27807,0.33673,0.41449,0.42491,0.27007,0.34405,0.44011,0.5329,0.50557,0.61189,0.48397,0.45764,0.87768,0.90416,0.78964,0.81117,0.88574,1,0.77662,0.62089,0.77982,0.6359,0.57077,0.57029,0.42184,0.63009,0.45197,0.33214,0.42676,0.54921,0.36971,0.5331,0.29803,0.53822,0.1712,0.32741,0.63923,0.62427,0.55379,0.40674,0.17562,0.1546,0.22555,0.25703,0.24693,0.10804,0.31149,0.24527,0.33001,0.37214,0.42274,0.64814,0.48283,0.54213,0.58839,0.68941,0.50327,0.45158,0.43505,0.5453,0.37297,0.19208,0,0,0.0044727,0.33757,0.38657,0.53175,0.58439,0.4065,0.18102,0.18833,0.11245,0.092611,0,0,0.1952,0.26803,0.18013,0.27727,0.38064,0.31082,0.20869,0,0,0
0.23647,0.076809,0.14032,0.16241,0.3613,0.35035,0.23524,0.16033,0.37197,0.28742,0.16022,0.19266,0.10204,0.09142,0.41661,0.44378,0.29426,0.31998,0.30446,0.30266,0.18059,0.20332,0,0.014596,0.32353,0.32249,0.25053,0.311,0.17131,0.24592,0.14114,0.19544,0.40001,0.44338,0.32748,0.35947,0.37725,0.34518,0.29301,0.42165,0.32014,0.41413,0.76023,0.7686,0.85604,0.81163,0.69388,0.77662,1,0.67936,0.77376,0.60847,0.47945,0.45135,0.19012,0.46504,0.33008,0.12582,0.46862,0.5608,0.56447,0.53446,0.41385,0.52681,0.26947,0.36355,0.67674,0.60968,0.47849,0.30893,0.026822,0,0.12703,0.14975,0.26701,0.11867,0.32928,0.3092,0.1965,0.20868,0.29692,0.48069,0.4411,0.4097,0.4458,0.44497,0.326,0.36806,0.28679,0.34088,0.44634,0.38947,0.17632,0.20823,0,0.20777,0.29204,0.47382,0.58671,0.52311,0.23335,0.43144,0.23961,0.31866,0,0.16277,0.14893,0.22668,0.10075,0.34108,0.42621,0.38276,0.3447,0.12077,0.046927,0
0.27036,0.4576,0,0.085567,0.075633,0.19339,0,0.057797,0.15457,0.16462,0.11063,0.38159,0.023805,0.29342,0.088399,0.2177,0.26557,0.54725,0.080327,0.25946,0.11734,0.11895,0,0,0.060527,0.027966,0.05116,0.070456,0.094981,0.25247,0,0,0.16621,0.21889,0,0,0.10551,0.22971,0.17821,0.2876,0.15363,0.26925,0.52579,0.57402,0.50014,0.6139,0.60643,0.62089,0.67936,1,0.67746,0.85741,0.71001,0.7236,0.32555,0.50886,0.51498,0.44918,0.66301,0.75208,0.50582,0.62015,0.43989,0.637,0,0.10277,0.38026,0.36839,0.48085,0.35008,0.027422,0.022136,0.22602,0.27904,0.1531,0.15103,0.044371,0.011523,0.14132,0.27943,0.2641,0.34733,0.21776,0.27232,0.099385,0.32577,0.11977,0.17588,0.067129,0.52649,0.27005,0.063936,0,0,0,0.13452,0.21268,0.39714,0.55472,0.47842,0.34463,0.12371,0.24269,0.15961,0,0,0.064546,0.10819,0.14932,0.26706,0.073301,0.35891,0.28857,0.18578,0,0
0.27797,0.27587,0.15279,0.21982,0.03147,0.038475,0.24173,0.17546,0.06818,0,0.33372,0.38163,0.36333,0.4314,0.36561,0.45941,0.51125,0.47585,0.27866,0.27578,0.34058,0.30459,0.17344,0.093457,0.082559,0.24802,0.0064716,0.04325,0.29407,0.33375,0.16107,0.25434,0.21586,0.29058,0.19631,0.21558,0.34126,0.35941,0.33607,0.46717,0.21112,0.42459,0.70348,0.69668,0.60378,0.62422,0.71233,0.77982,0.77376,0.67746,1,0.78531,0.72063,0.63429,0.26345,0.60788,0.51031,0.35675,0.41316,0.57409,0.47792,0.54893,0.41139,0.59472,0.22551,0.25471,0.60813,0.49771,0.58702,0.3746,0.1109,0.16493,0.25437,0.24568,0.19059,0.16889,0.25271,0.2296,0.32025,0.30126,0.39053,0.58352,0.44812,0.39438,0.56269,0.60374,0.39219,0.38622,0.40793,0.50266,0.34045,0.21786,0.043251,0.091551,0.024985,0.24539,0.23468,0.45375,0.54013,0.41138,0.15579,0.24451,0.10065,0.078819,0,0.016962,0.14743,0.084392,0.12598,0.28311,0.27221,0.31359,0.27316,0,0,0
