1,0.62667,0.58365,0.5512,0,0.32436,0.67858,0.54204,0.046643,0.17444,0.79479,0.48507,0.73048,0.35586,0.39192,0.11421,0.50924,0.30812,0.83173,0.76053,0.11795,0.062292,0.53044,0.46705,0.28843,0.1812,0,0.084446,0.40733,0.27041,0.29103,0.32778,0.69544,0.69688,0.29521,0.4192,0.35902,0.35435,0.26468,0.34455,0.21741,0.092939,0.41078,0.35584,0.28532,0.50043,0.41407,0.4108,0.50138,0.46174,0.41177,0.51767,0.46961,0.58712,0.48632,0.66067,0.84449,0.55472,0.68537,0.62047,0.56976,0.41366,0.36437,0.51075,0.43102,0.42575,0.67098,0.63621,0.71056,0.69694,0,0,0.49773,0.21469,0.42003,0.37583,0.41887,0.44292,0.32033,0.2792,0.47497,0.45294,0.37573,0.44203,0.49717,0.53407,0.43838,0.2508,0.44811,0.58662,0.46393,0.49737,0.36657,0.2421,0.068101,0.14442,0.31363,0.36814,0.52298,0.57879,0.14595,0.28477,0.10617,0.41464,0.22518,0.21578,0.35427,0.31968,0.0019194,0.1009,0.26174,0.42107,0.40135,0.34753,0,0
0.62667,1,0.59261,0.69,0.26038,0.3042,0.6605,0.7149,0.2742,0.24987,0.56184,0.66467,0.62306,0.53508,0.35868,0.36717,0.4144,0.43061,0.60591,0.69628,0.063852,0.21948,0.51401,0.5826,0.47409,0.24576,0.23886,0.17021,0.45474,0.4326,0.44629,0.47822,0.80186,0.76896,0.31742,0.35192,0.25609,0.29344,0.20527,0.1844,0.19735,0.26365,0.45544,0.45728,0.3598,0.53259,0.35941,0.44312,0.53377,0.58945,0.49328,0.5982,0.46141,0.52266,0.37484,0.50049,0.75158,0.71966,0.69914,0.5926,0.70886,0.45121,0.49576,0.68339,0.38834,0.45308,0.64426,0.57765,0.58504,0.606,0.23517,0.13856,0.49074,0.41361,0.50704,0.51882,0.29789,0.56537,0.51147,0.30187,0.62344,0.51676,0.44247,0.41716,0.52458,0.514,0.32256,0.14189,0.36491,0.43023,0.26509,0.275,0.31193,0.1265,0.05576,0.18055,0.39197,0.4888,0.50947,0.45287,0.1198,0.11308,0.16132,0.29334,0.32,0.2401,0.28547,0.13417,0,0,0.18157,0.43697,0.36227,0.3365,0.073467,0.022145
0.58365,0.59261,1,0.79352,0,0.27174,0.81283,0.71042,0.14778,0.38273,0.54094,0.53579,0.5669,0.54513,0.34339,0.25747,0.20557,0.24663,0.62393,0.58406,0.15109,0.1173,0.86296,0.78563,0.47036,0.23391,0,0,0.2073,0.10433,0.20078,0.25236,0.51849,0.57108,0.36297,0.20027,0.21009,0.23053,0.18229,0.20168,0.18202,0.20562,0.50099,0.33285,0.34011,0.51092,0.35483,0.42348,0.47221,0.51586,0.70998,0.62941,0.54771,0.64875,0.20416,0.37927,0.49482,0.37062,0.35197,0.22164,0.3926,0.19643,0.075279,0.26531,0.52413,0.37468,0.59901,0.51133,0.51559,0.48716,0.015153,0.036958,0.33981,0.18094,0.44699,0.40477,0.40664,0.52164,0.22526,0.15403,0.23824,0.34471,0.27221,0.39679,0.40119,0.3615,0.082109,0.17324,0.35478,0.37894,0.3442,0.45206,0.47905,0.47431,0.045766,0.20309,0.32316,0.38802,0.35242,0.40707,0,0.15977,0,0.1401,0.11743,0.035749,0.1338,0.020049,0,0.13046,0.25196,0.59401,0.4531,0.39664,0,0
0.5512,0.69,0.79352,1,0.020974,0.37729,0.68631,0.87228,0.17138,0.45216,0.49037,0.64326,0.57035,0.66859,0.28419,0.32459,0.22759,0.42642,0.66577,0.73857,0.15828,0.074726,0.7963,0.84976,0.56152,0.35463,0,0.025423,0.28867,0.26009,0.29125,0.36665,0.60036,0.64758,0.28793,0.29685,0.25142,0.35592,0.24336,0.29224,0.28238,0.26291,0.46423,0.34934,0.39632,0.60366,0.45084,0.54073,0.55161,0.60707,0.63457,0.69693,0.58684,0.65352,0.35614,0.52782,0.54217,0.44114,0.36098,0.40329,0.41184,0.33814,0.31327,0.45019,0.35448,0.47155,0.58956,0.63703,0.60526,0.61524,0.045957,0.0013433,0.24975,0.1383,0.45387,0.35829,0.43284,0.50404,0.25951,0.21122,0.44952,0.48685,0.39441,0.47691,0.55902,0.56081,0.25217,0.2073,0.43028,0.48774,0.50216,0.49379,0.55633,0.43769,0.027248,0.18958,0.36737,0.43942,0.49716,0.50132,0,0.15952,0.054447,0.27672,0.17755,0.062663,0.28094,0.093973,0,0.11169,0.31255,0.5897,0.47667,0.3937,0,0
0,0.26038,0,0.020974,1,0.2432,0.083986,0.10764,0.8689,0.20292,0,0.30072,0,0.0964,0.50124,0.58615,0,0,0,0,0.17727,0.63429,0,0,0.28476,0.24555,0.62028,0.60373,0,0.073626,0.36585,0.3553,0.18327,0.1468,0.32507,0.088118,0,0,0,0,0,0.18965,0.055955,0.24455,0.067204,0.053427,0,0,0,0.011794,0.025983,0.071729,0,0,0,0,0,0.18648,0.31823,0.21286,0.31152,0.31858,0.11397,0.20031,0.256,0.34186,0.12543,0.043519,0,0,0.60247,0.54887,0.4371,0.55927,0.0082885,0.18672,0,0.24745,0,0,0,0,0.23625,0,0,0.030854,0,0.24046,0,0.068771,0,0,0,0,0,0,0,0.021449,0,0,0.24623,0.022597,0.36585,0,0,0,0,0,0,0,0,0,0,0,0,0
0.32436,0.3042,0.27174,0.37729,0.2432,1,0.21384,0.39673,0.33465,0.77241,0.1537,0.41941,0.17661,0.32409,0.29027,0.27149,0.063128,0.14847,0.35926,0.39777,0.20295,0.072728,0.1987,0.24307,0.52571,0.55548,0.33768,0.41885,0,0,0.29906,0.32171,0.32689,0.38405,0.26762,0.25439,0.14194,0.25727,0.12814,0.28685,0.24601,0.1279,0.37883,0.31482,0.39612,0.48439,0.412,0.41196,0.51233,0.33969,0.30527,0.42952,0.36856,0.30408,0.43363,0.53331,0.31775,0.31532,0.39685,0.50552,0.12357,0.36132,0.087238,0.23569,0.29753,0.48259,0.491,0.57271,0.44414,0.43595,0,0,0.28594,0.26052,0.31536,0.31378,0.41966,0.27685,0.054066,0.069465,0.22225,0.18356,0.22076,0.2947,0.45243,0.49906,0.5117,0.44143,0.49709,0.43574,0.41562,0.43343,0.34935,0.23368,0.095554,0,0.16899,0.1493,0.42817,0.53559,0.21707,0.31396,0.1833,0.49082,0.036734,0.14481,0.36482,0.45126,0,0,0.18041,0.18161,0.24685,0.10438,0,0
0.67858,0.6605,0.81283,0.68631,0.083986,0.21384,1,0.7302,0.1761,0.25922,0.67002,0.53051,0.76041,0.51273,0.27572,0.31903,0.2394,0.2323,0.59276,0.57044,0.17515,0.19477,0.70673,0.60845,0.43446,0.27426,0,0.029718,0.38771,0.33568,0.25127,0.21968,0.66191,0.62151,0.3301,0.24544,0.39149,0.34159,0.2448,0.26177,0.095055,0.28053,0.62054,0.52208,0.44829,0.61757,0.44217,0.45781,0.54601,0.63997,0.72546,0.66669,0.52843,0.66061,0.23127,0.37864,0.57264,0.31497,0.51514,0.28208,0.563,0.1671,0.3352,0.30718,0.58926,0.35745,0.66203,0.5262,0.44827,0.54168,0.050846,0,0.39629,0.21959,0.45333,0.43163,0.3318,0.55198,0.29529,0.21589,0.28226,0.41585,0.25644,0.44504,0.3841,0.37604,0.019492,0.083103,0.27893,0.38086,0.31043,0.44333,0.41068,0.33792,0.077993,0.28237,0.35772,0.5285,0.35077,0.33686,0,0.17139,0,0.095515,0.14321,0.022649,0.10524,0,0,0.16756,0.12386,0.62034,0.50713,0.44615,0,0
0.54204,0.7149,0.71042,0.87228,0.10764,0.39673,0.7302,1,0.25993,0.50482,0.52729,0.70347,0.5722,0.73496,0.35223,0.38848,0.24365,0.41211,0.61351,0.70014,0.17408,0.1325,0.71098,0.77148,0.53163,0.42168,0,0.084524,0.29814,0.24614,0.25959,0.36527,0.60746,0.64863,0.30104,0.26564,0.29385,0.38225,0.3034,0.29556,0.2954,0.2941,0.59791,0.49727,0.51861,0.70471,0.56763,0.59923,0.63762,0.66218,0.67979,0.76348,0.62044,0.67297,0.38986,0.51828,0.55901,0.46221,0.50282,0.51522,0.48203,0.39909,0.32546,0.47746,0.4685,0.57947,0.69476,0.72522,0.54744,0.62148,0.058766,0.011366,0.28693,0.19397,0.47814,0.3946,0.49415,0.53438,0.32226,0.23707,0.47642,0.46262,0.40894,0.44436,0.61725,0.59894,0.26623,0.16286,0.47706,0.45453,0.52643,0.51883,0.59455,0.42911,0.1231,0.19671,0.49626,0.54083,0.58718,0.55898,0.069835,0.22345,0.10049,0.3122,0.22573,0.14313,0.33954,0.15137,0.00062745,0.098876,0.27317,0.57698,0.50897,0.39285,0,0
0.046643,0.2742,0.14778,0.17138,0.8689,0.33465,0.1761,0.25993,1,0.4116,0,0.42434,0.13911,0.27608,0.68866,0.73339,0,0,0,0,0.20974,0.59495,0.039212,0.078299,0.35944,0.33437,0.45805,0.52911,0,0.038664,0.33331,0.37481,0.22108,0.22406,0.24919,0.053095,0,0,0,0,0,0.1894,0.11778,0.29909,0.14855,0.22307,0,0,0.062798,0.19088,0.14843,0.2098,0,0,0,0,0,0.17217,0.34469,0.28917,0.34171,0.40171,0.1282,0.23548,0.39042,0.50154,0.17084,0.13583,0,0,0.54146,0.53293,0.35684,0.43328,0.014655,0.14092,0,0.26396,0,0,0,0,0.36961,0.016698,0,0.078983,0.046913,0.30067,0.043047,0.14807,0,0.045345,0.049657,0,0,0,0,0.033942,0,0,0.29094,0.10283,0.41917,0,0,0,0,0,0,0,0.027087,0,0.10944,0,0,0
0.17444,0.24987,0.38273,0.45216,0.20292,0.77241,0.25922,0.50482,0.4116,1,0.13354,0.55104,0.20302,0.62015,0.33327,0.43336,0,0.23732,0.26496,0.34206,0.15996,0.0077438,0.35333,0.38628,0.44473,0.44486,0,0.14306,0,0,0.060466,0.16987,0.28997,0.41319,0.1751,0.02488,0.009808,0.18991,0.066965,0.096285,0.28861,0.2327,0.3661,0.322,0.45384,0.563,0.36494,0.42675,0.52688,0.42976,0.45953,0.53315,0.39128,0.36988,0.18183,0.32125,0.2299,0.25271,0.30636,0.41939,0.18919,0.41386,0.086781,0.25667,0.37529,0.54816,0.43183,0.5113,0.31922,0.30023,0,0.051841,0.15737,0.081458,0.24718,0.19466,0.4583,0.28601,0.02549,0.014678,0.17989,0.17744,0.2214,0.23792,0.36388,0.44145,0.29984,0.32112,0.38293,0.28123,0.38632,0.41276,0.44412,0.33418,0.021517,0,0.21116,0.16769,0.38904,0.51461,0.1213,0.24966,0.11229,0.35486,0.0087618,0.060903,0.29021,0.28075,0,0,0.2589,0.32154,0.38358,0.2077,0,0
0.79479,0.56184,0.54094,0.49037,0,0.1537,0.67002,0.52729,0,0.13354,1,0.44748,0.86927,0.44151,0.35569,0.19744,0.60409,0.37848,0.72044,0.62961,0.062281,0,0.52526,0.49216,0.20597,0.071731,0,0,0.52297,0.32117,0.16877,0.17554,0.57319,0.57515,0.16023,0.23277,0.29686,0.41528,0.18155,0.32772,0.22573,0.17547,0.47339,0.39929,0.39011,0.53947,0.36517,0.43191,0.56237,0.58306,0.49336,0.55913,0.47547,0.58937,0.36174,0.51129,0.70932,0.46978,0.492,0.46182,0.47756,0.33007,0.33775,0.47493,0.53426,0.40294,0.53989,0.51525,0.54559,0.60059,0,0,0.37357,0.12066,0.37482,0.34945,0.37235,0.35749,0.36067,0.30042,0.46657,0.48505,0.36915,0.43899,0.5053,0.49449,0.31051,0.12833,0.39871,0.41754,0.39829,0.39951,0.37453,0.21486,0.022141,0.025787,0.21594,0.27594,0.46433,0.44427,0.11531,0.24491,0.090759,0.27761,0.1361,0.16252,0.21192,0.16627,0,0,0.17918,0.45353,0.40628,0.49808,0,0
0.48507,0.66467,0.53579,0.64326,0.30072,0.41941,0.53051,0.70347,0.42434,0.55104,0.44748,1,0.55657,0.81183,0.42976,0.45478,0.17997,0.38831,0.46372,0.54702,0.068281,0.14512,0.49719,0.55382,0.42117,0.29972,0.053694,0.092125,0.25859,0.20368,0.32206,0.42058,0.60176,0.68933,0.22858,0.18786,0.038058,0.15269,0.07376,0.058621,0.18581,0.26169,0.36662,0.32617,0.31726,0.5081,0.2674,0.32433,0.47973,0.48555,0.43617,0.61503,0.35267,0.46395,0.24593,0.39629,0.45384,0.43264,0.50806,0.50958,0.56377,0.56933,0.32084,0.53051,0.47453,0.65538,0.47247,0.51103,0.35611,0.36425,0.19518,0.19202,0.42138,0.34657,0.37932,0.32403,0.29464,0.42852,0.28169,0.10606,0.37966,0.25551,0.40354,0.24129,0.33858,0.45809,0.27634,0.23507,0.38304,0.38358,0.24492,0.35688,0.37966,0.30243,0,0,0.26016,0.27245,0.43149,0.42688,0.10826,0.23078,0.18115,0.37935,0.21024,0.14164,0.28906,0.19538,0,0,0.21751,0.36389,0.43843,0.27482,0,0
0.73048,0.62306,0.5669,0.57035,0,0.17661,0.76041,0.5722,0.13911,0.20302,0.86927,0.55657,1,0.56088,0.38527,0.30706,0.37214,0.27856,0.65318,0.58442,0.048192,0.062844,0.57554,0.51813,0.26754,0.13816,0,0,0.46106,0.37812,0.23312,0.22772,0.67169,0.64867,0.20663,0.26546,0.3064,0.373,0.17535,0.27866,0.11034,0.17736,0.49478,0.43761,0.34862,0.59567,0.35358,0.40271,0.55969,0.64071,0.56039,0.58272,0.44915,0.5586,0.31025,0.45412,0.64886,0.41174,0.50156,0.40295,0.58275,0.3237,0.41665,0.4488,0.51259,0.39287,0.52968,0.48383,0.50926,0.58052,0.01041,0,0.38429,0.16889,0.32902,0.27725,0.255,0.3931,0.2858,0.18893,0.37383,0.43231,0.37749,0.4477,0.3862,0.38911,0.23226,0.10038,0.31765,0.43116,0.35527,0.40222,0.36972,0.20158,0,0.11735,0.2282,0.3799,0.38285,0.35704,0.038223,0.16602,0.11899,0.20022,0.1669,0.050019,0.13697,0.014457,0,0.034655,0.14024,0.5055,0.44611,0.46129,0,0
0.35586,0.53508,0.54513,0.66859,0.0964,0.32409,0.51273,0.73496,0.27608,0.62015,0.44151,0.81183,0.56088,1,0.25734,0.45454,0.16253,0.40521,0.4411,0.51464,0.14517,0.055881,0.56033,0.61518,0.33387,0.30113,0,0,0.16888,0.21844,0.13778,0.26535,0.52186,0.60077,0.20463,0.11427,0.092912,0.25218,0.14154,0.13414,0.26829,0.252,0.43813,0.30872,0.34244,0.56195,0.36629,0.42911,0.56591,0.574,0.59749,0.66446,0.55534,0.6068,0.27947,0.38087,0.42823,0.36477,0.38414,0.41956,0.51417,0.49486,0.31437,0.49077,0.40858,0.53788,0.4549,0.52568,0.36393,0.3827,0.037416,0.03368,0.29496,0.15415,0.3541,0.2482,0.41292,0.38288,0.19461,0.20664,0.31674,0.38403,0.25209,0.28915,0.37345,0.42207,0.19079,0.11209,0.4206,0.33232,0.40694,0.44057,0.58283,0.40929,0,0.032182,0.35982,0.35181,0.53746,0.50608,0.060154,0.20864,0.17946,0.34631,0.18296,0.08535,0.29768,0.15553,0,0,0.30509,0.50438,0.56992,0.41005,0,0
0.39192,0.35868,0.34339,0.28419,0.50124,0.29027,0.27572,0.35223,0.68866,0.33327,0.35569,0.42976,0.38527,0.25734,1,0.55134,0.13004,0,0.27959,0.26237,0.1793,0.40821,0.26794,0.26343,0.31394,0.22379,0.3144,0.36578,0.099617,0,0.30414,0.36149,0.30641,0.37083,0.21963,0.089861,0,0,0,0,0.009932,0.18978,0.2472,0.3851,0.23724,0.34964,0.10746,0.16123,0.21726,0.27698,0.22837,0.31319,0.043451,0.17108,0,0.11394,0.29136,0.41508,0.42228,0.44233,0.36013,0.48635,0.1054,0.33054,0.51895,0.57387,0.328,0.31124,0.26296,0.2076,0.31811,0.384,0.38554,0.32983,0.1275,0.1606,0.18718,0.308,0.14948,0,0.21558,0.021159,0.51189,0.14904,0.25586,0.28959,0.2886,0.35701,0.27775,0.26361,0.10098,0.1941,0.19341,0.072406,0,0,0.037266,0.045991,0.15,0.17416,0.32024,0.2063,0.3065,0.12782,0.024511,0,0.059004,0.021346,0,0,0.17722,0.043446,0.092191,0,0,0.006095
0.11421,0.36717,0.25747,0.32459,0.58615,0.27149,0.31903,0.38848,0.73339,0.43336,0.19744,0.45478,0.30706,0.45454,0.55134,1,0,0.20219,0.020887,0.08201,0.30391,0.55778,0.19733,0.28792,0.3895,0.33329,0.30882,0.42209,0.17589,0.38528,0.25058,0.30875,0.25901,0.24475,0.12997,0,0.078165,0,0,0,0,0.30637,0.37122,0.50538,0.32988,0.43571,0.11806,0.17999,0.27639,0.48636,0.3488,0.40958,0.1528,0.24435,0,0.021992,0.16578,0.15738,0.34226,0.23179,0.46039,0.29427,0.38964,0.32474,0.43058,0.49086,0.18849,0.17753,0.033116,0.10511,0.48654,0.38116,0.3206,0.36572,0.13172,0.25907,0.010691,0.36108,0.081794,0.074311,0.08755,0.27919,0.34489,0.32986,0.10489,0.25114,0.0054293,0.25879,0.039921,0.28136,0,0.14564,0.21161,0.096493,0,0,0,0.1999,0.038302,0,0.15955,0.05264,0.28508,0,0,0,0,0,0,0.011397,0,0.21281,0.22877,0.023555,0,0
0.50924,0.4144,0.20557,0.22759,0,0.063128,0.2394,0.24365,0,0,0.60409,0.17997,0.37214,0.16253,0.13004,0,1,0.44976,0.51689,0.51746,0.064471,0,0.19885,0.26525,0.12143,0.03049,0,0,0.66189,0.41937,0.17721,0.16321,0.37783,0.38562,0,0.10586,0.22293,0.35121,0.050561,0.25094,0.33925,0.23785,0.21709,0.20391,0.29164,0.32412,0.19985,0.34437,0.41041,0.32745,0.12233,0.282,0.27879,0.32423,0.31579,0.44286,0.62939,0.52875,0.32219,0.41676,0.28916,0.2976,0.4549,0.49588,0.20951,0.24637,0.33268,0.38219,0.48024,0.51623,0,0,0.24737,0,0.31737,0.22054,0.32492,0.1487,0.60993,0.4804,0.70597,0.59272,0.19766,0.43236,0.52248,0.62117,0.36996,0.11548,0.25613,0.24061,0.27472,0.046304,0.12721,0,0.13597,0.085421,0.1411,0.14738,0.45104,0.4039,0.22336,0.064742,0,0.22364,0,0.22556,0.18135,0.29233,0,0,0.18922,0.21137,0.13097,0.3389,0.1119,0.061119
0.30812,0.43061,0.24663,0.42642,0,0.14847,0.2323,0.41211,0,0.23732,0.37848,0.38831,0.27856,0.40521,0,0.20219,0.44976,1,0.38422,0.49945,0,0,0.31089,0.45408,0.2307,0.1578,0,0,0.47011,0.44831,0.21245,0.29088,0.44851,0.45618,0,0.0053678,0.11874,0.20941,0.10711,0.21228,0.41585,0.24519,0.20241,0.22654,0.25905,0.38562,0.23028,0.36437,0.44268,0.4123,0.26273,0.41279,0.34132,0.38477,0.34664,0.45684,0.5016,0.42142,0.30075,0.40122,0.28308,0.23237,0.35011,0.53993,0.17364,0.30469,0.31341,0.41196,0.43926,0.46293,0,0,0.053057,0,0.33082,0.19582,0.21326,0.1176,0.3764,0.51161,0.52393,0.62273,0.39921,0.48341,0.44288,0.54404,0.44855,0.24526,0.22511,0.27389,0.31268,0.20166,0.29006,0.063806,0.082534,0.1335,0.18379,0.18457,0.41713,0.39895,0.17073,0.10304,0.11563,0.37147,0.18882,0.26375,0.2689,0.275,0,0.044591,0.15444,0.29624,0.28423,0.22712,0,0.029815
0.83173,0.60591,0.62393,0.66577,0,0.35926,0.59276,0.61351,0,0.26496,0.72044,0.46372,0.65318,0.4411,0.27959,0.020887,0.51689,0.38422,1,0.88715,0.11153,0,0.64133,0.58328,0.33195,0.14673,0,0,0.30243,0.20361,0.17372,0.20907,0.64028,0.6871,0.14875,0.39537,0.351,0.45654,0.37061,0.39219,0.33321,0.11724,0.40688,0.33942,0.3136,0.55698,0.53666,0.57564,0.52029,0.48727,0.45868,0.5102,0.60383,0.64432,0.59813,0.70201,0.79205,0.56312,0.46922,0.54395,0.36242,0.31548,0.28904,0.45977,0.28875,0.31865,0.62549,0.65302,0.81461,0.76351,0,0,0.36237,0.10529,0.52236,0.35969,0.56648,0.45568,0.21706,0.2202,0.50692,0.48758,0.30236,0.47829,0.66301,0.53805,0.46354,0.14732,0.54977,0.54192,0.66836,0.59264,0.47246,0.34107,0.13622,0.17233,0.40105,0.41346,0.60456,0.6531,0.029562,0.2125,0.038374,0.40881,0.25308,0.21242,0.45303,0.36568,0.12586,0.13837,0.25103,0.51861,0.46751,0.41184,0,0
0.76053,0.69628,0.58406,0.73857,0,0.39777,0.57044,0.70014,0,0.34206,0.62961,0.54702,0.58442,0.51464,0.26237,0.08201,0.51746,0.49945,0.88715,1,0.087996,0,0.6087,0.64159,0.3749,0.23045,0,0,0.38604,0.23117,0.18324,0.25469,0.65449,0.72456,0.11468,0.32851,0.31473,0.48991,0.38922,0.35089,0.39594,0.2259,0.38391,0.31332,0.37321,0.57446,0.54381,0.5872,0.58561,0.54067,0.44988,0.55729,0.54922,0.63613,0.58878,0.68541,0.78926,0.60637,0.5228,0.61841,0.40025,0.37884,0.3713,0.54159,0.2404,0.35448,0.61175,0.68888,0.78531,0.75169,0,0,0.33891,0.10592,0.56496,0.40817,0.58934,0.50638,0.34513,0.21039,0.61055,0.47547,0.33455,0.44507,0.67616,0.61809,0.47462,0.12745,0.47784,0.53332,0.64176,0.55226,0.47255,0.36697,0.20354,0.13586,0.47807,0.46538,0.66547,0.68904,0.10102,0.28792,0.079553,0.48923,0.29087,0.27188,0.53863,0.42193,0.09322,0.018556,0.2514,0.47988,0.45328,0.42082,0.042829,0.019305
0.11795,0.063852,0.15109,0.15828,0.17727,0.20295,0.17515,0.17408,0.20974,0.15996,0.062281,0.068281,0.048192,0.14517,0.1793,0.30391,0.064471,0,0.11153,0.087996,1,0.61979,0.07248,0.094248,0.20489,0.32791,0.19947,0.33904,0,0.19127,0.13627,0.14293,0.045387,0.10774,0.21742,0.02399,0.33435,0.37812,0.050397,0.27906,0.12683,0.22183,0.2964,0.29819,0.31102,0.25429,0.22083,0.31536,0.18166,0.24437,0.32157,0.27143,0.3202,0.28063,0.071649,0.17411,0.10674,0.015169,0.12088,0.05965,0.17872,0.03611,0.19627,0,0.22564,0.11272,0.23275,0.22291,0.12342,0.19561,0.22011,0.098815,0.29361,0.23834,0.34335,0.34106,0.4732,0.35872,0,0.15869,0,0.19576,0,0.15237,0.19208,0.28249,0,0.18009,0.17529,0.26875,0.24141,0.29336,0.23571,0.25918,0.07151,0,0,0.076461,0.2558,0.14719,0.032725,0.2175,0,0,0,0,0,0,0.017371,0.12673,0,0.21352,0.30226,0.012013,0,0
0.062292,0.21948,0.1173,0.074726,0.63429,0.072728,0.19477,0.1325,0.59495,0.0077438,0,0.14512,0.062844,0.055881,0.40821,0.55778,0,0,0,0,0.61979,1,0,0.0018348,0.2825,0.24271,0.45998,0.64918,0,0.19658,0.34755,0.34219,0.19383,0.16321,0.34885,0.1272,0.14857,0,0,0,0,0.11215,0.1274,0.30396,0.072337,0.051486,0.014952,0,0,0.087245,0.14513,0.095579,0.015863,0.052566,0,0,0.04275,0.087134,0.28059,0.058889,0.40254,0.19287,0.16699,0.13976,0.22982,0.16968,0.11139,0,0,0,0.76427,0.66126,0.51893,0.65534,0.25127,0.46278,0.13912,0.55734,0,0,0,0,0.057317,0,0,0,0,0.035842,0,0.16778,0,0,0,0,0,0,0,0.092381,0,0,0.046437,0,0.12063,0,0,0,0,0,0,0.059272,0,0.056474,0.13769,0,0,0
0.53044,0.51401,0.86296,0.7963,0,0.1987,0.70673,0.71098,0.039212,0.35333,0.52526,0.49719,0.57554,0.56033,0.26794,0.19733,0.19885,0.31089,0.64133,0.6087,0.07248,0,1,0.91222,0.4967,0.23731,0,0,0.20907,0.068156,0.15539,0.24225,0.46134,0.51675,0.31854,0.24081,0.25247,0.33351,0.31514,0.27721,0.22334,0.19049,0.41812,0.27978,0.30217,0.50039,0.38201,0.40946,0.41502,0.51371,0.66184,0.55655,0.53343,0.61699,0.26307,0.37099,0.43536,0.28891,0.21693,0.16059,0.30176,0.13854,0.080749,0.244,0.45824,0.33085,0.53843,0.50103,0.5089,0.4828,0,0,0.18742,0.024774,0.44518,0.26275,0.40792,0.45795,0.25609,0.1194,0.29116,0.32618,0.30605,0.4041,0.47988,0.33517,0.13803,0.096249,0.3865,0.37672,0.46245,0.47335,0.51973,0.49541,0.061695,0.17011,0.33785,0.37326,0.30813,0.36319,0,0.10874,0,0.12145,0.22397,0.12373,0.24798,0.051732,0,0.096942,0.24862,0.63101,0.46855,0.40656,0.016162,0
0.46705,0.5826,0.78563,0.84976,0,0.24307,0.60845,0.77148,0.078299,0.38628,0.49216,0.55382,0.51813,0.61518,0.26343,0.28792,0.26525,0.45408,0.58328,0.64159,0.094248,0.0018348,0.91222,1,0.54843,0.351,0,0,0.2773,0.17654,0.25485,0.36516,0.46799,0.49967,0.25789,0.19251,0.26929,0.36174,0.30184,0.32352,0.31876,0.24819,0.42273,0.29278,0.36871,0.53268,0.36296,0.44747,0.47861,0.58164,0.61275,0.61067,0.52484,0.60774,0.2626,0.39656,0.43617,0.31113,0.22941,0.22775,0.32769,0.1872,0.19178,0.32933,0.40334,0.4296,0.50098,0.5194,0.50638,0.52281,0,0,0.099016,0.012583,0.42468,0.25433,0.35782,0.40247,0.29903,0.20158,0.39196,0.38979,0.35937,0.47001,0.54287,0.44853,0.19583,0.15709,0.34812,0.38632,0.45124,0.431,0.52643,0.44673,0.062419,0.16647,0.29836,0.36607,0.37292,0.38415,0,0.14051,0,0.16788,0.1532,0.1251,0.24883,0.072946,0,0.05691,0.23411,0.60522,0.45323,0.39319,0,0
0.28843,0.47409,0.47036,0.56152,0.28476,0.52571,0.43446,0.53163,0.35944,0.44473,0.20597,0.42117,0.26754,0.33387,0.31394,0.3895,0.12143,0.2307,0.33195,0.3749,0.20489,0.2825,0.4967,0.54843,1,0.67897,0.32408,0.34062,0.20522,0.23826,0.60515,0.50299,0.45674,0.37203,0.32874,0.29445,0.2766,0.23152,0.11403,0.17242,0.13257,0.1553,0.35,0.32917,0.35875,0.4227,0.2863,0.31149,0.33664,0.36712,0.37378,0.37701,0.31902,0.29322,0.15514,0.22198,0.31683,0.28645,0.35301,0.28583,0.32933,0.24598,0.19076,0.25205,0.38662,0.47212,0.50931,0.42835,0.32591,0.37211,0.20843,0.12441,0.23225,0.22063,0.43654,0.25411,0.25862,0.41456,0.16732,0.1696,0.24901,0.32125,0.35181,0.3801,0.4514,0.35943,0.22936,0.14154,0.28052,0.19274,0.24199,0.13144,0.24286,0,0.08516,0.21078,0.2083,0.33591,0.30316,0.23699,0.15394,0,0.13151,0.095373,0.036561,0.022619,0.13433,0,0,0.15421,0.043615,0.27478,0.28732,0.05066,0,0
0.1812,0.24576,0.23391,0.35463,0.24555,0.55548,0.27426,0.42168,0.33437,0.44486,0.071731,0.29972,0.13816,0.30113,0.22379,0.33329,0.03049,0.1578,0.14673,0.23045,0.32791,0.24271,0.23731,0.351,0.67897,1,0.26921,0.393,0.10516,0.19554,0.59218,0.59405,0.28855,0.23878,0.23193,0.16484,0.41527,0.28036,0.32286,0.40588,0.35188,0.12308,0.41313,0.34579,0.44135,0.38817,0.36081,0.33453,0.36881,0.31445,0.32742,0.35256,0.33465,0.28763,0.23398,0.31077,0.20201,0.12061,0.28278,0.21358,0.17103,0.11371,0.16166,0.097604,0.31005,0.40716,0.38922,0.36614,0.24585,0.36029,0,0,0,0.11338,0.23585,0.079915,0.21385,0.17539,0.1219,0.25422,0.1753,0.21868,0.19238,0.26677,0.44351,0.37507,0.28,0.2392,0.34446,0.29365,0.33105,0.30694,0.36112,0.043546,0.286,0.16258,0.20189,0.32099,0.36069,0.29303,0.39733,0.23403,0.25685,0.22104,0,0.1487,0.20515,0.19182,0,0.06995,0.056554,0.22785,0.31054,0.034271,0,0
0,0.23886,0,0,0.62028,0.33768,0,0,0.45805,0,0,0.053694,0,0,0.3144,0.30882,0,0,0,0,0.19947,0.45998,0,0,0.32408,0.26921,1,0.76198,0.020997,0.20396,0.50973,0.45543,0.12034,0.017145,0.26192,0.22624,0,0,0,0,0,0,0.056153,0.10571,0,0,0,0,0,0,0,0,0,0,0.067388,0.028894,0.046168,0.21388,0.26097,0.21345,0.18225,0.20464,0.075801,0.17704,0.043188,0.1992,0.099267,0.047056,0,0,0.35779,0.3147,0.37264,0.53515,0.059949,0.19755,0,0.061926,0.13586,0.097857,0.073093,0.0736,0.14377,0.032918,0,0.10247,0.18013,0.29292,0.092205,0.14597,0,0,0,0,0,0.03307,0,0,0.008417,0,0.2968,0,0.25018,0.087439,0,0,0,0,0,0.063877,0,0,0,0,0.013984,0.10587
0.084446,0.17021,0,0.025423,0.60373,0.41885,0.029718,0.084524,0.52911,0.14306,0,0.092125,0,0,0.36578,0.42209,0,0,0,0,0.33904,0.64918,0,0,0.34062,0.393,0.76198,1,0,0.12101,0.39205,0.3757,0.13473,0.095494,0.28363,0.32279,0.03479,0,0,0,0,0,0.14544,0.18886,0,0.050354,0.089754,0.014524,0,0,0.0045673,0.038883,0.090846,0.0032145,0.14425,0.06526,0.082511,0.14686,0.27603,0.20983,0.20934,0.24028,0.11692,0.15316,0.054038,0.19281,0.16198,0.13395,0.064903,0.010095,0.44677,0.45304,0.45603,0.61558,0.20362,0.34204,0.10374,0.31998,0,0,0,0.021147,0.063575,0,0.02181,0.056045,0.038785,0.089147,0.15299,0.30793,0,0.013632,0,0,0,0,0.053129,0.068632,0.090267,0,0.20948,0,0.26815,0.022919,0,0,0,0,0.046769,0.062782,0,0,0.066111,0,0,0.018508
0.40733,0.45474,0.2073,0.28867,0,0,0.38771,0.29814,0,0,0.52297,0.25859,0.46106,0.16888,0.099617,0.17589,0.66189,0.47011,0.30243,0.38604,0,0,0.20907,0.2773,0.20522,0.10516,0.020997,0,1,0.67911,0.22144,0.14976,0.3786,0.3239,0,0.079787,0.28652,0.30426,0.025493,0.21098,0.079553,0.30176,0.23415,0.21729,0.25364,0.34036,0.12263,0.23002,0.36532,0.42871,0.13207,0.29648,0.15526,0.21809,0.1377,0.29869,0.45383,0.2178,0.33163,0.23133,0.42121,0.13388,0.62398,0.37809,0.2007,0.1674,0.21689,0.24309,0.27044,0.42166,0,0,0.18826,0,0.15139,0.11396,0.052745,0.1724,0.67706,0.48862,0.67202,0.58555,0.37511,0.54638,0.31101,0.54289,0.1936,0.10347,0,0.27346,0.090387,0,0.087053,0,0.084393,0.26796,0.064,0.28918,0.18672,0.12702,0.095375,0,0,0.040019,0,0.047737,0,0,0,0.11,0.020465,0.22367,0.10287,0.29524,0,0
0.27041,0.4326,0.10433,0.26009,0.073626,0,0.33568,0.24614,0.038664,0,0.32117,0.20368,0.37812,0.21844,0,0.38528,0.41937,0.44831,0.20361,0.23117,0.19127,0.19658,0.068156,0.17654,0.23826,0.19554,0.20396,0.12101,0.67911,1,0.40724,0.30512,0.45011,0.3075,0,0.09283,0.28221,0.1318,0,0.20749,0,0.22834,0.22673,0.29488,0.13986,0.31523,0.072409,0.16685,0.28619,0.42971,0.14294,0.29251,0.21703,0.21074,0.12311,0.29275,0.41059,0.20686,0.339,0.20492,0.50844,0.11119,0.74011,0.41998,0.12566,0.15329,0.15784,0.16262,0.20386,0.3594,0.13318,0,0.27389,0.16136,0.22199,0.25188,0,0.1355,0.37289,0.56203,0.41774,0.70064,0.21087,0.60525,0.14393,0.37769,0.13304,0.14415,0,0.29503,0.034651,0,0.10564,0,0,0.38708,0,0.32,0.11284,0,0.13525,0,0.10349,0.0033611,0,0,0,0,0,0.29215,0,0.22012,0.15059,0.1051,0,0
0.29103,0.44629,0.20078,0.29125,0.36585,0.29906,0.25127,0.25959,0.33331,0.060466,0.16877,0.32206,0.23312,0.13778,0.30414,0.25058,0.17721,0.21245,0.17372,0.18324,0.13627,0.34755,0.15539,0.25485,0.60515,0.59218,0.50973,0.39205,0.22144,0.40724,1,0.88804,0.54484,0.40207,0.39459,0.32989,0.21658,0,0,0.14999,0.19884,0,0.1839,0.25554,0.16285,0.21032,0.0454,0.072909,0.19637,0.17826,0.072087,0.18223,0.059713,0.13897,0.11892,0.26809,0.34024,0.37151,0.43069,0.30485,0.41494,0.33841,0.27861,0.41521,0.31187,0.49362,0.3233,0.22538,0.21636,0.24603,0.24322,0.18085,0.31763,0.41914,0.23727,0.27036,0,0.15643,0.19644,0.21339,0.22395,0.26706,0.3353,0.27373,0.23752,0.27088,0.29953,0.28654,0.22428,0.2233,0,0,0.057747,0,0,0.10528,0,0.073169,0.17993,0.10675,0.46726,0.082636,0.33381,0.20528,0.054524,0.1694,0.086852,0.067791,0,0.087311,0.003704,0.01854,0.13452,0,0,0
0.32778,0.47822,0.25236,0.36665,0.3553,0.32171,0.21968,0.36527,0.37481,0.16987,0.17554,0.42058,0.22772,0.26535,0.36149,0.30875,0.16321,0.29088,0.20907,0.25469,0.14293,0.34219,0.24225,0.36516,0.50299,0.59405,0.45543,0.3757,0.14976,0.30512,0.88804,1,0.55439,0.48839,0.45905,0.31671,0.18742,0,0.12052,0.18204,0.26357,0,0.19138,0.24542,0.18125,0.2643,0.11162,0.09975,0.24504,0.19343,0.13842,0.24802,0.12375,0.18785,0.20016,0.3364,0.37947,0.43094,0.45165,0.38043,0.41536,0.40368,0.23491,0.50419,0.29161,0.55771,0.36347,0.31713,0.26931,0.26803,0.21583,0.22175,0.30697,0.40022,0.22315,0.27279,0,0.2185,0.21617,0.19746,0.26212,0.25641,0.39963,0.24012,0.31573,0.33639,0.39164,0.32291,0.31584,0.33025,0.051509,0.07644,0.15034,0,0,0.0086518,0.044088,0.080401,0.24958,0.17955,0.46174,0.13436,0.3585,0.28567,0.16917,0.26766,0.18714,0.1483,0,0,0.08741,0.072013,0.16081,0,0,0
0.69544,0.80186,0.51849,0.60036,0.18327,0.32689,0.66191,0.60746,0.22108,0.28997,0.57319,0.60176,0.67169,0.52186,0.30641,0.25901,0.37783,0.44851,0.64028,0.65449,0.045387,0.19383,0.46134,0.46799,0.45674,0.28855,0.12034,0.13473,0.3786,0.45011,0.54484,0.55439,1,0.91609,0.34387,0.38426,0.21228,0.19952,0.13237,0.12917,0.20368,0.17255,0.35519,0.45128,0.30518,0.55282,0.34618,0.40575,0.53087,0.51968,0.45121,0.54026,0.42739,0.48244,0.36973,0.51401,0.78844,0.6681,0.7316,0.61611,0.74111,0.50959,0.51094,0.7329,0.37387,0.46224,0.63657,0.55485,0.53558,0.54403,0.19548,0.11325,0.5514,0.39251,0.47388,0.46647,0.28497,0.51872,0.35159,0.30986,0.5097,0.54768,0.4422,0.41157,0.43277,0.48613,0.36371,0.13702,0.34182,0.38198,0.27992,0.25493,0.23452,0,0,0.17459,0.35575,0.43029,0.47858,0.46724,0.17311,0.016677,0.18397,0.27458,0.32513,0.21872,0.27995,0.14398,0,0.068007,0.24128,0.43943,0.4286,0.22985,0,0
0.69688,0.76896,0.57108,0.64758,0.1468,0.38405,0.62151,0.64863,0.22406,0.41319,0.57515,0.68933,0.64867,0.60077,0.37083,0.24475,0.38562,0.45618,0.6871,0.72456,0.10774,0.16321,0.51675,0.49967,0.37203,0.23878,0.017145,0.095494,0.3239,0.3075,0.40207,0.48839,0.91609,1,0.35004,0.34478,0.1777,0.27422,0.16487,0.14679,0.25668,0.22,0.36723,0.45369,0.35763,0.60312,0.40428,0.48048,0.56289,0.52832,0.49863,0.58975,0.47773,0.5326,0.40802,0.58322,0.78279,0.72236,0.67617,0.64729,0.66391,0.56156,0.44189,0.72339,0.3989,0.485,0.65618,0.6278,0.60447,0.55076,0.16528,0.14446,0.54535,0.36682,0.5157,0.52834,0.45676,0.58867,0.33828,0.21095,0.53618,0.47304,0.44157,0.35126,0.49046,0.5482,0.41852,0.17607,0.42079,0.46619,0.38414,0.36274,0.29462,0.12525,0,0.063881,0.35826,0.37186,0.54051,0.55497,0.14585,0.092365,0.1239,0.31868,0.29461,0.20701,0.36615,0.2362,0,0,0.25925,0.50045,0.49815,0.2773,0,0
0.29521,0.31742,0.36297,0.28793,0.32507,0.26762,0.3301,0.30104,0.24919,0.1751,0.16023,0.22858,0.20663,0.20463,0.21963,0.12997,0,0,0.14875,0.11468,0.21742,0.34885,0.31854,0.25789,0.32874,0.23193,0.26192,0.28363,0,0,0.39459,0.45905,0.34387,0.35004,1,0.60165,0.18564,0.10446,0.061728,0.089254,0.03927,0,0.31887,0.26785,0.17812,0.26659,0.24524,0.13209,0.22337,0.13898,0.34871,0.25299,0.25473,0.26897,0.17507,0.18436,0.26905,0.33119,0.34894,0.22958,0.35188,0.35384,0,0.24043,0.44131,0.44839,0.5779,0.44276,0.17383,0.16573,0.16236,0.19185,0.42318,0.35304,0.21319,0.28727,0.24969,0.34788,0.085765,0.12488,0,0.13328,0.064932,0,0.15196,0.12296,0.09911,0.11477,0.3253,0.15292,0.095849,0.16722,0.18348,0.074417,0,0,0.1277,0.050392,0.26754,0.2559,0.10067,0.1159,0.047275,0.14583,0.12123,0.11404,0.13946,0.1186,0,0.012082,0.28256,0.25754,0.25643,0.020921,0,0
0.4192,0.35192,0.20027,0.29685,0.088118,0.25439,0.24544,0.26564,0.053095,0.02488,0.23277,0.18786,0.26546,0.11427,0.089861,0,0.10586,0.0053678,0.39537,0.32851,0.02399,0.1272,0.24081,0.19251,0.29445,0.16484,0.22624,0.32279,0.079787,0.09283,0.32989,0.31671,0.38426,0.34478,0.60165,1,0.12801,0.11929,0.054785,0.030896,0,0,0.18089,0.10573,0,0.2626,0.21741,0.10516,0.14034,0.12826,0.086834,0.15117,0.21264,0.18782,0.34049,0.29006,0.37075,0.31711,0.31906,0.35391,0.24652,0.32129,0.12523,0.28369,0.092287,0.30467,0.46464,0.4819,0.3818,0.35405,0.041781,0.10917,0.37725,0.28138,0.213,0.22594,0.14595,0.24677,0.027453,0.016336,0.11378,0.18029,0,0,0.15678,0.10884,0.19415,0,0.30821,0.29254,0.25883,0.17365,0.18856,0,0,0,0.15057,0.089577,0.35284,0.28163,0.1459,0,0.12748,0.26037,0.20835,0.11614,0.29154,0.17829,0.095388,0,0.25016,0.17573,0.21498,0.15349,0.048784,0.0037165
0.35902,0.25609,0.21009,0.25142,0,0.14194,0.39149,0.29385,0,0.009808,0.29686,0.038058,0.3064,0.092912,0,0.078165,0.22293,0.11874,0.351,0.31473,0.33435,0.14857,0.25247,0.26929,0.2766,0.41527,0,0.03479,0.28652,0.28221,0.21658,0.18742,0.21228,0.1777,0.18564,0.12801,1,0.64662,0.70581,0.72348,0.42075,0.25482,0.55368,0.48666,0.50912,0.39525,0.62085,0.5841,0.36453,0.41588,0.37259,0.29393,0.51843,0.52599,0.40241,0.45773,0.34661,0.069757,0.25266,0.07815,0.20109,0,0.31059,0,0.18187,0.044386,0.40336,0.31006,0.38949,0.54562,0,0,0,0,0.24896,0.098639,0.31991,0.30797,0.14183,0.33819,0.26474,0.2976,0.068894,0.4059,0.49516,0.31356,0.13459,0.12247,0.26895,0.44417,0.46002,0.518,0.35876,0.23531,0.42737,0.50593,0.27266,0.59984,0.37704,0.30057,0.02098,0.18152,0,0.021595,0.017329,0.1264,0.13997,0.066311,0.15372,0.3424,0,0.49698,0.44251,0.28932,0,0
0.35435,0.29344,0.23053,0.35592,0,0.25727,0.34159,0.38225,0,0.18991,0.41528,0.15269,0.373,0.25218,0,0,0.35121,0.20941,0.45654,0.48991,0.37812,0,0.33351,0.36174,0.23152,0.28036,0,0,0.30426,0.1318,0,0,0.19952,0.27422,0.10446,0.11929,0.64662,1,0.50537,0.72768,0.40897,0.43031,0.47874,0.37784,0.52678,0.45018,0.58108,0.65314,0.4651,0.45391,0.45462,0.41448,0.54712,0.5023,0.46414,0.50888,0.38464,0.1871,0.1833,0.2019,0.13196,0,0.24177,0.062014,0.22314,0.056171,0.43975,0.46642,0.4504,0.54737,0,0,0.02779,0,0.39534,0.20022,0.60312,0.3469,0.20249,0.25508,0.42577,0.31282,0.052542,0.33425,0.6628,0.50188,0.2313,0.097246,0.41185,0.36687,0.5808,0.5206,0.37209,0.33667,0.28597,0.16348,0.26028,0.39386,0.5341,0.46179,0,0.22637,0,0.15375,0,0.050333,0.29109,0.26273,0.10636,0,0.016796,0.49276,0.37782,0.38095,0,0
0.26468,0.20527,0.18229,0.24336,0,0.12814,0.2448,0.3034,0,0.066965,0.18155,0.07376,0.17535,0.14154,0,0,0.050561,0.10711,0.37061,0.38922,0.050397,0,0.31514,0.30184,0.11403,0.32286,0,0,0.025493,0,0,0.12052,0.13237,0.16487,0.061728,0.054785,0.70581,0.50537,1,0.64105,0.44417,0.18138,0.35507,0.28718,0.34375,0.23603,0.64573,0.42605,0.25558,0.23329,0.33722,0.17179,0.42261,0.41811,0.50423,0.41701,0.23313,0.13219,0.17341,0.11311,0.0082732,0,0.008161,0,0.027437,0,0.30801,0.27159,0.38324,0.43136,0,0,0,0,0.14123,0.054,0.32176,0.27928,0.10398,0.11283,0.19961,0.019844,0.17183,0.17655,0.5178,0.14903,0.30505,0.048562,0.34586,0.37122,0.50472,0.56127,0.36841,0.4106,0.56123,0.40342,0.51015,0.60409,0.32101,0.28877,0,0.24226,0.1532,0.16578,0.39546,0.37108,0.39867,0.26819,0.27742,0.15583,0,0.37779,0.32858,0.2434,0.057408,0.02847
0.34455,0.1844,0.20168,0.29224,0,0.28685,0.26177,0.29556,0,0.096285,0.32772,0.058621,0.27866,0.13414,0,0,0.25094,0.21228,0.39219,0.35089,0.27906,0,0.27721,0.32352,0.17242,0.40588,0,0,0.21098,0.20749,0.14999,0.18204,0.12917,0.14679,0.089254,0.030896,0.72348,0.72768,0.64105,1,0.59753,0.35289,0.46075,0.33861,0.48466,0.35382,0.47362,0.54876,0.4161,0.35934,0.35923,0.33621,0.5028,0.44665,0.45727,0.62518,0.30299,0.10731,0.13927,0.12893,0.024327,0,0.20664,0,0.23795,0.073995,0.35897,0.37527,0.44723,0.57167,0,0,0,0,0.1984,0.054175,0.32038,0.076635,0.13068,0.3292,0.34764,0.29401,0.20714,0.53132,0.60474,0.48383,0.40825,0.45703,0.4721,0.47802,0.51863,0.56119,0.44477,0.351,0.29143,0.34515,0.080365,0.35741,0.36193,0.38352,0.04291,0.33222,0,0.23063,0,0.12211,0.26196,0.36125,0,0.16347,0,0.40539,0.26442,0.23012,0,0
0.21741,0.19735,0.18202,0.28238,0,0.24601,0.095055,0.2954,0,0.28861,0.22573,0.18581,0.11034,0.26829,0.009932,0,0.33925,0.41585,0.33321,0.39594,0.12683,0,0.22334,0.31876,0.13257,0.35188,0,0,0.079553,0,0.19884,0.26357,0.20368,0.25668,0.03927,0,0.42075,0.40897,0.44417,0.59753,1,0.27514,0.32173,0.25341,0.51283,0.29992,0.36064,0.55528,0.46675,0.28424,0.31463,0.33931,0.42984,0.4512,0.34688,0.52044,0.32301,0.27183,0.14824,0.23019,0.032514,0.041005,0.089033,0.15704,0.22743,0.20798,0.28902,0.33556,0.3595,0.42238,0,0,0,0,0.27103,0.069462,0.36232,0.01326,0.13994,0.3006,0.40336,0.2192,0.18704,0.27375,0.58735,0.4826,0.38929,0.41182,0.50881,0.24781,0.46504,0.43116,0.4585,0.29557,0.31513,0.076612,0.12576,0.15524,0.49738,0.57726,0.24357,0.4392,0.088122,0.36586,0.10754,0.3622,0.30241,0.51144,0,0,0.16904,0.28793,0.2627,0.13773,0.036166,0.046622
0.092939,0.26365,0.20562,0.26291,0.18965,0.1279,0.28053,0.2941,0.1894,0.2327,0.17547,0.26169,0.17736,0.252,0.18978,0.30637,0.23785,0.24519,0.11724,0.2259,0.22183,0.11215,0.19049,0.24819,0.1553,0.12308,0,0,0.30176,0.22834,0,0,0.17255,0.22,0,0,0.25482,0.43031,0.18138,0.35289,0.27514,1,0.34034,0.47807,0.49438,0.36625,0.26691,0.4584,0.36362,0.40397,0.35716,0.40591,0.27623,0.27636,0,0.15507,0.15574,0.14222,0.15055,0.08786,0.20138,0.047549,0.34801,0.16679,0.34918,0.16584,0.21906,0.21447,0.11947,0.21055,0.063388,0,0.06765,0.085565,0.12198,0.19541,0.20076,0.2376,0.24467,0.12419,0.44584,0.23594,0.22074,0.4385,0.35531,0.47904,0,0.43771,0.10036,0.17937,0.17146,0.22016,0.16436,0.16543,0,0.093331,0.0053864,0.20208,0.17941,0.15476,0,0.066578,0,0,0,0,0,0,0,0,0.10551,0.35763,0.21541,0.047545,0,0.0056382
0.41078,0.45544,0.50099,0.46423,0.055955,0.37883,0.62054,0.59791,0.11778,0.3661,0.47339,0.36662,0.49478,0.43813,0.2472,0.37122,0.21709,0.20241,0.40688,0.38391,0.2964,0.1274,0.41812,0.42273,0.35,0.41313,0.056153,0.14544,0.23415,0.22673,0.1839,0.19138,0.35519,0.36723,0.31887,0.18089,0.55368,0.47874,0.35507,0.46075,0.32173,0.34034,1,0.81617,0.7758,0.75889,0.74017,0.7605,0.74344,0.75063,0.7753,0.74825,0.7263,0.76594,0.42351,0.53427,0.45517,0.2735,0.4034,0.2705,0.36233,0.079238,0.24344,0.1865,0.52651,0.34947,0.634,0.57809,0.42085,0.55932,0,0,0.21635,0.15272,0.36069,0.32833,0.41189,0.35647,0.30444,0.3138,0.3649,0.40976,0.086846,0.42857,0.55461,0.51307,0.15216,0.23074,0.52297,0.51096,0.53361,0.61397,0.62045,0.38594,0.24603,0.25473,0.34757,0.51318,0.59049,0.53409,0.12834,0.27261,0.13017,0.18976,0.037603,0.087906,0.21006,0.12235,0,0.16112,0.17386,0.62834,0.57535,0.4205,0,0
0.35584,0.45728,0.33285,0.34934,0.24455,0.31482,0.52208,0.49727,0.29909,0.322,0.39929,0.32617,0.43761,0.30872,0.3851,0.50538,0.20391,0.22654,0.33942,0.31332,0.29819,0.30396,0.27978,0.29278,0.32917,0.34579,0.10571,0.18886,0.21729,0.29488,0.25554,0.24542,0.45128,0.45369,0.26785,0.10573,0.48666,0.37784,0.28718,0.33861,0.25341,0.47807,0.81617,1,0.76774,0.76545,0.6317,0.70611,0.60743,0.72775,0.62985,0.66602,0.54392,0.60066,0.28131,0.44026,0.46102,0.34886,0.47618,0.33458,0.45275,0.14218,0.40036,0.30195,0.53719,0.36967,0.55927,0.4834,0.30798,0.45107,0.11097,0.0045002,0.24812,0.23726,0.32637,0.34255,0.3093,0.41986,0.23713,0.23265,0.4093,0.39882,0.20678,0.44309,0.51243,0.49505,0.15657,0.2849,0.40098,0.46423,0.37301,0.49182,0.35254,0.17839,0.07818,0.13311,0.18018,0.40789,0.40265,0.38391,0.15273,0.18561,0.15145,0.014251,0.010153,0,0.12482,0.0095078,0,0.044683,0.050825,0.57374,0.47069,0.18787,0,0
0.28532,0.3598,0.34011,0.39632,0.067204,0.39612,0.44829,0.51861,0.14855,0.45384,0.39011,0.31726,0.34862,0.34244,0.23724,0.32988,0.29164,0.25905,0.3136,0.37321,0.31102,0.072337,0.30217,0.36871,0.35875,0.44135,0,0,0.25364,0.13986,0.16285,0.18125,0.30518,0.35763,0.17812,0,0.50912,0.52678,0.34375,0.48466,0.51283,0.49438,0.7758,0.76774,1,0.81239,0.62141,0.77899,0.80562,0.75754,0.68308,0.70454,0.55766,0.58556,0.24209,0.45893,0.35452,0.24461,0.37028,0.32078,0.24244,0.075195,0.30222,0.16288,0.51623,0.34573,0.58936,0.55589,0.34218,0.50359,0,0,0.046602,0.024316,0.31159,0.24541,0.42887,0.29676,0.25871,0.24291,0.45559,0.35071,0.19006,0.43085,0.63799,0.66019,0.23439,0.33138,0.43705,0.37939,0.51066,0.519,0.49869,0.26701,0.16265,0.088166,0.17438,0.36253,0.52996,0.52598,0.19633,0.27624,0.048308,0.13025,0,0.05526,0.22133,0.1902,0,0,0.088301,0.5586,0.47929,0.26016,0,0
0.50043,0.53259,0.51092,0.60366,0.053427,0.48439,0.61757,0.70471,0.22307,0.563,0.53947,0.5081,0.59567,0.56195,0.34964,0.43571,0.32412,0.38562,0.55698,0.57446,0.25429,0.051486,0.50039,0.53268,0.4227,0.38817,0,0.050354,0.34036,0.31523,0.21032,0.2643,0.55282,0.60312,0.26659,0.2626,0.39525,0.45018,0.23603,0.35382,0.29992,0.36625,0.75889,0.76545,0.81239,1,0.65746,0.76828,0.86173,0.8781,0.70753,0.82101,0.61774,0.65743,0.36379,0.57545,0.57028,0.40761,0.52243,0.54244,0.43466,0.32836,0.44174,0.41802,0.51359,0.52319,0.74546,0.77917,0.55996,0.67857,0,0,0.25207,0.092452,0.36367,0.32397,0.44636,0.36938,0.27426,0.2748,0.50299,0.56628,0.25609,0.57636,0.61175,0.70317,0.333,0.27427,0.45612,0.49903,0.59416,0.56348,0.57842,0.30212,0.043542,0.15711,0.28894,0.45238,0.59581,0.61196,0.16331,0.22695,0.09809,0.28086,0.0076307,0,0.26175,0.18094,0,0.056478,0.19611,0.6338,0.55591,0.32848,0,0
0.41407,0.35941,0.35483,0.45084,0,0.412,0.44217,0.56763,0,0.36494,0.36517,0.2674,0.35358,0.36629,0.10746,0.11806,0.19985,0.23028,0.53666,0.54381,0.22083,0.014952,0.38201,0.36296,0.2863,0.36081,0,0.089754,0.12263,0.072409,0.0454,0.11162,0.34618,0.40428,0.24524,0.21741,0.62085,0.58108,0.64573,0.47362,0.36064,0.26691,0.74017,0.6317,0.62141,0.65746,1,0.8136,0.61921,0.5231,0.57628,0.52668,0.71344,0.68561,0.65133,0.60172,0.48513,0.33837,0.3493,0.37625,0.18205,0.15008,0.13686,0.20053,0.21835,0.21628,0.62203,0.62176,0.55438,0.61243,0,0,0.098381,0.057173,0.35047,0.24304,0.65662,0.44149,0.20711,0.25984,0.38441,0.34124,0.095626,0.335,0.65629,0.47021,0.31689,0.078428,0.5261,0.45065,0.71041,0.65668,0.54111,0.40284,0.49447,0.37601,0.67127,0.67346,0.70187,0.66272,0.037456,0.22615,0.076723,0.30111,0.26552,0.26827,0.44548,0.34093,0.30375,0.28036,0.21253,0.56809,0.55775,0.38053,0,0
0.4108,0.44312,0.42348,0.54073,0,0.41196,0.45781,0.59923,0,0.42675,0.43191,0.32433,0.40271,0.42911,0.16123,0.17999,0.34437,0.36437,0.57564,0.5872,0.31536,0,0.40946,0.44747,0.31149,0.33453,0,0.014524,0.23002,0.16685,0.072909,0.09975,0.40575,0.48048,0.13209,0.10516,0.5841,0.65314,0.42605,0.54876,0.55528,0.4584,0.7605,0.70611,0.77899,0.76828,0.8136,1,0.74372,0.68216,0.64286,0.67386,0.75601,0.72402,0.5195,0.66057,0.54128,0.37059,0.32568,0.3767,0.23931,0.11441,0.31919,0.24167,0.28257,0.24331,0.60628,0.63812,0.5959,0.66698,0,0,0.12045,0.044903,0.45536,0.28098,0.66479,0.417,0.22622,0.30055,0.55538,0.46903,0.15412,0.45696,0.72148,0.66321,0.28543,0.24718,0.54321,0.47519,0.72145,0.65086,0.60277,0.41477,0.29724,0.26801,0.41067,0.54343,0.72293,0.71313,0.032889,0.24948,0,0.2572,0.045442,0.12241,0.31895,0.29558,0.056977,0.16705,0.19884,0.63991,0.54334,0.40838,0,0
