1,0.80852,0.43765,0.32742,0.25361,0.14212,0.34772,0.24616,0.18957,0.21127,0.6416,0.33371,0.59738,0.4555,0.39843,0.19688,0.56194,0.63513,0.6861,0.60834,0.37178,0.22421,0.34168,0.18276,0.13478,0.14215,0.14236,0.31817,0.33949,0.12332,0.33265,0.29253,0.50057,0.52485,0.22694,0.083786,0.017579,0.10942,0.031447,0.13998,0.23759,0.26901,0.55427,0.55863,0.60318,0.60523,0.65541,0.51012,0.70729,0.70872,0.72614,0.69224,0.45344,0.51368,0.55335,0.57488,0.88181,0.79605,0.77616,0.70833,0.69054,0.61598,0.64466,0.62167,0.35731,0.28354,0.61788,0.45876,0.81996,0.70108,0.35717,0.13324,0.45665,0.47421,0.45476,0.50871,0.53173,0.47647,0.34065,0.16202,0.24884,0.43461,0.19035,0.22037,0.46565,0.35547,0.12697,0.078062,0.40872,0.26157,0.2386,0.17002,0.17811,0.14629,0.31302,0.26922,0.38367,0.38871,0.53908,0.42936,0.45515,0.35575,0.55174,0.54698,0.36468,0.38708,0.3073,0.10768,0.28089,0,0.28821,0.46239,0.53042,0.45891,0.37224,0.14614
0.80852,1,0.28242,0.26986,0.26886,0,0.23154,0.22673,0.19029,0.06121,0.41892,0.37358,0.3694,0.39047,0.27245,0.052496,0.4984,0.58383,0.55022,0.6049,0.20895,0.055457,0.11813,0.039259,0,0,0.18017,0.18061,0.25159,0.17135,0.17999,0.16173,0.3354,0.43593,0.038522,0,0.030544,0.19684,0.033034,0.13188,0.17503,0.26601,0.46266,0.47639,0.50444,0.49198,0.56293,0.50223,0.65494,0.60985,0.66194,0.65029,0.45981,0.42295,0.55955,0.5708,0.80472,0.87819,0.5621,0.68773,0.51893,0.59519,0.58121,0.68368,0.1456,0.071798,0.46736,0.33309,0.80635,0.68645,0.23549,0.032946,0.35866,0.42284,0.31151,0.37363,0.49314,0.47187,0.22427,0.20094,0.23761,0.43233,0.19676,0.18184,0.44849,0.33291,0.21075,0.14531,0.42806,0.26338,0.2282,0.10893,0.16297,0.061238,0.22657,0.21559,0.28869,0.38241,0.57953,0.36938,0.5789,0.33089,0.63307,0.5308,0.20504,0.20664,0.2036,0.05362,0.36784,0.13874,0.33903,0.36831,0.55054,0.39688,0.2616,0.080484
0.43765,0.28242,1,0.79264,0.33134,0.53798,0.87159,0.57731,0.2573,0.43851,0.44824,0.17089,0.57257,0.33219,0.40728,0.43688,0.098977,0.043997,0.5922,0.62048,0.34307,0.34061,0.83925,0.68633,0.65761,0.57491,0.22,0.48922,0.16453,0,0.5889,0.53606,0.42599,0.53039,0.64373,0.5025,0.1808,0.051892,0.2253,0.24671,0.2017,0.15964,0.45384,0.37306,0.36748,0.32178,0.48841,0.41358,0.37579,0.38885,0.38916,0.38959,0.26677,0.21895,0.35969,0.26341,0.29448,0.21046,0.44328,0.25303,0.56826,0.28199,0.29069,0.19784,0.58823,0.42645,0.56883,0.62776,0.3572,0.50956,0.20537,0.090224,0.16841,0.15695,0.30689,0.22265,0.35126,0.33999,0.14102,0,0.15692,0.25313,0.34676,0.31901,0.36076,0.36694,0.17333,0.10716,0.4217,0.4412,0.38263,0.46055,0.4477,0.58647,0.50514,0.35185,0.49015,0.4887,0.35089,0.39447,0.1007,0.27763,0.26384,0.28774,0.30386,0.35813,0.22406,0.13555,0.28537,0.16819,0.31235,0.45885,0.42752,0.3679,0.48254,0.24203
0.32742,0.26986,0.79264,1,0.23451,0.63446,0.73875,0.82151,0.16127,0.47559,0.33146,0.20985,0.39884,0.42259,0.2831,0.47982,0.10169,0.060695,0.46042,0.63852,0.29674,0.25577,0.71316,0.78648,0.67239,0.72523,0.29657,0.56016,0.16332,0.035617,0.6024,0.67404,0.40845,0.58249,0.5497,0.49266,0.10473,0.063848,0.2681,0.30922,0.21731,0.17994,0.41071,0.31401,0.28502,0.29247,0.45018,0.37803,0.29371,0.35208,0.33888,0.36563,0.289,0.18558,0.41704,0.30112,0.26686,0.20832,0.35688,0.28008,0.48496,0.33614,0.23064,0.12568,0.47571,0.58866,0.4886,0.64432,0.31103,0.49654,0.21962,0.020179,0.12238,0.10815,0.21785,0.14339,0.30706,0.32246,0.16381,0,0.25176,0.30486,0.40046,0.35242,0.30751,0.43451,0.20328,0.20714,0.42789,0.49914,0.4519,0.36238,0.57788,0.454,0.54255,0.32469,0.54295,0.62777,0.40154,0.43724,0.14497,0.20198,0.2699,0.22569,0.30511,0.28277,0.17613,0.055843,0.40521,0.26009,0.28447,0.47281,0.44841,0.23638,0.39928,0.25162
0.25361,0.26886,0.33134,0.23451,1,0.10916,0.39702,0.12792,0.88366,0.4999,0.24841,0.33752,0.41886,0.3053,0.44212,0.27857,0.20354,0.34317,0.4769,0.38742,0.18176,0,0.35326,0.40736,0.27818,0.067161,0.72663,0.41568,0.087127,0.12355,0.24244,0.34957,0.2445,0.27576,0.3816,0.3759,0.052492,0.054067,0,0,0,0,0.11639,0.16246,0.16887,0.23293,0.28814,0.13784,0.26005,0.10646,0.13153,0.302,0.098881,0.19853,0.41272,0.31822,0.27973,0.38172,0.46577,0.45728,0.26566,0.41306,0.087035,0.1655,0.26815,0.35215,0.42991,0.27515,0.44967,0.43339,0.033297,0.01807,0.18228,0.21071,0.1973,0.22623,0.33649,0.32489,0.14808,0.44805,0,0.24774,0,0.28911,0.24817,0,0,0.074137,0.41893,0.50496,0.56676,0.54555,0.41088,0.44232,0.10049,0.012915,0.35117,0,0.56162,0.2081,0.47843,0.53783,0.37359,0.47481,0.039574,0.21334,0.14028,0.29546,0.28546,0.24524,0.41949,0.32675,0.34375,0.1874,0.015962,0.18218
0.14212,0,0.53798,0.63446,0.10916,1,0.41405,0.52766,0.092079,0.63569,0.36388,0.085425,0.2914,0.2841,0.31196,0.62467,0.1385,0,0.18466,0.27749,0.49485,0.61714,0.54304,0.53593,0.68491,0.81681,0.070956,0.56692,0.21402,0.088113,0.54691,0.50163,0.3967,0.39022,0.3748,0.27068,0.098437,0.060603,0.18784,0.23407,0.26357,0.14978,0.25054,0.11663,0.24246,0.19827,0.22546,0.19055,0.1276,0.18851,0.16839,0.007243,0.13559,0.10802,0.036623,0.029143,0.12878,0.017575,0.21915,0.10051,0.37026,0.14271,0.22397,0.039291,0.47858,0.50071,0.24183,0.39911,0.090607,0.29613,0.32177,0.16314,0.027699,0.039783,0.17548,0.068965,0.037776,0.042251,0.26506,0,0.35523,0.31373,0.4236,0.35627,0.14334,0.40085,0.094579,0.11944,0.18499,0.15149,0.34196,0.19188,0.41562,0.38045,0.37797,0.17498,0.34654,0.41371,0.05699,0.35127,0,0,0.021624,0,0.30694,0.2069,0.084105,0,0,0,0.11105,0.38405,0.19548,0.039643,0.2571,0.26906
0.34772,0.23154,0.87159,0.73875,0.39702,0.41405,1,0.68487,0.38951,0.50673,0.36741,0.22166,0.65138,0.45388,0.33456,0.43482,0.050077,0.030028,0.47833,0.54012,0.23226,0.15489,0.68921,0.63051,0.57973,0.4591,0.29176,0.40366,0.090682,0,0.48367,0.53591,0.35234,0.51998,0.58261,0.42254,0.12977,0.0035255,0.19801,0.1631,0.1386,0.086893,0.35159,0.27676,0.2394,0.21175,0.38802,0.29832,0.30972,0.35346,0.30124,0.41263,0.1888,0.13114,0.37516,0.24952,0.19902,0.17158,0.4889,0.28012,0.60416,0.39982,0.27622,0.21714,0.46174,0.4763,0.54394,0.58267,0.29864,0.49984,0.12149,0.062764,0.11446,0.11856,0.20463,0.18043,0.40131,0.42668,0.011002,0,0.033501,0.20924,0.24109,0.23734,0.31744,0.25261,0.1576,0.068511,0.41014,0.47905,0.43844,0.52122,0.52858,0.6534,0.41693,0.257,0.43721,0.43054,0.41892,0.36206,0.17196,0.37722,0.21771,0.307,0.1853,0.27024,0.16972,0.09316,0.32088,0.22831,0.26386,0.42517,0.43864,0.28509,0.35003,0.18084
0.24616,0.22673,0.57731,0.82151,0.12792,0.52766,0.68487,1,0.12274,0.54044,0.21506,0.2182,0.39182,0.60972,0.16514,0.47476,0.026295,0.11328,0.34976,0.53349,0.11291,0.13351,0.41108,0.54837,0.35677,0.48056,0.10493,0.37115,0.12625,0.07394,0.40061,0.51456,0.2721,0.49474,0.27477,0.31884,0,0.036013,0.15492,0.22175,0.17413,0.14702,0.31808,0.25033,0.13826,0.14408,0.33993,0.2741,0.21532,0.34639,0.26903,0.34481,0.21655,0.060471,0.3643,0.21743,0.19344,0.20201,0.34995,0.36167,0.51551,0.4764,0.20668,0.1811,0.20495,0.51654,0.33138,0.53254,0.22063,0.47285,0.10711,0,0.076994,0.024241,0.14056,0.11062,0.29083,0.3268,0.011743,0,0.11639,0.1751,0.215,0.2165,0.18059,0.25571,0.12935,0.031381,0.33843,0.32568,0.37239,0.29869,0.58189,0.35245,0.36774,0.31046,0.45065,0.49752,0.34698,0.38125,0.19311,0.16825,0.23974,0.2039,0.31208,0.28062,0.18438,0.1302,0.22782,0.10337,0.10027,0.37817,0.39022,0.23454,0.35363,0.31575
0.18957,0.19029,0.2573,0.16127,0.88366,0.092079,0.38951,0.12274,1,0.53492,0.18631,0.31619,0.41803,0.28411,0.40576,0.2833,0.11653,0.27928,0.39686,0.32483,0.12799,0,0.25633,0.31109,0.21036,0.022469,0.60261,0.34854,0.050189,0.051087,0.1474,0.26642,0.16956,0.23667,0.29968,0.24875,0,0,0,0,0,0,0.057164,0.061894,0.10976,0.1502,0.19652,0.072119,0.23664,0.092491,0.085288,0.24307,0.1168,0.15288,0.36511,0.24516,0.2088,0.31605,0.47645,0.41899,0.27233,0.40831,0.020398,0.10655,0.18946,0.31788,0.38259,0.20833,0.36633,0.35374,0.0028364,0,0.12795,0.095758,0.17001,0.20961,0.35547,0.31888,0.074358,0.29769,0,0.14313,0,0.21982,0.15203,0,0,0.051054,0.35758,0.36132,0.45794,0.46306,0.30994,0.36294,0.063304,0.030857,0.26913,0,0.47451,0.10345,0.38836,0.49077,0.27405,0.37364,0,0.13933,0.11965,0.26551,0.19862,0.29722,0.3496,0.21951,0.22376,0.11645,0,0.12414
0.21127,0.06121,0.43851,0.47559,0.4999,0.63569,0.50673,0.54044,0.53492,1,0.28961,0.25519,0.39412,0.48147,0.33891,0.67109,0.11888,0.1741,0.2882,0.31197,0.25128,0.22775,0.40967,0.49189,0.42154,0.45542,0.30061,0.4363,0.022073,0,0.27025,0.34859,0.22082,0.27069,0.25334,0.19444,0.074938,0.07711,0.12055,0.16411,0.066571,0.10473,0.25859,0.20895,0.20203,0.19571,0.28153,0.20548,0.26834,0.28946,0.22069,0.27581,0.20871,0.26088,0.27647,0.23564,0.16911,0.15426,0.45116,0.4013,0.36394,0.338,0.11502,0.022537,0.32903,0.49054,0.33772,0.38872,0.24726,0.43653,0.22135,0.076491,0,0.019016,0.082513,0.10339,0.11506,0.14536,0.065625,0.008412,0.037657,0.18243,0.18092,0.2878,0.18085,0.1057,0.12638,0.11336,0.34469,0.34577,0.58736,0.53151,0.56565,0.52967,0.24173,0.05129,0.35952,0.28316,0.37051,0.41912,0.17738,0.33347,0.13148,0.19061,0.16906,0.2152,0.061696,0.08098,0.043856,0.0739,0.15664,0.33977,0.29165,0.012101,0.059913,0.1824
0.6416,0.41892,0.44824,0.33146,0.24841,0.36388,0.36741,0.21506,0.18631,0.28961,1,0.5959,0.72206,0.51943,0.64576,0.51327,0.59356,0.50117,0.64838,0.57206,0.45959,0.39275,0.33247,0.21053,0.31575,0.32042,0.042131,0.36029,0.62938,0.53322,0.60901,0.49503,0.63963,0.57526,0.26967,0.17257,0,0,0,0,0.28468,0.19378,0.15238,0.1517,0.26421,0.28158,0.27158,0.092239,0.25751,0.32981,0.27805,0.19612,0,0.051014,0.1019,0.12157,0.50329,0.39341,0.54129,0.38179,0.63119,0.50197,0.69943,0.54954,0.48463,0.43708,0.38786,0.29586,0.45162,0.37684,0.34097,0.20536,0.5515,0.5398,0.5861,0.45754,0.29865,0.21198,0.44326,0.25375,0.42601,0.54192,0.33011,0.49117,0.41593,0.41651,0,0,0.14352,0.1309,0.13385,0.081023,0.080322,0.1239,0.36137,0.30529,0.46888,0.27139,0.23745,0.22783,0.20579,0.11797,0.32557,0.26257,0.49882,0.45356,0.40806,0.18534,0.22097,0,0.23213,0.532,0.49082,0.44407,0.45674,0.43109
0.33371,0.37358,0.17089,0.20985,0.33752,0.085425,0.22166,0.2182,0.31619,0.25519,0.5959,1,0.47676,0.64897,0.54133,0.59937,0.38627,0.46456,0.41216,0.43502,0.17744,0.047781,0.057068,0.13247,0.067403,0.066177,0.16586,0.186,0.48058,0.54821,0.35904,0.39581,0.38225,0.40296,0.038912,0.099209,0,0.044905,0,0,0.12775,0.1219,0,0,0,0.018005,0.056504,0,0.041175,0.1193,0.077584,0.16467,0,0,0.13247,0.16381,0.25044,0.29255,0.33084,0.3088,0.38165,0.49207,0.39762,0.40311,0.30158,0.41702,0.24232,0.19493,0.31822,0.27353,0.1865,0.0089966,0.42098,0.45463,0.34737,0.30443,0.21597,0.17188,0.32015,0.33762,0.25184,0.40954,0.22818,0.52424,0.31315,0.28209,0.009358,0.037472,0.10579,0.26148,0.14912,0.1065,0.069214,0,0.1848,0.17365,0.369,0.20929,0.23182,0.10378,0.38925,0.1963,0.34651,0.31023,0.36063,0.33805,0.31801,0.22528,0.21144,0,0.2255,0.33766,0.39133,0.32464,0.31006,0.34102
0.59738,0.3694,0.57257,0.39884,0.41886,0.2914,0.65138,0.39182,0.41803,0.39412,0.72206,0.47676,1,0.65287,0.68801,0.50701,0.55368,0.53217,0.63805,0.55588,0.46262,0.30632,0.47716,0.3204,0.37306,0.28658,0.27878,0.4293,0.54166,0.34026,0.51891,0.56925,0.43879,0.54859,0.43272,0.21955,0.14016,0.12657,0.084634,0.13535,0.30826,0.26168,0.36318,0.34786,0.38236,0.38764,0.43291,0.30354,0.41065,0.40467,0.39164,0.42059,0.19232,0.20315,0.37646,0.34307,0.45337,0.40055,0.65247,0.43025,0.70451,0.51606,0.58249,0.42508,0.5286,0.53696,0.52697,0.44536,0.43723,0.51435,0.37181,0.31613,0.51978,0.45372,0.489,0.43444,0.49741,0.43837,0.36355,0.23691,0.33312,0.50486,0.32503,0.38068,0.54087,0.38013,0.12448,0.10427,0.42694,0.3392,0.23827,0.30373,0.24636,0.39169,0.28819,0.19665,0.40259,0.26847,0.38002,0.27773,0.30653,0.37847,0.26968,0.3355,0.25664,0.30436,0.28423,0.092017,0.32231,0,0.15097,0.41426,0.50829,0.37285,0.42624,0.25223
0.4555,0.39047,0.33219,0.42259,0.3053,0.2841,0.45388,0.60972,0.28411,0.48147,0.51943,0.64897,0.65287,1,0.42151,0.65241,0.41555,0.54962,0.51536,0.58008,0.22333,0.13228,0.18516,0.28496,0.14692,0.17759,0.13396,0.27149,0.39479,0.43776,0.32726,0.37412,0.36165,0.50593,0.12805,0.1801,0,0.10251,0,0.055074,0.21032,0.23448,0.20139,0.20545,0.18975,0.21232,0.3172,0.19788,0.29765,0.41175,0.31693,0.37911,0.13607,0.099309,0.29288,0.25861,0.40043,0.39548,0.51038,0.51739,0.54638,0.61336,0.43211,0.49302,0.18731,0.48582,0.34129,0.39829,0.41994,0.52198,0.17626,0,0.32375,0.32496,0.29696,0.30035,0.30579,0.30578,0.31164,0.17551,0.23712,0.43243,0.15733,0.43971,0.29891,0.27661,0.0067564,0.0054524,0.24672,0.28879,0.34687,0.29891,0.32179,0.19497,0.22884,0.25928,0.46044,0.3023,0.40361,0.36096,0.36362,0.25216,0.36701,0.41227,0.40976,0.43183,0.37489,0.25559,0.14175,0,0.24939,0.50705,0.39992,0.37412,0.39357,0.39738
0.39843,0.27245,0.40728,0.2831,0.44212,0.31196,0.33456,0.16514,0.40576,0.33891,0.64576,0.54133,0.68801,0.42151,1,0.5977,0.5286,0.49483,0.56628,0.50431,0.47595,0.37,0.36222,0.23139,0.29789,0.25509,0.33768,0.48801,0.57318,0.43294,0.46811,0.49771,0.22732,0.25648,0.2089,0.122,0.33063,0.33823,0.27002,0.32913,0.34304,0.45357,0.35533,0.36239,0.35138,0.31785,0.45141,0.33841,0.25965,0.17988,0.27245,0.24221,0.18827,0.24797,0.36503,0.39812,0.29596,0.2845,0.35271,0.28084,0.33931,0.21341,0.36565,0.15239,0.5364,0.39736,0.27948,0.26247,0.35204,0.39056,0.41733,0.39631,0.42326,0.41865,0.3775,0.31503,0.23243,0.164,0.44509,0.3667,0.51403,0.54242,0.55124,0.59418,0.74195,0.57016,0.34855,0.40941,0.52015,0.45535,0.28365,0.32513,0.22193,0.29936,0.14328,0,0.2899,0.21224,0.29072,0.2571,0.31301,0.32296,0.27572,0.17706,0.082244,0.06103,0.039075,0,0.26619,0,0.068288,0.30916,0.48092,0.13308,0.22838,0.26325
0.19688,0.052496,0.43688,0.47982,0.27857,0.62467,0.43482,0.47476,0.2833,0.67109,0.51327,0.59937,0.50701,0.65241,0.5977,1,0.31206,0.23918,0.32418,0.41366,0.39297,0.39797,0.33375,0.40174,0.43769,0.49271,0.14902,0.43171,0.40946,0.38645,0.47754,0.4973,0.32509,0.34538,0.1855,0.16944,0.10708,0.08784,0.12658,0.18459,0.27467,0.23511,0.17663,0.15473,0.144,0.12675,0.2224,0.15437,0.11334,0.20843,0.15658,0.12121,0,0.058554,0.081735,0.13465,0.11216,0.044647,0.27179,0.20943,0.33422,0.23843,0.2586,0.12132,0.4369,0.54874,0.19952,0.32626,0.13342,0.33598,0.25995,0.072425,0.19219,0.17907,0.23816,0.16066,0.027441,0.026381,0.36928,0.08241,0.38228,0.41891,0.43403,0.6532,0.34218,0.44112,0.11273,0.16593,0.19032,0.36538,0.34231,0.31937,0.36638,0.33489,0.31588,0.15833,0.42859,0.35165,0.18714,0.33447,0.081292,0.15445,0.10244,0.1035,0.36247,0.32134,0.20869,0.093862,0.058313,0,0.1364,0.45405,0.35952,0.15152,0.33172,0.41788
0.56194,0.4984,0.098977,0.10169,0.20354,0.1385,0.050077,0.026295,0.11653,0.11888,0.59356,0.38627,0.55368,0.41555,0.5286,0.31206,1,0.73962,0.3982,0.34834,0.58445,0.41191,0.090207,0,0.11766,0.13595,0.2391,0.37227,0.73806,0.56246,0.3828,0.36617,0.36336,0.3726,0.029457,0,0.21201,0.28681,0.04943,0.1466,0.4077,0.42766,0.35218,0.37572,0.47536,0.51233,0.39373,0.31535,0.43657,0.39301,0.41779,0.33292,0.2354,0.33768,0.23191,0.37484,0.589,0.50981,0.41348,0.36737,0.35275,0.2912,0.65174,0.47277,0.3271,0.32568,0.28421,0.18453,0.48547,0.37803,0.49097,0.38862,0.58738,0.59457,0.43486,0.4354,0.27595,0.21295,0.6656,0.50222,0.64729,0.76531,0.37077,0.40849,0.51655,0.51809,0.10821,0.17766,0.26681,0.14402,0.15243,0.069428,0.01203,0.055491,0.15615,0.093004,0.21289,0.24088,0.28915,0.29626,0.3073,0.16729,0.30888,0.23025,0.16182,0.085456,0.20997,0,0.24858,0,0.17356,0.37275,0.48289,0.22672,0.20059,0.17199
0.63513,0.58383,0.043997,0.060695,0.34317,0,0.030028,0.11328,0.27928,0.1741,0.50117,0.46456,0.53217,0.54962,0.49483,0.23918,0.73962,1,0.48678,0.43245,0.33914,0.14783,0.011889,0,0,0,0.22787,0.24615,0.50898,0.46391,0.24502,0.27609,0.27866,0.28546,0.017348,0,0.090984,0.2683,0,0.095126,0.23277,0.33782,0.38232,0.46454,0.45676,0.52655,0.44834,0.3226,0.50302,0.47048,0.47017,0.48913,0.3308,0.38351,0.47997,0.51436,0.68149,0.69169,0.55369,0.58997,0.45253,0.51966,0.49584,0.48672,0.2461,0.32603,0.39313,0.26371,0.61811,0.49786,0.39006,0.27937,0.5058,0.52787,0.41104,0.48456,0.36169,0.29937,0.46265,0.5407,0.34014,0.55895,0.094621,0.28982,0.46504,0.30968,0.10697,0.13146,0.33131,0.16742,0.20127,0.099604,0.047248,0,0,0.019352,0.2177,0.093847,0.43612,0.24055,0.50059,0.3109,0.39048,0.38444,0.15175,0.18085,0.21541,0.10934,0.24449,0,0.16366,0.30303,0.42234,0.27057,0.15918,0.16122
0.6861,0.55022,0.5922,0.46042,0.4769,0.18466,0.47833,0.34976,0.39686,0.2882,0.64838,0.41216,0.63805,0.51536,0.56628,0.32418,0.3982,0.48678,1,0.88415,0.26142,0.11635,0.42399,0.34597,0.18717,0.13403,0.22069,0.41992,0.44336,0.29286,0.46756,0.40955,0.54262,0.61415,0.40879,0.4588,0.050422,0.097762,0,0.066848,0.13943,0.1885,0.32015,0.29321,0.39526,0.39719,0.55994,0.35281,0.46521,0.40751,0.42939,0.41362,0.2486,0.2567,0.47425,0.37905,0.60531,0.55319,0.61993,0.54699,0.65046,0.54683,0.51993,0.52396,0.34868,0.33681,0.52898,0.42947,0.71262,0.62966,0.12087,0,0.50091,0.39947,0.57421,0.48858,0.47982,0.41323,0.34375,0.21673,0.25341,0.4161,0.16818,0.3879,0.42951,0.26727,0,0,0.44717,0.35531,0.34636,0.35691,0.29924,0.25613,0.47198,0.4939,0.60254,0.32245,0.5149,0.35975,0.43503,0.33781,0.60418,0.55443,0.44373,0.52528,0.48671,0.42254,0.36955,0.15824,0.46821,0.55255,0.49835,0.54428,0.48681,0.42602
0.60834,0.6049,0.62048,0.63852,0.38742,0.27749,0.54012,0.53349,0.32483,0.31197,0.57206,0.43502,0.55588,0.58008,0.50431,0.41366,0.34834,0.43245,0.88415,1,0.22559,0.12211,0.3944,0.40372,0.25568,0.23897,0.18553,0.4074,0.40035,0.32697,0.50396,0.45959,0.50181,0.64783,0.35141,0.43176,0.03181,0.090608,0.047006,0.1502,0.21493,0.21394,0.34253,0.27788,0.38754,0.36911,0.56496,0.38613,0.45584,0.42224,0.45136,0.41125,0.32332,0.25001,0.49066,0.38781,0.57958,0.53861,0.56615,0.56723,0.63669,0.56065,0.51405,0.53785,0.28024,0.33523,0.49722,0.48976,0.67751,0.69053,0.081438,0,0.35252,0.28228,0.4311,0.378,0.42153,0.38851,0.2987,0.13372,0.31065,0.44997,0.26815,0.47208,0.42562,0.37954,0.054003,0.060247,0.44481,0.42632,0.40339,0.37705,0.38185,0.29578,0.50952,0.49805,0.64734,0.47615,0.56211,0.46065,0.41558,0.31816,0.60837,0.53475,0.4242,0.47834,0.43581,0.36859,0.44453,0.20227,0.47383,0.60476,0.58169,0.51947,0.53257,0.4549
0.37178,0.20895,0.34307,0.29674,0.18176,0.49485,0.23226,0.11291,0.12799,0.25128,0.45959,0.17744,0.46262,0.22333,0.47595,0.39297,0.58445,0.33914,0.26142,0.22559,1,0.82631,0.32021,0.13959,0.45813,0.45783,0.30585,0.62769,0.53937,0.29412,0.57541,0.50841,0.38344,0.37522,0.30144,0.086503,0.19265,0.17029,0.11657,0.17148,0.37733,0.32484,0.34472,0.32506,0.42918,0.49685,0.2977,0.25909,0.33898,0.29994,0.32946,0.22302,0.10573,0.19341,0.11136,0.22623,0.38248,0.25816,0.31392,0.18385,0.32233,0.11997,0.47096,0.24505,0.49892,0.38889,0.40859,0.38408,0.23697,0.27988,0.72389,0.6541,0.47852,0.51744,0.48482,0.46294,0.2963,0.24592,0.59644,0.17407,0.52276,0.55513,0.38925,0.33148,0.37836,0.44791,0.041207,0.13008,0.20086,0.14175,0.077326,0.042807,0.027126,0.14794,0.20318,0.080619,0.16829,0.25633,0.088299,0.19709,0.02976,0.089177,0.027755,0.049119,0.11261,0.07689,0.077483,0,0.10812,0,0.076869,0.27094,0.31846,0.048714,0.15136,0.11519
0.22421,0.055457,0.34061,0.25577,0,0.61714,0.15489,0.13351,0,0.22775,0.39275,0.047781,0.30632,0.13228,0.37,0.39797,0.41191,0.14783,0.11635,0.12211,0.82631,1,0.28647,0.046146,0.4364,0.51774,0,0.54741,0.4492,0.21502,0.51245,0.35127,0.32627,0.26107,0.19654,0.020991,0.19126,0.1618,0.18549,0.24818,0.41448,0.32214,0.33274,0.27234,0.41022,0.39838,0.25582,0.25973,0.26887,0.30695,0.32321,0.095487,0.090429,0.14102,0,0.094366,0.28011,0.11138,0.1652,0.047673,0.28471,0,0.41491,0.15457,0.45,0.23436,0.27319,0.35244,0.099006,0.20766,0.62093,0.55177,0.22919,0.27178,0.32385,0.23712,0.04367,0.015935,0.49073,0.0051755,0.54204,0.46287,0.43898,0.28769,0.2919,0.48021,0.079873,0.10081,0.097723,0,0.034731,0,0.02882,0.14855,0.25741,0.13572,0.14763,0.32341,0,0.25143,0,0,0,0,0.16703,0.058778,0.068967,0,0,0,0,0.25929,0.20975,0,0.16032,0.17192
0.34168,0.11813,0.83925,0.71316,0.35326,0.54304,0.68921,0.41108,0.25633,0.40967,0.33247,0.057068,0.47716,0.18516,0.36222,0.33375,0.090207,0.011889,0.42399,0.3944,0.32021,0.28647,1,0.85583,0.74911,0.65847,0.32872,0.49158,0.077003,0,0.59413,0.59315,0.39862,0.46915,0.70943,0.51665,0.23558,0.074098,0.27868,0.2919,0.16959,0.17168,0.37549,0.30819,0.26259,0.25349,0.40615,0.34972,0.2498,0.24278,0.27095,0.31633,0.26978,0.29465,0.33751,0.27134,0.21656,0.11488,0.35176,0.14065,0.38759,0.17669,0.13392,0.002816,0.6206,0.46662,0.49398,0.49742,0.24866,0.33717,0.26409,0.14397,0.18073,0.15435,0.25124,0.18376,0.31071,0.30829,0.19742,0,0.1217,0.17645,0.35103,0.25918,0.29062,0.28894,0.20469,0.22758,0.38022,0.43634,0.36179,0.39773,0.44798,0.53807,0.44534,0.21629,0.36933,0.4062,0.22788,0.27513,0.026865,0.21349,0.11211,0.16622,0.19336,0.24369,0.12982,0,0.24536,0.26439,0.25916,0.33965,0.28983,0.2495,0.33113,0.036379
0.18276,0.039259,0.68633,0.78648,0.40736,0.53593,0.63051,0.54837,0.31109,0.49189,0.21053,0.13247,0.3204,0.28496,0.23139,0.40174,0,0,0.34597,0.40372,0.13959,0.046146,0.85583,1,0.67316,0.64412,0.39462,0.4371,0,0,0.4853,0.58219,0.33507,0.43374,0.5621,0.50656,0.11124,0,0.20581,0.19833,0.048463,0.038553,0.20636,0.15557,0.051033,0.068378,0.29742,0.22919,0.06685,0.10657,0.084529,0.21635,0.14136,0.19288,0.30013,0.196,0.077744,0.023229,0.23484,0.133,0.25203,0.22102,0,0,0.38033,0.50472,0.30739,0.35736,0.17013,0.26,0.12374,0,0.076119,0.046809,0.11229,0.060399,0.21277,0.23932,0.10918,0,0.011723,0.072304,0.25975,0.30039,0.13427,0.15706,0.15429,0.20823,0.30848,0.51154,0.46662,0.42837,0.55994,0.48888,0.45037,0.18326,0.4657,0.37007,0.2765,0.25668,0.079548,0.22859,0.13348,0.20434,0.2395,0.27392,0.12173,0.075854,0.30389,0.35112,0.30874,0.34436,0.2659,0.22488,0.27808,0.0956
0.13478,0,0.65761,0.67239,0.27818,0.68491,0.57973,0.35677,0.21036,0.42154,0.31575,0.067403,0.37306,0.14692,0.29789,0.43769,0.11766,0,0.18717,0.25568,0.45813,0.4364,0.74911,0.67316,1,0.88229,0.41145,0.59736,0.17441,0.056766,0.66587,0.64053,0.42766,0.44694,0.64754,0.43656,0.19849,0.035657,0.24374,0.2436,0.11047,0.050026,0.248,0.1657,0.24165,0.24861,0.24099,0.19041,0.17195,0.18685,0.17316,0.15027,0.06042,0.12772,0.12944,0.11795,0.091692,0,0.23311,0.039595,0.30496,0.063831,0.17669,0,0.61156,0.52382,0.45145,0.51412,0.099332,0.24785,0.30906,0.1895,0.027132,0.10321,0.14294,0.066243,0.16297,0.17117,0.306,0,0.30356,0.35287,0.41348,0.35303,0.2469,0.38956,0.0877,0.2288,0.23602,0.35772,0.3282,0.25588,0.32529,0.44657,0.38927,0.10407,0.3569,0.40149,0.13995,0.20494,0,0.084445,0,0,0.15146,0.13965,0.032642,0,0.17594,0.086205,0.21758,0.36268,0.22024,0.025998,0.20911,0.15309
0.14215,0,0.57491,0.72523,0.067161,0.81681,0.4591,0.48056,0.022469,0.45542,0.32042,0.066177,0.28658,0.17759,0.25509,0.49271,0.13595,0,0.13403,0.23897,0.45783,0.51774,0.65847,0.64412,0.88229,1,0.27881,0.64977,0.22732,0.067975,0.64563,0.64482,0.40549,0.4212,0.48428,0.32484,0.12605,0.014938,0.25248,0.27523,0.20699,0.10004,0.26737,0.16449,0.2228,0.22056,0.24417,0.1905,0.14745,0.21652,0.19039,0.12294,0.091067,0.096716,0.097825,0.087165,0.10679,0,0.17128,0.01943,0.29295,0.067061,0.20295,0,0.55452,0.57991,0.32697,0.47324,0.057737,0.22636,0.34492,0.16933,0.023374,0.094264,0.16254,0.058415,0.078394,0.080707,0.32675,0,0.40215,0.3625,0.50379,0.37197,0.21035,0.44413,0.13257,0.23063,0.19866,0.2473,0.26292,0.13485,0.33515,0.33117,0.45957,0.19073,0.37923,0.48838,0.05392,0.24437,0,0,0,0,0.27038,0.15788,0.051118,0,0.12225,0.00062631,0.083435,0.32817,0.24729,0.028438,0.26032,0.21255
0.14236,0.18017,0.22,0.29657,0.72663,0.070956,0.29176,0.10493,0.60261,0.30061,0.042131,0.16586,0.27878,0.13396,0.33768,0.14902,0.2391,0.22787,0.22069,0.18553,0.30585,0,0.32872,0.39462,0.41145,0.27881,1,0.64982,0.098609,0.019605,0.21571,0.42983,0.066078,0.16791,0.27803,0.22174,0.096747,0.049207,0.094087,0.040081,0,0,0.17756,0.21001,0.2003,0.27757,0.26511,0.17417,0.22436,0.085024,0.116,0.30815,0.063855,0.21934,0.37814,0.34723,0.15115,0.23855,0.23905,0.21763,0.023812,0.12322,0,0,0.28802,0.385,0.31861,0.24973,0.27296,0.29485,0.25203,0.21704,0.0874,0.18264,0.02527,0.097384,0.21552,0.26539,0.29771,0.39425,0.18091,0.35463,0.21552,0.27245,0.33781,0.11656,0.13188,0.25706,0.4704,0.57814,0.42193,0.40436,0.2888,0.35424,0.11768,0,0.2197,0.076117,0.42272,0.11608,0.32532,0.48105,0.19064,0.28968,0,0,0,0,0.35547,0.3017,0.23562,0.16131,0.31441,0,0,0.0089204
0.31817,0.18061,0.48922,0.56016,0.41568,0.56692,0.40366,0.37115,0.34854,0.4363,0.36029,0.186,0.4293,0.27149,0.48801,0.43171,0.37227,0.24615,0.41992,0.4074,0.62769,0.54741,0.49158,0.4371,0.59736,0.64977,0.64982,1,0.41465,0.18937,0.59524,0.64444,0.41006,0.4589,0.40576,0.33832,0.023744,0,0.060999,0.10216,0.068696,0.10351,0.32039,0.27062,0.3851,0.44358,0.40058,0.25259,0.31804,0.2933,0.28027,0.26206,0.063873,0.13548,0.26493,0.23803,0.32469,0.27261,0.38406,0.27289,0.36202,0.19743,0.2801,0.10863,0.50892,0.55733,0.46653,0.50896,0.34868,0.43335,0.43648,0.29647,0.26181,0.26861,0.34427,0.28257,0.22787,0.22037,0.54366,0.24059,0.48462,0.51313,0.43468,0.45259,0.34218,0.38118,0.024836,0.11613,0.38288,0.33075,0.30573,0.22484,0.29239,0.31471,0.38943,0.26603,0.43249,0.34082,0.2563,0.24506,0.14829,0.28664,0.20557,0.24745,0.23096,0.23552,0.20722,0.11467,0.20214,0.004153,0.24242,0.40859,0.3858,0.11024,0.17161,0.31765
0.33949,0.25159,0.16453,0.16332,0.087127,0.21402,0.090682,0.12625,0.050189,0.022073,0.62938,0.48058,0.54166,0.39479,0.57318,0.40946,0.73806,0.50898,0.44336,0.40035,0.53937,0.4492,0.077003,0,0.17441,0.22732,0.098609,0.41465,1,0.80239,0.57818,0.50066,0.50273,0.46613,0.076334,0.083019,0.0071643,0.094237,0,0,0.34429,0.24768,0.077545,0.13569,0.21703,0.29592,0.15578,0.056485,0.16049,0.16093,0.1856,0.049968,0,0,0,0.059355,0.31764,0.21133,0.23649,0.14327,0.34844,0.22259,0.61927,0.41709,0.36436,0.37265,0.1646,0.1273,0.21779,0.13083,0.32882,0.2955,0.67904,0.57609,0.60317,0.48989,0.25682,0.16475,0.74664,0.50223,0.72261,0.70384,0.40033,0.55255,0.36083,0.44906,0,0,0,0,0,0,0,0,0.27978,0.382,0.30027,0.15313,0.006799,0.07048,0.13217,0,0.17695,0.096516,0.38558,0.27009,0.4099,0.17011,0.15372,0,0.063679,0.32014,0.3975,0.33282,0.41492,0.50865
0.12332,0.17135,0,0.035617,0.12355,0.088113,0,0.07394,0.051087,0,0.53322,0.54821,0.34026,0.43776,0.43294,0.38645,0.56246,0.46391,0.29286,0.32697,0.29412,0.21502,0,0,0.056766,0.067975,0.019605,0.18937,0.80239,1,0.49199,0.39386,0.40838,0.35879,0,0.078195,0,0.10732,0,0,0.21659,0.19345,0,0,0,0.050783,0,0,0,0,0,0,0,0,0,0,0.12954,0.10562,0.051245,0.093045,0.2002,0.23924,0.45023,0.43274,0.12157,0.20737,0.0018105,0,0.1132,0.026655,0.13018,0.11051,0.51932,0.50703,0.43717,0.35306,0.16828,0.0942,0.51152,0.57868,0.54167,0.60566,0.23278,0.59224,0.16544,0.29016,0,0,0,0,0,0,0,0,0.081151,0.22312,0.17897,0,0,0,0.20527,0,0.15711,0.058975,0.36741,0.24816,0.34872,0.25252,0.06544,0,0.068074,0.26369,0.24135,0.27474,0.3289,0.52008
0.33265,0.17999,0.5889,0.6024,0.24244,0.54691,0.48367,0.40061,0.1474,0.27025,0.60901,0.35904,0.51891,0.32726,0.46811,0.47754,0.3828,0.24502,0.46756,0.50396,0.57541,0.51245,0.59413,0.4853,0.66587,0.64563,0.21571,0.59524,0.57818,0.49199,1,0.88405,0.76651,0.74647,0.54731,0.46333,0.036977,0,0.0052665,0.076648,0.22151,0.15866,0.15016,0.12803,0.16961,0.25998,0.22882,0.079937,0.16522,0.1914,0.17361,0.12694,0,0,0.13563,0.10789,0.31551,0.18993,0.36756,0.23337,0.54137,0.38067,0.50474,0.37314,0.55857,0.55765,0.49437,0.48035,0.26715,0.30241,0.36782,0.25163,0.46002,0.43915,0.53101,0.41287,0.32907,0.25728,0.47471,0.17754,0.41589,0.46435,0.33786,0.4694,0.22631,0.38211,0,0,0.12584,0.18433,0.15617,0.072778,0.21157,0.21807,0.43561,0.35351,0.47493,0.363,0.11843,0.17805,0.14573,0.046524,0.18514,0.14801,0.46924,0.40783,0.38552,0.22506,0.22219,0,0.20927,0.473,0.39278,0.35777,0.4244,0.43365
0.29253,0.16173,0.53606,0.67404,0.34957,0.50163,0.53591,0.51456,0.26642,0.34859,0.49503,0.39581,0.56925,0.37412,0.49771,0.4973,0.36617,0.27609,0.40955,0.45959,0.50841,0.35127,0.59315,0.58219,0.64053,0.64482,0.42983,0.64444,0.50066,0.39386,0.88405,1,0.60376,0.69559,0.53611,0.4413,0.11103,0.070694,0.14695,0.17301,0.25775,0.20693,0.19969,0.19275,0.13448,0.2511,0.25887,0.13842,0.15858,0.14791,0.14797,0.20493,0.026289,0.053387,0.28698,0.24016,0.25214,0.18436,0.35673,0.22729,0.46762,0.40647,0.40892,0.21979,0.52648,0.65795,0.45928,0.46882,0.23472,0.33438,0.39565,0.2734,0.4562,0.40416,0.42173,0.35733,0.41079,0.36789,0.42711,0.23669,0.40526,0.4813,0.38549,0.45409,0.31974,0.39686,0.070197,0.1492,0.29338,0.37294,0.24957,0.19675,0.35114,0.31318,0.42155,0.20598,0.44089,0.39837,0.23859,0.22094,0.26478,0.21761,0.17208,0.18616,0.31774,0.26305,0.28041,0.11179,0.39093,0.061976,0.15125,0.40142,0.43537,0.26387,0.31794,0.28861
0.50057,0.3354,0.42599,0.40845,0.2445,0.3967,0.35234,0.2721,0.16956,0.22082,0.63963,0.38225,0.43879,0.36165,0.22732,0.32509,0.36336,0.27866,0.54262,0.50181,0.38344,0.32627,0.39862,0.33507,0.42766,0.40549,0.066078,0.41006,0.50273,0.40838,0.76651,0.60376,1,0.88388,0.42121,0.40456,0,0,0,0,0.068429,0,0.062291,0.057244,0.1855,0.27646,0.22456,0.051146,0.268,0.34181,0.27865,0.20005,0,0.0022607,0.080092,0.080225,0.5214,0.36256,0.50501,0.37055,0.66321,0.59593,0.62387,0.65758,0.39291,0.46581,0.53398,0.41297,0.45307,0.34936,0.12043,0,0.49083,0.44042,0.60616,0.50378,0.35148,0.29089,0.45551,0.16765,0.25653,0.38571,0.051518,0.32509,0,0.17578,0,0,0,0.018403,0.15805,0,0.14279,0.070513,0.52449,0.5582,0.56952,0.35887,0.22682,0.22032,0.20944,0.00023468,0.33686,0.32272,0.71526,0.68339,0.63557,0.42982,0.1822,0,0.40447,0.64934,0.40817,0.58009,0.49746,0.49464
0.52485,0.43593,0.53039,0.58249,0.27576,0.39022,0.51998,0.49474,0.23667,0.27069,0.57526,0.40296,0.54859,0.50593,0.25648,0.34538,0.3726,0.28546,0.61415,0.64783,0.37522,0.26107,0.46915,0.43374,0.44694,0.4212,0.16791,0.4589,0.46613,0.35879,0.74647,0.69559,0.88388,1,0.47525,0.47344,0,0,0,0,0.20079,0.076023,0.15124,0.089266,0.20821,0.28494,0.29805,0.16154,0.33001,0.37598,0.32212,0.29796,0.069238,0.057279,0.2319,0.18607,0.53185,0.43018,0.5582,0.44235,0.70866,0.66473,0.62182,0.65606,0.33141,0.50185,0.58482,0.51734,0.50432,0.49066,0.15025,0,0.50018,0.41717,0.56247,0.49425,0.5241,0.48899,0.38518,0.07047,0.30094,0.42273,0.16036,0.31931,0.119,0.25815,0,0,0.11848,0.17339,0.22004,0.095176,0.24928,0.18809,0.55588,0.56288,0.57032,0.49808,0.34934,0.31162,0.29708,0.11132,0.42943,0.39715,0.61491,0.60033,0.58508,0.3594,0.32711,0.040138,0.41632,0.63826,0.46444,0.57609,0.54715,0.39625
0.22694,0.038522,0.64373,0.5497,0.3816,0.3748,0.58261,0.27477,0.29968,0.25334,0.26967,0.038912,0.43272,0.12805,0.2089,0.1855,0.029457,0.017348,0.40879,0.35141,0.30144,0.19654,0.70943,0.5621,0.64754,0.48428,0.27803,0.40576,0.076334,0,0.54731,0.53611,0.42121,0.47525,1,0.80837,0.22039,0.078044,0.12113,0.12618,0.087409,0.020365,0.22121,0.15496,0.25841,0.31474,0.27616,0.17868,0.20556,0.16397,0.19435,0.20899,0.18262,0.092723,0.29184,0.18848,0.18908,0.12586,0.36648,0.11251,0.44616,0.16484,0.14363,0.028846,0.60677,0.49168,0.65647,0.61298,0.24301,0.33776,0.11001,0.013049,0.25216,0.2288,0.34792,0.28682,0.45216,0.42026,0.088355,0.045616,0.0054878,0.15786,0.040162,0.065345,0.14654,0.15784,0,0.011978,0.27033,0.28856,0.2698,0.22844,0.35374,0.37545,0.30768,0.21106,0.29194,0.2596,0.26228,0.17216,0.084665,0.18122,0.14091,0.18307,0.13969,0.26155,0.19968,0.11374,0.20207,0.22118,0.31717,0.26499,0.13373,0.17239,0.2613,0.017987
0.083786,0,0.5025,0.49266,0.3759,0.27068,0.42254,0.31884,0.24875,0.19444,0.17257,0.099209,0.21955,0.1801,0.122,0.16944,0,0,0.4588,0.43176,0.086503,0.020991,0.51665,0.50656,0.43656,0.32484,0.22174,0.33832,0.083019,0.078195,0.46333,0.4413,0.40456,0.47344,0.80837,1,0.087464,0,0,0,0,0,0.0084605,0,0.06126,0.14586,0.17578,0.048094,0.057284,0.019504,0.034883,0.061539,0.016752,0,0.16075,0.042361,0.11516,0.049889,0.22223,0.093163,0.31877,0.19516,0.086824,0.061624,0.35078,0.4058,0.47308,0.51725,0.2248,0.3105,0,0,0.19232,0.13711,0.28492,0.23569,0.31296,0.31358,0.075465,0.082168,0,0.11332,0,0.15466,0.017322,0.075316,0,0,0.16367,0.31076,0.29506,0.26378,0.36053,0.29064,0.32525,0.40157,0.40141,0.23559,0.25303,0.18987,0.13436,0.11473,0.26447,0.30281,0.2992,0.42227,0.35668,0.39368,0.14962,0.18631,0.43442,0.33795,0.13286,0.29242,0.33202,0.26742
0.017579,0.030544,0.1808,0.10473,0.052492,0.098437,0.12977,0,0,0.074938,0,0,0.14016,0,0.33063,0.10708,0.21201,0.090984,0.050422,0.03181,0.19265,0.19126,0.23558,0.11124,0.19849,0.12605,0.096747,0.023744,0.0071643,0,0.036977,0.11103,0,0,0.22039,0.087464,1,0.81462,0.79415,0.74598,0.64514,0.69445,0.45202,0.3865,0.25574,0.18201,0.35492,0.48394,0.12753,0,0.11987,0.11273,0.44203,0.3875,0.3445,0.38923,0.00639,0.011893,0,0,0,0,0.0027643,0,0.18903,0,0.098528,0.14906,0.099354,0.18499,0.26782,0.29754,0.067174,0.11693,0,0,0.15529,0.25327,0,0.032947,0.21747,0.23131,0.39394,0.099845,0.50994,0.42718,0.62583,0.63697,0.50572,0.3554,0.3099,0.38116,0.29813,0.3714,0.060077,0,0,0.29765,0.16828,0.34135,0.10463,0.12583,0.065553,0,0,0,0,0,0.18752,0.28733,0,0,0.13082,0,0,0
0.10942,0.19684,0.051892,0.063848,0.054067,0.060603,0.0035255,0.036013,0,0.07711,0,0.044905,0.12657,0.10251,0.33823,0.08784,0.28681,0.2683,0.097762,0.090608,0.17029,0.1618,0.074098,0,0.035657,0.014938,0.049207,0,0.094237,0.10732,0,0.070694,0,0,0.078044,0,0.81462,1,0.61435,0.66656,0.54413,0.71328,0.45653,0.41395,0.30234,0.24993,0.36524,0.52175,0.20639,0.073056,0.21509,0.18995,0.4939,0.41612,0.39326,0.46478,0.15533,0.22084,0,0.079973,0,0,0.079736,0,0.12612,0,0.10093,0.13449,0.196,0.23994,0.30138,0.28076,0.12721,0.16524,0,0,0.23864,0.28578,0.022146,0.11223,0.29343,0.30983,0.3787,0.13795,0.53755,0.45972,0.6031,0.60719,0.47955,0.24553,0.2544,0.28669,0.29573,0.2143,0,0,0,0.23962,0.2481,0.34586,0.25784,0.12659,0.18357,0,0,0,0,0,0.14755,0.20987,0,0,0.12995,0,0,0
0.031447,0.033034,0.2253,0.2681,0,0.18784,0.19801,0.15492,0,0.12055,0,0,0.084634,0,0.27002,0.12658,0.04943,0,0,0.047006,0.11657,0.18549,0.27868,0.20581,0.24374,0.25248,0.094087,0.060999,0,0,0.0052665,0.14695,0,0,0.12113,0,0.79415,0.61435,1,0.92352,0.59909,0.69609,0.59694,0.50076,0.3418,0.23421,0.46275,0.58797,0.20644,0.068948,0.22109,0.19787,0.51175,0.49122,0.45328,0.48724,0,0,0,0,0,0,0,0,0.15636,0,0.085235,0.19649,0.068759,0.25468,0.33909,0.31767,0,0,0,0,0.012181,0.11976,0,0,0.25182,0.16595,0.5603,0.083988,0.56427,0.48817,0.84142,0.80164,0.63256,0.46787,0.34592,0.40327,0.38394,0.45263,0.15526,0,0,0.49158,0.16307,0.39681,0.050875,0.20498,0.016708,0,0,0,0,0,0.30671,0.35231,0,0,0.18784,0,0,0
0.13998,0.13188,0.24671,0.30922,0,0.23407,0.1631,0.22175,0,0.16411,0,0,0.13535,0.055074,0.32913,0.18459,0.1466,0.095126,0.066848,0.1502,0.17148,0.24818,0.2919,0.19833,0.2436,0.27523,0.040081,0.10216,0,0,0.076648,0.17301,0,0,0.12618,0,0.74598,0.66656,0.92352,1,0.59554,0.74201,0.68329,0.60702,0.47294,0.39058,0.59169,0.6971,0.34011,0.22866,0.35996,0.30974,0.53983,0.53067,0.51147,0.57838,0.13842,0.13407,0.026442,0.088048,0,0,0,0,0.2193,0.027445,0.19166,0.31402,0.17698,0.36142,0.37576,0.2951,0,0,0,0,0.03072,0.097733,0.013142,0,0.31745,0.21726,0.58815,0.12821,0.62065,0.576,0.80816,0.76644,0.64937,0.45093,0.32381,0.32722,0.3641,0.38384,0.1897,0,0.039496,0.58226,0.21677,0.42112,0.12393,0.23901,0.12638,0,0,0,0,0,0.28725,0.27095,0,0.017436,0.26366,0,0,0
0.23759,0.17503,0.2017,0.21731,0,0.26357,0.1386,0.17413,0,0.066571,0.28468,0.12775,0.30826,0.21032,0.34304,0.27467,0.4077,0.23277,0.13943,0.21493,0.37733,0.41448,0.16959,0.048463,0.11047,0.20699,0,0.068696,0.34429,0.21659,0.22151,0.25775,0.068429,0.20079,0.087409,0,0.64514,0.54413,0.59909,0.59554,1,0.76832,0.41229,0.35845,0.26165,0.20587,0.32275,0.43443,0.17343,0.15827,0.24423,0.1138,0.42577,0.35597,0.23579,0.3139,0.1779,0.073834,0.026715,0,0.14928,0,0.35659,0.10055,0.19244,0.071415,0.049687,0.11745,0.094749,0.20302,0.3628,0.31013,0.36064,0.31852,0.2084,0.15604,0.21669,0.27199,0.20801,0,0.45787,0.39288,0.51858,0.24397,0.44157,0.53947,0.47406,0.41965,0.2744,0.14618,0.067038,0.12727,0.15757,0.19042,0.30135,0.02622,0.018615,0.49144,0.1005,0.41993,0,0,0.043657,0,0,0,0,0,0.24431,0.17866,0,0.13417,0.22514,0,0.20015,0
0.26901,0.26601,0.15964,0.17994,0,0.14978,0.086893,0.14702,0,0.10473,0.19378,0.1219,0.26168,0.23448,0.45357,0.23511,0.42766,0.33782,0.1885,0.21394,0.32484,0.32214,0.17168,0.038553,0.050026,0.10004,0,0.10351,0.24768,0.19345,0.15866,0.20693,0,0.076023,0.020365,0,0.69445,0.71328,0.69609,0.74201,0.76832,1,0.56808,0.51892,0.39209,0.32551,0.47015,0.55244,0.26125,0.155,0.28226,0.20953,0.48675,0.46644,0.37289,0.45708,0.23527,0.20887,0.083294,0.12605,0.052269,0,0.21973,0.01805,0.23096,0.038296,0.12556,0.1789,0.23793,0.31795,0.44431,0.4083,0.27609,0.26337,0.045624,0.050721,0.15622,0.18759,0.21393,0.083604,0.48947,0.43559,0.58654,0.30383,0.61806,0.60789,0.64721,0.63072,0.49068,0.2969,0.23616,0.28795,0.31528,0.27483,0.12533,0,0,0.43255,0.18902,0.42008,0.21858,0.16555,0.15249,0,0,0,0,0,0.22461,0.17836,0,0.090372,0.33239,0,0,0
0.55427,0.46266,0.45384,0.41071,0.11639,0.25054,0.35159,0.31808,0.057164,0.25859,0.15238,0,0.36318,0.20139,0.35533,0.17663,0.35218,0.38232,0.32015,0.34253,0.34472,0.33274,0.37549,0.20636,0.248,0.26737,0.17756,0.32039,0.077545,0,0.15016,0.19969,0.062291,0.15124,0.22121,0.0084605,0.45202,0.45653,0.59694,0.68329,0.41229,0.56808,1,0.92954,0.81003,0.73052,0.85849,0.89812,0.76362,0.6255,0.74562,0.67173,0.69299,0.70492,0.69916,0.7313,0.56704,0.48793,0.41798,0.41301,0.33283,0.11553,0.23799,0.09469,0.37186,0.17608,0.52117,0.56437,0.51698,0.6444,0.3861,0.29861,0.068268,0.089169,0.05139,0.11265,0.24821,0.28587,0.15733,0.053499,0.28085,0.3549,0.37139,0.11672,0.60674,0.53587,0.5612,0.51013,0.67849,0.4734,0.44851,0.41206,0.38192,0.41753,0.18926,0,0.17457,0.54091,0.51813,0.59826,0.22973,0.36235,0.29443,0.22386,0,0,0,0,0.33796,0.13966,0.090744,0.28334,0.45388,0,0.084971,0
0.55863,0.47639,0.37306,0.31401,0.16246,0.11663,0.27676,0.25033,0.061894,0.20895,0.1517,0,0.34786,0.20545,0.36239,0.15473,0.37572,0.46454,0.29321,0.27788,0.32506,0.27234,0.30819,0.15557,0.1657,0.16449,0.21001,0.27062,0.13569,0,0.12803,0.19275,0.057244,0.089266,0.15496,0,0.3865,0.41395,0.50076,0.60702,0.35845,0.51892,0.92954,1,0.73733,0.72957,0.81278,0.854,0.72963,0.64473,0.74454,0.73294,0.60607,0.68802,0.70832,0.77678,0.54919,0.48866,0.40623,0.44035,0.28046,0.14035,0.21698,0.089585,0.35871,0.18711,0.50961,0.51335,0.48855,0.57043,0.40142,0.34162,0.1565,0.19238,0.10241,0.18268,0.26017,0.27602,0.21036,0.20244,0.24574,0.33532,0.2935,0.10461,0.59386,0.47607,0.49321,0.43874,0.6153,0.45987,0.36836,0.33778,0.33807,0.33108,0.13143,0,0.16537,0.44259,0.49533,0.52182,0.29563,0.39131,0.27051,0.25295,0,0,0,0,0.33071,0.08837,0.035888,0.23205,0.4578,0.017854,0.06336,0
0.60318,0.50444,0.36748,0.28502,0.16887,0.24246,0.2394,0.13826,0.10976,0.20203,0.26421,0,0.38236,0.18975,0.35138,0.144,0.47536,0.45676,0.39526,0.38754,0.42918,0.41022,0.26259,0.051033,0.24165,0.2228,0.2003,0.3851,0.21703,0,0.16961,0.13448,0.1855,0.20821,0.25841,0.06126,0.25574,0.30234,0.3418,0.47294,0.26165,0.39209,0.81003,0.73733,1,0.92711,0.8102,0.75757,0.8718,0.71719,0.83519,0.64898,0.58996,0.67509,0.57938,0.64056,0.68996,0.61542,0.513,0.47028,0.42563,0.15508,0.37577,0.23856,0.44542,0.18992,0.58881,0.57904,0.63424,0.67342,0.34762,0.2557,0.083278,0.1244,0.13197,0.14517,0.14819,0.13475,0.36889,0.19617,0.41549,0.51097,0.32093,0.16331,0.59338,0.56316,0.34711,0.37433,0.55897,0.33501,0.40197,0.27034,0.22237,0.30503,0.2156,0.05495,0.2907,0.44642,0.5388,0.54188,0.26134,0.37453,0.39366,0.3212,0.026632,0.037424,0.010595,0,0.27096,0.042153,0.26755,0.38289,0.45298,0.050887,0.066735,0.034221
0.60523,0.49198,0.32178,0.29247,0.23293,0.19827,0.21175,0.14408,0.1502,0.19571,0.28158,0.018005,0.38764,0.21232,0.31785,0.12675,0.51233,0.52655,0.39719,0.36911,0.49685,0.39838,0.25349,0.068378,0.24861,0.22056,0.27757,0.44358,0.29592,0.050783,0.25998,0.2511,0.27646,0.28494,0.31474,0.14586,0.18201,0.24993,0.23421,0.39058,0.20587,0.32551,0.73052,0.72957,0.92711,1,0.7557,0.68249,0.83028,0.71149,0.78606,0.66317,0.4785,0.57006,0.56249,0.63957,0.7142,0.63078,0.56627,0.52094,0.46178,0.24345,0.38742,0.24238,0.4823,0.33034,0.70732,0.6699,0.64442,0.64329,0.39682,0.28543,0.20009,0.21504,0.21387,0.22993,0.20981,0.16873,0.46736,0.32346,0.40379,0.53673,0.25089,0.15854,0.52745,0.51763,0.22537,0.27958,0.47956,0.32118,0.33987,0.21363,0.18702,0.24995,0.22554,0.093824,0.32222,0.42187,0.51264,0.47456,0.34906,0.41767,0.41059,0.39665,0.088339,0.1198,0.10927,0,0.30534,0.045011,0.32052,0.39016,0.46651,0.10078,0.061372,0.042846
