1,0.72713,0.56504,0.5342,0.11435,0.18062,0.7085,0.44618,0.010502,0.0085962,0.82306,0.70154,0.70231,0.61421,0.52655,0.64727,0.38937,0.3734,0.85055,0.7558,0.031017,0.17352,0.42551,0.37297,0.14416,0.15962,0.25405,0.29357,0.52884,0.37355,0.43801,0.4342,0.54847,0.55128,0.4442,0.46286,0.26209,0.04762,0.010119,0.012085,0.29233,0.071798,0.43074,0.3832,0.27967,0.23899,0.4242,0.40679,0.56341,0.45561,0.48386,0.43562,0.43188,0.40948,0.37098,0.45787,0.65011,0.61407,0.80181,0.64838,0.87179,0.62444,0.57269,0.54546,0.45652,0.33555,0.62538,0.47553,0.72842,0.59491,0.072245,0.16979,0.59308,0.60509,0.67067,0.68091,0.53155,0.45737,0.19381,0.21334,0.33732,0.32346,0.47878,0.49951,0.47442,0.40451,0.16207,0,0.27773,0.6027,0.46829,0.63165,0.45354,0.72732,0,0,0.31387,0.35706,0.4578,0.6041,0.53744,0.65425,0.57646,0.60054,0.46761,0.38533,0.30651,0.33188,0.16577,0.3713,0.63555,0.527,0.49467,0.50769,0.15881,0
0.72713,1,0.52697,0.72734,0.086793,0.18508,0.63369,0.68843,0,0.13908,0.54475,0.66919,0.50143,0.61852,0.39566,0.5263,0.33843,0.3685,0.81014,0.8554,0,0.077496,0.45662,0.47349,0.24242,0.2662,0.19523,0.21908,0.37311,0.46525,0.36794,0.40259,0.49072,0.57899,0.5008,0.59186,0.14701,0.15092,0.046199,0.13103,0.23249,0.15503,0.56161,0.52476,0.41783,0.42397,0.60652,0.56421,0.6458,0.60444,0.57663,0.56785,0.64257,0.57554,0.60113,0.51973,0.55197,0.8069,0.66258,0.77864,0.69732,0.68509,0.43235,0.63585,0.32322,0.3705,0.66725,0.63221,0.7659,0.7107,0.020336,0.044712,0.54494,0.5415,0.49962,0.44467,0.53535,0.44177,0.14168,0.13481,0.39807,0.26407,0.4304,0.42886,0.50449,0.4501,0.1854,0,0.5399,0.62705,0.69205,0.66973,0.69376,0.60939,0,0,0.46734,0.45479,0.65844,0.71268,0.68628,0.48302,0.7063,0.51821,0.54656,0.21504,0.38403,0.26871,0,0.3314,0.68538,0.6904,0.62872,0.58979,0.23837,0.09961
0.56504,0.52697,1,0.73588,0.6029,0.44866,0.8544,0.65004,0.49622,0.46433,0.52389,0.47553,0.60931,0.47189,0.5928,0.46181,0.033342,0.06733,0.65085,0.5713,0,0,0.83461,0.7281,0.3207,0.52361,0.37246,0.29689,0.12541,0.060993,0.46708,0.39109,0.27236,0.29057,0.59474,0.44264,0.11376,0,0,0,0,0.16692,0.43997,0.39117,0.55627,0.34807,0.39089,0.37372,0.61776,0.48517,0.58336,0.57724,0.39315,0.5447,0.30967,0.30085,0.40029,0.44683,0.33481,0.38358,0.55227,0.46417,0.16257,0.21697,0.68448,0.47971,0.51018,0.43401,0.46326,0.41588,0,0,0.29011,0.27924,0.42545,0.40727,0.4425,0.39212,0.0089439,0.0071603,0.002467,0.27706,0.35695,0.20157,0.60638,0.58521,0.090097,0,0.37043,0.6064,0.44992,0.59299,0.5488,0.53153,0,0,0.20031,0.1203,0.45148,0.44546,0.27037,0.2658,0.34133,0.22327,0.38405,0.41013,0.12464,0,0,0.21317,0.56178,0.46237,0.39633,0.44768,0.3371,0
0.5342,0.72734,0.73588,1,0.38051,0.42482,0.78065,0.93452,0.22035,0.53359,0.50248,0.67054,0.54239,0.69028,0.5123,0.61233,0.15345,0.17541,0.72204,0.76388,0,0.023409,0.74702,0.82778,0.38481,0.61911,0.3606,0.32031,0.28746,0.36374,0.51162,0.558,0.42313,0.5419,0.67039,0.67079,0.040036,0.082746,0,0.042761,0.10096,0.21661,0.57406,0.57438,0.59059,0.63447,0.6273,0.61225,0.71539,0.69569,0.64232,0.77985,0.59288,0.59031,0.5928,0.48611,0.30913,0.60907,0.47598,0.66081,0.55531,0.76274,0.27894,0.51157,0.55177,0.72997,0.67135,0.72116,0.6079,0.60061,0,0,0.36867,0.38954,0.47779,0.40045,0.49351,0.43652,0.090228,0.091071,0.27127,0.31784,0.47119,0.34353,0.69283,0.72019,0.2607,0,0.60541,0.7462,0.70769,0.6231,0.81109,0.47634,0,0,0.36403,0.33626,0.64959,0.61287,0.62414,0.28294,0.6439,0.30658,0.55453,0.30447,0.26358,0.040622,0,0.27127,0.67538,0.66076,0.62913,0.53973,0.34678,0.057762
0.11435,0.086793,0.6029,0.38051,1,0.66244,0.43995,0.3563,0.81872,0.68863,0.1229,0.088394,0.27012,0.17588,0.57798,0.21588,0,0,0.19793,0.17757,0.18282,0.1163,0.52995,0.50872,0.31962,0.65852,0.68577,0.52986,0,0,0.37379,0.2689,0.10471,0.12221,0.3026,0.1637,0.016717,0,0,0,0,0.072475,0.11308,0.11638,0.35458,0.25335,0.13042,0.14801,0.29092,0.16901,0.25183,0.28704,0.049432,0.18437,0.11356,0.10287,0.19272,0.17416,0.0517,0.098246,0.1953,0.19009,0,0,0.47945,0.39849,0.17552,0.18224,0.061759,0.13418,0.068388,0.02343,0.20001,0.18719,0.27359,0.27441,0.15834,0.13431,0,0,0,0.16415,0.2733,0,0.33114,0.4323,0.074252,0,0.12416,0.22338,0.06993,0.1616,0.22739,0.17264,0,0,0.048409,0,0.15001,0.10902,0,0,0.038184,0,0.11788,0.29458,0,0,0,0.10614,0.28103,0.20338,0.013363,0.14902,0.19275,0
0.18062,0.18508,0.44866,0.42482,0.66244,1,0.3429,0.40834,0.33462,0.77119,0.17765,0.26018,0.26749,0.43168,0.36952,0.28041,0,0,0.24342,0.23948,0.25006,0.20038,0.36447,0.37664,0,0.60774,0.72479,0.69605,0,0.0074781,0.29718,0.2379,0.20592,0.19093,0.25546,0.16013,0,0,0,0,0,0.22203,0.13476,0.17475,0.30923,0.30483,0.20219,0.22148,0.4348,0.32785,0.35894,0.37499,0.22557,0.26777,0.22426,0.12999,0.14423,0.18178,0.1902,0.2396,0.22851,0.24663,0.083149,0.0076795,0.40911,0.33611,0.26455,0.27662,0.1851,0.20507,0,0,0.29567,0.2225,0.31551,0.32656,0.26891,0.28089,0,0,0.021088,0.23217,0.35791,0.13626,0.40078,0.39273,0.2268,0,0.18156,0.25857,0.20795,0.25773,0.22211,0.10944,0,0,0.079968,0.0004466,0.30772,0.22689,0.001857,0.076715,0.18964,0.0041186,0.27527,0.27667,0.049081,0,0,0.090446,0.38299,0.26733,0.25241,0.25191,0.3592,0
0.7085,0.63369,0.8544,0.78065,0.43995,0.3429,1,0.7364,0.39934,0.38,0.67353,0.62889,0.75245,0.59815,0.59084,0.56873,0.26044,0.20274,0.76974,0.72763,0,0.031593,0.69317,0.66928,0.24161,0.40744,0.24061,0.22973,0.38707,0.27856,0.48441,0.3908,0.455,0.48544,0.55859,0.49062,0.17964,0.031,0,0,0.10402,0.2414,0.4906,0.4407,0.53345,0.38393,0.47165,0.46109,0.6858,0.5517,0.57856,0.60064,0.46689,0.5694,0.38362,0.42579,0.43164,0.51239,0.52816,0.49127,0.69449,0.58807,0.33197,0.39969,0.59156,0.506,0.60097,0.5281,0.60349,0.56265,0,0,0.4189,0.44993,0.5514,0.49867,0.51559,0.48565,0.11002,0.1384,0.22869,0.41496,0.4422,0.37851,0.65394,0.59413,0.10577,0,0.37221,0.68164,0.5622,0.66789,0.58727,0.63223,0,0,0.31184,0.26921,0.56175,0.57803,0.43991,0.44366,0.50243,0.38731,0.43656,0.37797,0.19366,0.07392,0,0.26083,0.60495,0.58034,0.54053,0.46238,0.29891,0
0.44618,0.68843,0.65004,0.93452,0.3563,0.40834,0.7364,1,0.22291,0.49955,0.47869,0.69281,0.5009,0.7254,0.42338,0.49812,0.18654,0.1584,0.68212,0.73549,0,0.069536,0.64203,0.74081,0.29636,0.55702,0.30365,0.25693,0.31993,0.4057,0.50021,0.51113,0.48289,0.60973,0.57399,0.59282,0,0.067365,0,0.014703,0.091373,0.28755,0.55174,0.56743,0.56498,0.64344,0.61186,0.60188,0.71573,0.64672,0.59791,0.71523,0.5749,0.54685,0.59566,0.42027,0.21664,0.51285,0.38335,0.58031,0.4644,0.71746,0.35842,0.54328,0.50304,0.68894,0.6263,0.69851,0.51701,0.51445,0,0,0.4448,0.46361,0.50723,0.41096,0.44793,0.38203,0.091655,0.025839,0.35405,0.28525,0.44565,0.28257,0.7151,0.66477,0.24102,0,0.56515,0.62368,0.6604,0.54836,0.76276,0.39388,0,0,0.37121,0.33841,0.63576,0.57225,0.60229,0.25066,0.61328,0.2586,0.53095,0.24992,0.22266,0.039453,0,0.27209,0.62433,0.64313,0.61923,0.49766,0.33047,0.047918
0.010502,0,0.49622,0.22035,0.81872,0.33462,0.39934,0.22291,1,0.51466,0.074111,0,0.17892,0.007218,0.5263,0.12364,0.0051151,0.065192,0.097474,0.10127,0.15142,0.076881,0.45681,0.42569,0.31259,0.44099,0.25204,0.21353,0,0,0.29683,0.21232,0.05287,0.062816,0.19485,0.053817,0.071532,0,0.0086881,0,0,0.05608,0.11597,0.10021,0.31862,0.19163,0.073506,0.11024,0.14424,0.050144,0.12487,0.16686,0,0.10705,0,0.1049,0.21151,0.12743,0,0,0.063687,0.084997,0,0,0.3997,0.28828,0.049957,0.08051,0,0.084098,0.074584,0.041209,0.031097,0.074302,0.16055,0.092236,0,0.0092523,0.11442,0.075794,0,0.24574,0.14715,0,0.24895,0.39193,0,0.015132,0.019863,0.18379,0,0.12401,0.10506,0.18559,0,0,0.025602,0.00069872,0.054223,0.078191,0,0.035836,0,0,0,0.21868,0,0,0.052631,0.078101,0.093177,0.096555,0,0.024233,0.0050406,0
0.0085962,0.13908,0.46433,0.53359,0.68863,0.77119,0.38,0.49955,0.51466,1,0.062292,0.15658,0.24434,0.38648,0.42978,0.37032,0,0,0.18447,0.2234,0.1214,0.04255,0.48072,0.53275,0.087107,0.62126,0.52469,0.44998,0,0,0.14927,0.17704,0.049246,0.10376,0.34133,0.22142,0,0,0,0,0,0.16915,0.09795,0.12071,0.39915,0.35608,0.20278,0.19802,0.36108,0.29726,0.30454,0.40435,0.14141,0.22625,0.23525,0.16234,0.064242,0.21879,0.039605,0.19089,0.11451,0.32291,0,0,0.48955,0.54465,0.18253,0.27037,0.13835,0.18879,0,0,0.10027,0.055081,0.13434,0.1585,0.2308,0.25384,0,0,0,0.28915,0.35622,0.11965,0.48231,0.54513,0.3068,0.010059,0.30041,0.3717,0.24076,0.1919,0.34655,0.040203,0,0,0.045084,0,0.2961,0.16017,0.042445,0,0.13569,0,0.18787,0.1712,0.1254,0,0,0.020833,0.29202,0.24188,0.17044,0.18275,0.24346,0
0.82306,0.54475,0.52389,0.50248,0.1229,0.17765,0.67353,0.47869,0.074111,0.062292,1,0.77484,0.7943,0.73055,0.53277,0.60805,0.4371,0.34805,0.72048,0.59811,0.07987,0.19777,0.40779,0.39626,0,0.1344,0.18619,0.21971,0.63885,0.32764,0.41895,0.40567,0.45579,0.40297,0.2797,0.23202,0,0,0,0,0.20721,0.11273,0.32832,0.26735,0.26316,0.21307,0.27035,0.2681,0.46359,0.38733,0.33425,0.37113,0.24847,0.25656,0.22952,0.25603,0.37024,0.38401,0.48396,0.39629,0.6692,0.63205,0.51849,0.55646,0.50399,0.45939,0.35973,0.26299,0.39068,0.29017,0.14893,0.13878,0.50934,0.54411,0.63969,0.60356,0.32735,0.27858,0.27455,0.23332,0.33869,0.31061,0.4541,0.35165,0.57277,0.38712,0.23445,0.05477,0.24295,0.48013,0.35556,0.48755,0.36588,0.50579,0,0.002316,0.11176,0.17774,0.29703,0.35272,0.35996,0.44496,0.3663,0.34042,0.33695,0.35962,0.11612,0.17014,0.10958,0.23475,0.40109,0.37653,0.3875,0.38591,0.18857,0.071622
0.70154,0.66919,0.47553,0.67054,0.088394,0.26018,0.62889,0.69281,0,0.15658,0.77484,1,0.70573,0.86485,0.44169,0.62569,0.39419,0.41158,0.71137,0.66828,0.10945,0.25818,0.39847,0.4426,0.046664,0.24694,0.20232,0.2524,0.62151,0.64067,0.44125,0.48468,0.46171,0.51871,0.40371,0.3892,0.093972,0.19239,0.027316,0.072838,0.26119,0.30101,0.43044,0.43166,0.34792,0.40466,0.42952,0.44032,0.59749,0.5495,0.47477,0.53269,0.41848,0.36236,0.41952,0.32711,0.27583,0.40807,0.50031,0.51172,0.63261,0.70387,0.51504,0.58642,0.39457,0.54394,0.50489,0.45996,0.5081,0.41991,0.1627,0.1286,0.60373,0.59294,0.6943,0.5494,0.49952,0.41501,0.27243,0.28843,0.46629,0.28555,0.46727,0.41053,0.57204,0.39485,0.20637,0,0.38359,0.48953,0.52575,0.50692,0.53454,0.46048,0,0,0.28761,0.30613,0.45886,0.50409,0.51868,0.38017,0.52102,0.3137,0.3968,0.19594,0.15531,0.13203,0.0054411,0.35846,0.52542,0.48275,0.5646,0.49005,0.23246,0.097319
0.70231,0.50143,0.60931,0.54239,0.27012,0.26749,0.75245,0.5009,0.17892,0.24434,0.7943,0.70573,1,0.73487,0.59068,0.57516,0.29825,0.27939,0.64024,0.52309,0.0096553,0.082009,0.40907,0.35279,0,0.15569,0.21955,0.23248,0.45064,0.27148,0.3419,0.22768,0.32338,0.2913,0.29749,0.19571,0.055598,0,0,0,0.041095,0.09499,0.18179,0.10289,0.24743,0.069919,0.12089,0.13626,0.42652,0.26106,0.26061,0.30425,0.11577,0.18015,0.08682,0.09395,0.36852,0.35883,0.43713,0.30038,0.70858,0.52277,0.33043,0.2808,0.44886,0.43933,0.2681,0.16263,0.36546,0.24189,0.046674,0.088545,0.39067,0.40605,0.51439,0.44909,0.40337,0.34005,0.1357,0.1898,0.18803,0.23655,0.37224,0.28745,0.50368,0.29357,0.10876,0,0.20981,0.42285,0.28761,0.43114,0.37026,0.55636,0,0,0.005758,0.032517,0.1995,0.27882,0.29408,0.41523,0.33337,0.31504,0.26827,0.29833,0.13833,0.1675,0,0.12617,0.37397,0.28177,0.2911,0.27591,0.13587,0
0.61421,0.61852,0.47189,0.69028,0.17588,0.43168,0.59815,0.7254,0.007218,0.38648,0.73055,0.86485,0.73487,1,0.40044,0.62186,0.29321,0.30016,0.67142,0.63149,0.055439,0.1551,0.38202,0.43464,0,0.29208,0.29594,0.30959,0.48702,0.47828,0.34747,0.38637,0.49289,0.50993,0.32871,0.31049,0,0.050249,0,0,0.12063,0.26938,0.3245,0.29621,0.28204,0.31933,0.3446,0.33312,0.55051,0.47587,0.39237,0.48967,0.34461,0.28157,0.35911,0.21457,0.26339,0.413,0.41879,0.46572,0.59529,0.6969,0.52078,0.51369,0.38187,0.56064,0.38132,0.3694,0.41325,0.29175,0.053597,0.010435,0.52244,0.4983,0.61948,0.50747,0.44749,0.37815,0.14653,0.17202,0.39713,0.25439,0.47543,0.32986,0.60169,0.39961,0.27795,0,0.36839,0.48802,0.46201,0.44176,0.51491,0.36762,0,0,0.1492,0.14811,0.4177,0.39483,0.42387,0.32921,0.49291,0.25,0.41586,0.22816,0.18755,0.15436,0,0.20567,0.50203,0.47109,0.50855,0.41412,0.24337,0.01933
0.52655,0.39566,0.5928,0.5123,0.57798,0.36952,0.59084,0.42338,0.5263,0.42978,0.53277,0.44169,0.59068,0.40044,1,0.75318,0.28193,0.35923,0.54505,0.42695,0.29979,0.36199,0.62864,0.56912,0.42557,0.52614,0.48361,0.57743,0.34886,0.13294,0.48842,0.49168,0.20919,0.24136,0.41068,0.36797,0.022684,0,0.085392,0.086741,0.20297,0,0.36153,0.33922,0.52205,0.46977,0.33907,0.36714,0.46899,0.41797,0.45924,0.47978,0.20388,0.30677,0.35069,0.40255,0.43936,0.48291,0.43019,0.40072,0.56234,0.50447,0.18175,0.34667,0.64315,0.60472,0.42148,0.37505,0.34502,0.39226,0.16989,0.12272,0.3257,0.37804,0.43746,0.38264,0.19695,0.15324,0.4262,0.31944,0.33277,0.46393,0.65359,0.37137,0.59887,0.63092,0.35542,0.2469,0.45634,0.51274,0.36995,0.44428,0.46389,0.56338,0,0,0.24124,0.28166,0.2982,0.39609,0.41281,0.31586,0.30547,0.26103,0.18884,0.36862,0.19215,0.1902,0.14074,0.33629,0.35762,0.34199,0.22956,0.343,0.0059814,0.078432
0.64727,0.5263,0.46181,0.61233,0.21588,0.28041,0.56873,0.49812,0.12364,0.37032,0.60805,0.62569,0.57516,0.62186,0.75318,1,0.34541,0.49452,0.66803,0.59773,0.18305,0.26469,0.56774,0.58647,0.36181,0.43041,0.34851,0.48978,0.49461,0.42831,0.38379,0.52821,0.30284,0.37988,0.53024,0.52622,0.20492,0.21225,0.2308,0.29754,0.38542,0.12171,0.46556,0.42196,0.48334,0.48931,0.47994,0.4676,0.50585,0.5209,0.51207,0.55626,0.38148,0.39174,0.4818,0.54147,0.44041,0.56648,0.56824,0.57348,0.61615,0.64116,0.29411,0.45152,0.52116,0.60779,0.51953,0.50405,0.54603,0.53379,0.10243,0.052291,0.41085,0.45542,0.47571,0.44625,0.41996,0.40267,0.37739,0.4512,0.43778,0.54086,0.70515,0.63689,0.61693,0.64543,0.42932,0.30464,0.51109,0.67455,0.55919,0.55421,0.5691,0.57423,0.033671,0,0.37579,0.37307,0.47138,0.54871,0.55349,0.38837,0.49935,0.34605,0.31351,0.31428,0.29866,0.23378,0.017975,0.40538,0.49885,0.48761,0.45576,0.459,0.049893,0.02491
0.38937,0.33843,0.033342,0.15345,0,0,0.26044,0.18654,0.0051151,0,0.4371,0.39419,0.29825,0.29321,0.28193,0.34541,1,0.68418,0.39918,0.41506,0.13277,0.26409,0.012229,0.057229,0.10929,0,0,0.094626,0.72781,0.38675,0.35932,0.31575,0.43598,0.40043,0,0.074881,0,0.0020935,0.12554,0.09699,0.51644,0.086283,0.25594,0.24143,0.10841,0.23246,0.22629,0.24909,0.19441,0.18622,0.12972,0.12954,0.11176,0.13449,0.16271,0.25221,0.40709,0.34804,0.36747,0.21173,0.39262,0.32176,0.59633,0.55909,0.073754,0.11208,0.20162,0.18205,0.20694,0.25063,0.20773,0.15801,0.30932,0.43165,0.27806,0.21529,0,0,0.72585,0.45924,0.7222,0.48174,0.22585,0.32616,0.19258,0.2004,0,0.28211,0.042393,0.26501,0.24093,0.28945,0.083113,0.4154,0,0.40362,0.15753,0.37949,0.20774,0.33345,0.30548,0.50037,0.2111,0.45474,0.054932,0.16587,0,0.25672,0.13167,0.14626,0.031011,0.26059,0.21988,0.16278,0,0.25478
0.3734,0.3685,0.06733,0.17541,0,0,0.20274,0.1584,0.065192,0,0.34805,0.41158,0.27939,0.30016,0.35923,0.49452,0.68418,1,0.43028,0.44142,0.18094,0.23807,0.11885,0.14887,0.16098,0.00042877,0,0.22111,0.5803,0.50551,0.31622,0.36933,0.29803,0.30416,0.13736,0.20466,0.18346,0.2754,0.34381,0.3768,0.58385,0.15251,0.30238,0.25903,0.2224,0.20816,0.27179,0.3071,0.16212,0.10132,0.18977,0.12339,0.13686,0.16374,0.16208,0.28942,0.54713,0.52071,0.34174,0.24597,0.32982,0.25664,0.34912,0.39088,0.11144,0.070891,0.24708,0.22935,0.37659,0.38427,0.17254,0.15809,0.27624,0.38653,0.24594,0.074496,0.12518,0.17676,0.6231,0.71649,0.63343,0.59501,0.25738,0.57193,0.24356,0.25879,0.0044072,0.41164,0.13589,0.29725,0.39156,0.41957,0.23989,0.56506,0.10459,0.22164,0.26798,0.36269,0.26397,0.4431,0.38365,0.52405,0.30386,0.47678,0.054229,0.16411,0.14793,0.37425,0.10935,0.27804,0.19701,0.2529,0.22735,0.19894,0,0.17833
0.85055,0.81014,0.65085,0.72204,0.19793,0.24342,0.76974,0.68212,0.097474,0.18447,0.72048,0.71137,0.64024,0.67142,0.54505,0.66803,0.39918,0.43028,1,0.91088,0,0.10114,0.583,0.56279,0.24319,0.288,0.26781,0.32657,0.48977,0.43832,0.49437,0.48888,0.62875,0.65633,0.60368,0.64603,0.17811,0.10984,0.080162,0.10832,0.3331,0.22848,0.60435,0.55259,0.52718,0.45047,0.61831,0.58615,0.70777,0.5503,0.64695,0.60819,0.59446,0.54914,0.5701,0.50631,0.55952,0.68855,0.70354,0.69922,0.78843,0.68117,0.48741,0.55414,0.55512,0.45945,0.7428,0.66369,0.75007,0.66827,0,0,0.56616,0.56941,0.60282,0.52178,0.54412,0.49464,0.22701,0.21663,0.43297,0.39613,0.536,0.538,0.65944,0.57572,0.24459,0.07966,0.51463,0.70568,0.72178,0.76997,0.66991,0.73303,0,0,0.43702,0.42697,0.64879,0.71334,0.66394,0.56514,0.67964,0.56442,0.49313,0.392,0.38624,0.36552,0.090439,0.36874,0.7209,0.63672,0.62708,0.58661,0.21126,0.049216
0.7558,0.8554,0.5713,0.76388,0.17757,0.23948,0.72763,0.73549,0.10127,0.2234,0.59811,0.66828,0.52309,0.63149,0.42695,0.59773,0.41506,0.44142,0.91088,1,0.0083373,0.094725,0.52066,0.57087,0.26415,0.31897,0.21262,0.27161,0.49683,0.50515,0.44424,0.46825,0.59838,0.67356,0.59046,0.63636,0.25162,0.17904,0.13295,0.16632,0.32513,0.28861,0.62002,0.59031,0.52145,0.49719,0.68401,0.65056,0.69716,0.57494,0.61883,0.62208,0.60564,0.59604,0.59425,0.56455,0.52994,0.7078,0.66141,0.72637,0.67389,0.64966,0.44512,0.5807,0.41498,0.41935,0.7411,0.71428,0.79519,0.74164,0,0,0.5374,0.54431,0.51011,0.47623,0.56577,0.53508,0.20316,0.18668,0.44288,0.4076,0.47308,0.56577,0.57809,0.59495,0.18226,0.069228,0.45242,0.71533,0.74266,0.75474,0.7013,0.68923,0,0,0.53163,0.50662,0.72528,0.76811,0.70068,0.54845,0.73134,0.57013,0.47393,0.33846,0.35599,0.28694,0,0.3612,0.73381,0.67633,0.63074,0.55904,0.23325,0.025351
0.031017,0,0,0,0.18282,0.25006,0,0,0.15142,0.1214,0.07987,0.10945,0.0096553,0.055439,0.29979,0.18305,0.13277,0.18094,0,0.0083373,1,0.84315,0,0,0.11915,0.22732,0.25302,0.42284,0.24691,0.16692,0.14023,0.11963,0.051956,0.038388,0,0,0.13921,0.24748,0.29928,0.23145,0.27882,0.17199,0,0.004138,0.02024,0.13377,0.021135,0.040677,0.013774,0.1345,0.038969,0.074711,0,0.0065305,0.030165,0.045346,0.0053605,0,0.067727,0.027508,0.042378,0.055236,0.07422,0.13349,0.052064,0.11765,0.0016246,0,0,0.065551,0.30717,0.19466,0.21506,0.18738,0.26127,0.15318,0.029161,0.063655,0.24943,0.21605,0.25563,0.16622,0.25829,0.12787,0.064327,0.068672,0.13621,0.24627,0.00087877,0,0,0,0,0,0.3596,0.22686,0.19982,0.16381,0.0019604,0.038272,0,0.017813,0,0,0,0,0,0.036628,0.18821,0.31695,0,0,0,0,0,0
0.17352,0.077496,0,0.023409,0.1163,0.20038,0.031593,0.069536,0.076881,0.04255,0.19777,0.25818,0.082009,0.1551,0.36199,0.26469,0.26409,0.23807,0.10114,0.094725,0.84315,1,0.027526,0,0.15969,0.15049,0.29926,0.48129,0.29379,0.22066,0.22232,0.18365,0.21155,0.1693,0,0.017855,0.029844,0.10709,0.17757,0.11047,0.27688,0.02496,0.032018,0.07799,0.038802,0.20545,0.065549,0.11237,0.14793,0.25067,0.15098,0.18808,0.063502,0.087398,0.14984,0.098615,0.12463,0.082639,0.18324,0.13612,0.18905,0.2485,0.23754,0.29544,0.13613,0.22343,0.11176,0.087766,0.064732,0.14816,0.42066,0.32099,0.32541,0.3248,0.40434,0.26079,0.015425,0,0.3795,0.19189,0.3939,0.1546,0.26221,0.087145,0.14997,0.10227,0.075921,0.12565,0.13415,0.038123,0.081299,0.11358,0.052499,0.11967,0.20536,0.30331,0.16143,0.18374,0.014131,0.091511,0.12982,0.09875,0.071475,0.022529,0,0,0,0.1265,0.29021,0.40474,0,0,0.011643,0,0,0.12013
0.42551,0.45662,0.83461,0.74702,0.52995,0.36447,0.69317,0.64203,0.45681,0.48072,0.40779,0.39847,0.40907,0.38202,0.62864,0.56774,0.012229,0.11885,0.583,0.52066,0,0.027526,1,0.92424,0.57904,0.65593,0.39208,0.31676,0.093167,0.10158,0.57124,0.60536,0.23349,0.30069,0.69713,0.62404,0.086352,0,0,0,0.039494,0.053422,0.54023,0.48429,0.64226,0.51911,0.49624,0.47709,0.57946,0.51175,0.5854,0.62658,0.42244,0.53416,0.41554,0.41993,0.37155,0.50909,0.26453,0.44633,0.39366,0.51922,0.070504,0.25961,0.73763,0.59265,0.54812,0.57674,0.45052,0.48445,0,0.011472,0.23292,0.27494,0.37141,0.34027,0.34446,0.28204,0.062669,0.092605,0.037404,0.31699,0.38924,0.24302,0.66813,0.70347,0.18281,0.0033248,0.49795,0.65881,0.56214,0.63209,0.66893,0.48858,0,0,0.21814,0.18792,0.48732,0.49086,0.36645,0.17187,0.36009,0.19602,0.41624,0.42333,0.21092,0.038861,0,0.25643,0.57624,0.52748,0.40914,0.48476,0.30353,0.040975
0.37297,0.47349,0.7281,0.82778,0.50872,0.37664,0.66928,0.74081,0.42569,0.53275,0.39626,0.4426,0.35279,0.43464,0.56912,0.58647,0.057229,0.14887,0.56279,0.57087,0,0,0.92424,1,0.60433,0.74382,0.39384,0.31857,0.17569,0.20453,0.59787,0.69679,0.27105,0.38516,0.70352,0.66333,0.068088,0.010127,0,0.028432,0.11135,0.14173,0.59803,0.55911,0.68206,0.64361,0.58774,0.58079,0.5866,0.55109,0.5895,0.67562,0.45428,0.53125,0.47238,0.49561,0.29578,0.51996,0.27545,0.50553,0.34841,0.60085,0.099345,0.36319,0.67835,0.68506,0.58265,0.67428,0.44548,0.50583,0,0,0.22863,0.29774,0.36294,0.34037,0.32742,0.30935,0.084337,0.14041,0.095794,0.37794,0.41672,0.29719,0.65316,0.7856,0.22235,0.065407,0.49143,0.71284,0.61973,0.60974,0.73142,0.44527,0,0,0.28799,0.27725,0.56421,0.5353,0.46336,0.19963,0.44591,0.23283,0.44579,0.39028,0.19189,0.017256,0,0.24424,0.5906,0.58047,0.4688,0.48479,0.31935,0.075867
0.14416,0.24242,0.3207,0.38481,0.31962,0,0.24161,0.29636,0.31259,0.087107,0,0.046664,0,0,0.42557,0.36181,0.10929,0.16098,0.24319,0.26415,0.11915,0.15969,0.57904,0.60433,1,0.60588,0.28634,0.24281,0.061673,0.14246,0.54464,0.62221,0.1604,0.30328,0.51482,0.5973,0.21632,0.17463,0.30023,0.25384,0.3107,0,0.42736,0.42898,0.40359,0.51551,0.42497,0.41327,0.19696,0.32815,0.35289,0.41236,0.2937,0.31008,0.36654,0.46757,0.28369,0.40019,0.21343,0.38372,0.1335,0.29822,0.0020426,0.29326,0.30901,0.35568,0.46627,0.54256,0.26084,0.39592,0.12082,0.12391,0.080285,0.1494,0.17258,0.089437,0.1051,0.080141,0.2055,0.20632,0.10842,0.20751,0.25295,0.15946,0.21483,0.50166,0.037983,0.145,0.33962,0.38373,0.35712,0.29762,0.4621,0.31932,0.21391,0.025158,0.35817,0.40027,0.27453,0.38776,0.40026,0.11559,0.25439,0.20332,0.19036,0.13929,0.12095,0.087557,0.091576,0.34107,0.29462,0.32105,0.14388,0.1907,0,0.052559
0.15962,0.2662,0.52361,0.61911,0.65852,0.60774,0.40744,0.55702,0.44099,0.62126,0.1344,0.24694,0.15569,0.29208,0.52614,0.43041,0,0.00042877,0.288,0.31897,0.22732,0.15049,0.65593,0.74382,0.60588,1,0.63923,0.56284,0.057643,0.12716,0.59328,0.66822,0.23636,0.34123,0.58078,0.50802,0.067526,0.086968,0.06099,0.049886,0.046959,0.1133,0.41743,0.4463,0.56911,0.63099,0.44339,0.45671,0.41603,0.43928,0.45814,0.57022,0.26906,0.29567,0.3704,0.36839,0.16572,0.31298,0.17868,0.38153,0.1808,0.44116,0,0.19675,0.52831,0.63455,0.46265,0.55183,0.21078,0.29927,0.0072732,0,0.1698,0.20887,0.30948,0.2668,0.19197,0.18003,0.00058847,0.065279,0.0052659,0.29544,0.42241,0.14757,0.45847,0.66684,0.25713,0.020819,0.31484,0.43806,0.33922,0.30697,0.48049,0.21018,0,0,0.25753,0.24258,0.38409,0.36569,0.2743,0.065818,0.30852,0.087856,0.31122,0.2694,0.099359,0,0,0.24615,0.44133,0.41313,0.26226,0.26524,0.18692,0.050476
0.25405,0.19523,0.37246,0.3606,0.68577,0.72479,0.24061,0.30365,0.25204,0.52469,0.18619,0.20232,0.21955,0.29594,0.48361,0.34851,0,0,0.26781,0.21262,0.25302,0.29926,0.39208,0.39384,0.28634,0.63923,1,0.80783,0,0,0.43095,0.3768,0.23727,0.23173,0.33659,0.30311,0,0,0,0,0,0,0.13932,0.13365,0.24042,0.2874,0.16892,0.16875,0.3096,0.24182,0.29258,0.32112,0.15309,0.15305,0.21726,0.09936,0.21771,0.24991,0.22595,0.278,0.30198,0.31071,0.13628,0.10125,0.37735,0.36749,0.28549,0.29447,0.14511,0.18945,0.098789,0.068419,0.31911,0.27121,0.39547,0.42223,0.19106,0.13396,0,0,0,0.047127,0.33482,0.027397,0.29051,0.33653,0.11723,0,0.18975,0.2134,0.18198,0.21371,0.30975,0.19127,0,0,0.054844,0.044591,0.1744,0.16519,0.14736,0.11035,0.23316,0.10884,0.27821,0.32309,0,0,0,0.19774,0.38576,0.26417,0.15819,0.26882,0.2596,0.058486
0.29357,0.21908,0.29689,0.32031,0.52986,0.69605,0.22973,0.25693,0.21353,0.44998,0.21971,0.2524,0.23248,0.30959,0.57743,0.48978,0.094626,0.22111,0.32657,0.27161,0.42284,0.48129,0.31676,0.31857,0.24281,0.56284,0.80783,1,0.15377,0.096338,0.42136,0.38348,0.20626,0.20667,0.2732,0.26068,0.0057943,0.076659,0.17007,0.13638,0.12827,0.094606,0.19794,0.22365,0.31938,0.37696,0.22602,0.25806,0.34653,0.31785,0.3846,0.39338,0.21154,0.24465,0.30901,0.24387,0.26807,0.31432,0.3374,0.32734,0.34078,0.29719,0.144,0.17652,0.33267,0.3307,0.33003,0.32778,0.24267,0.30477,0.03376,0,0.28524,0.28449,0.34948,0.26243,0.17958,0.19342,0.2101,0.19468,0.22267,0.34834,0.47968,0.34205,0.31221,0.43055,0.25858,0.19535,0.28534,0.31897,0.30658,0.32513,0.27958,0.29865,0.075128,0.071927,0.23008,0.229,0.24538,0.27408,0.22434,0.23037,0.27018,0.18481,0.12323,0.25614,0.13737,0.16687,0.057299,0.32742,0.29629,0.21918,0.17387,0.19685,0.0808,0.041269
0.52884,0.37311,0.12541,0.28746,0,0,0.38707,0.31993,0,0,0.63885,0.62151,0.45064,0.48702,0.34886,0.49461,0.72781,0.5803,0.48977,0.49683,0.24691,0.29379,0.093167,0.17569,0.061673,0.057643,0,0.15377,1,0.66602,0.38439,0.47246,0.4216,0.4523,0.099156,0.13799,0.12816,0.18764,0.19009,0.19799,0.45622,0.2886,0.27485,0.30767,0.15759,0.29482,0.28416,0.3001,0.31095,0.28785,0.21955,0.24717,0.17918,0.14385,0.23254,0.33399,0.22269,0.22889,0.38274,0.28133,0.40822,0.37546,0.49708,0.52229,0.19079,0.25296,0.30325,0.27488,0.29386,0.28209,0.1895,0.17129,0.52166,0.56139,0.42283,0.38966,0.16717,0.18326,0.63631,0.48406,0.66349,0.51216,0.45945,0.4762,0.36713,0.29785,0.16659,0.24027,0.10083,0.2793,0.26365,0.26989,0.14816,0.38393,0.015758,0.18426,0.26953,0.39028,0.27561,0.35117,0.33197,0.43264,0.28696,0.35522,0.1375,0.18757,0,0.14236,0.10752,0.31415,0.2147,0.25401,0.32657,0.27956,0.080512,0.18113
0.37355,0.46525,0.060993,0.36374,0,0.0074781,0.27856,0.4057,0,0,0.32764,0.64067,0.27148,0.47828,0.13294,0.42831,0.38675,0.50551,0.43832,0.50515,0.16692,0.22066,0.10158,0.20453,0.14246,0.12716,0,0.096338,0.66602,1,0.26415,0.40695,0.32158,0.46719,0.29641,0.35597,0.44528,0.5696,0.45846,0.46079,0.44599,0.41883,0.36269,0.42549,0.17462,0.34271,0.46381,0.46059,0.36672,0.36216,0.35006,0.33936,0.40768,0.30596,0.45816,0.47635,0.13399,0.27893,0.36822,0.41715,0.29625,0.36388,0.34649,0.4266,0.044976,0.21602,0.42317,0.4367,0.44195,0.4098,0.0027053,0,0.45129,0.49071,0.35965,0.24554,0.48457,0.45498,0.33311,0.49237,0.54697,0.38677,0.4147,0.56424,0.27155,0.22457,0.18225,0.12819,0.24828,0.32651,0.41096,0.31722,0.30798,0.30409,0.32625,0.032844,0.55428,0.5333,0.4273,0.48567,0.4437,0.28373,0.44959,0.26913,0.1668,0,0.2265,0.17854,0.066706,0.52138,0.42419,0.34246,0.43742,0.31155,0.03144,0
0.43801,0.36794,0.46708,0.51162,0.37379,0.29718,0.48441,0.50021,0.29683,0.14927,0.41895,0.44125,0.3419,0.34747,0.48842,0.38379,0.35932,0.31622,0.49437,0.44424,0.14023,0.22232,0.57124,0.59787,0.54464,0.59328,0.43095,0.42136,0.38439,0.26415,1,0.8177,0.61471,0.61713,0.38499,0.43889,0,0,0,0,0.22458,0.0062565,0.43221,0.43332,0.36482,0.48181,0.36924,0.40887,0.3541,0.33173,0.30256,0.38425,0.24572,0.20058,0.20578,0.30515,0.44844,0.41923,0.38631,0.40829,0.40087,0.51084,0.37888,0.44792,0.4808,0.45833,0.48826,0.5057,0.2868,0.33969,0.21531,0.2938,0.36449,0.41562,0.51032,0.3845,0.052141,0.0032589,0.29777,0.27916,0.2413,0.26907,0.20862,0.1582,0.37071,0.45757,0,0,0.11695,0.35387,0.36242,0.41696,0.44293,0.49145,0,0.069981,0.12008,0.28451,0.27151,0.42576,0.42296,0.43538,0.39068,0.4678,0.36429,0.36229,0.042109,0.22677,0.10398,0.20438,0.411,0.42188,0.28891,0.27903,0.12552,0.12493
0.4342,0.40259,0.39109,0.558,0.2689,0.2379,0.3908,0.51113,0.21232,0.17704,0.40567,0.48468,0.22768,0.38637,0.49168,0.52821,0.31575,0.36933,0.48888,0.46825,0.11963,0.18365,0.60536,0.69679,0.62221,0.66822,0.3768,0.38348,0.47246,0.40695,0.8177,1,0.43719,0.54638,0.53575,0.58701,0.13454,0.10148,0.066921,0.091048,0.35581,0.09189,0.51575,0.53046,0.47179,0.61603,0.47808,0.50293,0.39937,0.40476,0.41655,0.49488,0.32289,0.24971,0.36247,0.46476,0.4118,0.46008,0.40711,0.51585,0.36041,0.53504,0.37036,0.50365,0.48544,0.5227,0.5738,0.63342,0.36903,0.40473,0.1722,0.25243,0.36319,0.45599,0.47255,0.40327,0.16364,0.13168,0.33102,0.35462,0.29199,0.35952,0.37662,0.34483,0.41887,0.58275,0.17044,0.13157,0.26241,0.46453,0.41624,0.41981,0.50974,0.45483,0,0,0.26476,0.38559,0.36392,0.49883,0.49505,0.38432,0.43257,0.40956,0.40872,0.34972,0.14376,0.21938,0.05648,0.30965,0.48063,0.45836,0.32146,0.37534,0.15124,0.19943
0.54847,0.49072,0.27236,0.42313,0.10471,0.20592,0.455,0.48289,0.05287,0.049246,0.45579,0.46171,0.32338,0.49289,0.20919,0.30284,0.43598,0.29803,0.62875,0.59838,0.051956,0.21155,0.23349,0.27105,0.1604,0.23636,0.23727,0.20626,0.4216,0.32158,0.61471,0.43719,1,0.91272,0.29633,0.39203,0,0,0,0,0.28007,0.10027,0.38879,0.37706,0.1716,0.31436,0.39157,0.40207,0.40243,0.32946,0.29225,0.32161,0.32878,0.17812,0.26747,0.23937,0.4448,0.44828,0.50561,0.46777,0.51724,0.60997,0.63922,0.59025,0.31921,0.32641,0.49304,0.46235,0.38559,0.37791,0.1517,0.19039,0.50064,0.50903,0.56906,0.48147,0.13863,0.065552,0.23568,0.10817,0.42785,0.20321,0.17673,0.10114,0.34733,0.25479,0,0,0.10301,0.32333,0.36116,0.41458,0.34559,0.44592,0,0.13576,0.15807,0.2979,0.34876,0.42455,0.45184,0.55741,0.51516,0.58359,0.45544,0.35533,0.10051,0.28748,0.19221,0.1938,0.49302,0.52213,0.48245,0.34771,0.14476,0.00023711
0.55128,0.57899,0.29057,0.5419,0.12221,0.19093,0.48544,0.60973,0.062816,0.10376,0.40297,0.51871,0.2913,0.50993,0.24136,0.37988,0.40043,0.30416,0.65633,0.67356,0.038388,0.1693,0.30069,0.38516,0.30328,0.34123,0.23173,0.20667,0.4523,0.46719,0.61713,0.54638,0.91272,1,0.46504,0.56907,0.1484,0.094611,0,0,0.33134,0.14841,0.47872,0.49892,0.25838,0.44969,0.52028,0.51785,0.47885,0.42106,0.40356,0.44461,0.44284,0.27748,0.39834,0.4012,0.44574,0.53269,0.57931,0.61421,0.52179,0.65598,0.6096,0.6295,0.32973,0.41168,0.63743,0.64878,0.50311,0.51627,0.13253,0.18738,0.55145,0.5838,0.57093,0.50636,0.26795,0.18676,0.22177,0.1373,0.45208,0.26879,0.24977,0.22357,0.40506,0.38848,0,0,0.19219,0.41313,0.46051,0.46249,0.46474,0.50069,0,0.022135,0.32356,0.4299,0.47824,0.56074,0.58439,0.57748,0.6314,0.61633,0.53416,0.34763,0.19272,0.30195,0.15284,0.33981,0.61284,0.60108,0.5313,0.42369,0.16961,0.0051259
0.4442,0.5008,0.59474,0.67039,0.3026,0.25546,0.55859,0.57399,0.19485,0.34133,0.2797,0.40371,0.29749,0.32871,0.41068,0.53024,0,0.13736,0.60368,0.59046,0,0,0.69713,0.70352,0.51482,0.58078,0.33659,0.2732,0.099156,0.29641,0.38499,0.53575,0.29633,0.46504,1,0.87499,0.3734,0.26236,0.17257,0.18393,0.18247,0.17154,0.54705,0.52342,0.6164,0.52041,0.55376,0.53604,0.54324,0.45823,0.60439,0.61361,0.46933,0.5154,0.46766,0.46057,0.35185,0.49934,0.40804,0.54923,0.42225,0.52636,0.11032,0.22971,0.56618,0.52478,0.71751,0.73913,0.54417,0.59,0,0,0.27365,0.36222,0.35231,0.38464,0.56985,0.5025,0,0.091818,0.026365,0.29995,0.29539,0.35854,0.47483,0.6275,0.14152,0,0.39384,0.61238,0.56821,0.60821,0.66463,0.55471,0.020663,0,0.41776,0.30582,0.5256,0.55302,0.52018,0.30319,0.55778,0.36755,0.49927,0.33588,0.27237,0.11103,0,0.40771,0.74191,0.54721,0.45644,0.47839,0.28007,0.0071299
0.46286,0.59186,0.44264,0.67079,0.1637,0.16013,0.49062,0.59282,0.053817,0.22142,0.23202,0.3892,0.19571,0.31049,0.36797,0.52622,0.074881,0.20466,0.64603,0.63636,0,0.017855,0.62404,0.66333,0.5973,0.50802,0.30311,0.26068,0.13799,0.35597,0.43889,0.58701,0.39203,0.56907,0.87499,1,0.33521,0.3057,0.15005,0.19617,0.29382,0.11381,0.5814,0.57177,0.55679,0.57809,0.62866,0.59224,0.55812,0.53239,0.61196,0.62606,0.62829,0.57182,0.59096,0.56439,0.42028,0.65068,0.54434,0.70182,0.4667,0.56367,0.24832,0.39758,0.45945,0.46557,0.80596,0.86297,0.66555,0.71465,0,0.034014,0.35254,0.43984,0.42439,0.35443,0.54117,0.47596,0.051553,0.12987,0.20982,0.29246,0.28222,0.4064,0.47372,0.593,0.12434,0,0.47977,0.63541,0.70129,0.67478,0.74072,0.59707,0.015499,0,0.45606,0.41738,0.60038,0.67673,0.68756,0.40657,0.68127,0.51165,0.56392,0.289,0.36019,0.22939,0,0.39547,0.75718,0.60304,0.56869,0.53355,0.22876,0.063095
0.26209,0.14701,0.11376,0.040036,0.016717,0,0.17964,0,0.071532,0,0,0.093972,0.055598,0,0.022684,0.20492,0,0.18346,0.17811,0.25162,0.13921,0.029844,0.086352,0.068088,0.21632,0.067526,0,0.0057943,0.12816,0.44528,0,0.13454,0,0.1484,0.3734,0.33521,1,0.62957,0.5588,0.42804,0.33443,0.26029,0.11202,0.092648,0.0040766,0,0.21195,0.15841,0.054678,0.021187,0.14771,0.061648,0.17105,0.27713,0.080861,0.36521,0.27639,0.18355,0.28466,0.26892,0.15769,0,0,0,0,0,0.26449,0.24065,0.40717,0.36686,0,0.027887,0.1919,0.22297,0.20196,0.18831,0.59915,0.61145,0,0.2112,0,0.15468,0.11669,0.42965,0,0.07879,0,0,0,0.22916,0.12558,0.2636,0.057065,0.36828,0.50421,0,0.44351,0.27307,0.21872,0.35324,0.13508,0.30712,0.25096,0.27295,0.023366,0,0.25407,0.19455,0.054985,0.48404,0.41737,0.081145,0.078377,0.090433,0,0
0.04762,0.15092,0,0.082746,0,0,0.031,0.067365,0,0,0,0.19239,0,0.050249,0,0.21225,0.0020935,0.2754,0.10984,0.17904,0.24748,0.10709,0,0.010127,0.17463,0.086968,0,0.076659,0.18764,0.5696,0,0.10148,0,0.094611,0.26236,0.3057,0.62957,1,0.71174,0.75037,0.48209,0.55828,0.19276,0.255,0.16337,0.17858,0.35227,0.2982,0.15997,0.24323,0.29106,0.22802,0.37537,0.35693,0.31537,0.38846,0,0.095404,0.21152,0.27479,0.047572,0,0,0.053938,0,0,0.29464,0.30595,0.32965,0.36013,0,0,0.18557,0.16975,0.11742,0,0.52912,0.59561,0,0.39713,0.15507,0.2238,0.18513,0.49744,0.039053,0.12016,0.10019,0.24404,0.10947,0.11993,0.34658,0.20891,0.12624,0.15314,0.5889,0.039622,0.62157,0.45201,0.38328,0.40932,0.20784,0.12705,0.31958,0.11108,0,0,0.1764,0.084439,0.0009226,0.46449,0.26214,0.15697,0.31204,0.1213,0,0
0.010119,0.046199,0,0,0,0,0,0,0.0086881,0,0,0.027316,0,0,0.085392,0.2308,0.12554,0.34381,0.080162,0.13295,0.29928,0.17757,0,0,0.30023,0.06099,0,0.17007,0.19009,0.45846,0,0.066921,0,0,0.17257,0.15005,0.5588,0.71174,1,0.88396,0.54423,0.39849,0.12527,0.16038,0.13614,0.16032,0.23831,0.22854,0.030987,0.076765,0.20731,0.15744,0.18322,0.25357,0.31947,0.38285,0.017243,0.068841,0.082922,0.12939,0,0,0,0,0,0,0.14784,0.15711,0.19791,0.24571,0,0,0,0.010862,0,0,0.33302,0.42298,0.14366,0.45558,0.22018,0.29842,0.32192,0.52683,0.0010076,0.19565,0.24537,0.55835,0.1864,0.17791,0.19186,0.11919,0.04333,0.10528,0.85213,0.31143,0.66382,0.55268,0.18703,0.23793,0.14877,0,0.12353,0,0,0,0.31448,0.22521,0.22578,0.56032,0.037165,0,0.020858,0,0,0
0.012085,0.13103,0,0.042761,0,0,0,0.014703,0,0,0,0.072838,0,0,0.086741,0.29754,0.09699,0.3768,0.10832,0.16632,0.23145,0.11047,0,0.028432,0.25384,0.049886,0,0.13638,0.19799,0.46079,0,0.091048,0,0,0.18393,0.19617,0.42804,0.75037,0.88396,1,0.51422,0.47035,0.20246,0.24221,0.26151,0.27063,0.31691,0.30113,0.11449,0.2034,0.29728,0.23692,0.31196,0.34767,0.41426,0.46273,0,0.12377,0.12868,0.21017,0,0,0,0.027885,0,0,0.21561,0.23065,0.29561,0.33376,0,0,0.0023328,0.027314,0,0,0.35123,0.45117,0.16533,0.47719,0.28917,0.38587,0.35978,0.64677,0.085063,0.26709,0.37137,0.65326,0.30483,0.23786,0.32858,0.18761,0.14929,0.11101,0.75592,0.20449,0.6671,0.53158,0.31209,0.32949,0.23755,0,0.19447,0,0,0,0.37353,0.23734,0.12331,0.48745,0.045444,0.073675,0.13152,0.076062,0,0
0.29233,0.23249,0,0.10096,0,0,0.10402,0.091373,0,0,0.20721,0.26119,0.041095,0.12063,0.20297,0.38542,0.51644,0.58385,0.3331,0.32513,0.27882,0.27688,0.039494,0.11135,0.3107,0.046959,0,0.12827,0.45622,0.44599,0.22458,0.35581,0.28007,0.33134,0.18247,0.29382,0.33443,0.48209,0.54423,0.51422,1,0.34906,0.36711,0.33967,0.18459,0.2725,0.37676,0.37617,0.12091,0.20015,0.22064,0.17212,0.28364,0.24237,0.28448,0.36825,0.27336,0.28453,0.37108,0.29861,0.2787,0.23194,0.36757,0.42355,0,0.043404,0.29948,0.3017,0.35253,0.3855,0.0060012,0,0.28578,0.36286,0.2613,0.13514,0.17152,0.21573,0.39288,0.44191,0.52125,0.37881,0.33345,0.51345,0.14686,0.21224,0.14092,0.44085,0.1455,0.25538,0.39121,0.32448,0.18202,0.36626,0.38255,0.41485,0.4438,0.54475,0.33862,0.41314,0.40194,0.37262,0.3093,0.35871,0.010159,0.017531,0.18404,0.31741,0.23673,0.40852,0.16654,0.27511,0.29137,0.18752,0,0.077522
0.071798,0.15503,0.16692,0.21661,0.072475,0.22203,0.2414,0.28755,0.05608,0.16915,0.11273,0.30101,0.09499,0.26938,0,0.12171,0.086283,0.15251,0.22848,0.28861,0.17199,0.02496,0.053422,0.14173,0,0.1133,0,0.094606,0.2886,0.41883,0.0062565,0.09189,0.10027,0.14841,0.17154,0.11381,0.26029,0.55828,0.39849,0.47035,0.34906,1,0.18641,0.23641,0.27539,0.23087,0.3075,0.27042,0.35211,0.2795,0.33274,0.26647,0.37796,0.38266,0.30319,0.20608,0,0,0.0723,0.16033,0.093026,0.089103,0.17015,0.1378,0.0561,0.047248,0.20297,0.20413,0.23278,0.24046,0,0,0.33836,0.3013,0.18906,0.18876,0.47783,0.55845,0.067554,0.18291,0.27521,0.33645,0.22076,0.4,0.28777,0.21423,0.20043,0.17424,0.10423,0.13481,0.30701,0.21992,0.083199,0.037175,0.29346,0.037835,0.42108,0.30005,0.4296,0.3059,0.017337,0.025874,0.17801,0,0.044837,0.0086665,0.013578,0,0,0.28317,0.22487,0.25903,0.40434,0.25564,0.23845,0
0.43074,0.56161,0.43997,0.57406,0.11308,0.13476,0.4906,0.55174,0.11597,0.09795,0.32832,0.43044,0.18179,0.3245,0.36153,0.46556,0.25594,0.30238,0.60435,0.62002,0,0.032018,0.54023,0.59803,0.42736,0.41743,0.13932,0.19794,0.27485,0.36269,0.43221,0.51575,0.38879,0.47872,0.54705,0.5814,0.11202,0.19276,0.12527,0.20246,0.36711,0.18641,1,0.94119,0.74629,0.72834,0.90468,0.90311,0.67815,0.62926,0.71254,0.65976,0.5892,0.57588,0.6362,0.58804,0.27278,0.4915,0.4417,0.52539,0.35135,0.4229,0.23661,0.41208,0.33278,0.3242,0.71799,0.72909,0.53996,0.61747,0,0,0.26202,0.31454,0.26479,0.23817,0.24241,0.23009,0.15357,0.146,0.29625,0.29853,0.45837,0.42291,0.4369,0.5142,0.2167,0.16433,0.48693,0.55113,0.74181,0.67294,0.63382,0.51714,0.027489,0.0075838,0.61602,0.52937,0.80036,0.74682,0.64955,0.37641,0.65716,0.44667,0.45199,0.3059,0.24454,0.14247,0.11951,0.33821,0.64025,0.7313,0.65752,0.54504,0.24748,0.10623
0.3832,0.52476,0.39117,0.57438,0.11638,0.17475,0.4407,0.56743,0.10021,0.12071,0.26735,0.43166,0.10289,0.29621,0.33922,0.42196,0.24143,0.25903,0.55259,0.59031,0.004138,0.07799,0.48429,0.55911,0.42898,0.4463,0.13365,0.22365,0.30767,0.42549,0.43332,0.53046,0.37706,0.49892,0.52342,0.57177,0.092648,0.255,0.16038,0.24221,0.33967,0.23641,0.94119,1,0.73536,0.82987,0.92951,0.94691,0.71962,0.68785,0.7506,0.71152,0.63209,0.58042,0.72223,0.66611,0.20327,0.408,0.46986,0.55786,0.32286,0.43058,0.24314,0.42313,0.35269,0.38159,0.75855,0.77693,0.5314,0.61934,0,0,0.28636,0.35684,0.2606,0.26452,0.23948,0.222,0.17964,0.15731,0.34084,0.3334,0.47341,0.42755,0.44569,0.5666,0.27489,0.18373,0.49589,0.515,0.69922,0.59876,0.59128,0.44474,0.060285,0.035963,0.67894,0.62211,0.81078,0.76251,0.63522,0.33064,0.64568,0.40347,0.44224,0.29238,0.23367,0.11358,0.15708,0.3887,0.62898,0.72068,0.66886,0.5429,0.23993,0.092742
0.27967,0.41783,0.55627,0.59059,0.35458,0.30923,0.53345,0.56498,0.31862,0.39915,0.26316,0.34792,0.24743,0.28204,0.52205,0.48334,0.10841,0.2224,0.52718,0.52145,0.02024,0.038802,0.64226,0.68206,0.40359,0.56911,0.24042,0.31938,0.15759,0.17462,0.36482,0.47179,0.1716,0.25838,0.6164,0.55679,0.0040766,0.16337,0.13614,0.26151,0.18459,0.27539,0.74629,0.73536,1,0.80126,0.70065,0.71525,0.73495,0.57211,0.75582,0.71891,0.48289,0.57111,0.57548,0.49811,0.19057,0.3857,0.29755,0.4085,0.29873,0.3823,0,0.19979,0.56943,0.4967,0.66033,0.67794,0.42219,0.50224,0,0,0.12689,0.20413,0.17402,0.15998,0.23002,0.25194,0.092749,0.13395,0.20024,0.44207,0.47655,0.42478,0.59532,0.71406,0.35618,0.31379,0.5353,0.57529,0.69296,0.65835,0.62217,0.45607,0.01245,0,0.49977,0.41664,0.69242,0.64015,0.48704,0.20532,0.49102,0.26139,0.34722,0.38891,0.19831,0.070882,0.044371,0.24652,0.49927,0.57059,0.49259,0.43376,0.24194,0.21114
0.23899,0.42397,0.34807,0.63447,0.25335,0.30483,0.38393,0.64344,0.19163,0.35608,0.21307,0.40466,0.069919,0.31933,0.46977,0.48931,0.23246,0.20816,0.45047,0.49719,0.13377,0.20545,0.51911,0.64361,0.51551,0.63099,0.2874,0.37696,0.29482,0.34271,0.48181,0.61603,0.31436,0.44969,0.52041,0.57809,0,0.17858,0.16032,0.27063,0.2725,0.23087,0.72834,0.82987,0.80126,1,0.78546,0.81076,0.7143,0.74201,0.73406,0.80768,0.56856,0.53552,0.7415,0.64266,0.12296,0.36949,0.37947,0.55579,0.24871,0.53803,0.18409,0.44627,0.475,0.63862,0.70251,0.79575,0.40359,0.5302,0.012894,0,0.24224,0.31341,0.2588,0.24608,0.13446,0.12673,0.2616,0.18493,0.42303,0.41844,0.54524,0.40003,0.578,0.7478,0.44935,0.3069,0.59464,0.55449,0.64455,0.50285,0.59499,0.28725,0.010375,0.095947,0.54578,0.57476,0.69323,0.65256,0.58822,0.1602,0.53697,0.24314,0.40587,0.29065,0.20007,0.07051,0.090096,0.32939,0.45595,0.62565,0.54754,0.46071,0.19763,0.19356
