1,0.79916,0.71106,0.55568,0,0.027815,0.47101,0.22021,0,0,0.40728,0.24601,0.24108,0.19221,0,0.073523,0.39263,0.13184,0.86047,0.83549,0.21254,0.21135,0.14683,0.11606,0,0,0,0.17377,0.37676,0,0,0.089439,0.28941,0.26484,0,0,0.33087,0.073731,0.3019,0.13181,0.14147,0,0.41335,0.33631,0.3365,0.27162,0.40314,0.3006,0.48619,0.23316,0.5681,0.15313,0.46631,0.38103,0.44343,0.46844,0.81984,0.6957,0.50314,0.44786,0.51787,0.41237,0.3925,0.099797,0.39061,0.020567,0.43018,0.27461,0.79096,0.66724,0.086295,0.17272,0.32936,0.14819,0.41439,0.23176,0.17248,0.11436,0.3928,0,0.37504,0.019594,0,0,0.43149,0.19454,0,0.043549,0.45363,0.33437,0,0.013616,0.017786,0.12004,0.30524,0.31576,0.34636,0.38697,0.35523,0.33358,0.09973,0.30069,0.1895,0.2655,0.29402,0.32936,0.24968,0.14792,0.37681,0.28229,0.24209,0.31758,0.31475,0.3284,0.36074,0.29748
0.79916,1,0.50238,0.42435,0.045916,0.015661,0.22329,0.11248,0,0,0.15227,0.22908,0.061229,0.14122,0,0,0.29544,0.37097,0.74373,0.82033,0.26383,0.28015,0,0,0,0,0.024753,0.23967,0.28445,0.0038927,0,0.0023658,0.44884,0.40953,0,0,0.21848,0,0.3305,0.13603,0.086642,0.013348,0.41817,0.35774,0.33119,0.36234,0.47582,0.39334,0.49622,0.34047,0.48906,0.19849,0.56142,0.48788,0.50642,0.50381,0.91628,0.91255,0.60717,0.5509,0.58952,0.49855,0.27394,0.28578,0.31605,0.041874,0.54131,0.40329,0.85144,0.72323,0.0097198,0.22922,0.20916,0.18519,0.28353,0.2429,0,0,0.39128,0.021404,0.379,0.16941,0,0.053784,0.45844,0.2978,0,0.13132,0.47748,0.36807,0,0,0,0.026461,0.31513,0.31879,0.37032,0.41133,0.37832,0.39249,0.068025,0.29559,0.13712,0.29419,0.23291,0.27978,0.10638,0.063157,0.37662,0.27201,0.23769,0.36222,0.35198,0.31468,0.32678,0.25219
0.71106,0.50238,1,0.82221,0.37508,0.30951,0.84222,0.60267,0.31077,0.30067,0.59967,0.41587,0.52635,0.47342,0.3411,0.44394,0.30366,0.20209,0.79224,0.74179,0.21616,0.26207,0.63612,0.59553,0.24557,0.25568,0.26662,0.41603,0.35996,0.080338,0.31583,0.3639,0.31765,0.30392,0.019111,0.073602,0.26216,0.23968,0.23074,0.19096,0.18899,0.22908,0.39529,0.35115,0.3702,0.37832,0.37245,0.38101,0.40987,0.31805,0.47696,0.25886,0.34744,0.36697,0.35504,0.48953,0.53816,0.47527,0.37128,0.49285,0.46501,0.46124,0.39637,0.25274,0.45568,0.26736,0.43016,0.38127,0.5382,0.53905,0.034951,0.21195,0.2965,0.36171,0.44798,0.42723,0.30711,0.3203,0.15912,0,0.24789,0.083099,0.18145,0.25047,0.31259,0.35684,0,0.20751,0.46792,0.55562,0.34611,0.42658,0.30356,0.45539,0.25153,0.2818,0.37619,0.40087,0.39671,0.39746,0.25194,0.44394,0.29852,0.3811,0.27218,0.31808,0.2315,0.14465,0.33455,0.32207,0.42172,0.34603,0.30913,0.33092,0.2894,0.18317
0.55568,0.42435,0.82221,1,0.40748,0.57792,0.78237,0.81843,0.41429,0.60106,0.43898,0.46801,0.42156,0.48227,0.30639,0.62994,0.16189,0.2747,0.67342,0.66346,0.09656,0.21246,0.61581,0.70753,0.24451,0.39178,0.20723,0.29405,0.25308,0.24822,0.30168,0.32754,0.39495,0.3924,0.061572,0.14189,0.26225,0.29365,0.16646,0.18605,0.17929,0.36373,0.3885,0.35497,0.37046,0.38663,0.33266,0.37759,0.39601,0.32703,0.39293,0.18363,0.30023,0.32261,0.29866,0.4178,0.4245,0.40062,0.32381,0.46988,0.37589,0.51878,0.27557,0.30601,0.42708,0.37398,0.38986,0.42351,0.46367,0.53007,0,0.097606,0.21961,0.42862,0.43079,0.43113,0.30864,0.37577,0.059638,0.030587,0.2121,0.16835,0.17336,0.40171,0.29024,0.36396,0,0.35804,0.39435,0.50307,0.42157,0.43321,0.46996,0.49645,0.22155,0.26693,0.33903,0.37626,0.37272,0.37015,0.33885,0.48017,0.38479,0.43208,0.29604,0.32752,0.22318,0.2207,0.30061,0.34031,0.44239,0.34595,0.28858,0.33338,0.26557,0.16162
0,0.045916,0.37508,0.40748,1,0.57719,0.35823,0.44808,0.66521,0.47287,0.29021,0.34268,0.4052,0.44108,0.64103,0.509,0.14548,0.29246,0.1278,0.12029,0.094959,0,0.52799,0.5434,0.56414,0.64555,0.65302,0.60129,0.20935,0.26346,0.71372,0.58845,0.086528,0.095662,0.16563,0.075708,0,0.090659,0,0,0,0.23934,0.05087,0.068486,0.15911,0.35112,0,0.12407,0.046169,0.27667,0.00091367,0.18144,0,0.098954,0,0.099108,0.13192,0.14131,0,0.27047,0.11337,0.30627,0.29681,0.32786,0.27048,0.34899,0.11208,0.23196,0,0.054469,0.31411,0.1421,0.25455,0.39631,0.23338,0.3497,0.12927,0.25899,0.073346,0.054134,0.15312,0.33616,0.4496,0.31924,0.16529,0.35836,0.29944,0.23177,0.070045,0.36293,0.42271,0.39269,0.38691,0.43871,0,0,0,0,0.10158,0.15768,0.28891,0.38187,0.29237,0.26861,0.016759,0,0.028788,0.18758,0,0,0.21447,0.082551,0.0018807,0.0095355,0,0
0.027815,0.015661,0.30951,0.57792,0.57719,1,0.37844,0.59728,0.37908,0.88208,0.22143,0.5198,0.28597,0.4179,0.29577,0.7344,0.10071,0.39614,0.09346,0.095633,0,0.064263,0.43358,0.57111,0.48935,0.73326,0.23816,0.27588,0.15759,0.47678,0.40958,0.30418,0.13522,0.13136,0.076205,0.10639,0.029283,0.14355,0,0,0.088298,0.41433,0.16282,0.13278,0.10721,0.21701,0.072725,0.14186,0.14679,0.25073,0.16168,0.089352,0.12486,0.14025,0.099555,0.15369,0.044357,0.13924,0.073833,0.27152,0.14113,0.31938,0.16018,0.30161,0.30892,0.31578,0.10828,0.2341,0,0.14783,0.10082,0,0.14278,0.46944,0.27254,0.35141,0.11312,0.28218,0.026302,0.2233,0.18586,0.35912,0.22483,0.45155,0.16045,0.32868,0.1007,0.40698,0.18301,0.36041,0.31681,0.35693,0.33192,0.37839,0,0,0.084248,0.10961,0.14443,0.21814,0.18739,0.41498,0.29788,0.37629,0.20669,0.17448,0.013177,0.26953,0.089908,0.13133,0.29897,0.20709,0.14721,0.16137,0.12479,0.088751
0.47101,0.22329,0.84222,0.78237,0.35823,0.37844,1,0.78166,0.44886,0.46459,0.70492,0.48649,0.67012,0.53517,0.42,0.59461,0.25863,0.11732,0.60112,0.53613,0.14198,0.14082,0.60516,0.61403,0.19464,0.26413,0.24098,0.27332,0.30714,0.16704,0.38973,0.35945,0.31365,0.3081,0,0,0.10673,0.25046,0.015987,0.073556,0.15406,0.23218,0.21465,0.20577,0.2128,0.24754,0.15287,0.20133,0.1772,0.21707,0.28653,0.21686,0.13556,0.2207,0.13604,0.32959,0.28463,0.2235,0.24825,0.42559,0.39517,0.46205,0.37,0.34937,0.33929,0.30965,0.28317,0.26585,0.29173,0.38729,0.094373,0.12045,0.30154,0.40668,0.45975,0.4637,0.33494,0.41897,0,0,0.13425,0.07428,0.27283,0.31535,0.074158,0.22139,0,0.13406,0.28967,0.43307,0.38065,0.49912,0.37911,0.52418,0.087689,0.14498,0.21526,0.2458,0.23132,0.24479,0.27531,0.43488,0.27944,0.31162,0.15442,0.18702,0.22021,0.22769,0.19365,0.19642,0.33193,0.19075,0.13146,0.18349,0.12094,0.038328
0.22021,0.11248,0.60267,0.81843,0.44808,0.59728,0.78166,1,0.5727,0.66803,0.4788,0.64061,0.58638,0.71444,0.38858,0.79076,0.13359,0.26669,0.43901,0.4026,0.064642,0.15903,0.54499,0.68691,0.1864,0.39127,0.25956,0.282,0.20941,0.40516,0.39842,0.42076,0.4046,0.41418,0.070591,0.15869,0.10391,0.34818,0,0.075233,0.12582,0.37747,0.28296,0.31431,0.28112,0.36239,0.21989,0.33005,0.24757,0.36575,0.26069,0.29359,0.17173,0.30114,0.16335,0.3078,0.13489,0.16178,0.21288,0.49753,0.3,0.54829,0.2826,0.49373,0.32337,0.4318,0.26888,0.37393,0.16607,0.32452,0,0.030896,0.18967,0.54242,0.44775,0.49857,0.35782,0.48185,0,0,0.14281,0.2424,0.3216,0.51937,0.097099,0.35125,0,0.30081,0.31101,0.45178,0.56036,0.60371,0.51896,0.53355,0.072975,0.10851,0.25556,0.25799,0.31861,0.3348,0.41184,0.51695,0.43618,0.44553,0.24087,0.22814,0.27593,0.31699,0.17913,0.27416,0.45625,0.26609,0.17243,0.24202,0.13813,0.026737
0,0,0.31077,0.41429,0.66521,0.37908,0.44886,0.5727,1,0.46659,0.36972,0.41675,0.4171,0.5011,0.69648,0.59411,0,0.2328,0.13803,0.1186,0.010184,0.15726,0.56932,0.58881,0.24954,0.34753,0.37378,0.43381,0,0.21845,0.41708,0.3717,0.34686,0.39883,0.16378,0.1609,0,0.13675,0,0,0,0.24841,0.11525,0.1289,0.11958,0.26636,0.079291,0.2105,0.095565,0.3036,0,0.19616,0.020872,0.12523,0.0043568,0.056026,0,0.0085821,0.12692,0.2597,0.19124,0.4107,0.051899,0.42697,0.33286,0.54742,0.25145,0.37037,0,0.097508,0,0.24232,0,0.32425,0.14498,0.36043,0.18415,0.31909,0,0,0,0.17663,0.27654,0.31641,0,0.26142,0.045581,0.13551,0.10991,0.22995,0.49693,0.49547,0.50938,0.4614,0,0,0.086078,0.079621,0.15913,0.21694,0.38761,0.36011,0.31449,0.33896,0.070323,0.055142,0.071545,0.24723,0.016429,0.12544,0.33245,0.16821,0.069622,0.11782,0,0
0,0,0.30067,0.60106,0.47287,0.88208,0.46459,0.66803,0.46659,1,0.32469,0.52116,0.36163,0.4343,0.33332,0.79688,0.054754,0.33175,0.056389,0.040752,0,0.024091,0.44129,0.58503,0.35057,0.55788,0.12671,0.10182,0.10311,0.42296,0.27738,0.14392,0.13365,0.14186,0.024611,0.086791,0.038694,0.19511,0,0.035228,0.095484,0.42588,0.12998,0.10356,0.072677,0.1658,0.047402,0.12459,0.12189,0.21971,0.13586,0.089542,0.066478,0.12702,0.055169,0.15946,0,0,0.027993,0.19471,0.13993,0.34723,0.12835,0.29734,0.2932,0.37569,0.060507,0.17979,0,0.070227,0.014886,0,0.070947,0.38715,0.23997,0.30205,0.16244,0.31148,0,0.18809,0.10168,0.25428,0.17851,0.44619,0.10846,0.26479,0.096727,0.4048,0.14824,0.35144,0.35904,0.38339,0.42048,0.44984,0,0.014015,0.065247,0.10842,0.10271,0.16503,0.16677,0.37109,0.22985,0.30518,0.13457,0.13233,0,0.20619,0.083538,0.13303,0.26464,0.16504,0.10182,0.12621,0.066401,0.021812
0.40728,0.15227,0.59967,0.43898,0.29021,0.22143,0.70492,0.4788,0.36972,0.32469,1,0.56034,0.85143,0.60408,0.52412,0.48236,0.45108,0.0028198,0.40215,0.3184,0.071982,0.026014,0.43832,0.40869,0.051655,0.13053,0.17981,0.20857,0.39921,0.077407,0.3077,0.27552,0.11606,0.10655,0,0,0.0076002,0.14232,0,0.013753,0.11711,0.15735,0.052468,0.025896,0,0.051729,0,0.022905,0.057948,0.17433,0.25929,0.28628,0.080599,0.2453,0.044094,0.26758,0.26589,0.15248,0.185,0.33819,0.40247,0.41284,0.50867,0.28748,0.31915,0.24338,0.11911,0.054593,0.14387,0.19412,0.20505,0.033962,0.35509,0.26337,0.35932,0.32108,0.19793,0.24107,0.0078712,0,0.14901,0,0.26541,0.19826,0.1129,0.15517,0.069018,0.089334,0.19123,0.34094,0.21697,0.33426,0.23812,0.43607,0,0.029131,0.052604,0.094124,0.077158,0.10217,0.10168,0.30949,0.11706,0.14236,0.017458,0.0030148,0.14736,0.10668,0.099038,0.048984,0.13503,0.042617,0,0,0,0
0.24601,0.22908,0.41587,0.46801,0.34268,0.5198,0.48649,0.64061,0.41675,0.52116,0.56034,1,0.6567,0.84521,0.39039,0.67402,0.35819,0.50646,0.35746,0.31957,0.045552,0.084428,0.32886,0.44621,0.12743,0.33929,0.16791,0.25445,0.3195,0.51814,0.23296,0.28559,0.26881,0.26214,0.0033837,0.087731,0.025657,0.19468,0,0,0.11475,0.34092,0.23262,0.25633,0.12745,0.25677,0.17675,0.24056,0.24474,0.47631,0.41891,0.55581,0.33098,0.49606,0.20235,0.3079,0.23166,0.32064,0.25853,0.59052,0.34295,0.57459,0.39604,0.5984,0.28268,0.35705,0.1871,0.26396,0.13534,0.238,0.0030973,0,0.2055,0.51362,0.38803,0.46465,0.17819,0.34891,0.051494,0.076523,0.3417,0.41905,0.39121,0.47721,0.21371,0.42292,0.18851,0.31694,0.30675,0.53688,0.47022,0.52955,0.30177,0.41835,0,0,0.14436,0.14772,0.25263,0.35139,0.27127,0.50254,0.2757,0.39707,0.15375,0.11069,0.035398,0.267,0.10551,0.1461,0.34571,0.23316,0.16551,0.15744,0.085292,0
0.24108,0.061229,0.52635,0.42156,0.4052,0.28597,0.67012,0.58638,0.4171,0.36163,0.85143,0.6567,1,0.78939,0.55792,0.57224,0.44096,0.13897,0.38805,0.30257,0.037231,0,0.37608,0.41088,0.068755,0.20179,0.27682,0.23503,0.40803,0.22075,0.43506,0.37475,0.15731,0.11939,0,0,0,0.19515,0,0,0.10979,0.18436,0.0052059,0.051368,0.0502,0.18016,0,0.06851,0.01101,0.2581,0.18216,0.40868,0.041805,0.28728,0,0.2446,0.16127,0.089202,0.021951,0.39726,0.26036,0.35096,0.544,0.43179,0.10414,0.17151,0,0.002368,0.025696,0.080685,0.23409,0,0.40703,0.39972,0.40453,0.39493,0.24728,0.31809,0,0,0.2272,0.14317,0.49538,0.33914,0.073615,0.24058,0.22321,0.13661,0.14433,0.45782,0.42438,0.50969,0.3276,0.44549,0,0,0,0.0081374,0.1122,0.1863,0.22542,0.40422,0.22992,0.22348,0.013855,0,0.20413,0.2449,0,0,0.1486,0.03834,0,0,0,0
0.19221,0.14122,0.47342,0.48227,0.44108,0.4179,0.53517,0.71444,0.5011,0.4343,0.60408,0.84521,0.78939,1,0.4969,0.72833,0.33208,0.34474,0.38622,0.3522,0.13613,0.16944,0.42892,0.5415,0.10321,0.27412,0.3264,0.40429,0.35753,0.4479,0.34313,0.42005,0.31485,0.3343,0.091465,0.1786,0.031701,0.31527,0,0,0.14855,0.34035,0.27039,0.33944,0.24876,0.41528,0.23235,0.36739,0.28414,0.57018,0.37761,0.61745,0.27572,0.51439,0.19509,0.3629,0.16495,0.25116,0.22879,0.62129,0.31932,0.55061,0.43012,0.65249,0.28837,0.41643,0.24288,0.36267,0.14863,0.26584,0,0.10939,0.24063,0.58677,0.48581,0.56006,0.33551,0.47146,0,0,0.31428,0.36514,0.49583,0.50054,0.20789,0.5049,0.15799,0.2558,0.34492,0.59591,0.63043,0.69259,0.44109,0.48189,0,0,0.21503,0.20549,0.33249,0.44024,0.36526,0.55789,0.37961,0.47236,0.183,0.14236,0.18447,0.32957,0.1337,0.23198,0.45684,0.27047,0.19164,0.20749,0.098158,0
0,0,0.3411,0.30639,0.64103,0.29577,0.42,0.38858,0.69648,0.33332,0.52412,0.39039,0.55792,0.4969,1,0.54735,0.084579,0.1839,0.10025,0.04997,0.19044,0.099936,0.56526,0.56461,0.27963,0.39219,0.52,0.43836,0.24467,0.28127,0.50423,0.41484,0.10219,0.14002,0.11155,0.068627,0,0.18416,0,0,0.15206,0.28099,0.023155,0.059447,0.067138,0.21589,0,0.096122,0,0.27194,0.034867,0.29625,0,0.11175,0,0.069099,0,0,0,0.14417,0.067122,0.19409,0.18709,0.25517,0.2189,0.40222,0.042764,0.13422,0,0,0.13801,0.1542,0.18811,0.33148,0.24352,0.36146,0.16803,0.30662,0,0.016816,0.090393,0.24426,0.57827,0.36549,0.12577,0.304,0.35187,0.20734,0.04155,0.27213,0.45669,0.44632,0.40583,0.53373,0,0,0,0,0.043121,0.12806,0.31326,0.3228,0.18956,0.18436,0,0,0,0.12723,0,0,0.18251,0.046654,0,0,0,0
0.073523,0,0.44394,0.62994,0.509,0.7344,0.59461,0.79076,0.59411,0.79688,0.48236,0.67402,0.57224,0.72833,0.54735,1,0.15813,0.39285,0.24103,0.21003,0.13882,0.24807,0.52987,0.67219,0.21936,0.475,0.26649,0.3173,0.28771,0.58862,0.34685,0.32245,0.21834,0.25088,0.046312,0.13797,0.11273,0.35528,0.00096179,0.10669,0.2232,0.52059,0.25253,0.30384,0.21331,0.34263,0.18276,0.30772,0.2437,0.4443,0.28725,0.33942,0.1929,0.33139,0.16914,0.29053,0,0.10345,0.14785,0.41531,0.228,0.4377,0.2631,0.48596,0.36386,0.44951,0.17279,0.31505,0.0022488,0.20286,0,0.075955,0.1761,0.64556,0.43377,0.54768,0.29309,0.47441,0,0.17715,0.22599,0.36435,0.39984,0.64756,0.20363,0.46786,0.083468,0.46881,0.31012,0.53594,0.53501,0.60347,0.4504,0.55269,0.074743,0.10429,0.18966,0.24345,0.26742,0.3631,0.32187,0.54306,0.39563,0.48327,0.21897,0.22775,0.10557,0.31103,0.19039,0.26764,0.40765,0.28157,0.20829,0.24897,0.1655,0.038019
0.39263,0.29544,0.30366,0.16189,0.14548,0.10071,0.25863,0.13359,0,0.054754,0.45108,0.35819,0.44096,0.33208,0.084579,0.15813,1,0.078879,0.38205,0.29517,0.14772,0,0,0,0,0.067312,0.20618,0.042067,0.81789,0.26053,0.18198,0.17712,0,0,0,0,0.10219,0.20921,0.05721,0.12695,0.17679,0.081163,0.14625,0.20296,0.31919,0.24226,0.081504,0.10866,0.16923,0.14575,0.42212,0.24767,0.12401,0.23873,0.077338,0.37429,0.43497,0.20819,0,0.23271,0.15821,0.070191,0.83193,0.06704,0.011162,0,0,0,0.10252,0.022546,0.51236,0,0.73017,0.11865,0.39882,0.067662,0.27476,0.18551,0.63175,0.081884,0.70122,0.2531,0.33845,0.23778,0.40565,0.19698,0.30215,0.20884,0.074132,0.33472,0.064828,0.068845,0.028142,0.15261,0.0032973,0,0.023639,0.049943,0.084541,0.12314,0.10668,0.17761,0.12841,0,0,0,0.012115,0.041133,0.041309,0,0,0.009215,0.034386,0,0,0
0.13184,0.37097,0.20209,0.2747,0.29246,0.39614,0.11732,0.26669,0.2328,0.33175,0.0028198,0.50646,0.13897,0.34474,0.1839,0.39285,0.078879,1,0.28559,0.31691,0.14318,0.20797,0.10924,0.19307,0.10392,0.27081,0.074262,0.20564,0.16949,0.5825,0.067646,0.12227,0.32161,0.33617,0.22194,0.18337,0.11592,0.11979,0.10727,0.053816,0.19312,0.36763,0.33316,0.3281,0.22651,0.37888,0.33513,0.37375,0.35096,0.37534,0.28138,0.18506,0.42169,0.33148,0.3113,0.25892,0.29781,0.45027,0.24935,0.33958,0.26025,0.36534,0.057792,0.53439,0.19931,0.2589,0.27376,0.32678,0.21475,0.23355,0,0.12154,0,0.45231,0.13229,0.30028,0,0.15235,0.14925,0.48717,0.34376,0.60874,0.28743,0.48607,0.34734,0.46248,0.25291,0.45758,0.30529,0.38388,0.28174,0.28618,0.092529,0.20501,0.085608,0.058702,0.23299,0.24236,0.33618,0.44432,0.22354,0.45259,0.26476,0.45039,0.20938,0.20676,0,0.15592,0.17501,0.18564,0.31095,0.40586,0.36655,0.27198,0.20758,0.14731
0.86047,0.74373,0.79224,0.67342,0.1278,0.09346,0.60112,0.43901,0.13803,0.056389,0.40215,0.35746,0.38805,0.38622,0.10025,0.24103,0.38205,0.28559,1,0.96324,0.22293,0.24494,0.24157,0.25673,0,0,0.080757,0.24968,0.44115,0.1309,0.085531,0.21307,0.45636,0.41222,0,0,0.27618,0.1645,0.20854,0.12851,0.15738,0.094316,0.4307,0.42986,0.45708,0.47201,0.44391,0.42685,0.52729,0.38422,0.50779,0.26479,0.43788,0.43406,0.39214,0.50345,0.74745,0.63314,0.47533,0.52841,0.52961,0.42819,0.45211,0.33075,0.30278,0.072997,0.43736,0.33476,0.73451,0.62598,0.071976,0.22224,0.35807,0.32407,0.49363,0.40681,0.30073,0.25976,0.31535,0.010072,0.45766,0.23373,0.19618,0.25433,0.42565,0.34371,0.027931,0.18804,0.44579,0.45753,0.24882,0.24568,0.14419,0.18198,0.23439,0.24608,0.3571,0.36824,0.4367,0.45342,0.2548,0.38529,0.29356,0.33863,0.25065,0.27153,0.20233,0.19829,0.31033,0.2718,0.33176,0.36709,0.36415,0.34056,0.29634,0.20959
0.83549,0.82033,0.74179,0.66346,0.12029,0.095633,0.53613,0.4026,0.1186,0.040752,0.3184,0.31957,0.30257,0.3522,0.04997,0.21003,0.29517,0.31691,0.96324,1,0.27304,0.32239,0.23355,0.2485,0,0,0.064309,0.28457,0.3698,0.11216,0.04248,0.18501,0.54887,0.51977,0,0,0.24403,0.12322,0.21353,0.11521,0.14981,0.098846,0.42865,0.42108,0.41198,0.46112,0.45328,0.43969,0.53343,0.40658,0.47038,0.25569,0.47731,0.464,0.42573,0.50153,0.78963,0.73594,0.58676,0.58491,0.6004,0.48986,0.36899,0.40151,0.32755,0.12941,0.54704,0.43819,0.84224,0.74974,0.0068782,0.2996,0.27457,0.33322,0.46411,0.4221,0.23529,0.22083,0.26249,0.0045847,0.4046,0.23414,0.1591,0.23928,0.40822,0.36641,0,0.18291,0.47291,0.46483,0.21708,0.2239,0.10854,0.14557,0.25386,0.26683,0.37043,0.39428,0.42631,0.45626,0.21852,0.37954,0.25298,0.35155,0.23228,0.27156,0.18167,0.20522,0.3353,0.30962,0.35455,0.38364,0.36549,0.33282,0.29248,0.21068
0.21254,0.26383,0.21616,0.09656,0.094959,0,0.14198,0.064642,0.010184,0,0.071982,0.045552,0.037231,0.13613,0.19044,0.13882,0.14772,0.14318,0.22293,0.27304,1,0.70091,0.075114,0.088653,0,0,0.25143,0.31488,0.43843,0.35342,0,0.056994,0.075468,0.14521,0,0,0.27186,0.45176,0.40451,0.42477,0.56775,0.42523,0.35016,0.35529,0.31855,0.28106,0.36873,0.32732,0.34343,0.26277,0.39856,0.21759,0.40239,0.34161,0.41138,0.41933,0.27495,0.32445,0.42,0.36501,0.35184,0.25554,0.091205,0.22056,0.32238,0.11647,0.39879,0.33315,0.33476,0.35456,0.12164,0.35227,0.29618,0.32837,0.50691,0.45589,0.40195,0.44279,0.22855,0.22311,0.30864,0.35303,0.39889,0.38591,0.5256,0.51187,0.17883,0.34753,0.45006,0.42866,0.19949,0.17289,0.024423,0.22646,0.44736,0.37087,0.38003,0.38175,0.35307,0.33797,0.2074,0.37102,0.2478,0.34142,0.11352,0.19486,0,0,0.43093,0.33823,0.24781,0.34432,0.31982,0.28661,0.2256,0.095835
0.21135,0.28015,0.26207,0.21246,0,0.064263,0.14082,0.15903,0.15726,0.024091,0.026014,0.084428,0,0.16944,0.099936,0.24807,0,0.20797,0.24494,0.32239,0.70091,1,0.26882,0.2609,0,0,0,0.37997,0.09382,0.22581,0,0,0.38263,0.46659,0.070244,0.15412,0.34274,0.30488,0.45196,0.32049,0.344,0.44472,0.4721,0.42084,0.264,0.26716,0.52835,0.46707,0.50339,0.37226,0.38599,0.17735,0.51052,0.37124,0.57995,0.37021,0.1993,0.37928,0.62981,0.39056,0.47253,0.39269,0,0.30544,0.55296,0.43401,0.65513,0.62631,0.42413,0.50643,0,0.6246,0,0.35911,0.33968,0.53264,0.26223,0.33686,0.0043348,0.16351,0.093029,0.21245,0.027289,0.28196,0.37972,0.49805,0,0.25542,0.62909,0.33981,0.20408,0.24087,0.052883,0.14282,0.48792,0.43679,0.48575,0.50859,0.43311,0.44431,0.1458,0.31,0.22058,0.46739,0.29676,0.42774,0,0.040324,0.50418,0.56241,0.4817,0.49824,0.45113,0.46276,0.42791,0.26175
0.14683,0,0.63612,0.61581,0.52799,0.43358,0.60516,0.54499,0.56932,0.44129,0.43832,0.32886,0.37608,0.42892,0.56526,0.52987,0,0.10924,0.24157,0.23355,0.075114,0.26882,1,0.93818,0.5692,0.55041,0.34695,0.47767,0.016836,0.089639,0.49506,0.49874,0.24003,0.30974,0.30714,0.29558,0.16915,0.28646,0.029294,0.091595,0.15321,0.33675,0.22792,0.16875,0.12972,0.16376,0.15782,0.23876,0.174,0.22343,0.13889,0.1261,0.082573,0.12413,0.13706,0.13881,0,0.037233,0.147,0.1661,0.18176,0.32677,0,0.21629,0.4414,0.53538,0.33427,0.42347,0.13884,0.2762,0,0.22865,0,0.27473,0.15248,0.31884,0.25821,0.31971,0,0,0,0.059593,0.18043,0.25004,0.11859,0.34651,0,0.18776,0.28528,0.37282,0.4784,0.53481,0.46634,0.54306,0.12115,0.093539,0.22381,0.20267,0.20108,0.18754,0.15491,0.23648,0.21346,0.2831,0.16116,0.19474,0.046144,0.10802,0.18073,0.30882,0.44661,0.21377,0.15107,0.20676,0.14278,0.011448
0.11606,0,0.59553,0.70753,0.5434,0.57111,0.61403,0.68691,0.58881,0.58503,0.40869,0.44621,0.41088,0.5415,0.56461,0.67219,0,0.19307,0.25673,0.2485,0.088653,0.2609,0.93818,1,0.5149,0.62306,0.3535,0.4539,0.11135,0.2753,0.50781,0.546,0.2538,0.32579,0.28621,0.29569,0.18599,0.37274,0.012698,0.14268,0.20391,0.44311,0.23505,0.21702,0.18892,0.22368,0.15203,0.26351,0.20375,0.28095,0.16022,0.17613,0.077729,0.15443,0.11353,0.16497,0,0.021002,0.12448,0.21508,0.15008,0.34813,0.052626,0.28623,0.40584,0.54482,0.28612,0.41565,0.10159,0.26179,0,0.15926,0.016229,0.38174,0.24534,0.38726,0.32461,0.40294,0,0.025155,0.035815,0.18287,0.28924,0.42812,0.16163,0.42096,0.045539,0.32906,0.26642,0.43878,0.55724,0.56517,0.55429,0.58386,0.10876,0.087216,0.2104,0.19429,0.22069,0.2193,0.25991,0.33515,0.30331,0.34642,0.15131,0.17335,0.039903,0.14696,0.16421,0.30432,0.44327,0.21168,0.13469,0.1969,0.10626,0
0,0,0.24557,0.24451,0.56414,0.48935,0.19464,0.1864,0.24954,0.35057,0.051655,0.12743,0.068755,0.10321,0.27963,0.21936,0,0.10392,0,0,0,0,0.5692,0.5149,1,0.84362,0.57264,0.45833,0,0.015102,0.59845,0.46364,0,0,0.35702,0.25919,0,0.079606,0,0,0,0.1471,0,0,0.019555,0.01646,0,0,0,0,0,0,0,0,0,0,0,0,0,0,0,0.010403,0,0,0.14519,0.20911,0,0.11012,0,0,0.13352,0,0.032841,0.06109,0,0.05606,0,0.038299,0.068033,0,0,0.022731,0.058467,0,0,0.080889,0.14223,0.068648,0,0.12454,0.2222,0.24646,0.25156,0.27149,0,0,0,0,0,0,0.013786,0.047465,0.053292,0.066124,0.0066277,0,0,0.028894,0,0,0.17382,0,0,0,0,0
0,0,0.25568,0.39178,0.64555,0.73326,0.26413,0.39127,0.34753,0.55788,0.13053,0.33929,0.20179,0.27412,0.39219,0.475,0.067312,0.27081,0,0,0,0,0.55041,0.62306,0.84362,1,0.52854,0.4463,0.10741,0.32948,0.67121,0.57552,0,0,0.27947,0.22463,0,0.17267,0,0.0068308,0.054961,0.33569,0,0,0.061028,0.098044,0,0,0,0.063619,0,0.023781,0,0,0,0,0,0,0,0.046053,0,0.052936,0.04243,0.026047,0.15961,0.27412,0,0.11229,0,0,0.2222,0,0.17457,0.28984,0.10884,0.19371,0.082927,0.17635,0.036995,0.12127,0.040272,0.18932,0.24572,0.28043,0.033516,0.21486,0.20209,0.2887,0,0.21213,0.31051,0.29534,0.35138,0.38869,0,0,0,0,0,0.019179,0.19108,0.24993,0.22669,0.18767,0.038734,0,0,0.11715,0,0,0.15212,0.009376,0,0,0,0
0,0.024753,0.26662,0.20723,0.65302,0.23816,0.24098,0.25956,0.37378,0.12671,0.17981,0.16791,0.27682,0.3264,0.52,0.26649,0.20618,0.074262,0.080757,0.064309,0.25143,0,0.34695,0.3535,0.57264,0.52854,1,0.7496,0.23477,0.089621,0.6746,0.61523,0,0,0.22741,0.14161,0,0.12677,0,0,0,0.071761,0,0,0.15684,0.23282,0,0.027601,0,0.16648,0,0.24159,0,0.072471,0,0.064921,0.095064,0.061153,0,0.16769,0,0.12566,0.23396,0.14215,0.069956,0.19816,0.018181,0.11165,0,0,0.35043,0.12797,0.34512,0.21938,0.23991,0.26677,0.14316,0.20513,0.15448,0,0.095356,0.14441,0.40355,0.12334,0.052682,0.16583,0.30754,0.035001,0,0.22958,0.36154,0.33333,0.3227,0.35675,0,0,0,0,0.05738,0.099846,0.3548,0.24203,0.255,0.11954,0,0,0.030534,0.094344,0,0,0.1119,0,0,0,0,0
0.17377,0.23967,0.41603,0.29405,0.60129,0.27588,0.27332,0.282,0.43381,0.10182,0.20857,0.25445,0.23503,0.40429,0.43836,0.3173,0.042067,0.20564,0.24968,0.28457,0.31488,0.37997,0.47767,0.4539,0.45833,0.4463,0.7496,1,0.13213,0.048557,0.54998,0.64293,0.21463,0.29031,0.27152,0.23142,0,0.092209,0.0055953,0,0,0.11069,0.16975,0.15194,0.18136,0.29299,0.17434,0.23909,0.18155,0.31818,0.13084,0.29745,0.1819,0.25281,0.16663,0.19328,0.2516,0.32283,0.2214,0.37059,0.22171,0.35832,0.1358,0.29517,0.37547,0.44916,0.35483,0.42987,0.24535,0.28105,0.12341,0.49063,0.12834,0.33178,0.26957,0.40971,0.10804,0.18038,0.063986,0,0.066763,0.15358,0.25357,0.11969,0.1403,0.36738,0.039178,0.039126,0.27202,0.35618,0.34876,0.36024,0.27958,0.32582,0.019544,0.024405,0.17326,0.16508,0.24794,0.29631,0.30811,0.36104,0.28712,0.34468,0.10291,0.092348,0.15867,0.1616,0.13016,0.16528,0.34689,0.21395,0.1457,0.15997,0.08536,0
0.37676,0.28445,0.35996,0.25308,0.20935,0.15759,0.30714,0.20941,0,0.10311,0.39921,0.3195,0.40803,0.35753,0.24467,0.28771,0.81789,0.16949,0.44115,0.3698,0.43843,0.09382,0.016836,0.11135,0,0.10741,0.23477,0.13213,1,0.52874,0.16882,0.20856,0,0,0,0,0.23373,0.36269,0.2018,0.30799,0.43201,0.32378,0.24318,0.34843,0.48017,0.4186,0.17499,0.22268,0.33633,0.26507,0.47918,0.27111,0.16413,0.26346,0.14451,0.41277,0.39591,0.21731,0.061227,0.26498,0.16899,0.077591,0.68156,0.13066,0.14076,0,0,0,0.14099,0.10118,0.507,0,0.77978,0.32172,0.57357,0.31096,0.50054,0.42815,0.66042,0.25232,0.80116,0.42172,0.55864,0.49976,0.58414,0.40312,0.38217,0.41427,0.15632,0.42023,0.20706,0.12846,0.13692,0.2699,0.12529,0.12349,0.10708,0.14431,0.19012,0.22337,0.19849,0.30654,0.18447,0.09844,0,0,0,0.00019631,0.13859,0.029784,0.02688,0.12252,0.13964,0.073908,0.0212,0
0,0.0038927,0.080338,0.24822,0.26346,0.47678,0.16704,0.40516,0.21845,0.42296,0.077407,0.51814,0.22075,0.4479,0.28127,0.58862,0.26053,0.5825,0.1309,0.11216,0.35342,0.22581,0.089639,0.2753,0.015102,0.32948,0.089621,0.048557,0.52874,1,0.078265,0.12306,0.01752,0.047471,0.018427,0.07263,0.23846,0.47544,0.15779,0.30096,0.4707,0.6496,0.28214,0.42241,0.3628,0.42726,0.22423,0.32911,0.29208,0.40331,0.31279,0.27491,0.21743,0.25809,0.1682,0.26678,0,0.084869,0.080618,0.31413,0.071512,0.1844,0.18209,0.4249,0.084223,0.13231,0.043927,0.16753,0,0.055977,0.074144,0,0.31403,0.65568,0.40656,0.4504,0.37271,0.52803,0.17868,0.6201,0.51911,0.72688,0.59015,0.8325,0.42656,0.55933,0.33047,0.6643,0.18892,0.41181,0.4283,0.32677,0.23321,0.33618,0.13507,0.11454,0.16855,0.19652,0.24938,0.31505,0.33226,0.47407,0.31284,0.36856,0.034851,0.040353,0,0.088339,0.16297,0.18102,0.2329,0.26773,0.2097,0.15594,0.034665,0
0,0,0.31583,0.30168,0.71372,0.40958,0.38973,0.39842,0.41708,0.27738,0.3077,0.23296,0.43506,0.34313,0.50423,0.34685,0.18198,0.067646,0.085531,0.04248,0,0,0.49506,0.50781,0.59845,0.67121,0.6746,0.54998,0.16882,0.078265,1,0.86916,0,0,0.14394,0.050405,0,0,0,0,0,0,0,0,0,0.086166,0,0,0,0,0,0.015176,0,0,0,0,0,0,0,0.017372,0,0.049978,0.328,0.11206,0.062731,0.16976,0,0,0,0,0.46008,0.0053989,0.32129,0.19119,0.14889,0.16885,0.087871,0.12587,0,0,0.019977,0.1245,0.36126,0.10218,0,0.044791,0.23754,0,0,0.093125,0.28658,0.30184,0.2929,0.31957,0,0,0,0,0,0,0.20446,0.13024,0.17306,0,0,0,0.085755,0.28238,0,0,0.038529,0,0,0,0,0
0.089439,0.0023658,0.3639,0.32754,0.58845,0.30418,0.35945,0.42076,0.3717,0.14392,0.27552,0.28559,0.37475,0.42005,0.41484,0.32245,0.17712,0.12227,0.21307,0.18501,0.056994,0,0.49874,0.546,0.46364,0.57552,0.61523,0.64293,0.20856,0.12306,0.86916,1,0.08558,0.10419,0.19366,0.11601,0,0.12456,0,0,0,0.0128,0.015836,0.021953,0.11078,0.14642,0,0.057704,0,0.064379,0,0.062517,0,0,0,0,0.11176,0.024786,0,0.12638,0.054902,0.14753,0.30437,0.15544,0.18478,0.19533,0.046353,0.11807,0.033487,0.073923,0.2938,0.088262,0.27872,0.21513,0.20935,0.19656,0.16574,0.16702,0.00039374,0,0.085691,0.17758,0.34055,0.19007,0.026326,0.19853,0.114,0.033027,0,0.19269,0.32569,0.33229,0.28823,0.30576,0,0,0,0,0.10032,0.081211,0.27061,0.22932,0.25352,0.14642,0,0,0.13944,0.24409,0,0,0.1933,0.010132,0,0,0,0
0.28941,0.44884,0.31765,0.39495,0.086528,0.13522,0.31365,0.4046,0.34686,0.13365,0.11606,0.26881,0.15731,0.31485,0.10219,0.21834,0,0.32161,0.45636,0.54887,0.075468,0.38263,0.24003,0.2538,0,0,0,0.21463,0,0.01752,0,0.08558,1,0.94333,0.083128,0.14543,0.020078,0,0,0,0,0.0619,0.29934,0.24218,0.099624,0.25843,0.35347,0.34508,0.30215,0.30569,0.10356,0.13813,0.3281,0.29136,0.3054,0.19565,0.37971,0.51088,0.61592,0.44007,0.64866,0.58249,0,0.57743,0.33312,0.46431,0.67055,0.61776,0.51509,0.56762,0,0.38464,0,0.23646,0.1746,0.43737,0.011789,0.10736,0,0,0.014063,0.17947,0.022477,0.11236,0.053604,0.26265,0,0,0.35798,0.1941,0.16411,0.25008,0.07277,0.018145,0.051292,0.046926,0.25017,0.24933,0.27154,0.34088,0.12543,0.23376,0.15786,0.32849,0.23487,0.26527,0.11726,0.28454,0.1523,0.2803,0.39778,0.32514,0.23939,0.25567,0.21942,0.16458
0.26484,0.40953,0.30392,0.3924,0.095662,0.13136,0.3081,0.41418,0.39883,0.14186,0.10655,0.26214,0.11939,0.3343,0.14002,0.25088,0,0.33617,0.41222,0.51977,0.14521,0.46659,0.30974,0.32579,0,0,0,0.29031,0,0.047471,0,0.10419,0.94333,1,0.16274,0.21851,0.051918,0,0,0,0.017771,0.10508,0.33364,0.27631,0.096146,0.26165,0.36801,0.3724,0.33238,0.33277,0.12336,0.13925,0.3504,0.29101,0.33615,0.17499,0.30992,0.50674,0.65641,0.46017,0.6159,0.64397,0,0.64056,0.39942,0.60302,0.73352,0.72659,0.52095,0.61532,0,0.49985,0,0.26428,0.20086,0.44534,0.042919,0.16475,0,0,0,0.19124,0.023607,0.11608,0.056066,0.28999,0,0,0.39677,0.17646,0.21305,0.30763,0.14308,0.11387,0.10974,0.09004,0.29555,0.29736,0.30071,0.37514,0.17013,0.29052,0.203,0.41144,0.27238,0.31644,0.12029,0.30847,0.22538,0.35553,0.4702,0.37851,0.29834,0.31697,0.26884,0.19201
0,0,0.019111,0.061572,0.16563,0.076205,0,0.070591,0.16378,0.024611,0,0.0033837,0,0.091465,0.11155,0.046312,0,0.22194,0,0,0,0.070244,0.30714,0.28621,0.35702,0.27947,0.22741,0.27152,0,0.018427,0.14394,0.19366,0.083128,0.16274,1,0.89924,0.25809,0.14781,0.045781,0,0.032821,0.018324,0.21416,0.195,0.24465,0.19258,0.16353,0.2168,0.15336,0.054658,0.02665,0.0086742,0.079712,0,0.087742,0,0,0,0,0,0,0,0,0,0.012412,0.28518,0.066877,0.25702,0,0,0,0.051657,0,0.032599,0,0.01798,0.17632,0.10136,0.1392,0.13292,0.094841,0.11893,0.024422,0,0.13078,0.13769,0,0,0.064375,0,0.22624,0.17047,0.22216,0.11221,0,0,0.092148,0.054244,0.133,0.14746,0.16896,0.075304,0.16946,0.22048,0.2167,0.19619,0.059896,0.067831,0,0.13402,0.27363,0.17562,0.2401,0.2605,0.17302,0.12134
0,0,0.073602,0.14189,0.075708,0.10639,0,0.15869,0.1609,0.086791,0,0.087731,0,0.1786,0.068627,0.13797,0,0.18337,0,0,0,0.15412,0.29558,0.29569,0.25919,0.22463,0.14161,0.23142,0,0.07263,0.050405,0.11601,0.14543,0.21851,0.89924,1,0.38983,0.21539,0.12895,0.045778,0.10241,0.06715,0.33551,0.33633,0.33147,0.28802,0.24753,0.31031,0.28337,0.1981,0.15543,0.11817,0.16953,0.15167,0.17295,0.043222,0,0,0,0.015329,0,0.059739,0,0,0.061195,0.37084,0.14066,0.3607,0,0.025898,0,0.085625,0,0.16504,0.066368,0.14299,0.28112,0.20338,0.14856,0.082364,0.15091,0.071992,0,0,0.16658,0.16884,0,0,0.11926,0.026561,0.19652,0.19854,0.23785,0.14399,0.023169,0.082403,0.14202,0.17604,0.18766,0.22178,0.14678,0.11634,0.1941,0.30087,0.32762,0.33598,0.18664,0.12039,0.063039,0.23802,0.34425,0.25038,0.29287,0.36042,0.28579,0.20753
0.33087,0.21848,0.26216,0.26225,0,0.029283,0.10673,0.10391,0,0.038694,0.0076002,0.025657,0,0.031701,0,0.11273,0.10219,0.11592,0.27618,0.24403,0.27186,0.34274,0.16915,0.18599,0,0,0,0,0.23373,0.23846,0,0,0.020078,0.051918,0.25809,0.38983,1,0.68022,0.76359,0.65568,0.62676,0.38182,0.71142,0.68928,0.54299,0.29612,0.661,0.59926,0.61107,0.19002,0.62538,0.049129,0.51241,0.30557,0.6097,0.51557,0.15593,0.16589,0.18751,0.084408,0.046474,0.044399,0,0,0.24634,0.014229,0.25399,0.25983,0.27046,0.26557,0,0,0.033391,0.16083,0.1579,0.053947,0.45882,0.29669,0.24157,0.17773,0.29571,0.066299,0,0.21788,0.57798,0.40209,0,0.30872,0.4994,0.30491,0.15339,0.093898,0.18046,0.15975,0.62325,0.64279,0.57883,0.63673,0.5219,0.4178,0.16918,0.25289,0.33295,0.39378,0.44756,0.54068,0.2041,0,0.57942,0.65929,0.4803,0.54296,0.54682,0.58097,0.55095,0.45478
0.073731,0,0.23968,0.29365,0.090659,0.14355,0.25046,0.34818,0.13675,0.19511,0.14232,0.19468,0.19515,0.31527,0.18416,0.35528,0.20921,0.11979,0.1645,0.12322,0.45176,0.30488,0.28646,0.37274,0.079606,0.17267,0.12677,0.092209,0.36269,0.47544,0,0.12456,0,0,0.14781,0.21539,0.68022,1,0.5254,0.71846,0.69983,0.65404,0.50617,0.5437,0.44198,0.29687,0.45668,0.52061,0.36281,0.24704,0.51058,0.20746,0.3332,0.31153,0.39522,0.52936,0,0,0.043336,0.17962,0.011629,0.07233,0.048232,0.06894,0.10699,0.035067,0.117,0.18082,0.080382,0.1313,0,0,0.2301,0.39492,0.35633,0.25771,0.60464,0.59242,0.067133,0.16712,0.2744,0.27178,0.30523,0.54593,0.52995,0.54231,0.049588,0.49327,0.41007,0.47683,0.49264,0.41544,0.37603,0.39426,0.52604,0.4709,0.50064,0.49918,0.4585,0.40617,0.3508,0.40657,0.44748,0.42155,0.26443,0.29721,0.14104,0.006877,0.48152,0.55753,0.47244,0.42426,0.38148,0.40886,0.30001,0.2029
0.3019,0.3305,0.23074,0.16646,0,0,0.015987,0,0,0,0,0,0,0,0,0.00096179,0.05721,0.10727,0.20854,0.21353,0.40451,0.45196,0.029294,0.012698,0,0,0,0.0055953,0.2018,0.15779,0,0,0,0,0.045781,0.12895,0.76359,0.5254,1,0.83662,0.65694,0.46013,0.60393,0.56981,0.38386,0.2044,0.66822,0.57258,0.48367,0.14474,0.57983,0.04681,0.57414,0.35626,0.69661,0.5918,0.25908,0.26966,0.28392,0.14377,0.16312,0.07291,0,0,0.28284,0,0.29885,0.25754,0.2997,0.2673,0,0.073538,0.0019609,0.096256,0.093415,0.034477,0.17009,0.11592,0.13837,0.2024,0.15346,0.023336,0,0.25611,0.55366,0.41775,0,0.42632,0.58369,0.32595,0.01748,0,0,0.096728,0.78849,0.82845,0.64955,0.7343,0.49026,0.39089,0.052046,0.24898,0.15061,0.3111,0.27342,0.41893,0.047909,0,0.67915,0.66176,0.36303,0.51516,0.5117,0.4945,0.48342,0.387
0.13181,0.13603,0.19096,0.18605,0,0,0.073556,0.075233,0,0.035228,0.013753,0,0,0,0,0.10669,0.12695,0.053816,0.12851,0.11521,0.42477,0.32049,0.091595,0.14268,0,0.0068308,0,0,0.30799,0.30096,0,0,0,0,0,0.045778,0.65568,0.71846,0.83662,1,0.69879,0.57536,0.37887,0.42209,0.3105,0.13538,0.43108,0.45115,0.27659,0.099106,0.41694,0.096899,0.35114,0.29972,0.41499,0.57709,0.098665,0.033244,0.064153,0.066595,0.012445,0,0,0,0.059162,0,0.082055,0.084431,0.11113,0.086113,0,0,0.16511,0.16995,0.095317,0.027584,0.25006,0.18733,0.04203,0.25477,0.14772,0.064088,0.11089,0.47771,0.48549,0.42986,0,0.63246,0.37156,0.41281,0.16817,0,0.10217,0.18684,0.66443,0.72715,0.43844,0.55071,0.33112,0.26642,0.1268,0.23805,0.14945,0.19985,0.047616,0.16919,0,0,0.49876,0.46285,0.17271,0.30336,0.31847,0.29697,0.2157,0.11285
0.14147,0.086642,0.18899,0.17929,0,0.088298,0.15406,0.12582,0,0.095484,0.11711,0.11475,0.10979,0.14855,0.15206,0.2232,0.17679,0.19312,0.15738,0.14981,0.56775,0.344,0.15321,0.20391,0,0.054961,0,0,0.43201,0.4707,0,0,0,0.017771,0.032821,0.10241,0.62676,0.69983,0.65694,0.69879,1,0.6946,0.43604,0.45174,0.29022,0.17624,0.41576,0.40068,0.3295,0.17251,0.47816,0.17418,0.38719,0.29692,0.44011,0.45354,0.086484,0.098361,0.16199,0.15692,0.13637,0.072299,0,0.062182,0.14831,0.052275,0.18512,0.1814,0.14103,0.17335,0,0.0034757,0.23529,0.31359,0.31711,0.2455,0.42643,0.43602,0.14638,0.28075,0.30538,0.32732,0.4007,0.53643,0.6057,0.60447,0.19008,0.53104,0.4355,0.44072,0.27012,0.15964,0.16125,0.29595,0.53404,0.48176,0.4443,0.46924,0.35352,0.30591,0.16462,0.33856,0.21936,0.29245,0.12057,0.214,0,0,0.47971,0.46603,0.29676,0.37598,0.38149,0.32758,0.25179,0.1576
0,0.013348,0.22908,0.36373,0.23934,0.41433,0.23218,0.37747,0.24841,0.42588,0.15735,0.34092,0.18436,0.34035,0.28099,0.52059,0.081163,0.36763,0.094316,0.098846,0.42523,0.44472,0.33675,0.44311,0.1471,0.33569,0.071761,0.11069,0.32378,0.6496,0,0.0128,0.0619,0.10508,0.018324,0.06715,0.38182,0.65404,0.46013,0.57536,0.6946,1,0.35467,0.36453,0.21607,0.21594,0.3455,0.37707,0.28803,0.2971,0.3916,0.23341,0.36352,0.31579,0.38693,0.38,0,0.093847,0.18873,0.25942,0.17217,0.20946,0,0.25557,0.25354,0.27919,0.21814,0.2928,0.050133,0.15017,0,0.095634,0.1143,0.55405,0.3111,0.47918,0.31701,0.46069,0,0.32935,0.22464,0.43434,0.39805,0.70751,0.48189,0.65003,0.25708,0.67944,0.41046,0.49227,0.47209,0.37928,0.31435,0.41663,0.44029,0.37696,0.41131,0.42891,0.36862,0.36959,0.26482,0.41796,0.28718,0.4082,0.11842,0.20233,0,0,0.41955,0.45001,0.38675,0.41394,0.36387,0.32837,0.21877,0.1019
0.41335,0.41817,0.39529,0.3885,0.05087,0.16282,0.21465,0.28296,0.11525,0.12998,0.052468,0.23262,0.0052059,0.27039,0.023155,0.25253,0.14625,0.33316,0.4307,0.42865,0.35016,0.4721,0.22792,0.23505,0,0,0,0.16975,0.24318,0.28214,0,0.015836,0.29934,0.33364,0.21416,0.33551,0.71142,0.50617,0.60393,0.37887,0.43604,0.35467,1,0.91452,0.76813,0.67059,0.9394,0.8783,0.87014,0.56813,0.83951,0.2685,0.79553,0.56376,0.85991,0.70518,0.35342,0.44594,0.45603,0.43289,0.31314,0.3937,0.0083581,0.21345,0.44356,0.2327,0.55177,0.5841,0.44067,0.48632,0,0.18458,0,0.29603,0.33973,0.30826,0.40531,0.41022,0.28232,0.12165,0.36879,0.26643,0.022911,0.2513,0.64779,0.52703,0,0.2323,0.72007,0.40042,0.32651,0.38952,0.17908,0.22157,0.6378,0.58221,0.81465,0.81762,0.80491,0.7575,0.22482,0.42993,0.44424,0.61365,0.63302,0.67647,0.2307,0.20351,0.7163,0.82605,0.81746,0.83753,0.76229,0.73849,0.71434,0.5962
0.33631,0.35774,0.35115,0.35497,0.068486,0.13278,0.20577,0.31431,0.1289,0.10356,0.025896,0.25633,0.051368,0.33944,0.059447,0.30384,0.20296,0.3281,0.42986,0.42108,0.35529,0.42084,0.16875,0.21702,0,0,0,0.15194,0.34843,0.42241,0,0.021953,0.24218,0.27631,0.195,0.33633,0.68928,0.5437,0.56981,0.42209,0.45174,0.36453,0.91452,1,0.82169,0.79047,0.86221,0.91385,0.82378,0.6813,0.76913,0.42974,0.68142,0.61081,0.72049,0.7268,0.28722,0.37434,0.35692,0.49287,0.20433,0.3078,0.077312,0.26264,0.27047,0.17173,0.44046,0.53376,0.34513,0.39803,0,0.12103,0.078592,0.37026,0.36396,0.32339,0.43988,0.44796,0.27548,0.23087,0.44897,0.34306,0.18309,0.40026,0.61456,0.60193,0,0.30473,0.62668,0.47836,0.39751,0.41434,0.18647,0.23306,0.54135,0.55262,0.68829,0.74176,0.70246,0.71974,0.29753,0.45053,0.4633,0.56572,0.51314,0.54322,0.23959,0.17845,0.59092,0.72424,0.72128,0.69761,0.65447,0.64875,0.57599,0.42187
0.3365,0.33119,0.3702,0.37046,0.15911,0.10721,0.2128,0.28112,0.11958,0.072677,0,0.12745,0.0502,0.24876,0.067138,0.21331,0.31919,0.22651,0.45708,0.41198,0.31855,0.264,0.12972,0.18892,0.019555,0.061028,0.15684,0.18136,0.48017,0.3628,0,0.11078,0.099624,0.096146,0.24465,0.33147,0.54299,0.44198,0.38386,0.3105,0.29022,0.21607,0.76813,0.82169,1,0.87208,0.70291,0.73161,0.82056,0.59142,0.6784,0.31498,0.45599,0.40692,0.51259,0.58442,0.30485,0.26245,0.18125,0.33761,0.088083,0.13716,0.21188,0.094945,0.26203,0.059404,0.30162,0.3672,0.27282,0.27446,0,0.024188,0.30605,0.25238,0.41864,0.25564,0.57694,0.48537,0.47247,0.21017,0.53233,0.30401,0.21236,0.32853,0.59254,0.44067,0.017605,0.26404,0.36708,0.35613,0.40694,0.33901,0.29477,0.22931,0.40974,0.39675,0.54648,0.53636,0.63771,0.60789,0.34922,0.36715,0.46396,0.42594,0.40344,0.3923,0.20962,0.17583,0.41102,0.46512,0.5231,0.54955,0.53548,0.52087,0.43715,0.30488
0.27162,0.36234,0.37832,0.38663,0.35112,0.21701,0.24754,0.36239,0.26636,0.1658,0.051729,0.25677,0.18016,0.41528,0.21589,0.34263,0.24226,0.37888,0.47201,0.46112,0.28106,0.26716,0.16376,0.22368,0.01646,0.098044,0.23282,0.29299,0.4186,0.42726,0.086166,0.14642,0.25843,0.26165,0.19258,0.28802,0.29612,0.29687,0.2044,0.13538,0.17624,0.21594,0.67059,0.79047,0.87208,1,0.62453,0.75536,0.74356,0.79753,0.55682,0.47503,0.4535,0.51773,0.44156,0.58672,0.32517,0.37411,0.24893,0.532,0.18028,0.29034,0.22794,0.3658,0.24233,0.23065,0.37512,0.51028,0.28527,0.32238,0,0.19813,0.2409,0.44613,0.44224,0.43835,0.42244,0.4642,0.34246,0.22175,0.49002,0.41805,0.34577,0.39284,0.48723,0.53625,0.11839,0.24592,0.37191,0.43439,0.48237,0.45249,0.28339,0.25481,0.23834,0.25255,0.44776,0.47304,0.57702,0.65885,0.36241,0.46207,0.45796,0.48491,0.35603,0.32101,0.20682,0.29355,0.30591,0.37655,0.54575,0.53097,0.47746,0.45686,0.3503,0.23037
0.40314,0.47582,0.37245,0.33266,0,0.072725,0.15287,0.21989,0.079291,0.047402,0,0.17675,0,0.23235,0,0.18276,0.081504,0.33513,0.44391,0.45328,0.36873,0.52835,0.15782,0.15203,0,0,0,0.17434,0.17499,0.22423,0,0,0.35347,0.36801,0.16353,0.24753,0.661,0.45668,0.66822,0.43108,0.41576,0.3455,0.9394,0.86221,0.70291,0.62453,1,0.91411,0.82327,0.54132,0.78733,0.27318,0.82063,0.59004,0.90988,0.74042,0.40834,0.48503,0.5031,0.4419,0.36637,0.36852,0,0.22183,0.43328,0.18236,0.57796,0.58106,0.48293,0.49325,0,0.22249,0,0.24555,0.24715,0.28349,0.29891,0.30236,0.19027,0.11807,0.28991,0.25141,0,0.26721,0.59946,0.54395,0,0.27039,0.76666,0.4439,0.33257,0.36516,0.12157,0.14096,0.72827,0.6535,0.88276,0.86787,0.85823,0.81276,0.22692,0.42661,0.43144,0.61252,0.59134,0.66016,0.1963,0.11591,0.77205,0.84553,0.8045,0.86463,0.79099,0.73614,0.71709,0.60165
