1,0.60561,0.47189,0.3893,0.37124,0.40654,0.66585,0.43991,0.29276,0.41449,0.40372,0.22198,0.26411,0.21539,0.19598,0.30925,0.089257,0.16045,0.80918,0.6964,0.068893,0.279,0.29663,0.22342,0.11472,0.12681,0.26189,0.26324,0.041173,0,0.15894,0.07771,0.3812,0.3987,0.18486,0.26036,0.15651,0.17268,0.1118,0.13431,0.15417,0.18917,0.16223,0.016198,0.28387,0.18938,0.17875,0.28472,0.5162,0.38735,0.38748,0.39457,0.3261,0.21965,0.068622,0.42034,0.75043,0.35625,0.57361,0.5229,0.73554,0.55596,0.49534,0.37667,0.57559,0.32733,0.55473,0.5014,0.65315,0.6246,0.14175,0.27934,0.24894,0.30053,0.28639,0.33188,0.37666,0.41516,0,0,0.24417,0.31839,0.26237,0.41256,0.28538,0.29478,0.14947,0.20168,0.30587,0.48473,0.37061,0.45438,0.44102,0.44504,0.037322,0.14509,0.13247,0.26144,0.34102,0.26704,0.32067,0.34021,0.28701,0.48546,0.35629,0.4606,0.25742,0.47479,0,0.030721,0.064393,0.21752,0.12317,0.12144,0.23917,0.09469
0.60561,1,0.19138,0.53326,0.55822,0.57023,0.4311,0.66949,0.61684,0.57424,0.2767,0.4679,0.29716,0.4924,0.45814,0.58352,0.15964,0.35298,0.6346,0.73389,0.11666,0.22907,0.13797,0.29974,0.20786,0.33757,0.23255,0.21792,0.20044,0.33901,0.3084,0.30309,0.36548,0.43769,0.17159,0.37704,0,0.14523,0,0,0.031147,0.12471,0.3599,0.30307,0.47935,0.46436,0.26792,0.39152,0.57977,0.52485,0.37231,0.51211,0.51233,0.37583,0.017245,0.2226,0.64601,0.66056,0.58767,0.75637,0.59198,0.69999,0.48021,0.58785,0.51129,0.48984,0.56082,0.63559,0.6602,0.60768,0.21652,0.16899,0.25212,0.36368,0.2685,0.29235,0.3589,0.44005,0,0.047287,0.38686,0.47998,0.51941,0.4442,0.50037,0.56101,0.20012,0.080632,0.32521,0.47769,0.49104,0.47046,0.47524,0.31276,0.044111,0.066845,0.10626,0.29509,0.49578,0.36263,0.41584,0.21576,0.60878,0.51321,0.57713,0.58003,0.47897,0.4064,0.090953,0.065814,0.16179,0.37792,0.31128,0.22892,0.45755,0.25328
0.47189,0.19138,1,0.63389,0.30509,0.17897,0.77965,0.3919,0.19112,0.10411,0.11216,0.049417,0.26025,0.0043355,0.21503,0.060482,0,0,0.46354,0.27235,0.13097,0.11703,0.82985,0.65457,0.37787,0.19641,0.33866,0.36735,0,0,0.25245,0.13547,0.28458,0.22804,0.42481,0.22689,0.13994,0,0.14734,0.093973,0.056127,0.045402,0.33664,0.19524,0.30381,0.096044,0.30052,0.29837,0.31429,0.13517,0.50055,0.30875,0.22434,0.28521,0.21159,0.43822,0.28337,0.1436,0.013265,0,0.22352,0.063137,0.17853,0.078901,0.25405,0.0074095,0.45197,0.28318,0.29586,0.34037,0.13049,0.3501,0,0,0,0,0.238,0.22613,0,0,0,0.10271,0.050055,0.16803,0.30294,0.28719,0.020093,0.11749,0.63826,0.52862,0.46967,0.46681,0.52073,0.59122,0,0.01415,0.24751,0.23032,0.31029,0.18072,0.30037,0.47362,0,0.1963,0.13817,0.19,0,0.11596,0,0,0.23334,0.36127,0.28286,0.34985,0.012003,0
0.3893,0.53326,0.63389,1,0.47332,0.51479,0.63538,0.82083,0.53578,0.45541,0.12435,0.36896,0.29867,0.36847,0.42707,0.4764,0,0,0.40962,0.50942,0.18549,0.12093,0.56836,0.76447,0.39869,0.49466,0.25585,0.2558,0,0.018167,0.34023,0.31918,0.18695,0.21795,0.21494,0.26265,0,0,0,0,0,0.035684,0.46125,0.5116,0.56316,0.48548,0.21667,0.37796,0.47353,0.35111,0.50537,0.58922,0.48288,0.43555,0.025396,0.20205,0.26062,0.13481,0.19623,0.26354,0.27239,0.33524,0.27729,0.28077,0.37153,0.35099,0.52699,0.55815,0.2975,0.28115,0.17619,0.25975,0,0,0,0.11418,0.17387,0.24635,0,0,0.19128,0.26024,0.26215,0.24577,0.53414,0.66628,0,0.0071056,0.54154,0.68513,0.53242,0.45909,0.58207,0.51582,0,0.026656,0.12564,0.25003,0.35483,0.15466,0.3794,0.39978,0.27,0.29062,0.46972,0.45809,0.1411,0.25139,0,0,0.22681,0.32106,0.29247,0.44444,0.30346,0.22705
0.37124,0.55822,0.30509,0.47332,1,0.83746,0.3709,0.48282,0.86636,0.78951,0.081556,0.081532,0.22114,0.083038,0.65811,0.58058,0.092531,0.0076517,0.43813,0.49412,0.15993,0.29154,0.17055,0.23168,0.54734,0.57436,0.72889,0.67493,0.083371,0.082682,0.41016,0.35826,0.062261,0.10512,0.18963,0.14812,0,0,0,0,0,0,0.53685,0.44937,0.44254,0.33323,0.32735,0.43091,0.52154,0.39087,0.5965,0.47997,0.39345,0.34175,0,0.13763,0.46227,0.4436,0.5115,0.60773,0.38149,0.48516,0.1078,0.26485,0.39142,0.40429,0.4572,0.4228,0.42573,0.36081,0.23941,0.19907,0.013339,0,0.085741,0,0.012606,0.018925,0.057673,0,0.30702,0.32441,0.35908,0.17055,0.4882,0.51628,0.052592,0,0.36952,0.43272,0.16905,0.202,0.15549,0.011258,0,0,0.043179,0.15043,0.19388,0.108,0.064397,0,0.47545,0.47218,0.57888,0.57641,0.42373,0.33607,0.11392,0.090096,0.1428,0.36389,0.39341,0.22877,0.51822,0.35407
0.40654,0.57023,0.17897,0.51479,0.83746,1,0.3173,0.54383,0.74207,0.89487,0.028931,0.10315,0.17279,0.11868,0.57165,0.70663,0.10842,0.0038521,0.40941,0.55063,0.22669,0.32449,0.036355,0.22296,0.42958,0.61164,0.65075,0.64526,0.14482,0.16719,0.34928,0.31816,0.0020162,0.074883,0.070868,0.10819,0,0,0,0,0,0,0.45523,0.42676,0.41618,0.37166,0.22371,0.38298,0.46785,0.39083,0.46929,0.47535,0.40979,0.41735,0,0.077694,0.46597,0.27436,0.5496,0.56885,0.45539,0.49343,0.13029,0.29666,0.35617,0.46536,0.37494,0.4557,0.36423,0.32434,0.15769,0.090262,0,0.025642,0,0.040297,0,0,0.0074481,0,0.38137,0.38617,0.2985,0.24234,0.46869,0.54391,0,0,0.1531,0.50713,0.10312,0.20771,0.13871,0.057721,0,0,0,0.10281,0.065548,0.045189,0.082962,0.036634,0.45197,0.44515,0.58709,0.62498,0.34575,0.38666,0.13909,0.049798,0.016335,0.23187,0.25711,0.21395,0.5517,0.3891
0.66585,0.4311,0.77965,0.63538,0.3709,0.3173,1,0.65911,0.34287,0.32933,0.41768,0.32243,0.41248,0.2716,0.216,0.22241,0,0.012958,0.63054,0.51729,0,0.079773,0.62685,0.47591,0.10664,0.07464,0.15823,0.18345,0,0,0.078404,0,0.43469,0.41653,0.28414,0.33459,0.14029,0.063006,0.1935,0.1937,0.18239,0.18695,0.1626,0.071162,0.38046,0.24844,0.10169,0.20926,0.44248,0.27506,0.40751,0.46524,0.29599,0.2733,0.1925,0.42724,0.36482,0.14991,0.12055,0.20612,0.42652,0.42651,0.45473,0.29721,0.62713,0.32128,0.56236,0.48247,0.4124,0.43756,0.098982,0.2623,0.11173,0.086204,0.12765,0.23601,0.36958,0.40381,0,0,0.058209,0.1648,0.23241,0.38868,0.28428,0.31589,0.11923,0.19427,0.51703,0.60723,0.49836,0.51999,0.5836,0.66556,0,0.12697,0.15806,0.2128,0.30354,0.17027,0.41103,0.56115,0.14264,0.35042,0.23295,0.31383,0.073293,0.28421,0,0,0.15977,0.21917,0.18064,0.29845,0.058605,0
0.43991,0.66949,0.3919,0.82083,0.48282,0.54383,0.65911,1,0.56558,0.51746,0.35725,0.59953,0.41139,0.6436,0.31837,0.43191,0.017697,0.14352,0.43896,0.54373,0,0.02181,0.36388,0.54891,0.0748,0.22973,0.12127,0.13123,0.0070704,0.10404,0.14604,0.24236,0.3981,0.46907,0.2245,0.40155,0,0.031744,0.010062,0.047992,0.042582,0.12304,0.25936,0.34347,0.58553,0.61373,0.02733,0.19999,0.57285,0.44515,0.44418,0.71029,0.41264,0.333,0.059329,0.14793,0.30338,0.22847,0.23104,0.39978,0.42388,0.61846,0.54856,0.49629,0.642,0.63568,0.57602,0.69901,0.33202,0.33535,0.23855,0.18021,0.1829,0.24486,0.19384,0.31306,0.26587,0.29943,0,0,0.16556,0.25096,0.32149,0.33359,0.40235,0.5958,0.14311,0.13939,0.4366,0.61275,0.5362,0.49311,0.55926,0.43458,0,0.059607,0.063348,0.26056,0.34442,0.25439,0.4359,0.30826,0.47217,0.46223,0.44007,0.48009,0.30246,0.28327,0,0,0.26842,0.21787,0.17419,0.30352,0.2993,0.12522
0.29276,0.61684,0.19112,0.53578,0.86636,0.74207,0.34287,0.56558,1,0.79553,0.2469,0.22259,0.35926,0.27846,0.74071,0.60961,0.08475,0.01391,0.34612,0.46736,0.14122,0.13627,0.10825,0.23143,0.53805,0.65918,0.41144,0.33955,0.19349,0.23005,0.38889,0.35247,0,0,0.049144,0.10924,0,0,0,0,0,0,0.49918,0.45448,0.44383,0.35596,0.21154,0.34606,0.4842,0.35823,0.53627,0.50271,0.45489,0.32456,0,0,0.3072,0.33629,0.45415,0.62616,0.27735,0.45908,0.093994,0.2329,0.43539,0.37907,0.39836,0.4086,0.33449,0.27344,0.13175,0.081452,0,0,0,0,0.003884,0.051792,0.036001,0,0.30347,0.33586,0.41642,0.086257,0.4921,0.55792,0.020388,0,0.34733,0.40682,0.29025,0.22731,0.27013,0.069979,0,0,0,0.046877,0.2076,0,0.18784,0.056562,0.5147,0.45517,0.58945,0.53645,0.49769,0.28003,0.1842,0.025861,0.062783,0.30195,0.39965,0.2917,0.5388,0.42194
0.41449,0.57424,0.10411,0.45541,0.78951,0.89487,0.32933,0.51746,0.79553,1,0.1598,0.13961,0.24474,0.17053,0.62435,0.79156,0.14057,0.050184,0.38688,0.52146,0.1596,0.25274,0.023877,0.18289,0.40346,0.60381,0.48818,0.44351,0.20745,0.17074,0.31798,0.2843,0,0.016413,0.034701,0.13527,0,0,0,0,0,0,0.4061,0.36333,0.37678,0.34467,0.14938,0.30642,0.38899,0.30224,0.38984,0.40882,0.35266,0.30699,0,0.11271,0.45428,0.24309,0.60093,0.63987,0.41287,0.4936,0.08188,0.20649,0.38172,0.48116,0.33612,0.39217,0.37013,0.34697,0.065937,0.065196,0,0.03168,0,0.059392,0,0.047901,0.022215,0,0.36396,0.33056,0.40405,0.26221,0.42311,0.51965,0.039671,0,0.12514,0.52935,0.056754,0.14761,0.11497,0.042539,0.051256,0,0,0.046779,0.081797,0,0.12324,0.054591,0.48911,0.50684,0.6015,0.64733,0.5062,0.48702,0.27704,0.046384,0,0.14216,0.24841,0.15007,0.60823,0.44104
0.40372,0.2767,0.11216,0.12435,0.081556,0.028931,0.41768,0.35725,0.2469,0.1598,1,0.54075,0.72451,0.58518,0.16662,0,0.24549,0.23068,0.31219,0.23038,0,0,0.092385,0.036277,0,0,0,0,0.32919,0.20486,0,0.072783,0.13308,0.16284,0,0.080658,0,0.045483,0,0,0,0,0,0,0,0.093631,0,0,0.20173,0.18445,0.11443,0.26747,0.14783,0,0,0,0.13652,0.055901,0,0.15588,0.16284,0.25729,0.41965,0.25485,0.47262,0.16039,0.082719,0.12259,0.14289,0.10722,0.18382,0.2101,0.27155,0.24175,0.28487,0.26692,0.1553,0.2506,0.19739,0.069433,0.091407,0.056898,0.1459,0,0.046219,0.079937,0.089677,0.0092383,0.091807,0.058285,0.30655,0.30809,0.20795,0.16219,0,0,0,0,0.19097,0.089745,0.23481,0.089862,0.23976,0.29371,0,0,0.27775,0,0,0,0,0,0.033523,0,0,0.024082
0.22198,0.4679,0.049417,0.36896,0.081532,0.10315,0.32243,0.59953,0.22259,0.13961,0.54075,1,0.39317,0.83775,0.02833,0.13106,0.07894,0.28329,0.16105,0.20041,0,0,0.13723,0.28929,0,0,0,0,0.08041,0.1951,0,0.0012481,0.30127,0.35962,0.10775,0.29985,0.045296,0.20639,0.095637,0.087017,0.078898,0.11365,0,0.017753,0.20665,0.3733,0,0,0.2986,0.34007,0.12557,0.48874,0.24016,0.1023,0.19201,0.055429,0.06498,0.1889,0,0.17751,0.18929,0.44595,0.59182,0.49055,0.45009,0.46042,0.19814,0.3435,0.091636,0.011965,0.25789,0.21881,0.35585,0.36028,0.36942,0.37655,0.24618,0.29092,0.0031913,0.070719,0,0,0.17855,0.13088,0.096049,0.28642,0.18322,0.16824,0.23455,0.27257,0.52105,0.39585,0.39937,0.21999,0,0,0,0.15024,0.31832,0.33547,0.39348,0.10145,0.36179,0.23888,0.10912,0.1113,0.26153,0.139,0,0,0.16218,0.031035,0.010316,0.035667,0,0
0.26411,0.29716,0.26025,0.29867,0.22114,0.17279,0.41248,0.41139,0.35926,0.24474,0.72451,0.39317,1,0.55848,0.50157,0.11414,0.27887,0.11601,0.24929,0.21863,0,0,0.20767,0.224,0.1052,0.18525,0,0,0.38829,0.26868,0.217,0.33715,0.034065,0.08591,0,0.020874,0,0,0,0,0,0,0.15265,0.20898,0.15194,0.2173,0.012711,0.045458,0.21593,0.16485,0.31495,0.38107,0.28811,0.10531,0,0,0.14912,0.069101,0,0.046442,0.12473,0.14557,0.30175,0.30793,0.36031,0.088753,0.087773,0.1567,0.057018,0.052667,0.422,0.25469,0.18305,0.14221,0.25177,0.23933,0.047808,0.12348,0.31935,0.226,0.2683,0.28578,0.030768,0,0.31772,0.35759,0,0,0.13961,0.2255,0.2181,0.29431,0.10444,0.092816,0,0,0,0.049397,0.24608,0.1688,0.0015119,0,0.12795,0.23434,0.10529,0.13609,0.074388,0,0,0,0.067212,0.21222,0.20287,0.17116,0.18917,0.27267
0.21539,0.4924,0.0043355,0.36847,0.083038,0.11868,0.2716,0.6436,0.27846,0.17053,0.58518,0.83775,0.55848,1,0.18422,0.20769,0.18958,0.34641,0.15604,0.22857,0,0,0.10677,0.294,0,0,0,0,0.22176,0.3703,0,0.21006,0.32086,0.41633,0.092181,0.30191,0.01579,0.16687,0,0,0,0.036452,0,0.11145,0.28378,0.48169,0,0,0.32548,0.32735,0.17911,0.51004,0.2598,0.066399,0.065778,0,0.15454,0.19987,0.037096,0.21694,0.21414,0.41054,0.5883,0.49241,0.43731,0.46895,0.23222,0.4103,0.14262,0.079614,0.32268,0.20333,0.42883,0.455,0.40154,0.41886,0.24504,0.28915,0.11166,0.24782,0.11129,0.13236,0.1755,0.083111,0.18338,0.38408,0.16725,0.1394,0.18098,0.26029,0.42915,0.36252,0.32726,0.13765,0,0,0,0.18743,0.32512,0.31514,0.31232,0.0019207,0.42434,0.35423,0.12764,0.15632,0.3007,0.042822,0,0,0.21776,0.070798,0.049234,0.036003,0.056606,0
0.19598,0.45814,0.21503,0.42707,0.65811,0.57165,0.216,0.31837,0.74071,0.62435,0.16662,0.02833,0.50157,0.18422,1,0.66043,0.094132,0,0.3428,0.40352,0.45506,0.37401,0.14852,0.25543,0.66852,0.71965,0.44731,0.35722,0.33676,0.32465,0.56889,0.43926,0,0,0.040332,0.10422,0,0,0,0,0,0,0.61476,0.53317,0.31058,0.22772,0.47953,0.53198,0.26056,0.18874,0.46149,0.32744,0.50004,0.39907,0,0.0256,0.2868,0.2633,0.40921,0.44617,0.21596,0.20358,0,0.17567,0.18454,0.11225,0.26293,0.23124,0.28766,0.24445,0.26337,0.099456,0,0,0.048294,0,0.13012,0.15519,0.034052,0,0.44272,0.46546,0.43713,0.1345,0.60678,0.60616,0,0,0.31961,0.3699,0.11094,0.11977,0.12904,0,0.16512,0.0051161,0.070052,0.18495,0.25689,0.029603,0.042585,0,0.32251,0.27371,0.5727,0.52146,0.27246,0.11225,0.36361,0.044253,0,0.28397,0.37637,0.28962,0.54872,0.52368
0.30925,0.58352,0.060482,0.4764,0.58058,0.70663,0.22241,0.43191,0.60961,0.79156,0,0.13106,0.11414,0.20769,0.66043,1,0.088042,0.063271,0.38825,0.53543,0.3259,0.41086,0.073278,0.2956,0.43519,0.59567,0.37621,0.37012,0.22196,0.24729,0.31855,0.20141,0.02569,0.083798,0.042117,0.24968,0,0,0,0,0.0029916,0.11372,0.43358,0.40486,0.35258,0.33781,0.31911,0.44713,0.25797,0.21935,0.24042,0.24232,0.43944,0.34132,0,0.15712,0.45733,0.29647,0.60496,0.56875,0.39465,0.3956,0.06483,0.21383,0.24181,0.40673,0.37827,0.39869,0.44795,0.41628,0.05287,0.025776,0,0.1019,0.0095164,0.091404,0.22786,0.28026,0,0,0.43258,0.40611,0.54565,0.53555,0.54129,0.64315,0.085393,0.0044401,0.19013,0.58913,0.065144,0.079716,0.20768,0.039166,0.30729,0.16367,0.071367,0.21292,0.13133,0.0084638,0.20261,0.098872,0.42735,0.34022,0.62828,0.63149,0.42347,0.46331,0.34143,0.13021,0,0.068794,0.18537,0.21866,0.57631,0.39781
0.089257,0.15964,0,0,0.092531,0.10842,0,0.017697,0.08475,0.14057,0.24549,0.07894,0.27887,0.18958,0.094132,0.088042,1,0.45929,0.16311,0.26951,0,0.02279,0,0,0,0.089867,0.037339,0,0.72299,0.57432,0.33168,0.40282,0.052979,0.10833,0,0,0,0,0,0,0,0,0.18465,0.24582,0.085026,0.22138,0.097351,0.10911,0.14683,0.19032,0.069949,0.087773,0.25402,0.057865,0,0,0.32304,0.085909,0.10029,0.11579,0.02356,0.07602,0.13723,0.31669,0,0,0.045418,0.15157,0.15854,0.15112,0.28223,0.13847,0.21937,0.42965,0.17696,0.24328,0,0,0.73162,0.58147,0.70723,0.45498,0,0,0.37436,0.21947,0,0,0,0,0,0.069839,0,0,0,0,0,0.056702,0.10971,0.10403,0,0,0.061008,0.20425,0.050468,0.058993,0.1512,0,0.12603,0.077579,0.12824,0.23086,0.22448,0.010773,0.27759,0.28705
0.16045,0.35298,0,0,0.0076517,0.0038521,0.012958,0.14352,0.01391,0.050184,0.23068,0.28329,0.11601,0.34641,0,0.063271,0.45929,1,0.17081,0.24318,0,0.016997,0,0,0,0,0,0,0.33062,0.48138,0.10731,0.25989,0.43505,0.45883,0.15378,0.27935,0.066762,0.22522,0.045544,0.029752,0.088227,0.073349,0,0,0.16197,0.29293,0,0,0.20482,0.20393,0,0.047578,0.023754,0,0.10437,0.097521,0.31185,0.50198,0.16884,0.32122,0.14058,0.25717,0.31408,0.36289,0.13248,0.23617,0.19799,0.27626,0.32902,0.34378,0.2027,0.14463,0.4573,0.56106,0.35435,0.3787,0.16647,0.18731,0.28945,0.51925,0.29315,0.30392,0.1843,0.20129,0.15024,0.12013,0.29687,0.2306,0,0,0.064232,0.075433,0.041307,0,0,0,0,0.069577,0.1681,0.29433,0.09871,0,0.2717,0.25832,0.016144,0.070186,0.36105,0.10353,0.0042856,0,0.20554,0.0405,0,0,0.045339,0
0.80918,0.6346,0.46354,0.40962,0.43813,0.40941,0.63054,0.43896,0.34612,0.38688,0.31219,0.16105,0.24929,0.15604,0.3428,0.38825,0.16311,0.17081,1,0.8547,0.16272,0.34144,0.31204,0.2666,0.19972,0.17363,0.29593,0.28096,0.14439,0.098146,0.20628,0.074605,0.44156,0.45959,0.21024,0.29859,0.20466,0.21932,0.12065,0.18909,0.19387,0.28052,0.24927,0.088981,0.27344,0.16438,0.34382,0.40145,0.39098,0.25088,0.36695,0.26789,0.3404,0.22579,0.091009,0.3245,0.73229,0.44257,0.4859,0.49006,0.68073,0.58406,0.49153,0.4652,0.56061,0.31128,0.56773,0.47691,0.71633,0.67297,0.20174,0.28551,0.31885,0.30377,0.33124,0.25962,0.43256,0.44516,0,0,0.39007,0.45665,0.34905,0.48585,0.49872,0.3774,0.16888,0.17493,0.37042,0.41985,0.29923,0.29939,0.39676,0.33916,0.10872,0.26605,0.22196,0.27229,0.34721,0.27488,0.25576,0.33704,0.29349,0.4266,0.42086,0.46199,0.26084,0.39139,0,0.084228,0.086992,0.29068,0.14694,0.18449,0.25612,0.09465
0.6964,0.73389,0.27235,0.50942,0.49412,0.55063,0.51729,0.54373,0.46736,0.52146,0.23038,0.20041,0.21863,0.22857,0.40352,0.53543,0.26951,0.24318,0.8547,1,0.21405,0.33711,0.084638,0.19435,0.17618,0.2913,0.2777,0.25344,0.33875,0.36377,0.30018,0.16469,0.29944,0.3667,0.0020853,0.25233,0.0050006,0.12391,0,0.038497,0.041609,0.20035,0.29887,0.22525,0.33726,0.29251,0.28791,0.44067,0.38466,0.26108,0.26064,0.30133,0.46611,0.2666,0,0.18757,0.6668,0.4248,0.4961,0.51121,0.57671,0.58151,0.41762,0.52377,0.47482,0.33504,0.50888,0.53759,0.7222,0.67108,0.17816,0.2502,0.2237,0.37634,0.23236,0.29494,0.28156,0.36288,0,0.011355,0.60487,0.61577,0.33651,0.48472,0.62295,0.46157,0.0045166,0,0.23094,0.41118,0.26082,0.24577,0.34925,0.32855,0.12194,0.26939,0.080879,0.19802,0.33248,0.19052,0.21691,0.30045,0.31185,0.35973,0.57123,0.56603,0.32849,0.36477,0.10863,0.050272,0.0047555,0.27547,0.16614,0.23137,0.4107,0.28596
0.068893,0.11666,0.13097,0.18549,0.15993,0.22669,0,0,0.14122,0.1596,0,0,0,0,0.45506,0.3259,0,0,0.16272,0.21405,1,0.71541,0.025673,0.06446,0.45817,0.45603,0.28126,0.29598,0.13911,0.22028,0.4923,0.25957,0,0,0.16409,0.13817,0.2574,0.17053,0,0.023717,0.053637,0.15816,0.47246,0.32281,0.11652,0.029828,0.55876,0.54713,0.027054,0.014436,0.16122,0.030737,0.31127,0.38303,0,0.16083,0.14039,0,0.24487,0.12397,0.048801,0,0,0.03911,0,0,0.14374,0.083912,0.19513,0.19104,0.14633,0.14677,0,0,0,0,0.1455,0.14189,0,0,0.2824,0.37224,0.27742,0.22638,0.3209,0.37051,0,0,0.1113,0.20244,0,0.06697,0.096744,0.037256,0.32496,0.31579,0.35623,0.32252,0.19486,0.026811,0.081158,0.22634,0.0040948,0,0.26312,0.21028,0,0.088722,0.3648,0.1934,0,0.26254,0.22578,0.17636,0.16988,0.22062
0.279,0.22907,0.11703,0.12093,0.29154,0.32449,0.079773,0.02181,0.13627,0.25274,0,0,0,0,0.37401,0.41086,0.02279,0.016997,0.34144,0.33711,0.71541,1,0.068083,0.07607,0.34908,0.29568,0.46479,0.51617,0.20213,0.12745,0.35426,0.17575,0.12941,0.16061,0.26155,0.22983,0.3714,0.39154,0.1899,0.25541,0.35621,0.37329,0.29271,0.14756,0.093214,0.018923,0.51745,0.47122,0.046868,0.073765,0.099275,0.034072,0.19883,0.22163,0.181,0.38757,0.37929,0.21608,0.41644,0.3088,0.23868,0.1047,0,0.11449,0,0.041695,0.30435,0.26277,0.38631,0.39655,0.30838,0.20016,0.23545,0.19806,0.24769,0.19379,0.36826,0.33698,0,0,0.26903,0.32128,0.4252,0.48371,0.26006,0.31511,0.20429,0.15996,0.16305,0.25937,0,0.021899,0.069276,0.013367,0.48171,0.40354,0.4717,0.40363,0.19104,0.14687,0.064696,0.096072,0.099695,0.10301,0.23506,0.26608,0.092834,0.33527,0.37365,0.34541,0.099895,0.11598,0.084425,0,0.14343,0.08279
0.29663,0.13797,0.82985,0.56836,0.17055,0.036355,0.62685,0.36388,0.10825,0.023877,0.092385,0.13723,0.20767,0.10677,0.14852,0.073278,0,0,0.31204,0.084638,0.025673,0.068083,1,0.85538,0.33648,0.085041,0.17558,0.20354,0,0,0.086018,0.074501,0.44901,0.3857,0.54625,0.34261,0.33084,0.13479,0.41675,0.31647,0.26892,0.1953,0.15308,0.068977,0.26303,0.12817,0.16887,0.12644,0.17965,0.087311,0.33857,0.19429,0.056918,0.10727,0.39701,0.463,0.17686,0.14978,0.026672,0.051011,0.21844,0.076754,0.21558,0.061083,0.22416,0.16606,0.45946,0.28943,0.23367,0.31793,0.12594,0.30549,0.041252,0,0.076862,0,0.35519,0.30923,0,0,0,0,0.22145,0.25726,0.13735,0.27847,0.343,0.42138,0.64451,0.50162,0.4366,0.32303,0.53767,0.47754,0,0.035129,0.33193,0.26279,0.25611,0.23007,0.44405,0.44896,0.089347,0.22013,0.0016669,0.073259,0.0028469,0.23143,0,0.016437,0.38866,0.22175,0.16661,0.20918,0,0
0.22342,0.29974,0.65457,0.76447,0.23168,0.22296,0.47591,0.54891,0.23143,0.18289,0.036277,0.28929,0.224,0.294,0.25543,0.2956,0,0,0.2666,0.19435,0.06446,0.07607,0.85538,1,0.36844,0.26995,0.18124,0.20312,0,0,0.15734,0.21981,0.34243,0.32949,0.41255,0.28976,0.17462,0.052455,0.2453,0.19544,0.15368,0.15611,0.23092,0.24,0.32021,0.25678,0.15033,0.16542,0.21283,0.15725,0.33134,0.30434,0.18274,0.17852,0.26373,0.34669,0.192,0.15023,0.12307,0.13849,0.24739,0.17762,0.2652,0.18717,0.19336,0.2891,0.41928,0.34761,0.21844,0.24493,0.18303,0.29678,0,0,0.061732,0.033053,0.25671,0.25593,0,0,0,0.037579,0.24021,0.24495,0.30549,0.50026,0.25029,0.31148,0.60368,0.61447,0.46018,0.33398,0.553,0.4411,0,0,0.21796,0.24071,0.26827,0.22287,0.43984,0.3765,0.20798,0.23067,0.18848,0.23061,0.074931,0.25013,0,0,0.34799,0.2172,0.1766,0.28935,0.051107,0
0.11472,0.20786,0.37787,0.39869,0.54734,0.42958,0.10664,0.0748,0.53805,0.40346,0,0,0.1052,0,0.66852,0.43519,0,0,0.19972,0.17618,0.45817,0.34908,0.33648,0.36844,1,0.86213,0.58418,0.47124,0.03696,0.036833,0.7166,0.54407,0,0,0.17919,0,0,0,0,0,0,0,0.71815,0.5655,0.34956,0.14122,0.58029,0.54694,0.27241,0.16582,0.56575,0.20355,0.3463,0.35404,0,0.048639,0.26393,0.17458,0.40523,0.32158,0.10825,0,0,0,0,0,0.30293,0.15805,0.2111,0.1942,0.16259,0.097629,0,0,0,0,0,0.011614,0.062577,0,0.27101,0.3382,0.20577,0.0026786,0.50346,0.50808,0,0,0.32953,0.30508,0.029887,0.077597,0.10915,0,0.015076,0,0.19224,0.15453,0.11289,0,0,0.037665,0.10796,0.20514,0.36093,0.29114,0.072389,0.07647,0.20914,0.19182,0.20661,0.44036,0.50025,0.33644,0.36238,0.38338
0.12681,0.33757,0.19641,0.49466,0.57436,0.61164,0.07464,0.22973,0.65918,0.60381,0,0,0.18525,0,0.71965,0.59567,0.089867,0,0.17363,0.2913,0.45603,0.29568,0.085041,0.26995,0.86213,1,0.46106,0.36893,0.26258,0.27598,0.73444,0.61054,0,0,0,0,0,0,0,0,0,0,0.72276,0.64139,0.38207,0.23956,0.46624,0.51323,0.30484,0.23433,0.50778,0.29893,0.4943,0.46351,0,0,0.20457,0.059096,0.42498,0.3634,0.082448,0.027905,0,0,0,0,0.2021,0.17131,0.15516,0.10609,0.10912,0.071852,0,0,0,0,0,0,0.11951,0.0087911,0.44129,0.40562,0.21318,0,0.59941,0.61039,0,0,0.16462,0.33957,0.031991,0.11498,0.067437,0,0.054145,0,0,0.039048,0.084459,0,0,0,0.19045,0.21394,0.49695,0.39834,0.12928,0.030131,0.39367,0.10918,0.013295,0.33265,0.47444,0.37307,0.54038,0.64018
0.26189,0.23255,0.33866,0.25585,0.72889,0.65075,0.15823,0.12127,0.41144,0.48818,0,0,0,0,0.44731,0.37621,0.037339,0,0.29593,0.2777,0.28126,0.46479,0.17558,0.18124,0.58418,0.46106,1,0.92852,0,0,0.44405,0.3519,0.054493,0.058725,0.27035,0.050072,0,0,0,0,0,0,0.50144,0.38095,0.29316,0.17044,0.45435,0.45833,0.38802,0.29676,0.5277,0.2808,0.22085,0.32545,0,0.24937,0.40748,0.36771,0.41382,0.3575,0.29604,0.19393,0,0.13835,0.04997,0.15065,0.33982,0.27223,0.31849,0.27724,0.26782,0.13692,0,0,0.023006,0,0,0,0.094944,0.037042,0.21258,0.22674,0.16293,0.12505,0.34941,0.33342,0.020336,0.0055944,0.306,0.32454,0,0.14309,0,0,0.068326,0,0.2122,0.22195,0.099083,0.17292,0,0,0.18835,0.27209,0.36843,0.40113,0.13031,0.22773,0.12211,0.19134,0.21776,0.38743,0.37951,0.14317,0.32958,0.24326
0.26324,0.21792,0.36735,0.2558,0.67493,0.64526,0.18345,0.13123,0.33955,0.44351,0,0,0,0,0.35722,0.37012,0,0,0.28096,0.25344,0.29598,0.51617,0.20354,0.20312,0.47124,0.36893,0.92852,1,0,0,0.36246,0.27066,0.13401,0.13742,0.35002,0.1288,0,0,0,0,0,0,0.4684,0.34844,0.29894,0.20033,0.46723,0.45641,0.35959,0.27692,0.49194,0.28305,0.25443,0.33713,0.076198,0.33863,0.40563,0.34211,0.36293,0.28444,0.29143,0.18494,0.012302,0.18745,0.071828,0.18474,0.36168,0.30386,0.30615,0.25858,0.29067,0.18741,0,0,0.045705,0,0.038666,0,0.0085356,0,0.16344,0.20858,0.13577,0.17702,0.31222,0.35039,0.019271,0.047313,0.30324,0.40612,0.016541,0.19145,0.02928,0.025644,0.096562,0.038337,0.30694,0.32035,0.13368,0.2605,0,0,0.21139,0.26968,0.32829,0.38825,0.065271,0.23792,0.056785,0.24088,0.25784,0.39057,0.3646,0.18687,0.29482,0.15425
0.041173,0.20044,0,0,0.083371,0.14482,0,0.0070704,0.19349,0.20745,0.32919,0.08041,0.38829,0.22176,0.33676,0.22196,0.72299,0.33062,0.14439,0.33875,0.13911,0.20213,0,0,0.03696,0.26258,0,0,1,0.8086,0.36906,0.41264,0,0,0,0,0,0,0,0,0,0,0.14562,0.21955,0,0.06733,0.13176,0.16139,0,0.016783,0,0,0.27168,0.046605,0,0,0.22556,0.012156,0.13538,0.10114,0,0,0,0.15781,0,0,0,0.027393,0.12909,0.081486,0.35924,0.16619,0.24936,0.45421,0.25367,0.33575,0,0.069231,0.6041,0.52888,0.75215,0.52553,0.016832,0,0.41796,0.21466,0,0,0,0,0,0,0,0,0.097931,0.047839,0,0,0.072971,0,0,0,0,0.012996,0.08385,0.054039,0.155,0,0.41221,0.028574,0,0.029525,0.069141,0,0.2707,0.48482
0,0.33901,0,0.018167,0.082682,0.16719,0,0.10404,0.23005,0.17074,0.20486,0.1951,0.26868,0.3703,0.32465,0.24729,0.57432,0.48138,0.098146,0.36377,0.22028,0.12745,0,0,0.036833,0.27598,0,0,0.8086,1,0.37404,0.47188,0,0,0,0,0,0,0,0,0,0,0.18724,0.28036,0.064694,0.21954,0.13171,0.14735,0.0041397,0.076483,0,0.056481,0.29709,0.13624,0,0,0.16597,0.17002,0.090899,0.15179,0,0.055967,0.026952,0.25799,0,0,0,0.085585,0.18634,0.11169,0.29549,0.15054,0.19738,0.45171,0.18307,0.27477,0,0,0.40008,0.60342,0.68794,0.57564,0.065376,0,0.4734,0.27476,0,0,0,0,0,0,0,0,0,0,0,0,0.1335,0.0085926,0,0,0.11323,0.031813,0.16688,0.075737,0.17577,0,0.36156,0,0,0.12923,0.088729,0,0.27734,0.41886
0.15894,0.3084,0.25245,0.34023,0.41016,0.34928,0.078404,0.14604,0.38889,0.31798,0,0,0.217,0,0.56889,0.31855,0.33168,0.10731,0.20628,0.30018,0.4923,0.35426,0.086018,0.15734,0.7166,0.73444,0.44405,0.36246,0.36906,0.37404,1,0.85873,0,0,0.047852,0.010523,0,0,0,0,0,0,0.801,0.69027,0.46999,0.34552,0.64148,0.62334,0.4339,0.31261,0.54459,0.33683,0.5307,0.45365,0,0.020497,0.31093,0.15443,0.34257,0.27579,0.051871,0,0,0.10612,0,0,0.31878,0.26397,0.25069,0.23266,0.27135,0.19188,0,0.028724,0,0,0,0.043641,0.33102,0.25107,0.57095,0.5071,0.12369,0,0.5955,0.52537,0,0,0.11054,0.215,0.059122,0.24571,0.0059709,0.011295,0.071999,0.013311,0.15999,0.2861,0.32586,0.039819,0,0,0.17433,0.2899,0.37239,0.29171,0.057098,0,0.35274,0.2197,0.23927,0.55663,0.60505,0.36911,0.50685,0.59586
0.07771,0.30309,0.13547,0.31918,0.35826,0.31816,0,0.24236,0.35247,0.2843,0.072783,0.0012481,0.33715,0.21006,0.43926,0.20141,0.40282,0.25989,0.074605,0.16469,0.25957,0.17575,0.074501,0.21981,0.54407,0.61054,0.3519,0.27066,0.41264,0.47188,0.85873,1,0,0,0.086125,0.023729,0,0,0,0,0,0,0.65212,0.65146,0.45546,0.46519,0.40561,0.36752,0.42492,0.34815,0.51091,0.41273,0.38727,0.30133,0,0,0.26993,0.18885,0.26509,0.24206,0.00054609,0,0,0.16465,0,0,0.23614,0.2886,0.12267,0.1162,0.40813,0.26253,0.028022,0.13716,0.10822,0.061285,0,0,0.48577,0.49837,0.46612,0.40724,0.053067,0,0.49622,0.53879,0,0,0.038831,0.13298,0.048069,0.25017,0,0,0,0,0.011859,0.22085,0.29711,0.14724,0,0,0.28285,0.37478,0.21414,0.17626,0.14656,0,0.22953,0.11751,0.37943,0.49591,0.53096,0.19464,0.40914,0.4783
0.3812,0.36548,0.28458,0.18695,0.062261,0.0020162,0.43469,0.3981,0,0,0.13308,0.30127,0.034065,0.32086,0,0.02569,0.052979,0.43505,0.44156,0.29944,0,0.12941,0.44901,0.34243,0,0,0.054493,0.13401,0,0,0,0,1,0.96647,0.59858,0.6074,0.50189,0.52001,0.70459,0.64319,0.61937,0.55663,0,0,0.30723,0.34853,0.054406,0.048134,0.31624,0.25186,0.11487,0.23832,0,0,0.5387,0.48458,0.43904,0.49877,0.19931,0.30526,0.4717,0.51127,0.67066,0.52745,0.44523,0.52737,0.62423,0.6129,0.50466,0.55142,0.24539,0.16518,0.58305,0.48153,0.45625,0.42594,0.57169,0.48916,0,0.017674,0,0.081137,0.28255,0.58622,0.0019413,0.17942,0.6342,0.7575,0.31974,0.29848,0.32091,0.29743,0.40149,0.31653,0,0.34917,0.46638,0.47353,0.29931,0.56123,0.40442,0.26778,0.34604,0.36284,0,0.12245,0.25019,0.39559,0,0.16676,0.52739,0.14662,0,0,0,0
0.3987,0.43769,0.22804,0.21795,0.10512,0.074883,0.41653,0.46907,0,0.016413,0.16284,0.35962,0.08591,0.41633,0,0.083798,0.10833,0.45883,0.45959,0.3667,0,0.16061,0.3857,0.32949,0,0,0.058725,0.13742,0,0,0,0,0.96647,1,0.58142,0.64308,0.46154,0.53253,0.63423,0.5798,0.58465,0.54608,0,0,0.35504,0.42512,0.067667,0.073358,0.34732,0.29287,0.13118,0.31144,0.025053,0,0.5035,0.44339,0.45935,0.49981,0.2518,0.36485,0.50559,0.54888,0.70868,0.58942,0.48195,0.5842,0.6347,0.67347,0.51563,0.54882,0.29186,0.15152,0.64576,0.56433,0.52145,0.4807,0.57713,0.50633,0,0.069085,0,0.13574,0.33083,0.57886,0.06492,0.24578,0.623,0.71887,0.29765,0.32315,0.33483,0.31315,0.39892,0.2843,0,0.31491,0.42906,0.48586,0.33003,0.57835,0.411,0.23893,0.41546,0.40855,0.023841,0.1692,0.29184,0.38846,0,0.14995,0.51841,0.1651,0,0,0,0
0.18486,0.17159,0.42481,0.21494,0.18963,0.070868,0.28414,0.2245,0.049144,0.034701,0,0.10775,0,0.092181,0.040332,0.042117,0,0.15378,0.21024,0.0020853,0.16409,0.26155,0.54625,0.41255,0.17919,0,0.27035,0.35002,0,0,0.047852,0.086125,0.59858,0.58142,1,0.76667,0.38711,0.38667,0.49275,0.40313,0.38515,0.30836,0.24606,0.12307,0.45049,0.36249,0.3457,0.24763,0.29708,0.17425,0.37258,0.2914,0,0.079039,0.51424,0.51592,0.27073,0.38318,0.2094,0.25501,0.30684,0.2752,0.30199,0.19782,0.34193,0.46245,0.55899,0.45403,0.25692,0.32155,0.23858,0.19423,0.35901,0.073642,0.27512,0.049384,0.4843,0.36209,0,0,0,0,0.34041,0.26805,0,0.24468,0.55204,0.58774,0.44259,0.29613,0.20891,0.19816,0.31769,0.1572,0,0.053974,0.546,0.48588,0.27358,0.46385,0.42009,0.24109,0.38232,0.38026,0,0.089743,0.18777,0.3876,0,0.13042,0.48874,0.24204,0.13631,0,0,0
0.26036,0.37704,0.22689,0.26265,0.14812,0.10819,0.33459,0.40155,0.10924,0.13527,0.080658,0.29985,0.020874,0.30191,0.10422,0.24968,0,0.27935,0.29859,0.25233,0.13817,0.22983,0.34261,0.28976,0,0,0.050072,0.1288,0,0,0.010523,0.023729,0.6074,0.64308,0.76667,1,0.40746,0.54072,0.45995,0.44683,0.49381,0.46761,0.19998,0.14228,0.54987,0.54232,0.2856,0.30933,0.36223,0.25149,0.21214,0.36408,0.19399,0.13038,0.51218,0.50314,0.28031,0.38402,0.26116,0.33335,0.39429,0.43913,0.40066,0.3594,0.49385,0.60929,0.62729,0.6306,0.38804,0.45504,0.17993,0.11827,0.47814,0.35881,0.35566,0.27818,0.64482,0.58614,0,0,0,0.00085506,0.55618,0.51277,0.074791,0.32036,0.5291,0.5197,0.33928,0.35464,0.30625,0.22299,0.37109,0.19987,0.22579,0.24493,0.52281,0.5654,0.38769,0.4739,0.51671,0.2911,0.50776,0.39667,0.10876,0.19263,0.30092,0.38841,0,0.2445,0.34839,0.14907,0.11192,0.024999,0.021085,0
0.15651,0,0.13994,0,0,0,0.14029,0,0,0,0,0.045296,0,0.01579,0,0,0,0.066762,0.20466,0.0050006,0.2574,0.3714,0.33084,0.17462,0,0,0,0,0,0,0,0,0.50189,0.46154,0.38711,0.40746,1,0.78664,0.76543,0.75877,0.73387,0.69677,0,0,0,0,0.25054,0.16668,0,0,0,0,0,0,0.64342,0.54718,0.11773,0.038518,0.061827,0.0092574,0.24184,0.069447,0.24198,0.127,0.12469,0.1112,0.32489,0.22636,0.26873,0.33239,0.19233,0.17242,0.36281,0.24387,0.32634,0.28922,0.63739,0.52625,0,0,0,0.023034,0.2317,0.50059,0,0,0.39517,0.52469,0.26134,0.19232,0.18471,0.14403,0.34271,0.24558,0.27847,0.56553,0.62548,0.48928,0.28075,0.37198,0.35537,0.36497,0.065064,0.076361,0,0,0,0.18806,0,0.3681,0.32127,0.10549,0,0.069169,0,0
0.17268,0.14523,0,0,0,0,0.063006,0.031744,0,0,0.045483,0.20639,0,0.16687,0,0,0,0.22522,0.21932,0.12391,0.17053,0.39154,0.13479,0.052455,0,0,0,0,0,0,0,0,0.52001,0.53253,0.38667,0.54072,0.78664,1,0.68969,0.70852,0.74237,0.73572,0,0,0.083023,0.11887,0.16531,0.14762,0,0.025819,0,0,0,0,0.63639,0.48117,0.15847,0.24462,0.1109,0.1205,0.27498,0.19106,0.35323,0.233,0.2024,0.24245,0.32488,0.33267,0.33078,0.39604,0.24453,0.14119,0.56701,0.44498,0.50686,0.40592,0.70209,0.63981,0,0,0,0.044783,0.4027,0.54035,0,0.047084,0.49979,0.54058,0.18797,0.078119,0.22159,0.11141,0.29834,0.14189,0.36232,0.46284,0.5687,0.50346,0.36231,0.48501,0.38038,0.22711,0.20106,0.094531,0,0,0.096225,0.25252,0,0.30688,0.26388,0.011133,0,0,0,0
0.1118,0,0.14734,0,0,0,0.1935,0.010062,0,0,0,0.095637,0,0,0,0,0,0.045544,0.12065,0,0,0.1899,0.41675,0.2453,0,0,0,0,0,0,0,0,0.70459,0.63423,0.49275,0.45995,0.76543,0.68969,1,0.9389,0.90107,0.78958,0,0,0,0,0,0,0,0,0,0,0,0,0.76274,0.49536,0.055564,0.14536,0.019688,0.014856,0.28984,0.20665,0.33721,0.13899,0.21903,0.314,0.35065,0.25512,0.19648,0.27973,0,0,0.38239,0.19478,0.30742,0.22422,0.59264,0.43648,0,0,0,0,0.24348,0.57972,0,0,0.63651,0.78242,0.29319,0.14383,0.15827,0.022138,0.31758,0.23086,0.24946,0.49715,0.60217,0.38242,0.071233,0.33942,0.40158,0.3058,0.079564,0.017078,0,0,0.016359,0.35288,0,0.27163,0.34145,0,0,0,0,0
0.13431,0,0.093973,0,0,0,0.1937,0.047992,0,0,0,0.087017,0,0,0,0,0,0.029752,0.18909,0.038497,0.023717,0.25541,0.31647,0.19544,0,0,0,0,0,0,0,0,0.64319,0.5798,0.40313,0.44683,0.75877,0.70852,0.9389,1,0.90649,0.88999,0,0,0,0,0.017688,0.010533,0,0,0,0,0,0,0.66577,0.44831,0.072341,0.12584,0.056602,0.022345,0.33354,0.26259,0.32025,0.17971,0.24059,0.32222,0.33563,0.24707,0.23521,0.31911,0,0,0.36432,0.21911,0.26206,0.26406,0.61774,0.47105,0,0,0,0,0.24956,0.68468,0,0,0.51629,0.6669,0.25998,0.18132,0.10691,0,0.33285,0.21288,0.35527,0.65402,0.58899,0.37067,0.018486,0.28167,0.37481,0.34196,0.054494,0,0,0.011043,0.003481,0.37805,0,0.25504,0.20455,0,0,0,0,0
0.15417,0.031147,0.056127,0,0,0,0.18239,0.042582,0,0,0,0.078898,0,0,0,0.0029916,0,0.088227,0.19387,0.041609,0.053637,0.35621,0.26892,0.15368,0,0,0,0,0,0,0,0,0.61937,0.58465,0.38515,0.49381,0.73387,0.74237,0.90107,0.90649,1,0.90288,0,0,0.02776,0.005162,0.071785,0.044477,0,0,0,0,0,0,0.6709,0.48737,0.1075,0.16082,0.11197,0.072697,0.36254,0.24676,0.34279,0.18361,0.23034,0.30575,0.35125,0.28363,0.25378,0.35376,0.03365,0,0.46743,0.33753,0.3912,0.34087,0.68494,0.55823,0,0,0,0,0.37388,0.72274,0,0,0.55702,0.64616,0.23124,0.16153,0.11837,0,0.27041,0.15691,0.48277,0.59248,0.60148,0.43291,0.098518,0.28824,0.34816,0.24106,0.082524,0,0,0,0.0049671,0.32863,0,0.30999,0.1929,0,0,0,0,0
0.18917,0.12471,0.045402,0.035684,0,0,0.18695,0.12304,0,0,0,0.11365,0,0.036452,0,0.11372,0,0.073349,0.28052,0.20035,0.15816,0.37329,0.1953,0.15611,0,0,0,0,0,0,0,0,0.55663,0.54608,0.30836,0.46761,0.69677,0.73572,0.78958,0.88999,0.90288,1,0,0,0.04729,0.015857,0.14684,0.19213,0,0,0,0,0.011477,0,0.55743,0.40644,0.13078,0.13208,0.14507,0.10801,0.40918,0.28816,0.354,0.27793,0.24942,0.2891,0.36455,0.31582,0.31519,0.38302,0.011348,0,0.43832,0.37516,0.31821,0.36234,0.73244,0.61668,0,0,0,0.030436,0.36941,0.77592,0,0.07532,0.38186,0.48203,0.26823,0.24305,0.16184,0.02376,0.36575,0.19206,0.52043,0.70239,0.6078,0.46175,0.14044,0.28976,0.36586,0.30148,0.10912,0,0.097102,0.16467,0,0.35107,0,0.22475,0.07019,0,0,0,0,0
0.16223,0.3599,0.33664,0.46125,0.53685,0.45523,0.1626,0.25936,0.49918,0.4061,0,0,0.15265,0,0.61476,0.43358,0.18465,0,0.24927,0.29887,0.47246,0.29271,0.15308,0.23092,0.71815,0.72276,0.50144,0.4684,0.14562,0.18724,0.801,0.65212,0,0,0.24606,0.19998,0,0,0,0,0,0,1,0.89276,0.68674,0.5355,0.77711,0.80673,0.55974,0.38489,0.7253,0.51249,0.65876,0.55264,0,0.13765,0.3379,0.19624,0.38022,0.32932,0.15578,0.11299,0,0.18533,0.10222,0.062727,0.50133,0.42946,0.26664,0.23468,0.27204,0.12702,0,0,0,0,0.050255,0.084511,0.11625,0.033171,0.45271,0.46334,0.22709,0.0522,0.6411,0.67748,0,0,0.27326,0.41063,0.16086,0.32932,0.14776,0.065668,0.096477,0.0475,0.31493,0.44582,0.39145,0.21654,0,0.03806,0.31482,0.39447,0.55905,0.489,0.066012,0.035631,0.26055,0.21111,0.27849,0.62873,0.6582,0.53275,0.62772,0.57157
0.016198,0.30307,0.19524,0.5116,0.44937,0.42676,0.071162,0.34347,0.45448,0.36333,0,0.017753,0.20898,0.11145,0.53317,0.40486,0.24582,0,0.088981,0.22525,0.32281,0.14756,0.068977,0.24,0.5655,0.64139,0.38095,0.34844,0.21955,0.28036,0.69027,0.65146,0,0,0.12307,0.14228,0,0,0,0,0,0,0.89276,1,0.71758,0.66411,0.61687,0.70462,0.53637,0.39154,0.66195,0.57893,0.60981,0.50633,0,0,0.21267,0.10526,0.23572,0.19755,0.056666,0.097064,0,0.19972,0.06977,0.11121,0.41855,0.45011,0.087802,0.067263,0.33977,0.11958,0,0.017095,0,0.0020716,0,0,0.22058,0.18674,0.44948,0.41239,0.10777,0,0.60771,0.70352,0,0,0.1337,0.34493,0.13512,0.2572,0.053762,0,0,0.0075502,0.22737,0.42946,0.34163,0.23711,0,0,0.27168,0.32793,0.51313,0.43142,0.062648,0,0.18079,0.12995,0.3255,0.52074,0.54608,0.45974,0.57548,0.58222
0.28387,0.47935,0.30381,0.56316,0.44254,0.41618,0.38046,0.58553,0.44383,0.37678,0,0.20665,0.15194,0.28378,0.31058,0.35258,0.085026,0.16197,0.27344,0.33726,0.11652,0.093214,0.26303,0.32021,0.34956,0.38207,0.29316,0.29894,0,0.064694,0.46999,0.45546,0.30723,0.35504,0.45049,0.54987,0,0.083023,0,0,0.02776,0.04729,0.68674,0.71758,1,0.88327,0.44855,0.51912,0.77533,0.54127,0.70142,0.73278,0.48325,0.37343,0.059701,0.21099,0.29839,0.26204,0.32963,0.38826,0.31994,0.42768,0.23437,0.31084,0.50612,0.54321,0.75034,0.76999,0.28777,0.29755,0.2604,0.093235,0.099073,0.20587,0.12049,0.17385,0.23675,0.25398,0,0.031366,0.16505,0.21898,0.30934,0.21383,0.41085,0.61837,0.19071,0.12919,0.33022,0.45497,0.3136,0.38367,0.32493,0.19999,0,0.087776,0.39039,0.51725,0.40032,0.35632,0.22059,0.13493,0.5292,0.55847,0.41446,0.40763,0.29726,0.20493,0,0.2406,0.53328,0.42996,0.43518,0.33796,0.39281,0.22195
0.18938,0.46436,0.096044,0.48548,0.33323,0.37166,0.24844,0.61373,0.35596,0.34467,0.093631,0.3733,0.2173,0.48169,0.22772,0.33781,0.22138,0.29293,0.16438,0.29251,0.029828,0.018923,0.12817,0.25678,0.14122,0.23956,0.17044,0.20033,0.06733,0.21954,0.34552,0.46519,0.34853,0.42512,0.36249,0.54232,0,0.11887,0,0,0.005162,0.015857,0.5355,0.66411,0.88327,1,0.28105,0.38074,0.71972,0.63656,0.5648,0.75657,0.49718,0.37557,0.0085654,0.095394,0.23202,0.21387,0.23163,0.33389,0.26178,0.4258,0.35494,0.42073,0.43881,0.612,0.63625,0.77108,0.2199,0.23227,0.30284,0.065531,0.21817,0.3346,0.21259,0.26556,0.18188,0.19611,0.059591,0.14577,0.20034,0.18289,0.31516,0.17135,0.33771,0.59121,0.23332,0.16774,0.16127,0.37265,0.31451,0.39536,0.25511,0.10236,0,0.041994,0.28714,0.51227,0.40996,0.45559,0.20852,0.015872,0.57437,0.54336,0.31552,0.3315,0.29431,0.16966,0,0.20133,0.50684,0.36184,0.36357,0.20068,0.33299,0.15185
0.17875,0.26792,0.30052,0.21667,0.32735,0.22371,0.10169,0.02733,0.21154,0.14938,0,0,0.012711,0,0.47953,0.31911,0.097351,0,0.34382,0.28791,0.55876,0.51745,0.16887,0.15033,0.58029,0.46624,0.45435,0.46723,0.13176,0.13171,0.64148,0.40561,0.054406,0.067667,0.3457,0.2856,0.25054,0.16531,0,0.017688,0.071785,0.14684,0.77711,0.61687,0.44855,0.28105,1,0.89205,0.31999,0.17954,0.47301,0.23283,0.52718,0.42025,0.059119,0.36677,0.37851,0.2698,0.35645,0.22502,0.20953,0.067138,0,0.18397,0.049407,0,0.45145,0.31201,0.38467,0.37535,0.3472,0.19514,0.13167,0.10901,0.14835,0.041828,0.33445,0.32408,0,0,0.39115,0.47981,0.2269,0.23458,0.55968,0.51533,0,0,0.3243,0.33759,0.097956,0.22593,0.14119,0.039632,0.32537,0.32326,0.56167,0.60963,0.47913,0.37672,0,0.073138,0.15647,0.24783,0.42411,0.37559,0,0,0.25147,0.30136,0.28017,0.59208,0.49981,0.43544,0.43726,0.38141
0.28472,0.39152,0.29837,0.37796,0.43091,0.38298,0.20926,0.19999,0.34606,0.30642,0,0,0.045458,0,0.53198,0.44713,0.10911,0,0.40145,0.44067,0.54713,0.47122,0.12644,0.16542,0.54694,0.51323,0.45833,0.45641,0.16139,0.14735,0.62334,0.36752,0.048134,0.073358,0.24763,0.30933,0.16668,0.14762,0,0.010533,0.044477,0.19213,0.80673,0.70462,0.51912,0.38074,0.89205,1,0.45528,0.31791,0.50899,0.36875,0.66614,0.57961,0,0.34413,0.41644,0.26011,0.41283,0.31845,0.32675,0.19735,0,0.27567,0.14792,0.064631,0.51926,0.43676,0.42809,0.42142,0.25667,0.17101,0.075729,0.13888,0.10233,0.093085,0.35873,0.37594,0,0,0.4713,0.52335,0.30671,0.33007,0.60725,0.60085,0,0,0.29861,0.42421,0.21151,0.30069,0.2342,0.10777,0.36228,0.37571,0.51476,0.63735,0.49084,0.36406,0.033998,0.1335,0.24552,0.28157,0.59388,0.54054,0,0.12108,0.26363,0.28331,0.1703,0.58009,0.49177,0.51503,0.56892,0.47657
0.5162,0.57977,0.31429,0.47353,0.52154,0.46785,0.44248,0.57285,0.4842,0.38899,0.20173,0.2986,0.21593,0.32548,0.26056,0.25797,0.14683,0.20482,0.39098,0.38466,0.027054,0.046868,0.17965,0.21283,0.27241,0.30484,0.38802,0.35959,0,0.0041397,0.4339,0.42492,0.31624,0.34732,0.29708,0.36223,0,0,0,0,0,0,0.55974,0.53637,0.77533,0.71972,0.31999,0.45528,1,0.80489,0.81794,0.82763,0.53974,0.5,0,0.16812,0.40937,0.35318,0.41863,0.53959,0.52113,0.58489,0.41792,0.47606,0.60152,0.50824,0.7167,0.71252,0.35872,0.3262,0.14996,0.03138,0.095873,0.21561,0.15475,0.16894,0.19692,0.18665,0.076429,0.020153,0.17664,0.16625,0.294,0.18192,0.31734,0.50451,0.19721,0.10777,0.33691,0.39715,0.48038,0.55935,0.37474,0.23331,0,0,0.28663,0.43421,0.39036,0.37491,0.2182,0.076332,0.55899,0.6027,0.43145,0.41812,0.32349,0.28127,0,0.17551,0.3934,0.44358,0.43368,0.26811,0.36996,0.19734
0.38735,0.52485,0.13517,0.35111,0.39087,0.39083,0.27506,0.44515,0.35823,0.30224,0.18445,0.34007,0.16485,0.32735,0.18874,0.21935,0.19032,0.20393,0.25088,0.26108,0.014436,0.073765,0.087311,0.15725,0.16582,0.23433,0.29676,0.27692,0.016783,0.076483,0.31261,0.34815,0.25186,0.29287,0.17425,0.25149,0,0.025819,0,0,0,0,0.38489,0.39154,0.54127,0.63656,0.17954,0.31791,0.80489,1,0.59579,0.77382,0.5579,0.61208,0,0.084819,0.28003,0.22394,0.29376,0.4868,0.38091,0.47527,0.36126,0.41435,0.35876,0.43379,0.51767,0.60358,0.25499,0.19977,0.12921,0,0.12922,0.25149,0.19245,0.2506,0.13082,0.14012,0.058244,0.028834,0.11563,0.043027,0.33155,0.14393,0.16002,0.38833,0.22926,0.10745,0.12302,0.26723,0.45799,0.6235,0.27824,0.14207,0,0,0.19513,0.34921,0.35656,0.40127,0.18615,0,0.50548,0.43749,0.24791,0.23744,0.26014,0.24578,0,0.13439,0.27613,0.31644,0.3411,0.091656,0.23461,0.11867
