1,0.82309,0.74807,0.4756,0.22195,0.099208,0.75544,0.35284,0.41257,0.16058,0.7153,0.59257,0.73871,0.54147,0.57184,0.28179,0.79577,0.63692,0.81977,0.90154,0.4868,0.43258,0.48225,0.42626,0.36798,0.30788,0.20791,0.33585,0.61318,0.29848,0.36622,0.26971,0.73471,0.64188,0.30084,0.39392,0.20024,0.017252,0.20432,0.13637,0.27661,0,0.41783,0.50002,0.71064,0.60138,0.63059,0.65438,0.61021,0.46484,0.61935,0.56939,0.71207,0.63769,0.58159,0.72176,0.96684,0.80858,0.8252,0.67598,0.7389,0.26685,0.65634,0.19413,0.38947,0.36752,0.78816,0.73026,0.94024,0.90011,0.14086,0.009561,0.37959,0.099363,0.3426,0.25688,0.27782,0.34461,0.70262,0.36645,0.63929,0.5913,0.3615,0.306,0.64699,0.66391,0.35591,0.12439,0.39888,0.77886,0.32785,0.52343,0.15617,0.25633,0.23438,0.17056,0.51068,0.54446,0.52273,0.59808,0.18784,0.46486,0.2877,0.46917,0,0.12727,0,0,0.12807,0.16596,0.57136,0.36792,0.20992,0.38183,0.224,0
0.82309,1,0.5038,0.58846,0.18504,0.14484,0.51074,0.54148,0.45695,0.3077,0.57122,0.61524,0.52066,0.58485,0.4958,0.36253,0.72822,0.79461,0.77436,0.89433,0.30537,0.3289,0.32382,0.35811,0.2067,0.19125,0.14201,0.25765,0.49848,0.44801,0.32804,0.28719,0.68942,0.67443,0.19635,0.34879,0,0.024088,0.15061,0.20847,0.044844,0,0.3947,0.4999,0.68784,0.65342,0.58046,0.59365,0.5569,0.49359,0.53594,0.57516,0.61662,0.50201,0.55109,0.61164,0.84849,0.96062,0.64551,0.78876,0.61487,0.51458,0.53249,0.45163,0.3194,0.52886,0.66406,0.65889,0.87179,0.83646,0.11373,0,0.19818,0.024326,0.30169,0.11381,0.21884,0.26134,0.67296,0.51509,0.63157,0.65782,0.41988,0.40514,0.59066,0.60115,0.22643,0.14643,0.54836,0.6175,0.42931,0.48784,0.2212,0.27891,0.26228,0.24786,0.5289,0.55581,0.6031,0.6011,0.36091,0.40817,0.42678,0.47533,0.052912,0.17849,0.038283,0,0.15153,0.067939,0.5302,0.51241,0.40798,0.40395,0.21552,0.033069
0.74807,0.5038,1,0.575,0.35442,0.09888,0.92229,0.32994,0.57648,0.10964,0.74184,0.53666,0.79625,0.39496,0.68839,0.26088,0.63939,0.35693,0.74039,0.7163,0.5433,0.50935,0.84878,0.73798,0.66608,0.5176,0.25811,0.33571,0.56778,0.21886,0.56699,0.47728,0.70068,0.60266,0.63318,0.54872,0.19653,0.045933,0.10458,0.092617,0.31939,0.15102,0.32929,0.30771,0.5252,0.37454,0.45171,0.46248,0.43958,0.22487,0.54433,0.40118,0.64288,0.61289,0.39699,0.51794,0.67989,0.50264,0.76079,0.40469,0.78539,0.1949,0.62499,0.049049,0.67802,0.41737,0.77224,0.64531,0.6879,0.62164,0.2386,0.18189,0.55867,0.27412,0.48034,0.40276,0.37624,0.37629,0.61772,0.37236,0.58201,0.46815,0.30755,0.24171,0.68007,0.55601,0.38628,0.074461,0.44476,0.72947,0.36829,0.63447,0.21865,0.43149,0.1993,0.17272,0.41521,0.3952,0.37314,0.48963,0.13821,0.42642,0.24052,0.45656,0.049805,0.24513,0,0,0.11588,0.20457,0.5025,0.29439,0.13033,0.44158,0.30635,0
0.4756,0.58846,0.575,1,0.50235,0.37665,0.60717,0.8735,0.52363,0.61344,0.49323,0.72493,0.44822,0.69571,0.53416,0.66237,0.42009,0.428,0.6354,0.638,0.25044,0.44267,0.59068,0.82787,0.5213,0.60812,0.3788,0.45326,0.41071,0.36668,0.55726,0.62342,0.60337,0.65574,0.41723,0.56453,0.08277,0.18843,0.17794,0.26419,0.2196,0.36293,0.41139,0.35978,0.47206,0.39677,0.51734,0.46931,0.45695,0.39121,0.58871,0.57141,0.6248,0.58203,0.52675,0.50559,0.45497,0.56085,0.55983,0.63372,0.63263,0.72293,0.45218,0.5255,0.44911,0.8088,0.61382,0.62768,0.50171,0.48132,0.40828,0.21063,0.49786,0.41084,0.5285,0.36829,0.35079,0.3503,0.47236,0.3571,0.53252,0.52342,0.49565,0.4777,0.6795,0.60962,0.31417,0.1246,0.67418,0.64308,0.72467,0.65722,0.58691,0.42577,0.14983,0.14337,0.47498,0.51577,0.64034,0.65225,0.52318,0.38975,0.57423,0.4904,0.28161,0.1801,0.057742,0.0015058,0.028693,0.10219,0.55219,0.57606,0.49898,0.61254,0.31047,0.034667
0.22195,0.18504,0.35442,0.50235,1,0.5349,0.40256,0.46552,0.50624,0.38785,0.46845,0.41059,0.31827,0.36711,0.4021,0.28009,0.38236,0.26348,0.3796,0.36556,0.38857,0.39867,0.42085,0.5154,0.58751,0.68831,0.43119,0.51644,0.41557,0.26903,0.62186,0.60298,0.45178,0.49483,0.34937,0.40939,0,0.011902,0,0,0.03824,0.19792,0.50752,0.44642,0.43404,0.41089,0.46596,0.42397,0.48257,0.39538,0.51471,0.47344,0.4462,0.43564,0.34106,0.41896,0.18436,0.20844,0.43036,0.37634,0.35177,0.36642,0.49271,0.37814,0.32293,0.47568,0.453,0.42418,0.21226,0.23824,0.43702,0.2638,0.53371,0.36266,0.58685,0.45542,0.25819,0.25143,0.45926,0.23872,0.55453,0.48418,0.37446,0.44374,0.56254,0.51173,0.051461,0,0.33511,0.39721,0.56677,0.56289,0.36492,0.29931,0,0,0.22542,0.50501,0.49277,0.51235,0.43263,0.28652,0.48414,0.45807,0.46277,0.35996,0.083165,0.2117,0.1815,0.11006,0.53005,0.47295,0.4544,0.62055,0.28865,0.16528
0.099208,0.14484,0.09888,0.37665,0.5349,1,0.06981,0.37293,0.11499,0.71802,0.22421,0.30981,0.055489,0.30374,0.16272,0.36106,0.14744,0.18011,0.22252,0.22308,0.16275,0.29664,0.16631,0.32168,0.26419,0.56548,0.41457,0.69028,0.17063,0.15398,0.34352,0.35764,0.27595,0.30974,0.1781,0.28011,0.096105,0.18911,0.0087681,0.04865,0.053028,0.24513,0.4973,0.47736,0.32726,0.32067,0.43693,0.42108,0.44682,0.44309,0.46752,0.46329,0.39407,0.40117,0.44589,0.47659,0.095808,0.16139,0.29949,0.34405,0.19887,0.34172,0.22945,0.32716,0.080511,0.28393,0.31506,0.29172,0.13807,0.18772,0.27989,0.13867,0.31433,0.24834,0.40591,0.3102,0.26876,0.27591,0.24553,0.035525,0.34837,0.33603,0.33358,0.38461,0.47988,0.45771,0.045642,0,0.40341,0.3199,0.51338,0.38106,0.35795,0.22973,0,0,0.22392,0.47161,0.50849,0.52622,0.39267,0.24394,0.48613,0.35958,0.39313,0.17346,0.042071,0.1939,0.1843,0.23873,0.43175,0.41606,0.52059,0.52506,0.10931,0.025615
0.75544,0.51074,0.92229,0.60717,0.40256,0.06981,1,0.47587,0.62349,0.14887,0.77015,0.6313,0.86619,0.5353,0.74906,0.38351,0.65486,0.37216,0.76442,0.72567,0.51703,0.52891,0.80466,0.71237,0.6072,0.49235,0.27185,0.3505,0.6378,0.26111,0.59739,0.53353,0.72909,0.63471,0.51181,0.4674,0.21016,0.084852,0.093658,0.048039,0.35802,0.19362,0.38741,0.36699,0.53489,0.40234,0.49351,0.47592,0.49323,0.30541,0.57092,0.44843,0.62986,0.6061,0.40682,0.52052,0.66836,0.4938,0.79068,0.44426,0.81313,0.29463,0.7162,0.19056,0.58692,0.45759,0.74333,0.62246,0.65624,0.60031,0.29417,0.22136,0.59838,0.35586,0.51816,0.45914,0.42218,0.41695,0.62929,0.3543,0.62779,0.51234,0.40603,0.35149,0.68154,0.56777,0.39326,0.077027,0.4059,0.71106,0.42569,0.65199,0.32103,0.47182,0.15831,0.12113,0.39954,0.4196,0.43302,0.55366,0.239,0.52141,0.2968,0.4972,0.11951,0.24834,0,0,0.13103,0.14013,0.49438,0.36395,0.20318,0.49058,0.2895,0
0.35284,0.54148,0.32994,0.8735,0.46552,0.37293,0.47587,1,0.4535,0.60913,0.42241,0.8034,0.39164,0.8285,0.44529,0.69368,0.33274,0.39038,0.49653,0.51425,0.17966,0.36531,0.35907,0.61942,0.2724,0.45189,0.2921,0.4108,0.38296,0.43565,0.46949,0.59325,0.5589,0.64308,0.21712,0.44887,0,0.22273,0.090554,0.18832,0.2142,0.40735,0.43859,0.38646,0.38442,0.36997,0.4942,0.43585,0.46861,0.44543,0.59743,0.62152,0.57368,0.5165,0.50712,0.44258,0.34132,0.51594,0.47736,0.67811,0.54589,0.83926,0.43044,0.71947,0.26149,0.82327,0.50159,0.56193,0.36125,0.34263,0.36616,0.14417,0.43243,0.46045,0.51365,0.34971,0.34748,0.31463,0.43542,0.33485,0.53303,0.53914,0.51716,0.53856,0.61193,0.59739,0.20181,0.10309,0.61732,0.52064,0.77814,0.6179,0.69793,0.44147,0.11255,0.11596,0.4318,0.51003,0.68092,0.67419,0.67804,0.44491,0.6561,0.52297,0.37213,0.19792,0.10598,0.039625,0.14258,0.10845,0.5262,0.66396,0.58288,0.64417,0.30169,0.072357
0.41257,0.45695,0.57648,0.52363,0.50624,0.11499,0.62349,0.4535,1,0.32977,0.61453,0.50933,0.62431,0.46354,0.7683,0.4287,0.46983,0.41728,0.56628,0.55086,0.42261,0.42323,0.6743,0.5987,0.57793,0.45124,0.29762,0.30222,0.37242,0.25606,0.62463,0.53069,0.5182,0.51611,0.47528,0.34947,0,0,0,0,0.00093125,0.19896,0.31677,0.29429,0.43079,0.37341,0.3279,0.27976,0.32634,0.20483,0.3626,0.33779,0.38214,0.33579,0.21623,0.27457,0.3587,0.41001,0.51372,0.3321,0.62739,0.44288,0.53832,0.34941,0.61756,0.56263,0.49009,0.39376,0.43077,0.40045,0.26723,0.20743,0.42418,0.27169,0.56138,0.3922,0.30616,0.2509,0.51503,0.34402,0.53141,0.49391,0.3571,0.37329,0.60343,0.38676,0.070036,0,0.44031,0.35603,0.40038,0.58331,0.26107,0.51856,0,0.025677,0.21841,0.37137,0.38771,0.47611,0.30198,0.34392,0.37051,0.40751,0.32878,0.34311,0.0090013,0.023142,0.28619,0.062823,0.40199,0.43788,0.36264,0.49493,0.19218,0.050356
0.16058,0.3077,0.10964,0.61344,0.38785,0.71802,0.14887,0.60913,0.32977,1,0.23243,0.49395,0.15612,0.54878,0.33589,0.69664,0.12432,0.29805,0.30179,0.31894,0.16926,0.44301,0.21526,0.46569,0.26832,0.491,0.44713,0.61422,0.16143,0.26044,0.35049,0.3708,0.26665,0.34768,0.1764,0.27223,0.17827,0.20026,0.11237,0.14312,0.11381,0.29852,0.37432,0.35433,0.29908,0.27339,0.39191,0.33521,0.34779,0.38173,0.41903,0.473,0.38892,0.37422,0.45854,0.42809,0.14669,0.27309,0.30027,0.42545,0.32319,0.58449,0.19135,0.43744,0.20343,0.5162,0.28776,0.27763,0.21969,0.25716,0.38703,0.24666,0.29185,0.31422,0.42767,0.38802,0.19644,0.17508,0.25157,0.071106,0.32156,0.39559,0.3701,0.42512,0.50942,0.44889,0.039494,0,0.51202,0.31219,0.52795,0.38603,0.41927,0.3171,0,0,0.25523,0.47943,0.56186,0.59528,0.40778,0.22084,0.49871,0.31289,0.34784,0.086985,0.0055327,0.11145,0.17976,0.21774,0.40938,0.49234,0.54764,0.46679,0.010479,0
0.7153,0.57122,0.74184,0.49323,0.46845,0.22421,0.77015,0.42241,0.61453,0.23243,1,0.64912,0.86789,0.57664,0.78996,0.34902,0.76268,0.55927,0.7792,0.76234,0.58653,0.51965,0.64989,0.56289,0.51144,0.44584,0.2647,0.39825,0.64696,0.38435,0.59985,0.48884,0.68747,0.62265,0.39419,0.3675,0.081907,0.022039,0,0,0.14051,0.21306,0.47616,0.49076,0.6117,0.53117,0.55316,0.54567,0.58042,0.40263,0.59442,0.52216,0.64263,0.59588,0.44417,0.58113,0.68162,0.58172,0.72599,0.5426,0.73869,0.32995,0.77397,0.28012,0.48225,0.40113,0.70635,0.57458,0.67653,0.67276,0.26761,0.1265,0.52456,0.29189,0.56206,0.47282,0.32858,0.28217,0.74154,0.40974,0.7657,0.63782,0.4556,0.42359,0.77425,0.61617,0.2358,0,0.48273,0.66209,0.48528,0.68589,0.30922,0.41143,0.085588,0.084732,0.39277,0.55523,0.5393,0.67602,0.37098,0.45531,0.43882,0.49833,0.20857,0.28094,0,0,0.25906,0.22743,0.59921,0.47745,0.38993,0.54047,0.23405,0
0.59257,0.61524,0.53666,0.72493,0.41059,0.30981,0.6313,0.8034,0.50933,0.49395,0.64912,1,0.67611,0.90442,0.57081,0.62333,0.48803,0.44135,0.58042,0.6341,0.39927,0.46907,0.45006,0.64409,0.3448,0.46071,0.29572,0.43076,0.51884,0.37008,0.44212,0.4687,0.67157,0.68134,0.30426,0.51903,0.07537,0.17016,0.067686,0.13079,0.33476,0.36172,0.43069,0.41541,0.45403,0.38493,0.53342,0.52075,0.53633,0.44474,0.75395,0.73707,0.73333,0.67557,0.5912,0.61988,0.54987,0.58004,0.67595,0.74254,0.69573,0.6657,0.56179,0.53701,0.36234,0.74049,0.68525,0.72375,0.56722,0.55481,0.39568,0.14206,0.56051,0.48328,0.59304,0.42816,0.41053,0.40029,0.54979,0.33864,0.61825,0.57139,0.43019,0.40463,0.74955,0.75575,0.24134,0.040817,0.5823,0.7142,0.74472,0.70531,0.6632,0.4596,0.07346,0.053396,0.43396,0.5364,0.67495,0.73701,0.55535,0.486,0.61727,0.59954,0.35643,0.24718,0.084055,0.015719,0.20189,0.18611,0.62457,0.58933,0.45502,0.64155,0.37413,0.048786
0.73871,0.52066,0.79625,0.44822,0.31827,0.055489,0.86619,0.39164,0.62431,0.15612,0.86789,0.67611,1,0.61662,0.8467,0.412,0.68421,0.44475,0.73699,0.70772,0.58075,0.54721,0.71416,0.5954,0.52568,0.40971,0.29844,0.37601,0.67746,0.29629,0.55178,0.45014,0.67212,0.57682,0.38888,0.33064,0.20826,0.096552,0.050561,0,0.31168,0.21324,0.34687,0.36472,0.49459,0.37711,0.45282,0.43867,0.47253,0.27302,0.56925,0.47009,0.63523,0.60968,0.40008,0.52215,0.665,0.51201,0.74511,0.45494,0.74497,0.2295,0.72026,0.17094,0.48215,0.34245,0.68132,0.54465,0.67218,0.63952,0.29523,0.19137,0.58416,0.35958,0.56084,0.49153,0.37759,0.34422,0.66216,0.34026,0.68076,0.56973,0.43633,0.33907,0.73703,0.61522,0.31057,0.0047926,0.42016,0.67999,0.42173,0.64082,0.29975,0.4477,0.058721,0.025761,0.3133,0.41933,0.44695,0.58683,0.2714,0.49337,0.33304,0.46909,0.17328,0.24877,0,0,0.2466,0.20106,0.52039,0.37467,0.21317,0.47091,0.20266,0
0.54147,0.58485,0.39496,0.69571,0.36711,0.30374,0.5353,0.8285,0.46354,0.54878,0.57664,0.90442,0.61662,1,0.5517,0.72342,0.42808,0.42697,0.54034,0.58855,0.33034,0.46232,0.3386,0.55658,0.2444,0.38105,0.32803,0.46377,0.47931,0.41285,0.39153,0.4207,0.60488,0.6348,0.17988,0.42587,0.15411,0.23895,0.15585,0.15582,0.32937,0.39272,0.48538,0.47191,0.46688,0.42859,0.58226,0.55153,0.56376,0.51369,0.72692,0.74222,0.69163,0.64811,0.63747,0.62208,0.5208,0.54967,0.64988,0.76243,0.64158,0.69144,0.52263,0.61012,0.24187,0.69593,0.63442,0.6668,0.53377,0.53655,0.28147,0.06948,0.45503,0.45546,0.53276,0.38929,0.38226,0.37654,0.50678,0.25762,0.60232,0.59831,0.51428,0.51538,0.70732,0.73042,0.25813,0.084262,0.60913,0.66523,0.74485,0.66382,0.64746,0.43105,0.094249,0.063727,0.47623,0.59289,0.74942,0.75444,0.61355,0.49593,0.65793,0.55602,0.33159,0.16545,0.020285,0.0096075,0.21959,0.23594,0.66233,0.67198,0.52345,0.64622,0.29443,0.019738
0.57184,0.4958,0.68839,0.53416,0.4021,0.16272,0.74906,0.44529,0.7683,0.33589,0.78996,0.57081,0.8467,0.5517,1,0.63553,0.60111,0.52071,0.74216,0.68975,0.53706,0.56179,0.76317,0.66173,0.60614,0.51164,0.48314,0.50211,0.60063,0.34721,0.68372,0.56545,0.5833,0.52432,0.42946,0.29112,0.25818,0.17466,0.13302,0.070669,0.21795,0.30671,0.41123,0.41296,0.47769,0.39285,0.46198,0.40654,0.39988,0.24073,0.46227,0.39344,0.54747,0.5217,0.41522,0.45128,0.50239,0.44691,0.60689,0.35572,0.62156,0.27734,0.65226,0.24713,0.49781,0.3829,0.58126,0.41156,0.58278,0.57589,0.37366,0.2949,0.51347,0.34056,0.59368,0.47252,0.38405,0.30928,0.60233,0.30483,0.6715,0.63325,0.64255,0.51947,0.76986,0.53873,0.32784,0,0.54822,0.5448,0.44667,0.62358,0.24892,0.47376,0,0,0.25457,0.43733,0.48153,0.60557,0.34199,0.37635,0.38916,0.4062,0.22901,0.1819,0,0.0015936,0.17453,0.22567,0.51133,0.42917,0.34147,0.49818,0.055849,0
0.28179,0.36253,0.26088,0.66237,0.28009,0.36106,0.38351,0.69368,0.4287,0.69664,0.34902,0.62333,0.412,0.72342,0.63553,1,0.23355,0.35544,0.44564,0.43361,0.20063,0.45558,0.3589,0.56196,0.29985,0.44544,0.58633,0.62373,0.34546,0.32992,0.40391,0.42667,0.34334,0.3706,0.13854,0.21215,0.4535,0.43493,0.42828,0.35762,0.39436,0.47047,0.40657,0.3672,0.26967,0.21958,0.44788,0.38021,0.31711,0.31008,0.46125,0.47195,0.4812,0.48068,0.55314,0.44662,0.24821,0.26848,0.39385,0.40024,0.38807,0.5137,0.31029,0.44664,0.12449,0.46963,0.37029,0.32309,0.33578,0.35776,0.38839,0.27694,0.3244,0.41377,0.42798,0.37255,0.35761,0.33095,0.29484,0.053486,0.44525,0.5304,0.68982,0.59578,0.62321,0.53723,0.38608,0.10435,0.6091,0.46847,0.55048,0.44524,0.44792,0.34359,0,0,0.29322,0.42089,0.55593,0.569,0.46451,0.27198,0.48744,0.27941,0.18489,0,0,0.00027232,0.0011296,0.30116,0.44882,0.4537,0.38329,0.46072,0.0072856,0
0.79577,0.72822,0.63939,0.42009,0.38236,0.14744,0.65486,0.33274,0.46983,0.12432,0.76268,0.48803,0.68421,0.42808,0.60111,0.23355,1,0.77943,0.78185,0.84938,0.47707,0.397,0.43668,0.35143,0.42134,0.33827,0.17459,0.29084,0.76568,0.45128,0.48204,0.41033,0.74154,0.67852,0.21168,0.26028,0.041759,0.016243,0.0047856,0.033884,0.12322,0.11787,0.5053,0.57405,0.71816,0.66269,0.60084,0.59965,0.62656,0.51187,0.56142,0.52868,0.60501,0.5333,0.43897,0.60644,0.81993,0.72547,0.66362,0.56397,0.63477,0.26478,0.72073,0.35215,0.34612,0.28486,0.64834,0.55776,0.79185,0.79214,0.19746,0.026035,0.41,0.10748,0.43199,0.25735,0.32768,0.32754,0.82206,0.49934,0.81274,0.74883,0.38075,0.42372,0.66005,0.62641,0.22495,0.0072225,0.37501,0.63304,0.36043,0.49582,0.14268,0.22159,0.17644,0.13862,0.43009,0.54808,0.50498,0.57582,0.30064,0.43242,0.36672,0.50031,0.074142,0.25294,0.024423,0,0.11144,0.12788,0.50709,0.44107,0.322,0.40134,0.19814,0.054748
0.63692,0.79461,0.35693,0.428,0.26348,0.18011,0.37216,0.39038,0.41728,0.29805,0.55927,0.44135,0.44475,0.42697,0.52071,0.35544,0.77943,1,0.71282,0.80127,0.38291,0.3589,0.26216,0.26149,0.25387,0.23799,0.19883,0.29225,0.61527,0.5617,0.46655,0.41534,0.62678,0.6333,0.10408,0.17695,0,0.00093137,0.0052666,0.08558,0,0.041794,0.40426,0.54308,0.62011,0.64513,0.4974,0.48314,0.50374,0.46335,0.4097,0.44507,0.44886,0.35379,0.38761,0.48968,0.68155,0.78149,0.45475,0.54438,0.44077,0.37525,0.5989,0.49115,0.26556,0.3453,0.46329,0.43019,0.69784,0.72319,0.20773,0.082029,0.25459,0.047004,0.38695,0.15129,0.26205,0.22584,0.71027,0.57087,0.69546,0.76526,0.46673,0.52917,0.53442,0.52934,0.065095,0.00010655,0.36832,0.41161,0.30881,0.33976,0.08333,0.18273,0.069838,0.079585,0.30113,0.49481,0.49742,0.54305,0.31476,0.31646,0.37859,0.46504,0.19678,0.26506,0.069503,0.09192,0.10848,0.040551,0.39824,0.46114,0.42241,0.32057,0,0.043044
0.81977,0.77436,0.74039,0.6354,0.3796,0.22252,0.76442,0.49653,0.56628,0.30179,0.7792,0.58042,0.73699,0.54034,0.74216,0.44564,0.78185,0.71282,1,0.93278,0.43475,0.55455,0.68819,0.59815,0.47932,0.40523,0.25269,0.3906,0.67327,0.5484,0.64488,0.55502,0.80602,0.74404,0.45278,0.43342,0.17123,0.097581,0.11486,0.088796,0.15799,0.10851,0.49699,0.54951,0.68451,0.60879,0.63255,0.60225,0.60658,0.47608,0.57621,0.51657,0.65278,0.61066,0.48196,0.60922,0.79097,0.767,0.76815,0.61281,0.77579,0.43678,0.75179,0.40557,0.52033,0.44568,0.75415,0.63302,0.79575,0.78818,0.24052,0.11989,0.48926,0.25396,0.51602,0.38209,0.4546,0.43316,0.76398,0.59069,0.75144,0.71121,0.52974,0.55683,0.71558,0.60723,0.3435,0.16985,0.49966,0.66225,0.45868,0.62735,0.27064,0.43858,0.30292,0.27289,0.55043,0.58537,0.59527,0.68838,0.35941,0.49207,0.48108,0.57169,0.12923,0.27278,0.031523,0.040219,0.11176,0.12669,0.57383,0.53109,0.44065,0.55237,0.29592,0.072605
0.90154,0.89433,0.7163,0.638,0.36556,0.22308,0.72567,0.51425,0.55086,0.31894,0.76234,0.6341,0.70772,0.58855,0.68975,0.43361,0.84938,0.80127,0.93278,1,0.47284,0.46665,0.55525,0.53513,0.43408,0.39857,0.27915,0.41497,0.67498,0.47948,0.5403,0.47459,0.82047,0.76835,0.32483,0.38809,0.1106,0.021452,0.11589,0.12336,0.12886,0.054627,0.51923,0.60332,0.76517,0.70107,0.67469,0.6746,0.66595,0.54036,0.64406,0.6129,0.71321,0.64069,0.57551,0.69394,0.90064,0.87208,0.79006,0.73691,0.74269,0.4417,0.73515,0.42628,0.43535,0.48322,0.78166,0.70582,0.91581,0.91219,0.22585,0.052522,0.40267,0.13108,0.46119,0.30266,0.35005,0.35858,0.78996,0.52344,0.78929,0.76955,0.51672,0.53225,0.74493,0.7004,0.30675,0.089716,0.52367,0.73686,0.46572,0.60897,0.23771,0.32144,0.2251,0.19244,0.53681,0.62221,0.6268,0.67929,0.35428,0.46535,0.44912,0.54447,0.09214,0.22975,0.02437,0.0077751,0.13191,0.1328,0.61976,0.50945,0.39791,0.49121,0.23378,0.027463
0.4868,0.30537,0.5433,0.25044,0.38857,0.16275,0.51703,0.17966,0.42261,0.16926,0.58653,0.39927,0.58075,0.33034,0.53706,0.20063,0.47707,0.38291,0.43475,0.47284,1,0.69024,0.45737,0.40814,0.4668,0.39627,0.32824,0.38845,0.48878,0.20019,0.49194,0.35604,0.49051,0.45874,0.31155,0.32686,0.066184,0.046087,0,0,0.21588,0.12593,0.24738,0.25024,0.37004,0.31022,0.31345,0.30972,0.37503,0.22432,0.43581,0.33694,0.47323,0.39482,0.28404,0.36313,0.44902,0.30283,0.49559,0.29421,0.42932,0.070544,0.50737,0.089815,0.38094,0.23271,0.47725,0.41433,0.44135,0.43979,0.55293,0.43349,0.53465,0.39408,0.58691,0.54697,0.23587,0.24801,0.47262,0.21757,0.46314,0.412,0.17431,0.11808,0.47898,0.42427,0.046973,0,0.22437,0.42632,0.21316,0.38131,0.026679,0.17586,0,0,0.046369,0.23611,0.26576,0.36446,0.085265,0.20644,0.10956,0.32596,0.14231,0.19025,0,0,0.25828,0.36954,0.42471,0.2384,0.090283,0.26153,0,0
0.43258,0.3289,0.50935,0.44267,0.39867,0.29664,0.52891,0.36531,0.42323,0.44301,0.51965,0.46907,0.54721,0.46232,0.56179,0.45558,0.397,0.3589,0.55455,0.46665,0.69024,1,0.56959,0.55803,0.46171,0.37971,0.36633,0.49533,0.50332,0.35469,0.61547,0.49728,0.54155,0.53717,0.4651,0.46486,0.26461,0.23424,0.10839,0.063298,0.30353,0.30904,0.29611,0.27902,0.36333,0.28465,0.39912,0.34709,0.35483,0.2967,0.40785,0.34733,0.41486,0.39186,0.30248,0.40428,0.37352,0.28867,0.54559,0.33362,0.54825,0.30237,0.48668,0.2331,0.50714,0.34516,0.52066,0.44705,0.35726,0.369,0.54842,0.57563,0.58319,0.57349,0.58776,0.63797,0.37706,0.44785,0.47743,0.33624,0.45699,0.43094,0.29685,0.33094,0.48128,0.3963,0.18332,0.12987,0.3094,0.3713,0.30272,0.42446,0.17077,0.4882,0.087554,0.034211,0.29994,0.38181,0.421,0.52171,0.22302,0.35938,0.32299,0.4525,0.23415,0.24295,0,0.018359,0.16757,0.35182,0.44048,0.48937,0.36096,0.4386,0.11326,0
0.48225,0.32382,0.84878,0.59068,0.42085,0.16631,0.80466,0.35907,0.6743,0.21526,0.64989,0.45006,0.71416,0.3386,0.76317,0.3589,0.43668,0.26216,0.68819,0.55525,0.45737,0.56959,1,0.85183,0.72735,0.56772,0.29485,0.35613,0.45488,0.25527,0.76074,0.66166,0.61252,0.55562,0.75824,0.57788,0.15612,0.069813,0.013229,0.018289,0.2019,0.24188,0.29005,0.23867,0.39313,0.26323,0.34443,0.31044,0.30844,0.13115,0.40003,0.25804,0.47144,0.50608,0.23369,0.3357,0.39553,0.32658,0.59938,0.22958,0.7032,0.2605,0.58792,0.12491,0.77276,0.43946,0.62958,0.48654,0.43184,0.40506,0.29606,0.31889,0.61138,0.41289,0.57655,0.49488,0.45293,0.40448,0.50939,0.41732,0.48645,0.4008,0.3531,0.34055,0.62327,0.41129,0.31275,0.051824,0.39482,0.51864,0.38953,0.65663,0.27803,0.55036,0.14232,0.13061,0.32669,0.35248,0.33891,0.47244,0.19021,0.37038,0.31466,0.4919,0.26783,0.38543,0.024741,0.084681,0.11463,0.14692,0.43179,0.35099,0.23625,0.49998,0.29272,0.074184
0.42626,0.35811,0.73798,0.82787,0.5154,0.32168,0.71237,0.61942,0.5987,0.46569,0.56289,0.64409,0.5954,0.55658,0.66173,0.56196,0.35143,0.26149,0.59815,0.53513,0.40814,0.55803,0.85183,1,0.7286,0.7287,0.47582,0.51166,0.4251,0.19239,0.69969,0.67732,0.59148,0.59333,0.67572,0.68346,0.17867,0.15642,0.10987,0.15891,0.27078,0.38222,0.34817,0.27169,0.38662,0.26409,0.41633,0.37715,0.35165,0.20848,0.53318,0.43654,0.57092,0.57438,0.42686,0.43896,0.36657,0.34513,0.57288,0.40657,0.6502,0.44686,0.48168,0.25532,0.6468,0.67055,0.65913,0.61681,0.43303,0.4256,0.43343,0.33043,0.61422,0.4785,0.60885,0.48463,0.41375,0.38961,0.44803,0.28596,0.48191,0.41463,0.42946,0.36237,0.69785,0.54736,0.29957,0.0017008,0.56857,0.62043,0.60924,0.70581,0.47004,0.48308,0.019449,0.01546,0.35258,0.43256,0.48698,0.56498,0.33809,0.33262,0.45243,0.47461,0.35726,0.27623,0,0.022545,0.046418,0.17492,0.55738,0.4444,0.32956,0.56578,0.27666,0.0040069
0.36798,0.2067,0.66608,0.5213,0.58751,0.26419,0.6072,0.2724,0.57793,0.26832,0.51144,0.3448,0.52568,0.2444,0.60614,0.29985,0.42134,0.25387,0.47932,0.43408,0.4668,0.46171,0.72735,0.7286,1,0.85724,0.53641,0.48908,0.44937,0.16342,0.7037,0.60505,0.50327,0.46421,0.64684,0.53016,0.11256,0.033758,0,0,0.080286,0.20043,0.38247,0.31942,0.429,0.30931,0.37861,0.33267,0.33001,0.18356,0.41768,0.32956,0.45317,0.46273,0.29369,0.37064,0.3119,0.19656,0.47534,0.20589,0.48602,0.11585,0.38415,0.015401,0.61756,0.40192,0.53589,0.45494,0.36872,0.361,0.40704,0.32839,0.52284,0.30302,0.55716,0.45626,0.3781,0.36305,0.44882,0.20884,0.43815,0.38973,0.36757,0.33703,0.57445,0.46832,0.20264,0,0.32912,0.45377,0.39921,0.50105,0.23082,0.30133,0,0,0.19224,0.41826,0.32279,0.38542,0.23886,0.22005,0.33541,0.36477,0.31258,0.27784,0.012565,0.11687,0.046481,0.046084,0.49873,0.26659,0.20601,0.47614,0.18224,0.046749
0.30788,0.19125,0.5176,0.60812,0.68831,0.56548,0.49235,0.45189,0.45124,0.491,0.44584,0.46071,0.40971,0.38105,0.51164,0.44544,0.33827,0.23799,0.40523,0.39857,0.39627,0.37971,0.56772,0.7287,0.85724,1,0.67619,0.70272,0.43414,0.14422,0.67263,0.65889,0.47746,0.47343,0.51592,0.51831,0.11179,0.072252,0,0,0.11762,0.23207,0.49211,0.42288,0.43152,0.33806,0.46581,0.42322,0.42496,0.28695,0.56546,0.50409,0.56758,0.5865,0.45526,0.49778,0.26609,0.20276,0.4387,0.30191,0.39413,0.24565,0.34316,0.16821,0.42378,0.50369,0.53514,0.51572,0.33482,0.35142,0.44987,0.27452,0.52832,0.33106,0.60373,0.41688,0.33259,0.31604,0.41981,0.090605,0.45831,0.43164,0.46368,0.3927,0.66492,0.62468,0.14282,0,0.43017,0.53109,0.56964,0.53603,0.36026,0.1991,0,0,0.16831,0.50348,0.44161,0.51491,0.34,0.18262,0.42588,0.36532,0.38545,0.18877,0.035171,0.1562,0.086547,0.086435,0.56136,0.30217,0.32731,0.5579,0.13759,0.012381
0.20791,0.14201,0.25811,0.3788,0.43119,0.41457,0.27185,0.2921,0.29762,0.44713,0.2647,0.29572,0.29844,0.32803,0.48314,0.58633,0.17459,0.19883,0.25269,0.27915,0.32824,0.36633,0.29485,0.47582,0.53641,0.67619,1,0.87392,0.24564,0,0.37464,0.32203,0.17363,0.15822,0.17069,0.19653,0.39678,0.26819,0.37652,0.26819,0.25345,0.221,0.34275,0.30281,0.23175,0.15587,0.34441,0.28605,0.18286,0.080111,0.28415,0.25395,0.32867,0.30334,0.49025,0.34279,0.15765,0.057635,0.24644,0.12508,0.12452,0.019694,0.10338,0,0.060406,0.22184,0.2843,0.25662,0.27103,0.29064,0.48688,0.3886,0.21468,0.19053,0.29845,0.24336,0.11468,0.13836,0.14159,0,0.25105,0.28503,0.60718,0.31405,0.50189,0.42254,0.15309,0,0.41585,0.34927,0.28473,0.22389,0.088266,0.062101,0,0,0,0.31925,0.29977,0.3045,0.2187,0,0.2083,0,0.17614,0,0,0,0.037609,0.27182,0.43486,0.13973,0.1511,0.24546,0,0
0.33585,0.25765,0.33571,0.45326,0.51644,0.69028,0.3505,0.4108,0.30222,0.61422,0.39825,0.43076,0.37601,0.46377,0.50211,0.62373,0.29084,0.29225,0.3906,0.41497,0.38845,0.49533,0.35613,0.51166,0.48908,0.70272,0.87392,1,0.35129,0.043327,0.47957,0.43921,0.37973,0.36346,0.25028,0.31005,0.38522,0.26803,0.31134,0.20441,0.29197,0.24268,0.50779,0.47482,0.39396,0.32812,0.51217,0.4633,0.42057,0.32688,0.50058,0.44986,0.49494,0.47877,0.59535,0.53061,0.29719,0.20148,0.44623,0.32636,0.31101,0.20992,0.30535,0.13294,0.14806,0.31253,0.45497,0.41127,0.36815,0.3957,0.45102,0.35385,0.33468,0.26756,0.42029,0.37805,0.23145,0.26373,0.32359,0,0.41868,0.42721,0.61242,0.44794,0.63691,0.58502,0.19632,0,0.47628,0.47667,0.43751,0.38564,0.21297,0.20542,0,0,0.14847,0.49329,0.49708,0.5237,0.32049,0.19564,0.37548,0.21317,0.28186,0,0,0.03981,0.17154,0.32468,0.54666,0.33552,0.35279,0.44418,0,0
0.61318,0.49848,0.56778,0.41071,0.41557,0.17063,0.6378,0.38296,0.37242,0.16143,0.64696,0.51884,0.67746,0.47931,0.60063,0.34546,0.76568,0.61527,0.67327,0.67498,0.48878,0.50332,0.45488,0.4251,0.44937,0.43414,0.24564,0.35129,1,0.59411,0.6058,0.57172,0.71757,0.67702,0.25666,0.2833,0.075358,0.071512,0,0,0.14699,0.16714,0.4831,0.52414,0.56463,0.53112,0.54691,0.51286,0.57399,0.47147,0.59983,0.54144,0.59895,0.56739,0.35604,0.51135,0.5977,0.48829,0.62618,0.49152,0.5523,0.2323,0.6718,0.37203,0.31766,0.28035,0.5999,0.5239,0.56208,0.58473,0.32846,0.12335,0.59058,0.28224,0.54176,0.3892,0.33422,0.31645,0.78954,0.50259,0.81381,0.75586,0.48516,0.52349,0.63589,0.64315,0.24197,0.064449,0.29734,0.55018,0.40916,0.45412,0.21275,0.22757,0.1694,0.15416,0.38894,0.48585,0.46931,0.54707,0.28766,0.37872,0.38111,0.50773,0.14926,0.27402,0.012404,0.1259,0.10058,0.076404,0.48556,0.4536,0.31026,0.42437,0.22446,0.085334
0.29848,0.44801,0.21886,0.36668,0.26903,0.15398,0.26111,0.43565,0.25606,0.26044,0.38435,0.37008,0.29629,0.41285,0.34721,0.32992,0.45128,0.5617,0.5484,0.47948,0.20019,0.35469,0.25527,0.19239,0.16342,0.14422,0,0.043327,0.59411,1,0.50671,0.50121,0.55995,0.60912,0.23142,0.25297,0,0.063705,0,0,0,0.099096,0.42818,0.4548,0.45083,0.47249,0.47267,0.43213,0.48419,0.48349,0.43383,0.45039,0.417,0.39901,0.23711,0.36941,0.33937,0.47902,0.38763,0.48383,0.41305,0.46024,0.46717,0.62264,0.28682,0.31948,0.41655,0.35396,0.31125,0.33829,0.043732,0,0.34762,0.32522,0.4716,0.34475,0.33133,0.2223,0.63258,0.74786,0.63434,0.7101,0.36057,0.64461,0.3945,0.44534,0.12345,0.27246,0.26991,0.29497,0.40715,0.39186,0.27422,0.27169,0.50962,0.53673,0.56502,0.51001,0.49589,0.50884,0.40393,0.29459,0.54332,0.58042,0.13994,0.30847,0.29344,0.21349,0.13189,0.060582,0.41622,0.59713,0.42598,0.46154,0.40303,0.28875
0.36622,0.32804,0.56699,0.55726,0.62186,0.34352,0.59739,0.46949,0.62463,0.35049,0.59985,0.44212,0.55178,0.39153,0.68372,0.40391,0.48204,0.46655,0.64488,0.5403,0.49194,0.61547,0.76074,0.69969,0.7037,0.67263,0.37464,0.47957,0.6058,0.50671,1,0.92639,0.7081,0.72355,0.63836,0.51942,0,0,0,0,0,0.17628,0.43098,0.41885,0.49338,0.45723,0.4385,0.37241,0.43867,0.34929,0.46695,0.4043,0.45239,0.47916,0.22552,0.3744,0.32916,0.35589,0.48768,0.32031,0.57493,0.38959,0.6388,0.41295,0.67221,0.51196,0.5517,0.47083,0.33802,0.37142,0.39275,0.32457,0.6199,0.44774,0.71817,0.56629,0.40551,0.33692,0.66572,0.55674,0.63148,0.60698,0.47292,0.60911,0.59182,0.48448,0.059278,0,0.27505,0.3683,0.47038,0.58818,0.26183,0.41644,0.032016,0.056748,0.28302,0.51023,0.45942,0.58826,0.33383,0.35113,0.48457,0.61458,0.47926,0.51471,0.13703,0.31284,0.20117,0.06501,0.48368,0.50731,0.46733,0.59573,0.21901,0.2064
0.26971,0.28719,0.47728,0.62342,0.60298,0.35764,0.53353,0.59325,0.53069,0.3708,0.48884,0.4687,0.45014,0.4207,0.56545,0.42667,0.41033,0.41534,0.55502,0.47459,0.35604,0.49728,0.66166,0.67732,0.60505,0.65889,0.32203,0.43921,0.57172,0.50121,0.92639,1,0.69042,0.74031,0.53946,0.47996,0,0,0,0,0,0.20156,0.38996,0.36792,0.40465,0.397,0.3734,0.3084,0.39214,0.33661,0.45163,0.39972,0.41275,0.45293,0.1851,0.30988,0.25129,0.31793,0.38405,0.33051,0.50467,0.50487,0.57648,0.53036,0.56008,0.57022,0.46393,0.4425,0.2468,0.28006,0.36927,0.29253,0.58201,0.45913,0.6751,0.52561,0.37774,0.31126,0.59797,0.54454,0.6024,0.602,0.44592,0.6268,0.55443,0.50709,0.043618,0,0.24206,0.35274,0.51314,0.55287,0.36164,0.34239,0.025894,0.06633,0.24969,0.46443,0.44279,0.55042,0.36985,0.31915,0.47174,0.58211,0.46934,0.48069,0.20125,0.32158,0.13698,0,0.41859,0.50685,0.48893,0.57561,0.22808,0.21758
0.73471,0.68942,0.70068,0.60337,0.45178,0.27595,0.72909,0.5589,0.5182,0.26665,0.68747,0.67157,0.67212,0.60488,0.5833,0.34334,0.74154,0.62678,0.80602,0.82047,0.49051,0.54155,0.61252,0.59148,0.50327,0.47746,0.17363,0.37973,0.71757,0.55995,0.7081,0.69042,1,0.96403,0.5421,0.62808,0,0,0,0,0.15144,0.14332,0.60207,0.63024,0.73918,0.70133,0.68117,0.67115,0.72399,0.62988,0.74286,0.66872,0.7028,0.67576,0.48339,0.65864,0.74984,0.71159,0.79833,0.70853,0.83034,0.54626,0.8066,0.58385,0.59684,0.58949,0.83482,0.80424,0.7,0.70288,0.20412,0.053759,0.58575,0.34334,0.64238,0.45158,0.51926,0.49552,0.81991,0.64542,0.81044,0.76147,0.38649,0.58521,0.71316,0.74125,0.22265,0.12584,0.39093,0.68383,0.55618,0.667,0.35167,0.41617,0.28449,0.27704,0.57161,0.6629,0.64685,0.70538,0.39732,0.55758,0.56826,0.76009,0.27526,0.44651,0.17173,0.1382,0.22404,0.082615,0.68695,0.62915,0.47494,0.66275,0.41596,0.15858
0.64188,0.67443,0.60266,0.65574,0.49483,0.30974,0.63471,0.64308,0.51611,0.34768,0.62265,0.68134,0.57682,0.6348,0.52432,0.3706,0.67852,0.6333,0.74404,0.76835,0.45874,0.53717,0.55562,0.59333,0.46421,0.47343,0.15822,0.36346,0.67702,0.60912,0.72355,0.74031,0.96403,1,0.51339,0.64285,0,0,0,0,0.075024,0.13845,0.5622,0.59783,0.69322,0.69037,0.63554,0.6202,0.67381,0.61824,0.69634,0.6529,0.6429,0.61117,0.43302,0.60136,0.66995,0.70803,0.70976,0.72488,0.7745,0.65615,0.7581,0.69734,0.59263,0.67636,0.75989,0.77729,0.61611,0.61979,0.22971,0.071183,0.5582,0.35829,0.64833,0.43134,0.46407,0.42736,0.79152,0.67705,0.79531,0.7673,0.37013,0.61184,0.67443,0.7144,0.13381,0.11411,0.3739,0.61785,0.57499,0.64094,0.37999,0.40023,0.28445,0.29935,0.55213,0.66294,0.65158,0.69507,0.43496,0.51068,0.60221,0.75583,0.34114,0.48289,0.22493,0.19263,0.20636,0.040161,0.66333,0.67591,0.52984,0.65809,0.42154,0.2215
0.30084,0.19635,0.63318,0.41723,0.34937,0.1781,0.51181,0.21712,0.47528,0.1764,0.39419,0.30426,0.38888,0.17988,0.42946,0.13854,0.21168,0.10408,0.45278,0.32483,0.31155,0.4651,0.75824,0.67572,0.64684,0.51592,0.17069,0.25028,0.25666,0.23142,0.63836,0.53946,0.5421,0.51339,1,0.85137,0,0.0026177,0,0,0.12616,0.13102,0.25684,0.17898,0.36681,0.25092,0.28706,0.26021,0.23809,0.13094,0.33417,0.20142,0.36342,0.37646,0.16441,0.27106,0.25071,0.24391,0.49594,0.20183,0.5989,0.26186,0.35287,0.083877,0.87417,0.50913,0.63148,0.5617,0.26698,0.22113,0.11159,0.20347,0.47875,0.36864,0.4899,0.43226,0.33288,0.30157,0.41828,0.43105,0.29378,0.2458,0.13304,0.20228,0.45595,0.32771,0.19721,0.089409,0.31963,0.35072,0.31803,0.49173,0.16953,0.51949,0.22416,0.28106,0.37275,0.36,0.29005,0.40069,0.11748,0.28398,0.3384,0.48492,0.2417,0.37852,0.13639,0.14617,0.20179,0.073697,0.42569,0.3486,0.22405,0.49769,0.38228,0.14156
0.39392,0.34879,0.54872,0.56453,0.40939,0.28011,0.4674,0.44887,0.34947,0.27223,0.3675,0.51903,0.33064,0.42587,0.29112,0.21215,0.26028,0.17695,0.43342,0.38809,0.32686,0.46486,0.57788,0.68346,0.53016,0.51831,0.19653,0.31005,0.2833,0.25297,0.51942,0.47996,0.62808,0.64285,0.85137,1,0,0.132,0.034612,0.11371,0.2668,0.25255,0.41033,0.32935,0.47882,0.38569,0.47417,0.46655,0.42522,0.35954,0.54461,0.45353,0.5277,0.5076,0.40498,0.47985,0.37859,0.38951,0.58536,0.47439,0.63207,0.44863,0.356,0.27692,0.71375,0.68453,0.74439,0.7907,0.37795,0.33656,0.18123,0.12618,0.53,0.41865,0.52154,0.38895,0.38964,0.40512,0.43158,0.40198,0.36037,0.30641,0.1684,0.22162,0.51888,0.5155,0.25239,0.15836,0.43874,0.51856,0.51912,0.56285,0.35008,0.46908,0.25639,0.28595,0.52039,0.51676,0.49639,0.54167,0.28879,0.3455,0.49472,0.58237,0.26923,0.31488,0.14961,0.08219,0.14607,0.12918,0.61421,0.5014,0.32003,0.60861,0.48573,0.11607
0.20024,0,0.19653,0.08277,0,0.096105,0.21016,0,0,0.17827,0.081907,0.07537,0.20826,0.15411,0.25818,0.4535,0.041759,0,0.17123,0.1106,0.066184,0.26461,0.15612,0.17867,0.11256,0.11179,0.39678,0.38522,0.075358,0,0,0,0,0,0,0,1,0.65678,0.76812,0.58779,0.66674,0.32977,0.17894,0.14194,0.017405,0,0.25102,0.21809,0.027966,0.010995,0.091327,0.026196,0.16124,0.16508,0.39734,0.25686,0.14702,0,0.20365,0,0.081007,0,0,0,0,0,0.14498,0.061561,0.19395,0.19294,0.10739,0.23078,0.067097,0.13289,0,0.054289,0.24838,0.30317,0,0,0.0064708,0.069323,0.32951,0.094874,0.21699,0.14373,0.56461,0.32444,0.25464,0.27479,0.017982,0.056656,0.0045226,0.16181,0.033116,0,0.1863,0.048401,0.12518,0.11517,0.0015764,0.10214,0,0,0,0,0,0,0,0.43857,0.15901,0,0,0,0,0
0.017252,0.024088,0.045933,0.18843,0.011902,0.18911,0.084852,0.22273,0,0.20026,0.022039,0.17016,0.096552,0.23895,0.17466,0.43493,0.016243,0.00093137,0.097581,0.021452,0.046087,0.23424,0.069813,0.15642,0.033758,0.072252,0.26819,0.26803,0.071512,0.063705,0,0,0,0,0.0026177,0.132,0.65678,1,0.65098,0.69102,0.65921,0.6565,0.21479,0.11455,0,0,0.22055,0.18683,0.072662,0.09381,0.15343,0.10524,0.19165,0.17467,0.39127,0.22341,0,0,0.1486,0.063764,0.031729,0.048074,0,0,0,0.00045288,0.1294,0.066713,0.069831,0.041594,0.21637,0.24805,0.20203,0.38666,0.089757,0.15979,0.40684,0.43329,0,0,0.045718,0.077508,0.35969,0.11,0.23124,0.16271,0.5914,0.392,0.47276,0.21599,0.29084,0.15316,0.29897,0.32903,0.032372,0,0.22093,0.10907,0.26514,0.21352,0.321,0.20355,0.22625,0.069365,0,0,0,0,0,0.46751,0.2265,0.20007,0.10359,0.25466,0.015767,0
0.20432,0.15061,0.10458,0.17794,0,0.0087681,0.093658,0.090554,0,0.11237,0,0.067686,0.050561,0.15585,0.13302,0.42828,0.0047856,0.0052666,0.11486,0.11589,0,0.10839,0.013229,0.10987,0,0,0.37652,0.31134,0,0,0,0,0,0,0,0.034612,0.76812,0.65098,1,0.85144,0.63899,0.327,0.040353,0.0062249,0,0,0.21966,0.18893,0,0,0.0062681,0,0.13499,0.077523,0.49646,0.24452,0.18658,0.047217,0.1291,0.015148,0.019913,0,0,0,0,0,0.10363,0.0711,0.23578,0.18312,0.043246,0.1444,0,0.064013,0,0,0.074511,0.18598,0,0,0,0,0.39819,0,0.14599,0.076918,0.70301,0.45601,0.40667,0.28572,0,0,0,0.10136,0.068329,0,0.239,0.020719,0.15137,0.045369,0.039517,0.015986,0,0,0,0,0,0,0,0.39838,0.10084,0,0,0,0,0
0.13637,0.20847,0.092617,0.26419,0,0.04865,0.048039,0.18832,0,0.14312,0,0.13079,0,0.15582,0.070669,0.35762,0.033884,0.08558,0.088796,0.12336,0,0.063298,0.018289,0.15891,0,0,0.26819,0.20441,0,0,0,0,0,0,0,0.11371,0.58779,0.69102,0.85144,1,0.55339,0.47126,0,0,0,0,0.13632,0.10847,0,0,0,0,0.073337,0.0063018,0.42377,0.16205,0.13591,0.11503,0.033773,0.062313,0.002244,0.071824,0,0,0,0.048569,0.062047,0.066914,0.21559,0.16272,0.044175,0.14533,0,0.11345,0,0,0.13364,0.23848,0,0,0,0,0.31091,0,0.14884,0.061856,0.63404,0.44675,0.46321,0.26513,0.083454,0,0.10087,0.12764,0.01699,0,0.20092,0.016444,0.1501,0.039563,0.14772,0.00063316,0.032129,0,0,0,0,0,0,0.38406,0.098104,0.025656,0,0,0,0
0.27661,0.044844,0.31939,0.2196,0.03824,0.053028,0.35802,0.2142,0.00093125,0.11381,0.14051,0.33476,0.31168,0.32937,0.21795,0.39436,0.12322,0,0.15799,0.12886,0.21588,0.30353,0.2019,0.27078,0.080286,0.11762,0.25345,0.29197,0.14699,0,0,0,0.15144,0.075024,0.12616,0.2668,0.66674,0.65921,0.63899,0.55339,1,0.53447,0.1344,0.050393,0.020535,0,0.24008,0.21598,0.11508,0.051278,0.2841,0.17441,0.32184,0.29795,0.41263,0.32408,0.22621,0,0.32291,0.06335,0.2682,0.021987,0.11073,0,0.039174,0.10318,0.30214,0.2705,0.21672,0.16158,0.22843,0.2628,0.36292,0.4529,0.15646,0.26201,0.33221,0.38476,0.0014593,0,0.086759,0.064558,0.21013,0,0.29799,0.29397,0.60426,0.37303,0.32297,0.44375,0.18234,0.19486,0.18755,0.25835,0.068635,0,0.21252,0.039343,0.18309,0.24007,0.051097,0.22995,0.040509,0.11914,0,0,0,0,0,0.43804,0.19378,0.085742,0,0.18467,0.068909,0
0,0,0.15102,0.36293,0.19792,0.24513,0.19362,0.40735,0.19896,0.29852,0.21306,0.36172,0.21324,0.39272,0.30671,0.47047,0.11787,0.041794,0.10851,0.054627,0.12593,0.30904,0.24188,0.38222,0.20043,0.23207,0.221,0.24268,0.16714,0.099096,0.17628,0.20156,0.14332,0.13845,0.13102,0.25255,0.32977,0.6565,0.327,0.47126,0.53447,1,0.20723,0.10355,0,0,0.16282,0.11255,0.08106,0.071713,0.21258,0.15967,0.17284,0.19293,0.24374,0.16053,0,0,0.15681,0.10493,0.22787,0.27677,0.12749,0.22394,0.10946,0.25289,0.18448,0.13738,0.025901,0.038996,0.25868,0.14298,0.44286,0.57933,0.34506,0.34197,0.48585,0.44688,0.05536,0,0.243,0.18334,0.33346,0.22137,0.38136,0.226,0.4132,0.25477,0.51118,0.24101,0.42632,0.33357,0.4854,0.41963,0,0,0.17117,0.15597,0.28262,0.34043,0.42832,0.25484,0.37399,0.25065,0.16667,0,0,0,0,0.40449,0.26069,0.352,0.26662,0.41821,0.092473,0
0.41783,0.3947,0.32929,0.41139,0.50752,0.4973,0.38741,0.43859,0.31677,0.37432,0.47616,0.43069,0.34687,0.48538,0.41123,0.40657,0.5053,0.40426,0.49699,0.51923,0.24738,0.29611,0.29005,0.34817,0.38247,0.49211,0.34275,0.50779,0.4831,0.42818,0.43098,0.38996,0.60207,0.5622,0.25684,0.41033,0.17894,0.21479,0.040353,0,0.1344,0.20723,1,0.93341,0.81128,0.80559,0.90224,0.8752,0.87992,0.84606,0.7528,0.73326,0.64354,0.6401,0.67227,0.74621,0.46067,0.3708,0.64769,0.57423,0.45508,0.30594,0.50086,0.46509,0.14156,0.297,0.68169,0.63051,0.46787,0.53902,0.098321,0,0.31546,0.10746,0.41277,0.26716,0.41665,0.38045,0.59796,0.19769,0.67679,0.65729,0.5002,0.60478,0.64922,0.67877,0.29116,0,0.4544,0.54494,0.62321,0.59312,0.32516,0.28116,0.14465,0.11312,0.57487,0.74553,0.73338,0.67373,0.54363,0.44117,0.60821,0.50855,0.20051,0.092085,0.046324,0.054881,0.17343,0.17275,0.76139,0.61072,0.54945,0.63994,0.32448,0.070536
0.50002,0.4999,0.30771,0.35978,0.44642,0.47736,0.36699,0.38646,0.29429,0.35433,0.49076,0.41541,0.36472,0.47191,0.41296,0.3672,0.57405,0.54308,0.54951,0.60332,0.25024,0.27902,0.23867,0.27169,0.31942,0.42288,0.30281,0.47482,0.52414,0.4548,0.41885,0.36792,0.63024,0.59783,0.17898,0.32935,0.14194,0.11455,0.0062249,0,0.050393,0.10355,0.93341,1,0.82989,0.87607,0.86621,0.8813,0.85267,0.85482,0.70778,0.72427,0.61069,0.59999,0.63659,0.7517,0.54226,0.47163,0.63769,0.60395,0.44758,0.2932,0.55489,0.48737,0.12655,0.26107,0.6481,0.61493,0.54341,0.6226,0.090712,0,0.25267,0.040637,0.36573,0.20827,0.36884,0.3332,0.63058,0.25745,0.69913,0.70244,0.49017,0.59959,0.63535,0.67038,0.22887,0,0.41324,0.51837,0.52771,0.51648,0.21531,0.22346,0.12215,0.075028,0.52031,0.71104,0.69074,0.65135,0.46913,0.43047,0.55599,0.4994,0.20756,0.12695,0.036102,0.092645,0.15981,0.11047,0.69693,0.56268,0.55327,0.57144,0.24785,0.075429
0.71064,0.68784,0.5252,0.47206,0.43404,0.32726,0.53489,0.38442,0.43079,0.29908,0.6117,0.45403,0.49459,0.46688,0.47769,0.26967,0.71816,0.62011,0.68451,0.76517,0.37004,0.36333,0.39313,0.38662,0.429,0.43152,0.23175,0.39396,0.56463,0.45083,0.49338,0.40465,0.73918,0.69322,0.36681,0.47882,0.017405,0,0,0,0.020535,0,0.81128,0.82989,1,0.94864,0.86848,0.8585,0.88655,0.80886,0.71843,0.70934,0.68413,0.66001,0.63188,0.80416,0.75261,0.70139,0.76601,0.70457,0.61056,0.33085,0.62516,0.41326,0.3559,0.39442,0.80622,0.75381,0.75006,0.7885,0.057309,0,0.30096,0,0.38429,0.23482,0.23141,0.24533,0.76734,0.40437,0.72742,0.70173,0.39288,0.50746,0.65141,0.69326,0.22246,0,0.41255,0.6297,0.47608,0.56755,0.14366,0.23682,0.2481,0.22711,0.61841,0.75538,0.69127,0.67939,0.37276,0.46171,0.49614,0.54773,0.11523,0.19076,0.028058,0.024088,0.27702,0.052168,0.70852,0.54348,0.44191,0.52958,0.30005,0.08969
