1,0.90162,0.81977,0.70454,0.47451,0.429,0.82645,0.80623,0.4068,0.32624,0.72288,0.76104,0.71126,0.78326,0.63355,0.55578,0.70021,0.64023,0.83531,0.8181,0.50203,0.6429,0.66059,0.7238,0.57312,0.4812,0.45966,0.51791,0.37229,0.29963,0.61284,0.61617,0.80188,0.74868,0.53477,0.57309,0.35523,0.53202,0.45906,0.39139,0.56447,0.54274,0.59808,0.4044,0.60583,0.7098,0.67584,0.71177,0.67555,0.65595,0.70346,0.60553,0.71504,0.55465,0.60165,0.69531,0.865,0.90448,0.83781,0.71974,0.88685,0.68953,0.7735,0.78286,0.4707,0.59161,0.85958,0.86357,0.87935,0.87476,0.32562,0.31567,0.68689,0.65224,0.69231,0.68689,0.70602,0.73769,0.07084,0,0.55447,0.35313,0.41395,0.51188,0.72492,0.65544,0.59905,0.66108,0.78814,0.79276,0.7406,0.77467,0.72944,0.75851,0,0,0.47375,0.45893,0.63242,0.66407,0.65607,0.63085,0.5775,0.64037,0.028012,0.16656,0.28733,0.34874,0.2187,0.10241,0.65069,0.42679,0.34052,0.3625,0,0
0.90162,1,0.78288,0.78912,0.40738,0.46487,0.71592,0.87185,0.37853,0.30451,0.5957,0.72074,0.56233,0.75013,0.55942,0.44564,0.63,0.62064,0.85749,0.88379,0.5768,0.7126,0.68168,0.7823,0.53097,0.4066,0.55243,0.59467,0.25547,0.28629,0.60941,0.61607,0.80728,0.80231,0.53711,0.65874,0.37941,0.59822,0.46282,0.4258,0.51407,0.52603,0.58051,0.32065,0.53374,0.68016,0.63585,0.66966,0.62677,0.64321,0.66288,0.58725,0.76264,0.56353,0.69349,0.64269,0.81295,0.94152,0.79361,0.74328,0.81321,0.77384,0.74491,0.80607,0.40862,0.6048,0.86722,0.88268,0.89301,0.88604,0.47037,0.42709,0.72061,0.70992,0.73062,0.73163,0.80375,0.79837,0.072378,0,0.49084,0.24926,0.33098,0.37498,0.71732,0.5784,0.57941,0.59152,0.84645,0.70802,0.76804,0.71106,0.75165,0.69705,0,0,0.53603,0.41808,0.6507,0.65076,0.72045,0.52554,0.60806,0.59115,0,0.043137,0.30329,0.23827,0.27255,0.12516,0.72108,0.32204,0.25461,0.34679,0,0
0.81977,0.78288,1,0.78331,0.5156,0.41554,0.89401,0.84368,0.53977,0.35386,0.59073,0.57485,0.6686,0.63268,0.64763,0.46792,0.57834,0.4652,0.90479,0.87525,0.34778,0.47256,0.89516,0.86289,0.4938,0.42659,0.34405,0.45307,0.21843,0.18868,0.72275,0.65933,0.78687,0.7298,0.65317,0.68179,0.3239,0.49613,0.45099,0.41378,0.51031,0.54697,0.64289,0.46357,0.59937,0.65586,0.64879,0.65598,0.59269,0.53911,0.71181,0.5677,0.66356,0.61307,0.61751,0.62486,0.70694,0.80808,0.57462,0.43338,0.70497,0.54816,0.59681,0.59642,0.56685,0.49892,0.73375,0.74121,0.76407,0.80084,0.33588,0.28557,0.55812,0.57485,0.56999,0.56746,0.69906,0.72339,0.099662,0,0.5083,0.30555,0.48502,0.51256,0.78889,0.68242,0.56845,0.59594,0.83741,0.70512,0.74742,0.73018,0.77945,0.78118,0,0,0.46571,0.44561,0.67038,0.65143,0.6284,0.63114,0.4337,0.50977,0.010546,0.1162,0.22663,0.22267,0.11857,0.051679,0.64375,0.46989,0.50179,0.41089,0,0
0.70454,0.78912,0.78331,1,0.39068,0.42979,0.65103,0.89609,0.35762,0.36397,0.42306,0.59452,0.39984,0.63951,0.46796,0.34001,0.45834,0.44423,0.74712,0.78192,0.37872,0.49802,0.78477,0.87982,0.66777,0.50789,0.46656,0.55403,0.05211,0.094307,0.56115,0.60558,0.64019,0.68503,0.59959,0.67201,0.19886,0.40981,0.28887,0.30395,0.30266,0.3694,0.60913,0.46785,0.5461,0.6779,0.61107,0.60218,0.54746,0.57672,0.68379,0.71308,0.60614,0.53268,0.58141,0.47932,0.58899,0.75227,0.51408,0.53278,0.62651,0.64156,0.58057,0.611,0.4483,0.63944,0.71805,0.79522,0.67919,0.70853,0.4184,0.3551,0.5209,0.5107,0.56217,0.50495,0.68134,0.66753,0,0,0.36156,0.10593,0.24144,0.29355,0.6269,0.57052,0.41538,0.3891,0.73635,0.5898,0.62369,0.52363,0.71018,0.62026,0,0,0.45428,0.31616,0.58485,0.44849,0.64712,0.46352,0.48249,0.38276,0.092664,0.15516,0.17384,0.075908,0.027994,0,0.59619,0.3716,0.39324,0.31402,0,0
0.47451,0.40738,0.5156,0.39068,1,0.6459,0.46603,0.43793,0.72951,0.58627,0.20114,0.23467,0.29558,0.23149,0.62371,0.54533,0.41492,0.42785,0.4299,0.40255,0.22641,0.27467,0.43727,0.39732,0.63911,0.67636,0.62406,0.58336,0.27311,0.26827,0.48571,0.51143,0.3651,0.30666,0.40005,0.34023,0.096049,0.1996,0.10625,0.13824,0.17938,0.23893,0.37539,0.46525,0.57617,0.45876,0.36485,0.37415,0.34517,0.23254,0.49726,0.36212,0.42889,0.31179,0.10873,0.26966,0.50863,0.53423,0.4231,0.35102,0.42637,0.2085,0.35862,0.28318,0.4048,0.2218,0.48045,0.4761,0.49376,0.5252,0.10565,0.042263,0.41847,0.35453,0.3579,0.34654,0.20688,0.24232,0.099796,0.048083,0.56264,0.47973,0.38894,0.49333,0.53054,0.56053,0.25316,0.33746,0.36539,0.40489,0.36963,0.36962,0.38346,0.36819,0,0.03239,0.12767,0.21688,0.29231,0.28718,0.46062,0.30836,0.35356,0.4143,0.27246,0.26646,0.012644,0.43005,0.12486,0,0.25518,0.40192,0.33729,0.35251,0.15947,0.19151
0.429,0.46487,0.41554,0.42979,0.6459,1,0.34328,0.47312,0.60402,0.77105,0.23905,0.30777,0.2146,0.31953,0.42855,0.38028,0.3392,0.41522,0.32831,0.36044,0.23758,0.29821,0.36837,0.38493,0.47238,0.43303,0.72155,0.64919,0.13209,0.18081,0.38373,0.39788,0.32212,0.30042,0.31131,0.26929,0,0.13972,0.011033,0.058415,0,0.11045,0.29553,0.34683,0.58691,0.49945,0.35475,0.33132,0.42402,0.37069,0.52545,0.44624,0.51755,0.32676,0.12309,0.11798,0.39056,0.51883,0.42307,0.48645,0.40528,0.35629,0.39237,0.34878,0.34124,0.31071,0.51868,0.51478,0.42377,0.48735,0.091155,0.027551,0.32719,0.29211,0.30612,0.26216,0.21105,0.22409,0,0.014362,0.39954,0.2881,0.21909,0.29717,0.41787,0.4009,0.19547,0.22388,0.37565,0.355,0.39901,0.33509,0.41771,0.37101,0,0,0.12972,0.15806,0.271,0.18391,0.5068,0.24361,0.31821,0.3572,0.11882,0.13088,0.04563,0.33083,0.10636,0,0.22341,0.35211,0.26948,0.27407,0.14578,0.12707
0.82645,0.71592,0.89401,0.65103,0.46603,0.34328,1,0.80327,0.50807,0.32058,0.62329,0.65818,0.69806,0.70388,0.59691,0.45958,0.58961,0.47212,0.83277,0.7956,0.33193,0.41849,0.74472,0.70463,0.4153,0.3257,0.22186,0.32462,0.32056,0.20508,0.65884,0.5989,0.79463,0.70213,0.59555,0.61703,0.29598,0.4377,0.43396,0.36241,0.52019,0.53296,0.56175,0.39899,0.50519,0.57652,0.56953,0.60159,0.51568,0.45795,0.58525,0.45956,0.55793,0.52304,0.52818,0.629,0.73807,0.74746,0.56288,0.35493,0.75892,0.5327,0.60599,0.62193,0.59637,0.5474,0.667,0.68172,0.72339,0.75444,0.29409,0.29543,0.55813,0.55357,0.56373,0.56718,0.65411,0.69385,0.061277,0,0.47575,0.28288,0.47836,0.53881,0.7324,0.65228,0.53208,0.56532,0.72863,0.71553,0.66155,0.6797,0.71806,0.71561,0,0,0.3959,0.4476,0.56744,0.62738,0.52222,0.57033,0.37577,0.49997,0.0070546,0.16507,0.1836,0.28587,0.024985,0.010945,0.55128,0.40446,0.48437,0.34128,0,0
0.80623,0.87185,0.84368,0.89609,0.43793,0.47312,0.80327,1,0.48477,0.40379,0.53491,0.70966,0.51133,0.76721,0.56824,0.4166,0.55513,0.57955,0.83583,0.87137,0.42244,0.54613,0.76282,0.82389,0.55714,0.40204,0.42747,0.5046,0.18914,0.25587,0.59741,0.59166,0.75781,0.74905,0.5845,0.68882,0.21474,0.47418,0.31006,0.3293,0.36423,0.44988,0.55948,0.40132,0.5257,0.6525,0.5803,0.60069,0.55152,0.57033,0.67432,0.66088,0.66619,0.52874,0.6079,0.52138,0.70715,0.85218,0.60315,0.57459,0.75164,0.70562,0.66804,0.70398,0.56309,0.70221,0.7601,0.82036,0.77688,0.81274,0.4029,0.35424,0.57409,0.60153,0.63168,0.58803,0.71729,0.70827,0.059449,0,0.47224,0.23122,0.35018,0.43787,0.71008,0.60167,0.46481,0.46468,0.81035,0.62755,0.72957,0.6257,0.79722,0.71257,0,0,0.43408,0.3621,0.58279,0.56635,0.67339,0.49495,0.48675,0.44889,0.07328,0.13544,0.23951,0.2147,0.081178,0,0.63127,0.37935,0.42773,0.33584,0,0
0.4068,0.37853,0.53977,0.35762,0.72951,0.60402,0.50807,0.48477,1,0.79449,0.33587,0.33929,0.35,0.30462,0.61211,0.45956,0.39534,0.49177,0.40184,0.39142,0.10757,0.1448,0.44471,0.34085,0.43033,0.43714,0.29055,0.2953,0.31005,0.28676,0.3864,0.38215,0.34677,0.30275,0.3626,0.32513,0.020043,0.08287,0.016623,0.03968,0.12454,0.16879,0.23052,0.38517,0.43001,0.36271,0.21717,0.23503,0.28544,0.22305,0.44868,0.39083,0.35711,0.27439,0.10195,0.12098,0.37915,0.45891,0.28621,0.25585,0.40375,0.28391,0.37813,0.3153,0.5582,0.35633,0.39377,0.39033,0.37052,0.44926,0.0082113,0,0.26509,0.28309,0.34176,0.23636,0.16224,0.18481,0.095481,0.046401,0.4723,0.41014,0.39585,0.4927,0.4837,0.48319,0.23212,0.2611,0.35283,0.31776,0.32669,0.28889,0.34982,0.31778,0.0020203,0.11395,0.027927,0.17321,0.22396,0.20421,0.32643,0.25872,0.16394,0.20439,0.28635,0.20804,0.073709,0.35257,0,0,0.1446,0.39406,0.35815,0.22959,0.21439,0.23939
0.32624,0.30451,0.35386,0.36397,0.58627,0.77105,0.32058,0.40379,0.79449,1,0.24551,0.30836,0.17718,0.26603,0.37286,0.31736,0.26746,0.38434,0.21542,0.2223,0.10762,0.14151,0.30691,0.25517,0.44873,0.40272,0.36776,0.31374,0.17271,0.14895,0.22713,0.30473,0.20081,0.2005,0.21904,0.18726,0,0,0,0,0,0.030248,0.15758,0.31503,0.40235,0.35553,0.17704,0.18437,0.30163,0.27331,0.42331,0.4234,0.3329,0.26528,0.045998,0.02404,0.27223,0.35889,0.26253,0.3379,0.32035,0.25479,0.29514,0.24893,0.40589,0.32767,0.35438,0.36985,0.25062,0.33023,0,0,0.23348,0.19695,0.28289,0.1527,0.10109,0.12045,0,0,0.27329,0.20044,0.18671,0.27888,0.29136,0.32447,0.091068,0.12764,0.2364,0.24897,0.24075,0.19902,0.24097,0.28424,0,0.068982,0.0022168,0.12001,0.16971,0.078064,0.26473,0.23541,0.12339,0.14939,0.23114,0.16594,0.11308,0.27522,0,0,0.062191,0.32752,0.25359,0.17196,0.24453,0.22286
0.72288,0.5957,0.59073,0.42306,0.20114,0.23905,0.62329,0.53491,0.33587,0.24551,1,0.76715,0.83514,0.74426,0.57947,0.49467,0.61237,0.52587,0.58453,0.55337,0.17807,0.28529,0.50809,0.51867,0.34794,0.27325,0.16844,0.23824,0.42158,0.25025,0.39571,0.37514,0.50804,0.46085,0.34333,0.26978,0.042774,0.16453,0.14869,0.070934,0.31441,0.30602,0.24545,0.28128,0.41074,0.53514,0.38847,0.4468,0.53476,0.58391,0.57418,0.57313,0.42845,0.41225,0.29446,0.35209,0.51753,0.53098,0.47101,0.46706,0.59105,0.41041,0.52571,0.45459,0.50635,0.58958,0.52114,0.53611,0.54303,0.53496,0.17055,0.10296,0.41557,0.38559,0.4654,0.41236,0.36255,0.39106,0.093959,0.027335,0.38903,0.29518,0.39049,0.46401,0.46416,0.52594,0.39507,0.44233,0.54652,0.54556,0.48917,0.4716,0.49766,0.44454,0,0,0.13958,0.22749,0.38941,0.3898,0.35997,0.30791,0.23355,0.23227,0.16099,0.27415,0.14296,0.30939,0.014421,0,0.28179,0.38482,0.27519,0.20369,0.049048,0.054477
0.76104,0.72074,0.57485,0.59452,0.23467,0.30777,0.65818,0.70966,0.33929,0.30836,0.76715,1,0.66782,0.88404,0.52228,0.43517,0.55039,0.62096,0.64881,0.67489,0.31656,0.41045,0.52982,0.59204,0.47612,0.33352,0.26155,0.29076,0.34196,0.23275,0.47129,0.48461,0.64931,0.64808,0.46534,0.47941,0.088368,0.26347,0.17319,0.10806,0.28283,0.2554,0.30324,0.32027,0.40964,0.60699,0.43422,0.48593,0.50646,0.57565,0.53432,0.60688,0.45626,0.37793,0.38907,0.4097,0.6571,0.65407,0.53033,0.49141,0.67547,0.53117,0.61631,0.58935,0.56762,0.72297,0.60472,0.65746,0.61929,0.64365,0.22115,0.24449,0.48475,0.49653,0.55967,0.53357,0.52061,0.53666,0.062612,0,0.32726,0.2022,0.29557,0.39452,0.45341,0.53608,0.38414,0.39585,0.55659,0.59024,0.55373,0.4914,0.58045,0.49048,0,0,0.29636,0.34716,0.46222,0.43269,0.45301,0.33182,0.36942,0.3255,0.15581,0.27537,0.10953,0.29321,0,0,0.42756,0.31005,0.31392,0.1887,0.038001,0
0.71126,0.56233,0.6686,0.39984,0.29558,0.2146,0.69806,0.51133,0.35,0.17718,0.83514,0.66782,1,0.73292,0.70383,0.61583,0.63465,0.53946,0.67386,0.62944,0.11438,0.24107,0.57239,0.56249,0.34192,0.34004,0.16062,0.2247,0.44576,0.34481,0.52845,0.48894,0.58152,0.48058,0.37367,0.28378,0.19267,0.24537,0.30277,0.20511,0.40006,0.43175,0.35762,0.37581,0.4687,0.521,0.50867,0.53417,0.5618,0.52255,0.58416,0.47302,0.44347,0.47077,0.37557,0.46802,0.53826,0.5325,0.45141,0.38794,0.53382,0.25967,0.53723,0.40556,0.4199,0.39794,0.54567,0.5017,0.60877,0.58707,0.10962,0.068322,0.39224,0.4222,0.41643,0.41285,0.37279,0.39359,0.1359,0.073598,0.53529,0.42541,0.5999,0.60726,0.60531,0.62001,0.55038,0.58935,0.6105,0.60741,0.55507,0.56443,0.54047,0.48529,0,0,0.21015,0.3204,0.46987,0.49719,0.34312,0.35525,0.23404,0.31574,0.21425,0.33359,0.19465,0.4303,0.016389,0,0.30549,0.4808,0.41358,0.38637,0.10374,0.06445
0.78326,0.75013,0.63268,0.63951,0.23149,0.31953,0.70388,0.76721,0.30462,0.26603,0.74426,0.88404,0.73292,1,0.54894,0.54046,0.58178,0.62173,0.68723,0.72066,0.29935,0.3869,0.54684,0.63128,0.44737,0.34484,0.25853,0.30128,0.33535,0.33912,0.44594,0.4464,0.63404,0.58144,0.3972,0.44494,0.14281,0.25871,0.22607,0.15509,0.31861,0.34672,0.32885,0.34225,0.44734,0.60686,0.47883,0.51317,0.54419,0.62059,0.60421,0.65022,0.5387,0.44832,0.4438,0.46194,0.65923,0.6943,0.54768,0.54025,0.70581,0.52117,0.68034,0.63122,0.49813,0.67942,0.62898,0.66625,0.69521,0.71068,0.13542,0.11795,0.44974,0.48122,0.50251,0.49754,0.52129,0.53188,0.091337,0.0096085,0.46579,0.32587,0.40159,0.50707,0.56062,0.58016,0.4387,0.4872,0.64121,0.63499,0.65453,0.58797,0.68519,0.56283,0,0,0.24374,0.30583,0.47697,0.51548,0.49187,0.3361,0.37858,0.3378,0.20099,0.33669,0.18956,0.39581,0,0,0.42088,0.4055,0.42449,0.29988,0.041487,0
0.63355,0.55942,0.64763,0.46796,0.62371,0.42855,0.59691,0.56824,0.61211,0.37286,0.57947,0.52228,0.70383,0.54894,1,0.76761,0.64186,0.60631,0.6262,0.60447,0.013939,0.14136,0.54862,0.52175,0.49094,0.46635,0.4394,0.51433,0.37846,0.30002,0.56158,0.46662,0.50598,0.44006,0.48256,0.378,0.20537,0.27364,0.22202,0.25566,0.2797,0.39208,0.43365,0.5635,0.62735,0.56343,0.47003,0.51346,0.48976,0.40752,0.65016,0.53021,0.49935,0.45466,0.28612,0.35295,0.50124,0.59097,0.45143,0.4115,0.53481,0.30758,0.52239,0.37502,0.53619,0.38876,0.56843,0.52853,0.60686,0.62801,0.077213,0.021689,0.27111,0.25808,0.302,0.26298,0.24993,0.27086,0.057668,0.036813,0.74259,0.58166,0.75562,0.78975,0.75574,0.80341,0.55894,0.59398,0.59471,0.5629,0.52593,0.49452,0.55118,0.44132,0.073914,0.1524,0.18326,0.29253,0.42946,0.38825,0.52854,0.36174,0.4051,0.37359,0.32491,0.30287,0.089339,0.41836,0.053576,0,0.19902,0.57058,0.51526,0.4168,0.08812,0.14495
0.55578,0.44564,0.46792,0.34001,0.54533,0.38028,0.45958,0.4166,0.45956,0.31736,0.49467,0.43517,0.61583,0.54046,0.76761,1,0.62077,0.59535,0.43319,0.43309,0.0013274,0.12554,0.32494,0.34265,0.41059,0.52172,0.36273,0.42904,0.43515,0.47557,0.30819,0.28326,0.32985,0.22271,0.19548,0.16636,0.068982,0.080898,0.088504,0.062947,0.1971,0.31311,0.37799,0.60154,0.61896,0.55175,0.47543,0.52561,0.54995,0.49561,0.67388,0.57966,0.51101,0.4981,0.20746,0.3402,0.44888,0.50267,0.40369,0.39591,0.44057,0.12279,0.51057,0.30901,0.33494,0.26864,0.48329,0.44024,0.51959,0.53017,0,0,0.23272,0.24254,0.25012,0.23974,0.080237,0.1378,0.083564,0.15006,0.80319,0.71418,0.61139,0.79214,0.66688,0.75568,0.37297,0.53112,0.43474,0.59718,0.46394,0.54308,0.45485,0.41925,0,0.093821,0,0.23509,0.38524,0.39811,0.3649,0.33675,0.27163,0.28679,0.46036,0.41658,0.10619,0.5388,0.069335,0,0.081028,0.65004,0.51241,0.38937,0.2299,0.2755
0.70021,0.63,0.57834,0.45834,0.41492,0.3392,0.58961,0.55513,0.39534,0.26746,0.61237,0.55039,0.63465,0.58178,0.64186,0.62077,1,0.66531,0.61248,0.58641,0.20316,0.37597,0.41168,0.44122,0.40981,0.39971,0.35057,0.47118,0.51047,0.4278,0.43709,0.36008,0.5771,0.49526,0.32189,0.31371,0.21146,0.39468,0.2051,0.23968,0.4367,0.45573,0.48058,0.46859,0.46519,0.48957,0.5421,0.58841,0.49192,0.46704,0.55624,0.51636,0.53706,0.42402,0.34752,0.42235,0.70353,0.68054,0.60807,0.52735,0.67505,0.39444,0.65138,0.5102,0.35156,0.36458,0.62362,0.56382,0.68255,0.65953,0.22239,0.17263,0.56092,0.54961,0.5052,0.46314,0.40333,0.42311,0.3206,0.068924,0.71155,0.53962,0.42973,0.54959,0.65878,0.61838,0.44239,0.53949,0.51747,0.56388,0.47866,0.48664,0.48267,0.4727,0,0,0.21352,0.22068,0.44417,0.45185,0.49019,0.38219,0.46224,0.4673,0.21245,0.21422,0.12947,0.39035,0.11329,0,0.34331,0.45379,0.31567,0.41464,0,0.051059
0.64023,0.62064,0.4652,0.44423,0.42785,0.41522,0.47212,0.57955,0.49177,0.38434,0.52587,0.62096,0.53946,0.62173,0.60631,0.59535,0.66531,1,0.50842,0.55823,0.20884,0.35317,0.32338,0.38427,0.47277,0.45261,0.4105,0.43387,0.41792,0.49321,0.34876,0.39543,0.49835,0.44739,0.27383,0.27122,0.11319,0.19664,0.097915,0.083724,0.25715,0.24604,0.23565,0.35076,0.40264,0.41827,0.3708,0.40946,0.40413,0.41073,0.5109,0.53087,0.50745,0.3153,0.2906,0.33448,0.64635,0.65623,0.57767,0.55083,0.58444,0.38502,0.63071,0.55106,0.3946,0.50586,0.56983,0.54634,0.6491,0.64605,0.10842,0.084026,0.41265,0.47774,0.44034,0.41706,0.28658,0.32638,0.18932,0.23067,0.62231,0.52819,0.38905,0.58121,0.57856,0.56744,0.377,0.47929,0.47377,0.55274,0.40823,0.3931,0.40625,0.34522,0,0.0028385,0.10544,0.20487,0.29393,0.31667,0.36427,0.21772,0.35127,0.32951,0.31085,0.29977,0.13806,0.4334,0.026576,0,0.24902,0.35537,0.29328,0.31383,0.11881,0.10371
0.83531,0.85749,0.90479,0.74712,0.4299,0.32831,0.83277,0.83583,0.40184,0.21542,0.58453,0.64881,0.67386,0.68723,0.6262,0.43319,0.61248,0.50842,1,0.96515,0.47557,0.58624,0.8322,0.85811,0.46656,0.38516,0.40542,0.48307,0.26788,0.22883,0.76311,0.68574,0.86603,0.80746,0.66567,0.74774,0.46051,0.6439,0.5695,0.5279,0.58799,0.61497,0.6521,0.34367,0.50658,0.5949,0.64224,0.64508,0.55206,0.48258,0.59855,0.44858,0.69773,0.57384,0.7051,0.6872,0.75453,0.85291,0.60625,0.46828,0.70832,0.59413,0.60596,0.63741,0.46832,0.48088,0.7466,0.742,0.84252,0.84012,0.49239,0.45987,0.67711,0.70367,0.66191,0.68656,0.80141,0.81478,0.12639,0,0.4907,0.23858,0.47279,0.43021,0.77656,0.61942,0.65258,0.63605,0.8742,0.69242,0.76634,0.71272,0.78402,0.70856,0,0,0.52686,0.41286,0.67269,0.70379,0.68102,0.55897,0.54531,0.54705,0,0.052329,0.30096,0.18729,0.20474,0.1166,0.71148,0.33287,0.37077,0.43976,0,0
0.8181,0.88379,0.87525,0.78192,0.40255,0.36044,0.7956,0.87137,0.39142,0.2223,0.55337,0.67489,0.62944,0.72066,0.60447,0.43309,0.58641,0.55823,0.96515,1,0.47614,0.59379,0.82671,0.86631,0.47685,0.40345,0.45022,0.52415,0.21791,0.23532,0.74692,0.70103,0.85089,0.81237,0.67584,0.77825,0.4056,0.60583,0.53392,0.49836,0.53407,0.58574,0.60315,0.33565,0.50197,0.60961,0.61206,0.62463,0.5469,0.49815,0.59695,0.48369,0.69296,0.56278,0.70042,0.64509,0.74279,0.86224,0.58702,0.49005,0.69785,0.61073,0.59577,0.65429,0.48388,0.54026,0.7429,0.76113,0.84028,0.8511,0.46431,0.42509,0.63505,0.69053,0.6431,0.66799,0.78997,0.79321,0.10806,0,0.46734,0.22669,0.46386,0.43396,0.75881,0.62766,0.62846,0.61567,0.8587,0.6722,0.79997,0.70397,0.80293,0.69416,0,0,0.51419,0.42254,0.66082,0.68469,0.66283,0.49339,0.54246,0.52235,0,0.084971,0.28896,0.21766,0.1682,0.078079,0.7105,0.33759,0.37769,0.4607,0,0
0.50203,0.5768,0.34778,0.37872,0.22641,0.23758,0.33193,0.42244,0.10757,0.10762,0.17807,0.31656,0.11438,0.29935,0.013939,0.0013274,0.20316,0.20884,0.47557,0.47614,1,0.85592,0.30052,0.38889,0.34031,0.25735,0.40402,0.35955,0.33788,0.29211,0.43586,0.45089,0.52191,0.56694,0.2973,0.4652,0.27477,0.52482,0.31474,0.2047,0.36407,0.18346,0.36392,0,0.16986,0.31408,0.31241,0.2767,0.21787,0.21436,0.12022,0.03381,0.42772,0.095357,0.51112,0.41856,0.49755,0.54193,0.52292,0.43779,0.46122,0.57584,0.33985,0.51689,0.066719,0.21991,0.47644,0.49209,0.46239,0.44767,0.55034,0.54887,0.71387,0.68172,0.70531,0.75631,0.63093,0.6185,0.34588,0.14964,0.051353,0,0,0,0.18425,0.012997,0.18114,0.10718,0.47337,0.28148,0.31743,0.35842,0.29752,0.39432,0,0,0.46276,0.13912,0.26715,0.40107,0.42524,0.40036,0.41134,0.44211,0,0,0.38051,0,0.50369,0.48696,0.73453,0,0,0,0,0
0.6429,0.7126,0.47256,0.49802,0.27467,0.29821,0.41849,0.54613,0.1448,0.14151,0.28529,0.41045,0.24107,0.3869,0.14136,0.12554,0.37597,0.35317,0.58624,0.59379,0.85592,1,0.41566,0.49971,0.41309,0.35726,0.44676,0.4381,0.32061,0.33132,0.53712,0.53504,0.6213,0.64597,0.32158,0.48566,0.3328,0.54608,0.37599,0.28591,0.42212,0.33961,0.40151,0,0.28873,0.41991,0.39659,0.40055,0.35255,0.34333,0.27022,0.2009,0.49158,0.19354,0.55736,0.4449,0.61937,0.67342,0.64534,0.56535,0.59606,0.66359,0.48574,0.64688,0.15237,0.33363,0.6338,0.64391,0.61088,0.58239,0.52264,0.54764,0.77657,0.76972,0.78388,0.81885,0.69011,0.66123,0.27593,0.12051,0.15604,0.089351,0,0,0.32213,0.12178,0.27595,0.25268,0.57618,0.37611,0.41469,0.43032,0.37364,0.46684,0,0,0.50375,0.2401,0.36838,0.41495,0.45846,0.47052,0.50962,0.52079,0,0,0.32677,0,0.44013,0.41216,0.78178,0,0,0.098934,0,0
0.66059,0.68168,0.89516,0.78477,0.43727,0.36837,0.74472,0.76282,0.44471,0.30691,0.50809,0.52982,0.57239,0.54684,0.54862,0.32494,0.41168,0.32338,0.8322,0.82671,0.30052,0.41566,1,0.94223,0.55909,0.47409,0.33631,0.42364,0.088535,0.015597,0.78458,0.73769,0.69903,0.67801,0.7314,0.73856,0.21028,0.43847,0.37035,0.37098,0.39846,0.48192,0.56816,0.44138,0.59717,0.6353,0.54672,0.52598,0.50585,0.42373,0.60904,0.50138,0.55745,0.5258,0.5325,0.45075,0.55264,0.68366,0.39229,0.26731,0.56386,0.46516,0.44494,0.46483,0.56893,0.4651,0.6014,0.63897,0.62975,0.68584,0.37061,0.31619,0.51969,0.53593,0.50966,0.52764,0.65913,0.66049,0.083801,0,0.32679,0.17092,0.42424,0.36733,0.63414,0.6023,0.49059,0.452,0.7429,0.54637,0.66803,0.5565,0.72537,0.63005,0,0,0.38269,0.31773,0.59342,0.50517,0.49604,0.47187,0.28091,0.31569,0.075935,0.17896,0.12511,0.1374,0,0,0.5583,0.38816,0.49901,0.40039,0,0
0.7238,0.7823,0.86289,0.87982,0.39732,0.38493,0.70463,0.82389,0.34085,0.25517,0.51867,0.59204,0.56249,0.63128,0.52175,0.34265,0.44122,0.38427,0.85811,0.86631,0.38889,0.49971,0.94223,1,0.62907,0.50615,0.43346,0.51475,0.11263,0.068947,0.73299,0.7249,0.7226,0.72119,0.69965,0.73824,0.24132,0.45812,0.37121,0.35962,0.38184,0.46911,0.58164,0.41822,0.58654,0.67378,0.60186,0.57673,0.55036,0.50714,0.65317,0.58099,0.63229,0.55687,0.60028,0.50586,0.59484,0.74941,0.48686,0.39483,0.61279,0.55051,0.52804,0.55121,0.5018,0.52445,0.67358,0.71749,0.70337,0.73485,0.42275,0.36141,0.56934,0.57634,0.56852,0.57367,0.71543,0.70929,0.059508,0,0.35559,0.14684,0.34788,0.31782,0.63242,0.58907,0.50496,0.45127,0.79369,0.60188,0.7072,0.60001,0.76922,0.66302,0,0,0.44134,0.31757,0.62905,0.53019,0.6041,0.48307,0.39831,0.37059,0.063328,0.15424,0.1494,0.11822,0.016746,0,0.63515,0.39405,0.44581,0.39409,0,0
0.57312,0.53097,0.4938,0.66777,0.63911,0.47238,0.4153,0.55714,0.43033,0.44873,0.34794,0.47612,0.34192,0.44737,0.49094,0.41059,0.40981,0.47277,0.46656,0.47685,0.34031,0.41309,0.55909,0.62907,1,0.86244,0.54477,0.6181,0.23731,0.12702,0.51823,0.61985,0.3963,0.41902,0.49455,0.46749,0.019154,0.20895,0.078651,0.12435,0.21219,0.19399,0.41436,0.48521,0.57778,0.58713,0.43185,0.42165,0.38725,0.38463,0.4905,0.56388,0.42218,0.2973,0.25515,0.28162,0.54454,0.58398,0.50385,0.48704,0.53524,0.43028,0.4594,0.43201,0.4035,0.49089,0.55059,0.61452,0.53497,0.55803,0.20042,0.18196,0.46081,0.40883,0.46909,0.44006,0.32967,0.34671,0.17704,0.0017002,0.36554,0.28813,0.18307,0.28713,0.38331,0.50151,0.26313,0.27736,0.43749,0.42187,0.36937,0.3265,0.45534,0.40186,0,0,0.18329,0.10679,0.28661,0.2166,0.44181,0.32425,0.39079,0.33781,0.299,0.32736,0.1167,0.27161,0.020753,0,0.37378,0.28763,0.22566,0.23487,0.094517,0.075236
0.4812,0.4066,0.42659,0.50789,0.67636,0.43303,0.3257,0.40204,0.43714,0.40272,0.27325,0.33352,0.34004,0.34484,0.46635,0.52172,0.39971,0.45261,0.38516,0.40345,0.25735,0.35726,0.47409,0.50615,0.86244,1,0.50141,0.57517,0.22337,0.21673,0.45913,0.5808,0.30043,0.25568,0.35907,0.32434,0.04429,0.11811,0.099153,0.11325,0.19131,0.2124,0.36357,0.47962,0.57939,0.51417,0.40323,0.38634,0.39418,0.32883,0.481,0.48024,0.355,0.29049,0.14259,0.23908,0.4802,0.50071,0.41324,0.39165,0.42487,0.20326,0.40682,0.31786,0.31017,0.29306,0.48343,0.4905,0.49309,0.51106,0.079148,0.0217,0.39922,0.39501,0.37869,0.42181,0.19529,0.22208,0.19984,0.1199,0.44992,0.43287,0.27909,0.35262,0.40534,0.49721,0.27697,0.31775,0.33788,0.37887,0.34169,0.33361,0.37788,0.32872,0,0.005545,0.089569,0.13195,0.27861,0.2279,0.35194,0.27386,0.30245,0.30297,0.36674,0.43649,0.044297,0.38324,0.027183,0,0.26113,0.33776,0.27856,0.32303,0.18582,0.21316
0.45966,0.55243,0.34405,0.46656,0.62406,0.72155,0.22186,0.42747,0.29055,0.36776,0.16844,0.26155,0.16062,0.25853,0.4394,0.36273,0.35057,0.4105,0.40542,0.45022,0.40402,0.44676,0.33631,0.43346,0.54477,0.50141,1,0.88516,0.10127,0.097289,0.43263,0.45837,0.36059,0.37806,0.35488,0.3552,0.16809,0.34511,0.17756,0.22978,0.098365,0.19786,0.39786,0.29176,0.51465,0.47655,0.41337,0.38895,0.40015,0.36548,0.46921,0.36139,0.52375,0.31746,0.24977,0.24972,0.44808,0.56747,0.50102,0.57413,0.36842,0.38973,0.29828,0.34986,0.13943,0.24549,0.56211,0.57436,0.50616,0.50412,0.3837,0.31233,0.46372,0.37787,0.35209,0.33783,0.31541,0.32118,0,0,0.36755,0.17728,0.18235,0.21836,0.45706,0.40519,0.2801,0.29668,0.40727,0.36936,0.40044,0.31753,0.38874,0.29377,0,0,0.30555,0.19756,0.3213,0.23573,0.61926,0.21244,0.55875,0.48947,0.0015733,0.050353,0.017549,0.19069,0.28077,0.0022088,0.35444,0.17025,0.085749,0.28848,0,0
0.51791,0.59467,0.45307,0.55403,0.58336,0.64919,0.32462,0.5046,0.2953,0.31374,0.23824,0.29076,0.2247,0.30128,0.51433,0.42904,0.47118,0.43387,0.48307,0.52415,0.35955,0.4381,0.42364,0.51475,0.6181,0.57517,0.88516,1,0.092737,0.079733,0.47009,0.46836,0.42902,0.42543,0.4346,0.44971,0.23787,0.41786,0.28942,0.36337,0.20364,0.29856,0.51387,0.40573,0.5841,0.5183,0.51154,0.49603,0.4292,0.39636,0.52363,0.41798,0.59313,0.40687,0.34094,0.37471,0.51253,0.64068,0.56129,0.57508,0.4577,0.44753,0.36236,0.41445,0.17806,0.27249,0.61156,0.61715,0.5954,0.61366,0.35993,0.3048,0.44546,0.39837,0.3456,0.35207,0.39903,0.42191,0.016854,0,0.46021,0.22979,0.27358,0.32167,0.57413,0.52639,0.39453,0.42308,0.49534,0.47688,0.4939,0.43062,0.52078,0.41388,0,0,0.38323,0.29259,0.4167,0.3254,0.6699,0.30727,0.59064,0.52369,0.049638,0.091067,0.055064,0.19854,0.22844,0.0020064,0.42028,0.23299,0.2284,0.36141,0,0
0.37229,0.25547,0.21843,0.05211,0.27311,0.13209,0.32056,0.18914,0.31005,0.17271,0.42158,0.34196,0.44576,0.33535,0.37846,0.43515,0.51047,0.41792,0.26788,0.21791,0.33788,0.32061,0.088535,0.11263,0.23731,0.22337,0.10127,0.092737,1,0.70837,0.27892,0.1679,0.31454,0.28119,0.091277,0.056561,0,0,0,0,0.053532,0,0.073175,0.16175,0.19671,0.24059,0.12783,0.12278,0.13431,0.088145,0.13449,0.14796,0.15482,0.0076365,0.098423,0.11892,0.32286,0.25463,0.28367,0.14139,0.36243,0.17177,0.44018,0.32419,0.24326,0.15244,0.21811,0.17395,0.26082,0.22547,0,0,0.45033,0.35586,0.47456,0.36312,0.060203,0.070498,0.46474,0.42962,0.48984,0.51897,0.056873,0.19337,0.1577,0.19647,0,0,0.22081,0.19682,0.041074,0.17154,0.070995,0.17415,0,0,0,0,0.03194,0.15643,0.091626,0.16599,0.057487,0.10721,0.035743,0,0.1373,0.15127,0.25354,0.25954,0.25482,0.26282,0,0,0.033578,0
0.29963,0.28629,0.18868,0.094307,0.26827,0.18081,0.20508,0.25587,0.28676,0.14895,0.25025,0.23275,0.34481,0.33912,0.30002,0.47557,0.4278,0.49321,0.22883,0.23532,0.29211,0.33132,0.015597,0.068947,0.12702,0.21673,0.097289,0.079733,0.70837,1,0.1745,0.13268,0.27347,0.19232,0,0,0,0,0,0,0.064477,0.0061758,0.059721,0.13268,0.18276,0.18271,0.14248,0.1587,0.19248,0.15057,0.20848,0.18104,0.24897,0.062372,0.20595,0.15119,0.29893,0.30531,0.29747,0.2439,0.28176,0.10312,0.48966,0.30056,0.058889,0.053435,0.27672,0.18722,0.34769,0.28868,0,0,0.35419,0.43235,0.41334,0.35995,0.068621,0.069381,0.43742,0.58994,0.59763,0.65937,0.12841,0.26647,0.25565,0.13823,0.040151,0.10968,0.29253,0.19124,0.18415,0.25872,0.17941,0.24177,0,0,0.037819,0.066466,0.095442,0.27043,0.16102,0.15327,0.03638,0.12619,0.15068,0.064392,0.22528,0.36605,0.32661,0.23528,0.26508,0.25954,0.039293,0.054018,0.11336,0.0094488
0.61284,0.60941,0.72275,0.56115,0.48571,0.38373,0.65884,0.59741,0.3864,0.22713,0.39571,0.47129,0.52845,0.44594,0.56158,0.30819,0.43709,0.34876,0.76311,0.74692,0.43586,0.53712,0.78458,0.73299,0.51823,0.45913,0.43263,0.47009,0.27892,0.1745,1,0.88798,0.74356,0.69755,0.73789,0.66726,0.32321,0.45975,0.39358,0.36763,0.36963,0.43482,0.52931,0.36468,0.58284,0.58176,0.45621,0.45652,0.42914,0.27367,0.44668,0.24276,0.50171,0.35604,0.45911,0.41392,0.55384,0.61689,0.42431,0.26854,0.53005,0.41701,0.42013,0.44569,0.46795,0.30559,0.63047,0.61718,0.60404,0.61792,0.45809,0.4373,0.583,0.61103,0.55123,0.59677,0.56632,0.56001,0.22011,0.021105,0.34995,0.25818,0.38582,0.29488,0.57999,0.5208,0.4627,0.41247,0.61266,0.44021,0.51745,0.43288,0.54827,0.44647,0,0,0.40969,0.33471,0.47188,0.42603,0.46994,0.40846,0.41164,0.41339,0,0.096755,0.091548,0.1252,0.038668,0,0.53658,0.23953,0.26912,0.28172,0,0
0.61617,0.61607,0.65933,0.60558,0.51143,0.39788,0.5989,0.59166,0.38215,0.30473,0.37514,0.48461,0.48894,0.4464,0.46662,0.28326,0.36008,0.39543,0.68574,0.70103,0.45089,0.53504,0.73769,0.7249,0.61985,0.5808,0.45837,0.46836,0.1679,0.13268,0.88798,1,0.70389,0.68609,0.67334,0.62754,0.26747,0.39008,0.36738,0.32805,0.36209,0.39035,0.46588,0.34598,0.53314,0.5709,0.44434,0.45572,0.46662,0.35765,0.47426,0.31922,0.50652,0.3913,0.45255,0.43624,0.57273,0.61761,0.42583,0.33849,0.4849,0.39732,0.40376,0.46145,0.38992,0.33669,0.64241,0.65962,0.60642,0.60705,0.41056,0.37771,0.56942,0.58451,0.56529,0.60355,0.55015,0.5567,0.16496,0.0010089,0.27678,0.19822,0.32779,0.24294,0.52812,0.4689,0.45145,0.40692,0.5608,0.45775,0.53155,0.44239,0.52638,0.42827,0,0,0.37603,0.36961,0.47151,0.43129,0.3954,0.33683,0.35195,0.36397,0.10556,0.21765,0.11376,0.2134,0,0,0.50023,0.21171,0.25351,0.33162,0.022302,0
0.80188,0.80728,0.78687,0.64019,0.3651,0.32212,0.79463,0.75781,0.34677,0.20081,0.50804,0.64931,0.58152,0.63404,0.50598,0.32985,0.5771,0.49835,0.86603,0.85089,0.52191,0.6213,0.69903,0.7226,0.3963,0.30043,0.36059,0.42902,0.31454,0.27347,0.74356,0.70389,1,0.94209,0.66524,0.72337,0.45166,0.62236,0.54334,0.46724,0.57493,0.5359,0.56614,0.28639,0.4565,0.57651,0.55352,0.55897,0.51345,0.4349,0.50625,0.35393,0.65873,0.45898,0.69879,0.70326,0.80547,0.81482,0.67568,0.45161,0.74493,0.63849,0.65041,0.74672,0.40434,0.44357,0.77349,0.75859,0.80698,0.82244,0.46722,0.48289,0.67675,0.70368,0.69175,0.73838,0.79514,0.82139,0.15969,0,0.40473,0.20717,0.36114,0.32024,0.68362,0.52457,0.59219,0.57219,0.77402,0.68058,0.68544,0.66343,0.67193,0.62076,0,0,0.61341,0.52677,0.64275,0.70107,0.55056,0.49355,0.48841,0.55682,0,0.037783,0.27276,0.16122,0.072724,0.12444,0.72326,0.25681,0.3086,0.36499,0,0
0.74868,0.80231,0.7298,0.68503,0.30666,0.30042,0.70213,0.74905,0.30275,0.2005,0.46085,0.64808,0.48058,0.58144,0.44006,0.22271,0.49526,0.44739,0.80746,0.81237,0.56694,0.64597,0.67801,0.72119,0.41902,0.25568,0.37806,0.42543,0.28119,0.19232,0.69755,0.68609,0.94209,1,0.65089,0.73083,0.3938,0.59989,0.46762,0.39726,0.51745,0.44238,0.52475,0.23266,0.36181,0.55457,0.49486,0.50712,0.4408,0.424,0.44889,0.35675,0.59925,0.40226,0.69307,0.6498,0.73546,0.76387,0.62872,0.45746,0.67037,0.68745,0.57199,0.72799,0.36748,0.46263,0.73,0.75876,0.73033,0.74628,0.50697,0.53016,0.67664,0.65374,0.70052,0.72325,0.78758,0.79743,0.15611,0,0.28315,0.072942,0.20582,0.18755,0.58941,0.46404,0.51651,0.45771,0.73305,0.62674,0.59635,0.57182,0.57882,0.56925,0,0,0.63405,0.47723,0.58334,0.60785,0.51078,0.45798,0.48034,0.49799,0,0,0.30407,0,0.082133,0.1744,0.75193,0.17916,0.18524,0.25081,0,0
0.53477,0.53711,0.65317,0.59959,0.40005,0.31131,0.59555,0.5845,0.3626,0.21904,0.34333,0.46534,0.37367,0.3972,0.48256,0.19548,0.32189,0.27383,0.66567,0.67584,0.2973,0.32158,0.7314,0.69965,0.49455,0.35907,0.35488,0.4346,0.091277,0,0.73789,0.67334,0.66524,0.65089,1,0.85187,0.30413,0.44171,0.36546,0.38584,0.38012,0.42201,0.4423,0.31865,0.49502,0.53365,0.3555,0.34374,0.30565,0.20959,0.38733,0.30617,0.38472,0.30243,0.37317,0.40159,0.50722,0.57004,0.34916,0.21959,0.5132,0.44857,0.32074,0.42807,0.61625,0.47946,0.55243,0.58528,0.53585,0.60098,0.34499,0.3194,0.42048,0.42557,0.44092,0.42945,0.56496,0.56549,0,0,0.16058,0.011098,0.31233,0.25619,0.51316,0.58565,0.39509,0.35721,0.56276,0.46834,0.44132,0.34142,0.50937,0.33317,0,0.011425,0.34646,0.25733,0.41738,0.30514,0.43209,0.33866,0.40596,0.33038,0.056397,0.19122,0.0032213,0.080035,0,0,0.44567,0.20331,0.27393,0.32992,0,0
0.57309,0.65874,0.68179,0.67201,0.34023,0.26929,0.61703,0.68882,0.32513,0.18726,0.26978,0.47941,0.28378,0.44494,0.378,0.16636,0.31371,0.27122,0.74774,0.77825,0.4652,0.48566,0.73856,0.73824,0.46749,0.32434,0.3552,0.44971,0.056561,0,0.66726,0.62754,0.72337,0.73083,0.85187,1,0.39437,0.59502,0.51647,0.51624,0.48856,0.47331,0.51131,0.20119,0.35211,0.45606,0.39044,0.36909,0.26847,0.22019,0.32863,0.26359,0.48575,0.33571,0.58495,0.52813,0.58177,0.67134,0.38907,0.26068,0.535,0.56488,0.32433,0.51206,0.49415,0.46904,0.54451,0.60578,0.62275,0.66975,0.44534,0.44849,0.48509,0.51292,0.50836,0.53741,0.72779,0.71972,0.078608,0,0.15869,0,0.25616,0.18682,0.53826,0.49382,0.50125,0.42098,0.67524,0.49519,0.55718,0.46525,0.60196,0.48786,0,0,0.47723,0.31512,0.49671,0.47616,0.49327,0.40521,0.46812,0.39951,0,0.043291,0.21832,0.036312,0.04842,0.066135,0.61714,0.072201,0.23944,0.31971,0,0
0.35523,0.37941,0.3239,0.19886,0.096049,0,0.29598,0.21474,0.020043,0,0.042774,0.088368,0.19267,0.14281,0.20537,0.068982,0.21146,0.11319,0.46051,0.4056,0.27477,0.3328,0.21028,0.24132,0.019154,0.04429,0.16809,0.23787,0,0,0.32321,0.26747,0.45166,0.3938,0.30413,0.39437,1,0.65729,0.85674,0.82501,0.73128,0.66379,0.42035,0,0.10903,0.084718,0.33871,0.32498,0.16774,0.07468,0.09269,0,0.32531,0.23489,0.53345,0.58932,0.36679,0.4089,0.38718,0.2781,0.28028,0.32443,0.18367,0.35258,0,0.011323,0.42988,0.36799,0.48241,0.44235,0.36534,0.42572,0.29201,0.35688,0.23074,0.36492,0.55901,0.55921,0,0,0.10962,0,0.3121,0.1617,0.46341,0.20057,0.62955,0.61941,0.45589,0.37827,0.34551,0.37274,0.28212,0.25145,0.15044,0.094196,0.55759,0.44216,0.41197,0.45255,0.35701,0.34876,0.50531,0.51344,0,0,0.2574,0.024668,0.2416,0.28353,0.42303,0,0.031224,0.32114,0,0
0.53202,0.59822,0.49613,0.40981,0.1996,0.13972,0.4377,0.47418,0.08287,0,0.16453,0.26347,0.24537,0.25871,0.27364,0.080898,0.39468,0.19664,0.6439,0.60583,0.52482,0.54608,0.43847,0.45812,0.20895,0.11811,0.34511,0.41786,0,0,0.45975,0.39008,0.62236,0.59989,0.44171,0.59502,0.65729,1,0.69194,0.76791,0.68359,0.67277,0.65906,0.12163,0.27198,0.3338,0.54385,0.53763,0.3424,0.23372,0.2343,0.036529,0.51339,0.30087,0.66796,0.67269,0.56858,0.62026,0.54512,0.42257,0.47467,0.52803,0.32941,0.48718,0.039617,0.15063,0.58158,0.54441,0.62251,0.59678,0.5718,0.60729,0.54162,0.58492,0.48294,0.58474,0.76383,0.75592,0.081556,0,0.20564,0,0.22583,0.096456,0.55851,0.27722,0.58949,0.54783,0.62146,0.41193,0.524,0.51131,0.47984,0.49355,0,0,0.62422,0.35412,0.51061,0.6428,0.52947,0.44506,0.53519,0.58691,0,0,0.39103,0.020848,0.33881,0.22307,0.63068,0,0.022736,0.35669,0,0
0.45906,0.46282,0.45099,0.28887,0.10625,0.011033,0.43396,0.31006,0.016623,0,0.14869,0.17319,0.30277,0.22607,0.22202,0.088504,0.2051,0.097915,0.5695,0.53392,0.31474,0.37599,0.37035,0.37121,0.078651,0.099153,0.17756,0.28942,0,0,0.39358,0.36738,0.54334,0.46762,0.36546,0.51647,0.85674,0.69194,1,0.89487,0.787,0.70488,0.49894,0.0013164,0.17767,0.17102,0.40331,0.40198,0.25735,0.15702,0.15211,0,0.39642,0.37776,0.67798,0.74018,0.43074,0.48156,0.44275,0.28179,0.35169,0.35354,0.21149,0.37715,0,0.043798,0.47577,0.41742,0.56581,0.53851,0.35805,0.44163,0.32039,0.40314,0.26571,0.40579,0.65641,0.67573,0,0,0.11561,0,0.40384,0.19713,0.52927,0.26279,0.76573,0.74487,0.57612,0.50362,0.52362,0.54696,0.46401,0.44168,0.15424,0.099121,0.65541,0.56386,0.53071,0.61037,0.41169,0.46519,0.49623,0.57702,0,0,0.3821,0.12057,0.26052,0.30331,0.52434,0,0.13733,0.40285,0,0
0.39139,0.4258,0.41378,0.30395,0.13824,0.058415,0.36241,0.3293,0.03968,0,0.070934,0.10806,0.20511,0.15509,0.25566,0.062947,0.23968,0.083724,0.5279,0.49836,0.2047,0.28591,0.37098,0.35962,0.12435,0.11325,0.22978,0.36337,0,0,0.36763,0.32805,0.46724,0.39726,0.38584,0.51624,0.82501,0.76791,0.89487,1,0.73456,0.7846,0.57647,0.10295,0.23672,0.16523,0.4374,0.43591,0.25481,0.1316,0.16894,0,0.4267,0.36599,0.60901,0.64328,0.37476,0.46885,0.3908,0.29269,0.30867,0.35092,0.14562,0.31354,0,0.033643,0.45585,0.4092,0.53799,0.51456,0.42259,0.49186,0.25665,0.35571,0.19479,0.32247,0.61373,0.62061,0,0,0.13209,0,0.45524,0.25229,0.55726,0.29098,0.77076,0.74233,0.548,0.40282,0.52216,0.47597,0.49504,0.4016,0.1157,0.11885,0.58973,0.45829,0.51102,0.55747,0.43719,0.36795,0.49156,0.50723,0,0,0.32828,0.14651,0.18776,0.1306,0.41773,0,0.18814,0.47782,0,0
0.56447,0.51407,0.51031,0.30266,0.17938,0,0.52019,0.36423,0.12454,0,0.31441,0.28283,0.40006,0.31861,0.2797,0.1971,0.4367,0.25715,0.58799,0.53407,0.36407,0.42212,0.39846,0.38184,0.21219,0.19131,0.098365,0.20364,0.053532,0.064477,0.36963,0.36209,0.57493,0.51745,0.38012,0.48856,0.73128,0.68359,0.787,0.73456,1,0.78849,0.50567,0.068956,0.19865,0.25096,0.38757,0.4413,0.28165,0.20602,0.20733,0.042247,0.39513,0.36559,0.61275,0.6978,0.58483,0.56368,0.48755,0.29599,0.46723,0.36588,0.3229,0.42887,0.10231,0.14954,0.51777,0.47371,0.59868,0.57063,0.34413,0.4284,0.50715,0.54736,0.42964,0.54024,0.64449,0.67874,0.071133,0,0.23261,0.051899,0.33047,0.26641,0.57738,0.36306,0.63931,0.70346,0.57095,0.55883,0.43536,0.50531,0.40237,0.45871,0,0,0.47194,0.41639,0.44062,0.57139,0.29761,0.47391,0.38428,0.5046,0,0,0.34083,0.16491,0.21211,0.19702,0.49051,0,0.056268,0.35868,0,0
0.54274,0.52603,0.54697,0.3694,0.23893,0.11045,0.53296,0.44988,0.16879,0.030248,0.30602,0.2554,0.43175,0.34672,0.39208,0.31311,0.45573,0.24604,0.61497,0.58574,0.18346,0.33961,0.48192,0.46911,0.19399,0.2124,0.19786,0.29856,0,0.0061758,0.43482,0.39035,0.5359,0.44238,0.42201,0.47331,0.66379,0.67277,0.70488,0.7846,0.78849,1,0.57263,0.20471,0.35221,0.32045,0.47232,0.52828,0.40398,0.2797,0.36738,0.13843,0.49585,0.46507,0.53608,0.5984,0.47151,0.55831,0.41563,0.31065,0.4346,0.33434,0.28969,0.36895,0.155,0.16102,0.53453,0.48176,0.61555,0.5792,0.35489,0.38439,0.42317,0.51681,0.31535,0.43463,0.57727,0.60689,0,0,0.33224,0.095941,0.49735,0.43241,0.6718,0.46828,0.66009,0.72739,0.5901,0.49543,0.5456,0.50839,0.50028,0.4255,0,0.034326,0.40339,0.38764,0.53181,0.56747,0.37169,0.3941,0.39487,0.40381,0.021923,0.11134,0.17587,0.22702,0.10981,0,0.3616,0.20462,0.28462,0.59253,0,0
0.59808,0.58051,0.64289,0.60913,0.37539,0.29553,0.56175,0.55948,0.23052,0.15758,0.24545,0.30324,0.35762,0.32885,0.43365,0.37799,0.48058,0.23565,0.6521,0.60315,0.36392,0.40151,0.56816,0.58164,0.41436,0.36357,0.39786,0.51387,0.073175,0.059721,0.52931,0.46588,0.56614,0.52475,0.4423,0.51131,0.42035,0.65906,0.49894,0.57647,0.50567,0.57263,1,0.67145,0.6433,0.65999,0.86717,0.85375,0.65122,0.48855,0.57826,0.37581,0.66367,0.6248,0.6405,0.67605,0.52407,0.61529,0.50926,0.41851,0.47332,0.36542,0.45671,0.44865,0.033273,0.11711,0.66439,0.64154,0.58054,0.57693,0.4344,0.46991,0.48494,0.45966,0.40979,0.43351,0.62651,0.63041,0.01274,0,0.46514,0.19565,0.37548,0.33403,0.67436,0.5238,0.557,0.55605,0.60692,0.56829,0.56549,0.62086,0.60906,0.60406,0,0,0.57495,0.43401,0.68143,0.6676,0.59787,0.48971,0.45975,0.45715,0,0.039365,0.29928,0.052781,0.27129,0.060456,0.53435,0.37658,0.3525,0.34521,0,0
0.4044,0.32065,0.46357,0.46785,0.46525,0.34683,0.39899,0.40132,0.38517,0.31503,0.28128,0.32027,0.37581,0.34225,0.5635,0.60154,0.46859,0.35076,0.34367,0.33565,0,0,0.44138,0.41822,0.48521,0.47962,0.29176,0.40573,0.16175,0.13268,0.36468,0.34598,0.28639,0.23266,0.31865,0.20119,0,0.12163,0.0013164,0.10295,0.068956,0.20471,0.67145,1,0.78433,0.72481,0.70098,0.71824,0.64515,0.53606,0.68943,0.64466,0.51035,0.59115,0.21555,0.32044,0.31382,0.37456,0.27893,0.25836,0.33051,0.065116,0.44997,0.25552,0.18326,0.16925,0.45975,0.4463,0.33486,0.40404,0,0,0.18847,0.1393,0.15403,0.096938,0.13897,0.16078,0,0,0.5875,0.50384,0.49818,0.56587,0.51664,0.66025,0.27173,0.3544,0.29211,0.45555,0.41916,0.45236,0.46787,0.37235,0.0071924,0.1536,0.20147,0.32924,0.51397,0.37905,0.34747,0.18578,0.14863,0.10695,0.41868,0.46055,0,0.30104,0,0,0.11311,0.71839,0.66217,0.33669,0.24216,0.27169
0.60583,0.53374,0.59937,0.5461,0.57617,0.58691,0.50519,0.5257,0.43001,0.40235,0.41074,0.40964,0.4687,0.44734,0.62735,0.61896,0.46519,0.40264,0.50658,0.50197,0.16986,0.28873,0.59717,0.58654,0.57778,0.57939,0.51465,0.5841,0.19671,0.18276,0.58284,0.53314,0.4565,0.36181,0.49502,0.35211,0.10903,0.27198,0.17767,0.23672,0.19865,0.35221,0.6433,0.78433,1,0.87817,0.69743,0.72241,0.75933,0.58615,0.76363,0.62644,0.62112,0.58091,0.30634,0.38285,0.45167,0.5784,0.50125,0.4515,0.54185,0.28306,0.58802,0.449,0.37514,0.3251,0.69279,0.67399,0.53837,0.59669,0.059009,0.034238,0.36091,0.357,0.34509,0.3485,0.33016,0.34424,0,0,0.587,0.48664,0.53433,0.5607,0.61502,0.66396,0.37717,0.46396,0.52349,0.55425,0.58893,0.57705,0.64865,0.51938,0,0.077298,0.28875,0.36531,0.55351,0.42073,0.50749,0.36069,0.28224,0.32026,0.31176,0.41054,0.048407,0.42453,0,0,0.30122,0.66543,0.56854,0.35399,0.18219,0.20268
