1,0.84599,0.87813,0.79159,0.46194,0.64085,0.83462,0.7148,0.45115,0.49457,0.79678,0.75427,0.47371,0.61569,0.72859,0.54234,0.72076,0.67113,0.62298,0.57323,0.0077396,0.30622,0.69657,0.56555,0.34048,0.4384,0.33481,0.52084,0.61402,0.404,0.49841,0.63223,0.83237,0.83686,0.49982,0.27181,0.30899,0.02684,0.21494,0.3985,0.40818,0.531,0.63268,0.61722,0.76795,0.69972,0.65781,0.52957,0.71711,0.65455,0.61243,0.64979,0.44253,0.20997,0.4853,0.60437,0.87305,0.74967,0.73595,0.66341,0.86061,0.69315,0.78377,0.70418,0.64877,0.6649,0.64343,0.58788,0.41095,0.081612,0,0,0.74354,0.65626,0.64339,0.50117,0,0,0.64245,0.55796,0.55563,0.61475,0.44277,0.37784,0.68899,0.81306,0.37876,0.3967,0.33731,0.59165,0,0,0.021356,0.215,0.30839,0.30594,0.43664,0.58534,0.35004,0.54662,0.33713,0.51486,0.43733,0.32908,0.35755,0.22336,0.11407,0.18164,0.2645,0.49161,0.43113,0.41894,0.56441,0.59356,0.24066,0.1541
0.84599,1,0.74962,0.81648,0.52218,0.51798,0.7172,0.75751,0.54361,0.44606,0.68142,0.70384,0.55321,0.6387,0.76641,0.51303,0.67257,0.74926,0.55257,0.56378,0,0.26525,0.57564,0.46664,0.23535,0.33281,0.29519,0.51028,0.49258,0.38199,0.4694,0.60116,0.76721,0.79138,0.5765,0.37382,0.22036,0.074235,0.11408,0.33093,0.16307,0.3615,0.67499,0.63731,0.7569,0.671,0.69734,0.60135,0.73291,0.71378,0.63357,0.67262,0.52944,0.10541,0.55756,0.62759,0.85699,0.93337,0.68759,0.72637,0.79997,0.76994,0.69623,0.77435,0.56362,0.59671,0.7787,0.7464,0.49462,0.14691,0,0,0.64632,0.59123,0.55827,0.40298,0,0,0.58251,0.55736,0.55987,0.59293,0.4866,0.35943,0.71129,0.66531,0.39286,0.35858,0.4342,0.44361,0,0,0.022789,0.15374,0.37703,0.30053,0.49324,0.6139,0.42999,0.59109,0.47652,0.49648,0.52802,0.45927,0.35101,0.19503,0.20541,0.27907,0.37456,0.47159,0.45542,0.41785,0.41691,0.57977,0.27873,0.033034
0.87813,0.74962,1,0.88549,0.41514,0.63304,0.92108,0.80957,0.4365,0.54417,0.72611,0.68553,0.44337,0.56345,0.59701,0.43591,0.6173,0.54355,0.6185,0.55479,0,0.28803,0.85335,0.69718,0.31805,0.42172,0.13545,0.37499,0.48464,0.24454,0.31176,0.50123,0.76671,0.76641,0.63979,0.41357,0.1864,0.00034951,0.10747,0.26164,0.32983,0.46244,0.61534,0.60967,0.7262,0.6223,0.57823,0.47102,0.62926,0.55625,0.5741,0.54665,0.37916,0.28554,0.39825,0.51362,0.69287,0.62811,0.64142,0.50108,0.71642,0.59204,0.62158,0.60355,0.66949,0.63081,0.707,0.63866,0.41069,0.068248,0,0,0.75091,0.62706,0.6956,0.61433,0.043564,0.061636,0.51381,0.40271,0.45841,0.50496,0.32306,0.2491,0.66866,0.76394,0.25335,0.23603,0.33157,0.61785,0,0,0.13279,0.2159,0.31291,0.22404,0.3449,0.47212,0.33644,0.47643,0.27181,0.41862,0.31996,0.18343,0.34223,0.26529,0.032279,0.042705,0.19125,0.45752,0.37337,0.44865,0.58504,0.56922,0.33682,0.12853
0.79159,0.81648,0.88549,1,0.44602,0.51426,0.83601,0.91458,0.44965,0.54013,0.74015,0.76554,0.59006,0.72701,0.66886,0.57099,0.63642,0.64588,0.63719,0.59804,0,0.34757,0.78217,0.67541,0.17449,0.31767,0.16661,0.4146,0.46033,0.29679,0.43811,0.62063,0.80102,0.81543,0.72374,0.53012,0.11211,0.029365,0,0.19081,0.14863,0.36832,0.63667,0.63718,0.6968,0.55043,0.57827,0.47475,0.64042,0.5381,0.56412,0.57313,0.41312,0.20163,0.4047,0.50839,0.66928,0.69985,0.56838,0.49126,0.67683,0.63002,0.58287,0.70279,0.6376,0.65987,0.8028,0.75889,0.39781,0.048657,0,0,0.75742,0.67504,0.68882,0.55515,0.11647,0.062876,0.48313,0.44825,0.44814,0.55107,0.37431,0.21482,0.64834,0.66239,0.19409,0.14788,0.30581,0.43576,0,0,0.099285,0.12656,0.32933,0.16716,0.32885,0.44704,0.3331,0.47936,0.44066,0.38002,0.40353,0.26736,0.29906,0.1771,0.12027,0.12265,0.20165,0.41058,0.33312,0.37974,0.43942,0.55894,0.31294,0.019302
0.46194,0.52218,0.41514,0.44602,1,0.71579,0.39723,0.40533,0.93093,0.69832,0.2712,0.3809,0.036487,0.20897,0.45686,0.30617,0.17536,0.32376,0.39821,0.38428,0.30445,0.30941,0.38524,0.4105,0.5913,0.63302,0.36996,0.65276,0.24259,0.16939,0.23312,0.33505,0.41027,0.4304,0.32327,0.15051,0.13938,0,0.14092,0.19357,0.10862,0.13794,0.40664,0.35267,0.43511,0.42579,0.4208,0.37698,0.33175,0.37386,0.28477,0.32506,0.30901,0.046787,0.39914,0.38644,0.48766,0.54964,0.47526,0.58314,0.40313,0.45836,0.38614,0.35256,0.27685,0.30016,0.42601,0.41043,0.41507,0.3173,0,0,0.31063,0.28558,0.30338,0.23304,0.0014594,0.057487,0.31412,0.26517,0.30508,0.27894,0.2219,0.26334,0.44786,0.42417,0.34497,0.27679,0.41996,0.34795,0,0,0.017494,0.020708,0.14501,0.16421,0.2662,0.33269,0.19488,0.25875,0.1803,0.23886,0.29172,0.27657,0.31221,0.18338,0.025381,0.010385,0.25212,0.25933,0.26108,0.14013,0.1549,0.23468,0.081804,0
0.64085,0.51798,0.63304,0.51426,0.71579,1,0.62719,0.47353,0.70267,0.72289,0.35889,0.40932,0,0.16131,0.40744,0.18053,0.29288,0.30598,0.42398,0.38499,0.18136,0.25232,0.59455,0.54127,0.66011,0.70085,0.29244,0.5574,0.42265,0.21255,0.14066,0.23395,0.46269,0.45245,0.24259,0.019978,0.33056,0,0.27975,0.30943,0.40123,0.41909,0.43416,0.37968,0.51835,0.55239,0.47085,0.4112,0.4134,0.49685,0.4117,0.41171,0.29683,0.18409,0.39852,0.40448,0.51076,0.4525,0.5817,0.56118,0.52473,0.45271,0.55121,0.37503,0.46995,0.46085,0.35159,0.30921,0.37374,0.27374,0,0,0.44461,0.38654,0.4257,0.36149,0,0.044771,0.44251,0.28467,0.41141,0.34022,0.20453,0.36208,0.52588,0.60117,0.3391,0.38925,0.4444,0.55486,0,0,0.14605,0.15422,0.27519,0.34446,0.34631,0.42963,0.27092,0.35936,0.11415,0.36531,0.26902,0.19928,0.40044,0.31118,0,0,0.35868,0.37694,0.43092,0.31727,0.4499,0.37229,0.18524,0
0.83462,0.7172,0.92108,0.83601,0.39723,0.62719,1,0.85726,0.45935,0.55357,0.69893,0.71816,0.45245,0.5543,0.62307,0.44763,0.61589,0.51389,0.61875,0.55543,0,0.23968,0.83355,0.70495,0.34849,0.44241,0.16683,0.34449,0.57813,0.34356,0.4194,0.54763,0.7893,0.78973,0.58087,0.3637,0.2305,0.080644,0.13534,0.28226,0.31952,0.51962,0.53436,0.57577,0.64701,0.58038,0.49087,0.43879,0.59639,0.5302,0.57921,0.49523,0.36582,0.29027,0.37451,0.44874,0.63893,0.58273,0.67151,0.50472,0.71401,0.63218,0.65718,0.64637,0.76156,0.70435,0.65052,0.58064,0.32416,0.11871,0,0,0.72783,0.62094,0.66527,0.6139,0.04257,0.095398,0.5332,0.44659,0.49154,0.57232,0.34175,0.29089,0.63794,0.72567,0.24058,0.21716,0.31804,0.5816,0,0,0.17708,0.27877,0.33426,0.23909,0.34682,0.46288,0.33358,0.433,0.30022,0.44096,0.31405,0.21196,0.30763,0.21987,0.044965,0.063766,0.19474,0.45193,0.39196,0.39854,0.55927,0.51607,0.28047,0.077902
0.7148,0.75751,0.80957,0.91458,0.40533,0.47353,0.85726,1,0.44021,0.57404,0.70892,0.77383,0.55962,0.72179,0.63708,0.57673,0.60818,0.57462,0.60131,0.56373,0,0.26243,0.74732,0.69789,0.2169,0.37142,0.14926,0.36012,0.45924,0.34779,0.46204,0.57479,0.77756,0.78095,0.7028,0.56288,0.15709,0.11872,0.053863,0.23706,0.16837,0.43087,0.57129,0.60704,0.65471,0.52795,0.49356,0.42154,0.57793,0.46048,0.544,0.47292,0.40386,0.20812,0.40583,0.43071,0.54376,0.61716,0.52873,0.43037,0.62771,0.65853,0.58921,0.70547,0.7457,0.72477,0.76138,0.7338,0.31265,0.076348,0,0,0.71793,0.61334,0.66757,0.58245,0.18316,0.11166,0.48705,0.45707,0.51165,0.59994,0.36337,0.24093,0.6879,0.65629,0.17196,0.10069,0.36183,0.4262,0,0,0.18601,0.15756,0.31408,0.15352,0.33024,0.44764,0.37446,0.46096,0.45645,0.34201,0.35899,0.26258,0.27023,0.11222,0.14711,0.062654,0.18858,0.42128,0.32716,0.36563,0.38756,0.50518,0.30172,0.02825
0.45115,0.54361,0.4365,0.44965,0.93093,0.70267,0.45935,0.44021,1,0.72041,0.2421,0.33207,0.040258,0.16596,0.45764,0.25238,0.20513,0.28832,0.43089,0.40496,0.31365,0.28269,0.38988,0.40225,0.58151,0.60305,0.30279,0.57108,0.25107,0.15788,0.1728,0.26841,0.38522,0.40477,0.31652,0.15163,0.13389,0,0.11543,0.17456,0.069707,0.13162,0.39641,0.36873,0.40692,0.41189,0.37904,0.40354,0.31037,0.35131,0.28309,0.30646,0.28009,0.082599,0.36738,0.34597,0.47595,0.56488,0.49487,0.57491,0.42186,0.45439,0.38259,0.35634,0.32505,0.29885,0.43958,0.43408,0.42053,0.35224,0,0,0.29617,0.28767,0.30283,0.28869,0.10888,0.16711,0.32761,0.23693,0.32124,0.26946,0.20573,0.2646,0.45359,0.40255,0.33655,0.24435,0.42947,0.35136,0,0,0.016943,0.036423,0.14402,0.17618,0.23108,0.31888,0.17991,0.21846,0.15122,0.20528,0.23376,0.23611,0.28014,0.17043,0.042537,0,0.267,0.25793,0.26474,0.15988,0.12177,0.19326,0.06726,0
0.49457,0.44606,0.54417,0.54013,0.69832,0.72289,0.55357,0.57404,0.72041,1,0.38127,0.45567,0.14196,0.40025,0.4049,0.46758,0.2964,0.33699,0.47294,0.45072,0.30074,0.31443,0.56132,0.59297,0.54592,0.64106,0.25476,0.5157,0.2686,0.16983,0.18429,0.30638,0.39736,0.38322,0.42823,0.28898,0.32371,0.022318,0.17295,0.22192,0.26802,0.2679,0.47162,0.42851,0.49497,0.45769,0.39944,0.38248,0.36749,0.36688,0.36551,0.34739,0.22162,0.24924,0.3657,0.41029,0.37389,0.42164,0.42072,0.39154,0.40455,0.42133,0.41076,0.37444,0.50178,0.48882,0.48024,0.47909,0.38514,0.30894,0,0,0.45753,0.36959,0.48089,0.51231,0.24529,0.30662,0.36555,0.2267,0.42457,0.39826,0.1693,0.31205,0.51288,0.53693,0.24833,0.21208,0.38704,0.45002,0.099992,0.095641,0.33723,0.27258,0.1302,0.24463,0.30285,0.38221,0.37535,0.38964,0.28486,0.32341,0.29005,0.26527,0.37376,0.2599,0.062199,0,0.20012,0.30847,0.36693,0.33498,0.34199,0.29776,0.20442,0.012205
0.79678,0.68142,0.72611,0.74015,0.2712,0.35889,0.69893,0.70892,0.2421,0.38127,1,0.78653,0.75525,0.74914,0.76144,0.70843,0.8209,0.68369,0.46363,0.41489,0,0.17499,0.56791,0.44912,0.18352,0.30463,0.29361,0.3779,0.56431,0.47854,0.53745,0.68064,0.75434,0.77307,0.58606,0.42689,0.33833,0.23267,0.18285,0.37858,0.36075,0.56567,0.65698,0.70621,0.75598,0.62959,0.62793,0.54179,0.69888,0.50107,0.57433,0.55431,0.40787,0.1874,0.46688,0.55279,0.67702,0.58184,0.51325,0.42533,0.67272,0.55483,0.63411,0.66057,0.67106,0.64885,0.65129,0.6024,0.14781,0,0,0.020497,0.71453,0.64356,0.62014,0.51324,0,0,0.61697,0.6396,0.59672,0.68486,0.52055,0.35474,0.68629,0.75176,0.26846,0.35083,0.20835,0.42005,0,0,0.11527,0.24185,0.34442,0.26308,0.42998,0.5308,0.39386,0.52585,0.48625,0.40879,0.49069,0.34445,0.37879,0.21897,0.23006,0.29346,0.22564,0.52682,0.39941,0.34423,0.49193,0.61237,0.3568,0.16311
0.75427,0.70384,0.68553,0.76554,0.3809,0.40932,0.71816,0.77383,0.33207,0.45567,0.78653,1,0.57571,0.81396,0.7465,0.75985,0.70876,0.76518,0.53133,0.4901,0,0.23929,0.65238,0.58975,0.26473,0.37687,0.41967,0.44531,0.64501,0.64894,0.69747,0.76722,0.86729,0.8692,0.58185,0.36204,0.17555,0.14279,0.030815,0.28654,0.20897,0.54245,0.54924,0.57969,0.66555,0.55413,0.5263,0.41275,0.61248,0.51722,0.54466,0.57066,0.44489,0.12893,0.40438,0.46687,0.64866,0.61487,0.57715,0.53647,0.74614,0.75641,0.75597,0.84979,0.75339,0.82078,0.6091,0.56383,0.17506,0,0,0.032423,0.69231,0.62086,0.65517,0.48451,0,0,0.58661,0.72274,0.54441,0.8062,0.53493,0.40026,0.63909,0.70275,0.236,0.23381,0.23178,0.33436,0,0,0.04778,0.078658,0.33579,0.18048,0.33815,0.41377,0.294,0.41971,0.47696,0.36191,0.42856,0.30013,0.22537,0.079047,0.13286,0.12845,0.17651,0.34212,0.3446,0.28637,0.3505,0.50241,0.26114,0.10754
0.47371,0.55321,0.44337,0.59006,0.036487,0,0.45245,0.55962,0.040258,0.14196,0.75525,0.57571,1,0.79287,0.6977,0.64329,0.77242,0.65438,0.26411,0.25185,0,0.070294,0.30293,0.18937,0,0,0.12797,0.15184,0.37152,0.34094,0.44752,0.57682,0.55401,0.58491,0.55955,0.48093,0.15268,0.25743,0,0.13617,0,0.28132,0.48957,0.49361,0.49554,0.33964,0.43178,0.40879,0.6186,0.41109,0.49005,0.47547,0.36327,0.24264,0.27647,0.45541,0.5211,0.51988,0.33232,0.2834,0.48621,0.44199,0.39952,0.61318,0.41577,0.50289,0.59875,0.55534,0.075461,0,0,0.034139,0.50958,0.4987,0.45883,0.38697,0.055798,0.056767,0.40312,0.49754,0.39588,0.52477,0.44309,0.20074,0.39932,0.36947,0.088094,0.16571,0.02845,0.1084,0,0.17828,0.11074,0.22674,0.27204,0.088964,0.27648,0.34574,0.32251,0.48303,0.50679,0.274,0.42106,0.35458,0.2049,0.1175,0.35174,0.41088,0.06865,0.32297,0.28755,0.26978,0.29817,0.42738,0.27258,0.05263
0.61569,0.6387,0.56345,0.72701,0.20897,0.16131,0.5543,0.72179,0.16596,0.40025,0.74914,0.81396,0.79287,1,0.67635,0.83062,0.70331,0.74931,0.44501,0.44056,0.019644,0.27018,0.47784,0.43081,0,0.15636,0.26125,0.36326,0.41564,0.41805,0.61797,0.73308,0.72463,0.74188,0.62498,0.52669,0.13581,0.092988,0,0.14088,0.03619,0.30015,0.52409,0.49867,0.57966,0.40614,0.46159,0.34386,0.62501,0.46097,0.51214,0.52225,0.40833,0.21608,0.3128,0.46495,0.61575,0.59575,0.41977,0.37805,0.61021,0.60392,0.54032,0.76078,0.50262,0.64188,0.67862,0.64572,0.19879,0,0,0.15585,0.6192,0.58242,0.54168,0.44909,0.083455,0.010967,0.42625,0.53857,0.4273,0.64808,0.42021,0.23544,0.4902,0.50677,0.083718,0.090856,0.099054,0.22981,0,0.099346,0.09787,0.14432,0.24314,0.060058,0.26457,0.35036,0.32887,0.47857,0.5409,0.31901,0.41733,0.37527,0.12911,0.02042,0.20724,0.23592,0.07052,0.26698,0.26393,0.31366,0.2806,0.42563,0.20184,0.060437
0.72859,0.76641,0.59701,0.66886,0.45686,0.40744,0.62307,0.63708,0.45764,0.4049,0.76144,0.7465,0.6977,0.67635,1,0.75281,0.77453,0.7423,0.44471,0.41407,0.063259,0.069293,0.45854,0.33643,0.27723,0.3622,0.54335,0.5259,0.7312,0.6435,0.62932,0.6801,0.7272,0.76506,0.52302,0.31799,0.31564,0.24127,0.15809,0.42462,0.19226,0.52299,0.62031,0.62914,0.69631,0.62653,0.6223,0.55086,0.72569,0.59908,0.64958,0.64836,0.51014,0.12784,0.54126,0.62971,0.7238,0.73093,0.61361,0.63975,0.73056,0.64671,0.75148,0.74475,0.68617,0.68461,0.6743,0.64295,0.24008,0,0,0,0.60242,0.53111,0.58941,0.41944,0,0,0.716,0.70559,0.65126,0.7678,0.74747,0.58284,0.67337,0.67821,0.48693,0.50523,0.34433,0.32153,0,0,0.06022,0.16196,0.47333,0.30853,0.47612,0.56091,0.36722,0.53115,0.54911,0.38136,0.55453,0.42707,0.35783,0.21195,0.38847,0.45011,0.34412,0.52219,0.41367,0.30603,0.32642,0.55453,0.30941,0.058008
0.54234,0.51303,0.43591,0.57099,0.30617,0.18053,0.44763,0.57673,0.25238,0.46758,0.70843,0.75985,0.64329,0.83062,0.75281,1,0.6241,0.69646,0.37476,0.36031,0.12847,0.20464,0.30772,0.29205,0.081563,0.22334,0.53461,0.50102,0.52254,0.57792,0.62677,0.67747,0.599,0.63534,0.48628,0.39527,0.18513,0.10533,0,0.24689,0.10808,0.34631,0.47958,0.50796,0.54617,0.42876,0.41765,0.32016,0.51428,0.33791,0.42097,0.44269,0.32342,0.15548,0.31093,0.45002,0.51555,0.47289,0.31977,0.31427,0.50562,0.46563,0.54232,0.63787,0.53581,0.63541,0.5794,0.58906,0.13763,0,0,0.123,0.50653,0.45764,0.4789,0.35354,0,0,0.50349,0.5946,0.4928,0.72285,0.55556,0.41223,0.48576,0.57304,0.1974,0.21156,0.070622,0.23142,0,0.11329,0.090589,0.1031,0.25603,0.061904,0.24769,0.32267,0.25061,0.36945,0.50511,0.24429,0.38476,0.31753,0.11455,0.047078,0.24973,0.27265,0.13008,0.27389,0.20872,0.17093,0.15857,0.34595,0.17089,0.034406
0.72076,0.67257,0.6173,0.63642,0.17536,0.29288,0.61589,0.60818,0.20513,0.2964,0.8209,0.70876,0.77242,0.70331,0.77453,0.6241,1,0.76994,0.38223,0.36112,0,0.085566,0.43349,0.29183,0.1792,0.20706,0.36444,0.33532,0.70565,0.63075,0.53313,0.61016,0.7212,0.72205,0.42475,0.23303,0.35764,0.25433,0.19565,0.44812,0.31522,0.62455,0.66527,0.6973,0.7282,0.66561,0.6694,0.63224,0.78292,0.64311,0.68038,0.69058,0.48579,0.2152,0.51928,0.60085,0.70158,0.61402,0.54656,0.48803,0.74569,0.58493,0.7394,0.72481,0.64653,0.64265,0.55215,0.5256,0.13284,0,0,0,0.65608,0.61437,0.57094,0.4263,0,0,0.77854,0.74494,0.71566,0.77787,0.59336,0.5035,0.63892,0.70637,0.28637,0.43667,0.21384,0.33442,0,0,0.072951,0.2083,0.42261,0.34807,0.48547,0.56055,0.42888,0.57513,0.50242,0.42292,0.51598,0.372,0.38427,0.26274,0.29213,0.37282,0.31868,0.49219,0.47967,0.3906,0.45792,0.62539,0.4135,0.30784
0.67113,0.74926,0.54355,0.64588,0.32376,0.30598,0.51389,0.57462,0.28832,0.33699,0.68369,0.76518,0.65438,0.74931,0.7423,0.69646,0.76994,1,0.32087,0.34773,0,0.19367,0.36749,0.22589,0.086818,0.13559,0.43413,0.44329,0.5782,0.62314,0.49309,0.59159,0.69636,0.72789,0.43337,0.2604,0.1245,0.12045,0,0.26686,0.11314,0.41961,0.60807,0.60375,0.68669,0.5934,0.61946,0.50287,0.64178,0.63294,0.50102,0.63289,0.41693,0.013331,0.37833,0.52449,0.74568,0.74261,0.49349,0.54704,0.68762,0.68769,0.69015,0.86364,0.49567,0.69199,0.60462,0.58997,0.21229,0,0,0.026564,0.60805,0.57399,0.48963,0.31322,0,0,0.61244,0.78612,0.53699,0.75515,0.53002,0.42254,0.54167,0.58505,0.18191,0.32379,0.12744,0.18448,0,0,0,0.041785,0.35328,0.18338,0.37599,0.44517,0.31245,0.47052,0.49773,0.39949,0.51691,0.40785,0.20683,0.11262,0.18494,0.27695,0.28789,0.30233,0.39386,0.27018,0.31281,0.5172,0.2863,0.12026
0.62298,0.55257,0.6185,0.63719,0.39821,0.42398,0.61875,0.60131,0.43089,0.47294,0.46363,0.53133,0.26411,0.44501,0.44471,0.37476,0.38223,0.32087,1,0.93732,0.10124,0.26159,0.70944,0.79492,0.30135,0.45196,0.14839,0.37549,0.29199,0.19032,0.37218,0.44986,0.58003,0.56784,0.41398,0.30684,0.28634,0.0050678,0.15549,0.19851,0.26751,0.30053,0.45971,0.42937,0.42213,0.40023,0.38418,0.38037,0.38127,0.36022,0.36348,0.29459,0.34788,0.3148,0.33738,0.33516,0.48405,0.53934,0.50285,0.47566,0.51062,0.51086,0.45316,0.43376,0.49948,0.45111,0.48429,0.41545,0.64011,0.57117,0,0.105,0.47624,0.3681,0.41677,0.44684,0.21932,0.10011,0.34711,0.20574,0.45543,0.4407,0.36508,0.32874,0.56329,0.48787,0.30803,0.24796,0.41222,0.43625,0.16379,0.15733,0.27402,0.33965,0.26439,0.17051,0.25816,0.31134,0.40698,0.43311,0.3672,0.4411,0.33741,0.35896,0.19614,0.1235,0.033444,0.066362,0.1116,0.30442,0.31362,0.50236,0.31814,0.34497,0.075783,0.029894
0.57323,0.56378,0.55479,0.59804,0.38428,0.38499,0.55543,0.56373,0.40496,0.45072,0.41489,0.4901,0.25185,0.44056,0.41407,0.36031,0.36112,0.34773,0.93732,1,0.056107,0.21023,0.6467,0.76427,0.28982,0.43343,0.14374,0.36835,0.24032,0.17798,0.3495,0.41242,0.52751,0.53254,0.39399,0.30986,0.29502,0,0.19126,0.21838,0.26256,0.26743,0.48134,0.44529,0.44328,0.43698,0.42114,0.42202,0.4062,0.41061,0.36661,0.28369,0.3502,0.33283,0.35562,0.37999,0.49868,0.5769,0.48508,0.4819,0.48604,0.50345,0.41643,0.42003,0.44839,0.39358,0.50147,0.43934,0.73692,0.65842,0,0.1065,0.42428,0.31188,0.33312,0.38193,0.21739,0.10254,0.34561,0.19539,0.50444,0.45616,0.4023,0.39236,0.58638,0.47865,0.35563,0.31596,0.44446,0.46432,0.2359,0.23085,0.34996,0.42974,0.27414,0.22515,0.30038,0.33857,0.48122,0.49725,0.43409,0.5178,0.39777,0.44903,0.21123,0.11226,0.10766,0.15912,0.15196,0.32145,0.34316,0.56495,0.3673,0.3474,0.048016,0.037471
0.0077396,0,0,0,0.30445,0.18136,0,0,0.31365,0.30074,0,0,0,0.019644,0.063259,0.12847,0,0,0.10124,0.056107,1,0.42654,0,0.075633,0.33599,0.34012,0.22797,0.26426,0.046113,0,0.13044,0.11465,0,0,0,0,0.26034,0.046449,0.17645,0.09898,0.060507,0,0,0,0,0.010194,0.0022128,0.0074125,0,0.0088969,0.023986,0,0.1687,0.14914,0.097659,0.018703,0.075932,0.034582,0.13457,0.19142,0.058255,0,0.12842,0,0,0,0,0,0.22521,0.29903,0.31354,0.18567,0,0,0,0,0.21395,0.21348,0,0,0.021757,0.0098676,0,0.10095,0.0010657,0.01882,0.081277,0.089556,0.1908,0.16785,0.24529,0.23091,0.13128,0.080154,0,0.029813,0.065079,0.094193,0,0.015364,0,0.016321,0,0.088688,0,0,0,0,0,0,0.13302,0,0,0,0,0
0.30622,0.26525,0.28803,0.34757,0.30941,0.25232,0.23968,0.26243,0.28269,0.31443,0.17499,0.23929,0.070294,0.27018,0.069293,0.20464,0.085566,0.19367,0.26159,0.21023,0.42654,1,0.22933,0.22607,0,0.013551,0.21761,0.41994,0.026996,0,0.15527,0.29105,0.2108,0.22737,0.19115,0.10148,0,0,0,0,0,0,0.12468,0.1317,0.15154,0.077336,0.12052,0.034053,0.14148,0.1821,0.077128,0.19571,0.099085,0.15709,0,0.10493,0.31105,0.23267,0.24806,0.25523,0.26147,0.22797,0.1474,0.19996,0.022768,0.14183,0.2266,0.18814,0.19281,0.07057,0.37438,0.53804,0.28718,0.33077,0.29628,0.051269,0.069332,0.00069193,0,0.040428,0,0.062804,0,0,0.060174,0.14606,0,0,0,0.1776,0,0,0,0,0,0,0,0.019766,0,0.030223,0.0087826,0.2021,0,0.10562,0,0,0,0,0,0,0.06245,0.017471,0.11318,0.036291,0,0.099644
0.69657,0.57564,0.85335,0.78217,0.38524,0.59455,0.83355,0.74732,0.38988,0.56132,0.56791,0.65238,0.30293,0.47784,0.45854,0.30772,0.43349,0.36749,0.70944,0.6467,0,0.22933,1,0.91436,0.43818,0.56761,0.0058282,0.2381,0.38264,0.18686,0.3404,0.50296,0.71554,0.6875,0.63425,0.41346,0.26398,0.071857,0.15129,0.23123,0.36611,0.46094,0.48812,0.46864,0.56922,0.48514,0.43426,0.37917,0.47866,0.47001,0.4961,0.42622,0.34071,0.33036,0.36372,0.41601,0.48745,0.5079,0.59594,0.48422,0.59231,0.62295,0.53744,0.53869,0.68207,0.62025,0.56789,0.45853,0.41939,0.24005,0,0,0.63958,0.49199,0.64421,0.64216,0.21308,0.16822,0.35679,0.29706,0.39148,0.44903,0.29211,0.25683,0.60568,0.62181,0.29262,0.21968,0.38907,0.53955,0,0,0.298,0.33306,0.27771,0.22561,0.29919,0.37715,0.35757,0.43664,0.28516,0.40454,0.28946,0.17907,0.33579,0.21495,0.036517,0,0.11362,0.39377,0.36185,0.50918,0.54574,0.46349,0.26261,0.09231
0.56555,0.46664,0.69718,0.67541,0.4105,0.54127,0.70495,0.69789,0.40225,0.59297,0.44912,0.58975,0.18937,0.43081,0.33643,0.29205,0.29183,0.22589,0.79492,0.76427,0.075633,0.22607,0.91436,1,0.443,0.61664,0,0.25189,0.23477,0.11032,0.32401,0.4306,0.5916,0.5667,0.55575,0.4119,0.29958,0.072185,0.18589,0.2005,0.34447,0.37506,0.40271,0.3841,0.44689,0.39734,0.33384,0.3222,0.36655,0.3752,0.40404,0.29268,0.33565,0.39089,0.33253,0.35405,0.34766,0.42497,0.47798,0.41449,0.46103,0.56137,0.42524,0.42031,0.61329,0.52233,0.47152,0.37579,0.51631,0.44146,0,0,0.52441,0.36457,0.53396,0.57814,0.32907,0.24131,0.25616,0.17192,0.39012,0.38316,0.23326,0.24828,0.58364,0.52564,0.2837,0.17378,0.4615,0.51686,0.22208,0.16745,0.42737,0.41647,0.18183,0.18354,0.24378,0.30803,0.40636,0.44236,0.31365,0.38964,0.26934,0.23174,0.28355,0.15628,0.052947,0,0.054822,0.32345,0.312,0.5279,0.45633,0.33575,0.14133,0.052277
0.34048,0.23535,0.31805,0.17449,0.5913,0.66011,0.34849,0.2169,0.58151,0.54592,0.18352,0.26473,0,0,0.27723,0.081563,0.1792,0.086818,0.30135,0.28982,0.33599,0,0.43818,0.443,1,0.8869,0.33128,0.38355,0.43635,0.33826,0.20549,0.17479,0.2957,0.24502,0.062358,0,0.45653,0.22851,0.52339,0.51772,0.48062,0.52056,0.33679,0.35141,0.40299,0.49856,0.4129,0.42807,0.27161,0.31927,0.34602,0.24604,0.27554,0.051097,0.49451,0.27448,0.22907,0.22517,0.42844,0.43095,0.33483,0.31223,0.47302,0.1703,0.45334,0.27387,0.093293,0.041444,0.23958,0.29202,0,0,0.14294,0.054972,0.16837,0.2021,0,0.069094,0.45658,0.30336,0.50774,0.37424,0.2814,0.5069,0.50584,0.51911,0.4519,0.49746,0.51998,0.43288,0.068138,0,0.29522,0.22924,0.27668,0.43267,0.40242,0.42783,0.31893,0.27311,0.15749,0.28404,0.2724,0.17368,0.43868,0.22429,0.062112,0,0.3534,0.4429,0.41857,0.31191,0.29978,0.31758,0.20209,0.02582
0.4384,0.33281,0.42172,0.31767,0.63302,0.70085,0.44241,0.37142,0.60305,0.64106,0.30463,0.37687,0,0.15636,0.3622,0.22334,0.20706,0.13559,0.45196,0.43343,0.34012,0.013551,0.56761,0.61664,0.8869,1,0.29747,0.46404,0.37056,0.27014,0.34373,0.34054,0.40741,0.36391,0.28402,0.14436,0.45137,0.17899,0.44504,0.43754,0.41501,0.4528,0.41824,0.37966,0.47732,0.51791,0.4176,0.39762,0.35444,0.37084,0.39874,0.27861,0.34454,0.14396,0.50418,0.34686,0.3274,0.33593,0.48127,0.48654,0.42879,0.42728,0.51807,0.2713,0.52109,0.39471,0.2904,0.23703,0.38016,0.38413,0,0,0.23557,0.13345,0.23339,0.3155,0.078643,0.13022,0.4199,0.27408,0.49527,0.40204,0.2887,0.48223,0.58067,0.55132,0.46001,0.48425,0.55356,0.5054,0.14539,0.080545,0.33077,0.31672,0.28983,0.34774,0.3921,0.42915,0.37154,0.36995,0.27134,0.37048,0.35983,0.30021,0.46877,0.24644,0.13526,0.026353,0.30617,0.4456,0.37927,0.35882,0.31602,0.35307,0.20889,5.1206e-05
0.33481,0.29519,0.13545,0.16661,0.36996,0.29244,0.16683,0.14926,0.30279,0.25476,0.29361,0.41967,0.12797,0.26125,0.54335,0.53461,0.36444,0.43413,0.14839,0.14374,0.22797,0.21761,0.0058282,0,0.33128,0.29747,1,0.74106,0.60936,0.64727,0.53699,0.42122,0.31939,0.34046,0,0,0.079598,0,0.052753,0.21827,0.029201,0.30817,0.28106,0.37893,0.33013,0.40776,0.31028,0.28005,0.37154,0.34574,0.34698,0.39824,0.29643,0.036653,0.27797,0.32103,0.37661,0.29636,0.29277,0.37289,0.39631,0.28879,0.53334,0.34121,0.36107,0.3614,0.11011,0.15582,0.078894,0.011724,0,0.08507,0.12808,0.097066,0.088616,0,0,0,0.61901,0.58641,0.49368,0.62445,0.55954,0.48686,0.34793,0.46151,0.23163,0.3314,0.15749,0.17306,0,0,0,0,0.37228,0.12597,0.20224,0.17909,0.10254,0.1724,0.27942,0.24626,0.29605,0.27468,0.12738,0.091439,0.11583,0.22119,0.30492,0.23032,0.1165,0.018464,0.010363,0.22353,0.092041,0.017077
0.52084,0.51028,0.37499,0.4146,0.65276,0.5574,0.34449,0.36012,0.57108,0.5157,0.3779,0.44531,0.15184,0.36326,0.5259,0.50102,0.33532,0.44329,0.37549,0.36835,0.26426,0.41994,0.2381,0.25189,0.38355,0.46404,0.74106,1,0.41059,0.39218,0.39582,0.40987,0.40233,0.42654,0.17116,0.056756,0.16912,0,0,0.12507,0.049996,0.21027,0.44059,0.4717,0.45533,0.44101,0.44718,0.37553,0.43924,0.42825,0.33957,0.4365,0.25824,0.037616,0.34382,0.37082,0.50474,0.50353,0.37185,0.46483,0.43775,0.36276,0.45936,0.37587,0.30623,0.31621,0.36617,0.37401,0.31241,0.18472,0,0.11911,0.38848,0.37735,0.26343,0.11429,0,0,0.48083,0.38964,0.41065,0.4536,0.33181,0.31129,0.41437,0.45978,0.15156,0.22714,0.24533,0.27635,0,0,0,0.046633,0.23262,0.13128,0.23915,0.31534,0.21828,0.31833,0.35653,0.42965,0.4187,0.45079,0.22096,0.15513,0,0.11868,0.30582,0.22146,0.25215,0.12687,0.15014,0.3323,0.11945,0.056495
0.61402,0.49258,0.48464,0.46033,0.24259,0.42265,0.57813,0.45924,0.25107,0.2686,0.56431,0.64501,0.37152,0.41564,0.7312,0.52254,0.70565,0.5782,0.29199,0.24032,0.046113,0.026996,0.38264,0.23477,0.43635,0.37056,0.60936,0.41059,1,0.83773,0.6264,0.5637,0.6292,0.61382,0.14335,0,0.31524,0.17523,0.27211,0.48502,0.34195,0.69767,0.42576,0.52548,0.52525,0.55682,0.49697,0.44361,0.53257,0.48008,0.51365,0.53817,0.32204,0,0.42939,0.37533,0.52469,0.394,0.52472,0.46873,0.65376,0.49854,0.78471,0.60199,0.68019,0.63242,0.27215,0.26586,0,0,0,0,0.52696,0.44233,0.45837,0.23892,0,0,0.82504,0.74409,0.67673,0.79476,0.72256,0.67998,0.54281,0.65271,0.39409,0.51194,0.22165,0.26135,0,0,0,0.031457,0.6042,0.40703,0.43713,0.47049,0.20757,0.29141,0.33865,0.33906,0.39858,0.23174,0.30977,0.1784,0.19852,0.28285,0.45502,0.48364,0.39727,0.2199,0.30126,0.50483,0.33856,0.17551
0.404,0.38199,0.24454,0.29679,0.16939,0.21255,0.34356,0.34779,0.15788,0.16983,0.47854,0.64894,0.34094,0.41805,0.6435,0.57792,0.63075,0.62314,0.19032,0.17798,0,0,0.18686,0.11032,0.33826,0.27014,0.64727,0.39218,0.83773,1,0.61374,0.49415,0.53057,0.5151,0.066535,0,0.26979,0.2708,0.19433,0.44416,0.25218,0.67877,0.4128,0.53069,0.44669,0.49366,0.46692,0.46073,0.43305,0.39418,0.41486,0.46949,0.31491,0,0.41666,0.3029,0.34955,0.32313,0.31048,0.34215,0.49742,0.45058,0.66599,0.59159,0.60787,0.57007,0.17592,0.19184,0,0,0,0,0.40207,0.40456,0.32974,0.18312,0,0,0.73589,0.82998,0.66666,0.8407,0.72748,0.71705,0.46842,0.51062,0.29563,0.45269,0.16862,0.023375,0,0,0.0033084,0,0.56375,0.32445,0.39789,0.37183,0.24263,0.24894,0.39567,0.24126,0.40082,0.24154,0.24238,0.14532,0.14835,0.25171,0.49885,0.36403,0.36058,0.14839,0.10862,0.42953,0.3554,0.18045
0.49841,0.4694,0.31176,0.43811,0.23312,0.14066,0.4194,0.46204,0.1728,0.18429,0.53745,0.69747,0.44752,0.61797,0.62932,0.62677,0.53313,0.49309,0.37218,0.3495,0.13044,0.15527,0.3404,0.32401,0.20549,0.34373,0.53699,0.39582,0.6264,0.61374,1,0.9149,0.71158,0.69584,0.30201,0.1805,0.19734,0.10186,0.15131,0.34172,0.11452,0.41315,0.39194,0.41418,0.43339,0.39043,0.39162,0.30937,0.53256,0.39993,0.49734,0.43867,0.41179,0.042547,0.40619,0.37927,0.52128,0.45789,0.48019,0.49911,0.63293,0.61303,0.63775,0.6236,0.51798,0.56418,0.37938,0.35266,0.12183,0,0,0.12057,0.37869,0.34891,0.32047,0.17019,0,0,0.48817,0.62022,0.45835,0.67305,0.56597,0.40994,0.45998,0.45757,0.31528,0.31413,0.19741,0.19127,0,0.057714,0,0.088873,0.34238,0.22548,0.3837,0.38973,0.21593,0.29978,0.45812,0.31327,0.40456,0.35887,0.13138,0,0.3209,0.23873,0.1908,0.32444,0.22131,0.12083,0.12471,0.35768,0.074692,0.073428
0.63223,0.60116,0.50123,0.62063,0.33505,0.23395,0.54763,0.57479,0.26841,0.30638,0.68064,0.76722,0.57682,0.73308,0.6801,0.67747,0.61016,0.59159,0.44986,0.41242,0.11465,0.29105,0.50296,0.4306,0.17479,0.34054,0.42122,0.40987,0.5637,0.49415,0.9149,1,0.80254,0.79921,0.47316,0.32116,0.16861,0.045598,0.074551,0.28184,0.12128,0.3606,0.49892,0.49604,0.5568,0.44985,0.47196,0.36142,0.62727,0.47953,0.53283,0.49938,0.40146,0.09224,0.40305,0.46766,0.67488,0.60041,0.58213,0.56235,0.70924,0.67227,0.61561,0.68573,0.50514,0.59776,0.54475,0.49359,0.21421,0,0,0.19676,0.50515,0.46547,0.42543,0.29017,0,0,0.46499,0.60836,0.41677,0.64127,0.52369,0.32538,0.49561,0.53446,0.32569,0.30535,0.1517,0.3049,0,0.0044637,0,0.097394,0.31915,0.20793,0.36422,0.41749,0.21601,0.34974,0.44364,0.35645,0.40598,0.36687,0.15664,0.0094414,0.2877,0.2356,0.14064,0.33147,0.25754,0.16788,0.22277,0.39727,0.095694,0.084541
0.83237,0.76721,0.76671,0.80102,0.41027,0.46269,0.7893,0.77756,0.38522,0.39736,0.75434,0.86729,0.55401,0.72463,0.7272,0.599,0.7212,0.69636,0.58003,0.52751,0,0.2108,0.71554,0.5916,0.2957,0.40741,0.31939,0.40233,0.6292,0.53057,0.71158,0.80254,1,0.97308,0.58447,0.35428,0.14502,0.038892,0.07584,0.29822,0.25039,0.54599,0.60756,0.6126,0.69676,0.59161,0.58197,0.47833,0.68066,0.56198,0.60813,0.61953,0.43958,0.16156,0.45544,0.52643,0.75149,0.6919,0.69237,0.62674,0.81959,0.8017,0.74228,0.81551,0.68965,0.73219,0.63487,0.57634,0.22825,0,0,0,0.71006,0.65804,0.62882,0.51751,0,0,0.60034,0.67042,0.51788,0.70941,0.49517,0.33972,0.64002,0.71593,0.29695,0.28085,0.25136,0.39412,0,0,0,0.080651,0.33189,0.2106,0.37423,0.47091,0.29306,0.42912,0.38711,0.36873,0.41486,0.25273,0.28408,0.1489,0.16304,0.12931,0.22754,0.39932,0.3382,0.30934,0.38993,0.57324,0.28053,0.132
0.83686,0.79138,0.76641,0.81543,0.4304,0.45245,0.78973,0.78095,0.40477,0.38322,0.77307,0.8692,0.58491,0.74188,0.76506,0.63534,0.72205,0.72789,0.56784,0.53254,0,0.22737,0.6875,0.5667,0.24502,0.36391,0.34046,0.42654,0.61382,0.5151,0.69584,0.79921,0.97308,1,0.57645,0.35054,0.14175,0.053977,0.071523,0.29446,0.23404,0.51667,0.56517,0.58911,0.68378,0.57124,0.54971,0.42603,0.66839,0.54962,0.59167,0.58661,0.43186,0.14065,0.43359,0.5292,0.77622,0.72132,0.67563,0.63416,0.80204,0.79667,0.73409,0.83037,0.67495,0.74403,0.65229,0.58787,0.23186,0,0,0.00093606,0.71256,0.66086,0.62103,0.48544,0,0,0.58254,0.66751,0.49486,0.69713,0.51804,0.32648,0.62853,0.70137,0.31295,0.28667,0.24083,0.38649,0,0,0,0.058098,0.32634,0.17741,0.34975,0.45062,0.25204,0.41074,0.41077,0.36528,0.41321,0.2744,0.22168,0.086787,0.16166,0.1519,0.20621,0.39761,0.30729,0.26848,0.36829,0.53675,0.21038,0.10362
0.49982,0.5765,0.63979,0.72374,0.32327,0.24259,0.58087,0.7028,0.31652,0.42823,0.58606,0.58185,0.55955,0.62498,0.52302,0.48628,0.42475,0.43337,0.41398,0.39399,0,0.19115,0.63425,0.55575,0.062358,0.28402,0,0.17116,0.14335,0.066535,0.30201,0.47316,0.58447,0.57645,1,0.87748,0.091351,0.10141,0,0.04976,0.045263,0.12459,0.54302,0.45206,0.60928,0.41285,0.41734,0.32114,0.51129,0.39419,0.46068,0.43556,0.41515,0.33797,0.31543,0.44916,0.43912,0.51786,0.40801,0.30376,0.46468,0.49952,0.37081,0.5188,0.52827,0.50231,0.85565,0.78726,0.33371,0.027622,0,0,0.525,0.47876,0.57204,0.58247,0.33954,0.2527,0.19351,0.2224,0.26372,0.36162,0.21817,0.053424,0.53075,0.46023,0.17358,0.034169,0.2785,0.3595,0.056842,0.12629,0.19677,0.22212,0.12834,0.037454,0.26176,0.33854,0.32671,0.45839,0.37715,0.28435,0.33754,0.27843,0.29822,0.19289,0.24686,0.18779,0.0056103,0.28245,0.2459,0.31216,0.33177,0.44546,0.3059,0
0.27181,0.37382,0.41357,0.53012,0.15051,0.019978,0.3637,0.56288,0.15163,0.28898,0.42689,0.36204,0.48093,0.52669,0.31799,0.39527,0.23303,0.2604,0.30684,0.30986,0,0.10148,0.41346,0.4119,0,0.14436,0,0.056756,0,0,0.1805,0.32116,0.35428,0.35054,0.87748,1,0.073288,0.14758,0,0.0034893,0,0,0.43514,0.34765,0.44283,0.2603,0.2705,0.20505,0.33943,0.20413,0.2831,0.26007,0.32073,0.36687,0.20118,0.33124,0.23445,0.33854,0.13737,0.048232,0.21193,0.27156,0.13769,0.31855,0.32028,0.29552,0.74009,0.7109,0.32519,0.094149,0,0,0.34317,0.33734,0.31435,0.4772,0.47454,0.36491,0.017831,0.052976,0.13962,0.16617,0.050908,0,0.35416,0.23713,0.054248,0,0.20784,0.27681,0.24287,0.29966,0.23481,0.21967,0.012432,0,0.15983,0.23496,0.30576,0.39178,0.33073,0.19094,0.24822,0.27186,0.19009,0.11625,0.23515,0.1964,0,0.18619,0.12021,0.22079,0.18084,0.28422,0.22305,0
0.30899,0.22036,0.1864,0.11211,0.13938,0.33056,0.2305,0.15709,0.13389,0.32371,0.33833,0.17555,0.15268,0.13581,0.31564,0.18513,0.35764,0.1245,0.28634,0.29502,0.26034,0,0.26398,0.29958,0.45653,0.45137,0.079598,0.16912,0.31524,0.26979,0.19734,0.16861,0.14502,0.14175,0.091351,0.073288,1,0.58471,0.7442,0.71321,0.74094,0.56854,0.39924,0.35452,0.39722,0.48184,0.48374,0.50319,0.38389,0.36397,0.45099,0.26712,0.35579,0.2389,0.59967,0.44926,0.18453,0.19564,0.26621,0.22913,0.24294,0.1502,0.34638,0.11268,0.39114,0.18717,0.1809,0.12324,0.25831,0.24074,0,0,0.27507,0.24291,0.24275,0.33879,0.17938,0.23993,0.38636,0.20712,0.58041,0.31828,0.34098,0.57141,0.48649,0.38926,0.48993,0.61584,0.48784,0.39006,0.35313,0.28529,0.54527,0.5381,0.2906,0.66182,0.66919,0.68096,0.60986,0.58785,0.42561,0.48807,0.46266,0.44505,0.43323,0.27075,0.22628,0.34143,0.4041,0.5762,0.6709,0.46719,0.48298,0.40671,0.21648,0.18463
0.02684,0.074235,0.00034951,0.029365,0,0,0.080644,0.11872,0,0.022318,0.23267,0.14279,0.25743,0.092988,0.24127,0.10533,0.25433,0.12045,0.0050678,0,0.046449,0,0.071857,0.072185,0.22851,0.17899,0,0,0.17523,0.2708,0.10186,0.045598,0.038892,0.053977,0.10141,0.14758,0.58471,1,0.50614,0.60582,0.38627,0.48742,0.22081,0.22123,0.2202,0.23869,0.28842,0.31562,0.21472,0.13976,0.29177,0.14333,0.28669,0.017718,0.40449,0.2553,0,0.039017,0.052138,0.083322,0.031965,0.04731,0.19778,0.12556,0.33586,0.18516,0.13298,0.078269,0,0,0,0,0.17404,0.17105,0.14277,0.20198,0.21687,0.32609,0.18117,0.25145,0.33997,0.22301,0.20479,0.32818,0.24969,0.12535,0.25437,0.35466,0.32385,0.054325,0.33335,0.22232,0.4124,0.30056,0.20202,0.43544,0.4966,0.49222,0.40677,0.35908,0.41443,0.20857,0.36351,0.26689,0.30904,0.13582,0.20312,0.33008,0.16797,0.4472,0.47465,0.21464,0.31003,0.29424,0.22936,0.10027
0.21494,0.11408,0.10747,0,0.14092,0.27975,0.13534,0.053863,0.11543,0.17295,0.18285,0.030815,0,0,0.15809,0,0.19565,0,0.15549,0.19126,0.17645,0,0.15129,0.18589,0.52339,0.44504,0.052753,0,0.27211,0.19433,0.15131,0.074551,0.07584,0.071523,0,0,0.7442,0.50614,1,0.87689,0.76039,0.4833,0.29595,0.26323,0.37862,0.54303,0.45397,0.43139,0.28557,0.28686,0.39626,0.17274,0.37319,0.13125,0.63402,0.43197,0.12273,0.09553,0.22284,0.22106,0.18478,0.08706,0.3466,0,0.3159,0.10505,0.040398,0.033916,0.25841,0.25902,0,0,0.052106,0,0,0.070581,0.045823,0.11093,0.40628,0.18589,0.57799,0.23783,0.30281,0.53846,0.46976,0.4366,0.59959,0.67872,0.59219,0.50638,0.31351,0.25096,0.44846,0.43942,0.29761,0.68549,0.68734,0.64473,0.52091,0.45227,0.2083,0.3279,0.28336,0.29719,0.38557,0.23889,0.24154,0.24198,0.42094,0.66153,0.4609,0.33316,0.3862,0.3192,0.1271,0.17953
0.3985,0.33093,0.26164,0.19081,0.19357,0.30943,0.28226,0.23706,0.17456,0.22192,0.37858,0.28654,0.13617,0.14088,0.42462,0.24689,0.44812,0.26686,0.19851,0.21838,0.09898,0,0.23123,0.2005,0.51772,0.43754,0.21827,0.12507,0.48502,0.44416,0.34172,0.28184,0.29822,0.29446,0.04976,0.0034893,0.71321,0.60582,0.87689,1,0.70299,0.64361,0.47594,0.45781,0.57608,0.69095,0.61611,0.57702,0.50444,0.46732,0.55976,0.3976,0.46183,0.075501,0.71286,0.58717,0.33233,0.30578,0.35972,0.38123,0.39353,0.27786,0.54729,0.2408,0.4924,0.3358,0.23412,0.23687,0.20845,0.098825,0,0,0.22027,0.1523,0.13864,0.13679,0,0.00089727,0.59053,0.44095,0.70894,0.46982,0.49872,0.67276,0.58977,0.59503,0.67219,0.74795,0.55564,0.51249,0.1554,0.13703,0.33341,0.3384,0.38594,0.71727,0.7462,0.7718,0.53776,0.56185,0.37009,0.35317,0.41567,0.34262,0.43222,0.23966,0.32934,0.34725,0.46995,0.71287,0.55484,0.38121,0.43963,0.45626,0.23537,0.25968
0.40818,0.16307,0.32983,0.14863,0.10862,0.40123,0.31952,0.16837,0.069707,0.26802,0.36075,0.20897,0,0.03619,0.19226,0.10808,0.31522,0.11314,0.26751,0.26256,0.060507,0,0.36611,0.34447,0.48062,0.41501,0.029201,0.049996,0.34195,0.25218,0.11452,0.12128,0.25039,0.23404,0.045263,0,0.74094,0.38627,0.76039,0.70299,1,0.66183,0.34975,0.33721,0.45432,0.53899,0.44121,0.37434,0.25761,0.25765,0.28424,0.17679,0.15341,0.20463,0.40947,0.35566,0.19115,0.085096,0.26924,0.16027,0.2542,0.15802,0.3734,0.067918,0.4035,0.25999,0.077188,0.037307,0.19148,0.10673,0,0,0.347,0.33345,0.25662,0.35944,0,0.053179,0.39688,0.24178,0.51719,0.30961,0.27106,0.49323,0.44709,0.54863,0.43155,0.57714,0.32596,0.48014,0.084713,0.024526,0.36802,0.3104,0.19964,0.59489,0.52318,0.55406,0.39888,0.39342,0.1856,0.38579,0.27067,0.15986,0.31249,0.18088,0.052511,0.094163,0.30197,0.51159,0.49421,0.37741,0.53449,0.40458,0.17861,0.26709
0.531,0.3615,0.46244,0.36832,0.13794,0.41909,0.51962,0.43087,0.13162,0.2679,0.56567,0.54245,0.28132,0.30015,0.52299,0.34631,0.62455,0.41961,0.30053,0.26743,0,0,0.46094,0.37506,0.52056,0.4528,0.30817,0.21027,0.69767,0.67877,0.41315,0.3606,0.54599,0.51667,0.12459,0,0.56854,0.48742,0.4833,0.64361,0.66183,1,0.43046,0.50488,0.52871,0.56511,0.51172,0.49962,0.46652,0.39067,0.49281,0.39211,0.28391,0.050011,0.48089,0.33449,0.313,0.23695,0.41998,0.34035,0.48054,0.40071,0.61608,0.43999,0.67761,0.53176,0.20399,0.14439,0,0,0,0,0.55714,0.50211,0.4918,0.44555,0,0,0.67156,0.59483,0.67226,0.65054,0.51854,0.638,0.56299,0.64615,0.33628,0.52789,0.2993,0.26308,0,0,0.22946,0.17623,0.44617,0.49042,0.48925,0.52997,0.37402,0.37853,0.35,0.30853,0.40703,0.15168,0.42091,0.25836,0.096074,0.16295,0.38875,0.53941,0.49654,0.35115,0.47731,0.57261,0.42304,0.33053
0.63268,0.67499,0.61534,0.63667,0.40664,0.43416,0.53436,0.57129,0.39641,0.47162,0.65698,0.54924,0.48957,0.52409,0.62031,0.47958,0.66527,0.60807,0.45971,0.48134,0,0.12468,0.48812,0.40271,0.33679,0.41824,0.28106,0.44059,0.42576,0.4128,0.39194,0.49892,0.60756,0.56517,0.54302,0.43514,0.39924,0.22081,0.29595,0.47594,0.34975,0.43046,1,0.91567,0.88792,0.84623,0.9211,0.86509,0.80467,0.71131,0.68509,0.70078,0.57064,0.26797,0.72699,0.7424,0.62941,0.67183,0.56301,0.53469,0.65507,0.52287,0.58149,0.53763,0.56463,0.48588,0.72457,0.73368,0.44556,0.17097,0,0,0.50053,0.48019,0.42112,0.40246,0.034314,0.066097,0.63803,0.58539,0.71258,0.65888,0.49769,0.49561,0.77793,0.70103,0.41306,0.49623,0.53047,0.47215,0.080606,0.064006,0.30919,0.34958,0.39937,0.50265,0.675,0.71347,0.69878,0.73,0.59996,0.55528,0.66019,0.52917,0.58218,0.42595,0.36995,0.38603,0.44924,0.56654,0.63135,0.56992,0.52269,0.72411,0.4863,0.1868
0.61722,0.63731,0.60967,0.63718,0.35267,0.37968,0.57577,0.60704,0.36873,0.42851,0.70621,0.57969,0.49361,0.49867,0.62914,0.50796,0.6973,0.60375,0.42937,0.44529,0,0.1317,0.46864,0.3841,0.35141,0.37966,0.37893,0.4717,0.52548,0.53069,0.41418,0.49604,0.6126,0.58911,0.45206,0.34765,0.35452,0.22123,0.26323,0.45781,0.33721,0.50488,0.91567,1,0.84273,0.8194,0.82812,0.82517,0.75357,0.63173,0.62883,0.65195,0.46635,0.2103,0.65212,0.65555,0.56599,0.59995,0.46903,0.44284,0.60175,0.48922,0.56123,0.52401,0.63426,0.50081,0.62366,0.65061,0.30263,0.084254,0,0,0.53371,0.51724,0.42421,0.39663,0,0,0.71472,0.67832,0.75005,0.71536,0.55262,0.48647,0.76646,0.72873,0.34324,0.4337,0.45184,0.43609,0.018232,0.045698,0.24391,0.29645,0.40337,0.4285,0.57443,0.61986,0.60134,0.60344,0.58708,0.50457,0.61719,0.46439,0.53372,0.36306,0.35819,0.33735,0.44882,0.55201,0.5233,0.46922,0.48495,0.69836,0.47796,0.20366
0.76795,0.7569,0.7262,0.6968,0.43511,0.51835,0.64701,0.65471,0.40692,0.49497,0.75598,0.66555,0.49554,0.57966,0.69631,0.54617,0.7282,0.68669,0.42213,0.44328,0,0.15154,0.56922,0.44689,0.40299,0.47732,0.33013,0.45533,0.52525,0.44669,0.43339,0.5568,0.69676,0.68378,0.60928,0.44283,0.39722,0.2202,0.37862,0.57608,0.45432,0.52871,0.88792,0.84273,1,0.93883,0.88176,0.74708,0.84868,0.76747,0.73926,0.72996,0.59183,0.23575,0.71361,0.76509,0.73957,0.7142,0.64882,0.60461,0.74719,0.62089,0.72222,0.625,0.67233,0.61196,0.76688,0.75257,0.41916,0.063895,0,0,0.59553,0.52304,0.49558,0.41099,0,0,0.69508,0.65146,0.74464,0.71361,0.52237,0.48888,0.84799,0.86698,0.47689,0.52951,0.51523,0.61166,0,0,0.22007,0.29903,0.39267,0.4849,0.65686,0.7389,0.59901,0.71007,0.51466,0.54516,0.59984,0.47349,0.54045,0.35324,0.32602,0.3296,0.39351,0.62105,0.56388,0.49878,0.6005,0.7329,0.42741,0.21938
0.69972,0.671,0.6223,0.55043,0.42579,0.55239,0.58038,0.52795,0.41189,0.45769,0.62959,0.55413,0.33964,0.40614,0.62653,0.42876,0.66561,0.5934,0.40023,0.43698,0.010194,0.077336,0.48514,0.39734,0.49856,0.51791,0.40776,0.44101,0.55682,0.49366,0.39043,0.44985,0.59161,0.57124,0.41285,0.2603,0.48184,0.23869,0.54303,0.69095,0.53899,0.56511,0.84623,0.8194,0.93883,1,0.87495,0.79774,0.82358,0.80525,0.76787,0.72417,0.65491,0.29249,0.77112,0.78804,0.67679,0.64204,0.63803,0.61024,0.71227,0.55729,0.72926,0.52315,0.65198,0.54053,0.61268,0.62545,0.46071,0.20558,0,0,0.45513,0.3795,0.35732,0.29694,0,0,0.7625,0.66291,0.82097,0.71269,0.54978,0.60951,0.83682,0.86295,0.56203,0.64633,0.61349,0.67478,0.070385,0.080199,0.30507,0.37309,0.41841,0.56226,0.70417,0.74256,0.64869,0.71741,0.46705,0.56372,0.56948,0.48269,0.55134,0.38496,0.32266,0.31763,0.47215,0.64231,0.58072,0.51063,0.5967,0.66449,0.37263,0.22468
