1,0.74389,0.36524,0.43429,0.34654,0.27771,0.6344,0.56118,0.42069,0.39853,0.49585,0.60996,0.53879,0.48915,0.40605,0.43149,0.35888,0.38121,0.50965,0.70761,0.25801,0.30742,0.48121,0.5178,0.19861,0.24089,0.42537,0.42822,0.066645,0,0.17321,0.50604,0.74096,0.76504,0.59012,0.58144,0.31888,0.2106,0.37365,0.38231,0.048391,0,0.66979,0.70125,0.62692,0.65691,0.69039,0.64629,0.70385,0.62356,0.64638,0.53378,0.5037,0.47511,0.64616,0.7061,0.92151,0.70435,0.74296,0.50805,0.84839,0.63064,0.42698,0.48803,0.61869,0.72834,0.72148,0.6973,0.80953,0.76419,0.096341,0.26949,0.047717,0.061232,0.24687,0.29641,0.14878,0.23356,0.26304,0.23991,0.25273,0.51312,0.30157,0.41414,0.59765,0.66067,0.35332,0.48182,0.39515,0.72228,0.32886,0.46391,0.33901,0.69383,0,0,0.40223,0.59489,0.54633,0.66616,0.36111,0.6419,0.38226,0.55815,0.025661,0.096967,0.11135,0.059498,0,0.14285,0.55401,0.26315,0.4982,0.38365,0,0
0.74389,1,0.2536,0.59816,0.49032,0.48371,0.23144,0.60495,0.42662,0.35094,0.33016,0.72462,0.33695,0.49849,0.4244,0.26393,0.20077,0.53537,0.42533,0.66235,0.16332,0.25464,0.46761,0.52556,0.40838,0.39097,0.53792,0.50294,0,0.12182,0.38213,0.39482,0.62282,0.67222,0.46599,0.44239,0.20033,0.10634,0.21421,0.28498,0,0,0.6737,0.74061,0.60877,0.6745,0.72648,0.70677,0.75302,0.68377,0.73466,0.6329,0.61741,0.52569,0.66804,0.58073,0.75426,0.92731,0.61842,0.6574,0.64908,0.59901,0.22582,0.30606,0.53176,0.76146,0.64975,0.69938,0.83575,0.8358,0.09368,0,0,0.040738,0.20428,0.058876,0.019959,0.0017984,0.20763,0.30758,0.3086,0.40348,0.33317,0.26524,0.71613,0.58326,0.31736,0.24778,0.60645,0.49487,0.46121,0.32863,0.47208,0.4105,0,0.018044,0.54331,0.53098,0.5071,0.58614,0.57578,0.39443,0.56105,0.36436,0.17502,0.021508,0.27425,0,0.061442,0.16422,0.32467,0.10935,0.47402,0.49526,0,0
0.36524,0.2536,1,0.73155,0.15131,0.50963,0.69529,0.60025,0,0.43369,0.091002,0.37226,0.28851,0.41974,0,0.25846,0,0.11983,0.38266,0.39957,0,0,0.7538,0.65668,0.53877,0.52967,0.20235,0.27689,0,0.10042,0.39977,0.23936,0.28797,0.39004,0.14587,0.25682,0,0,0,0,0,0,0.36009,0.33914,0.2759,0.35084,0.27299,0.33862,0.44986,0.46633,0.37882,0.53247,0.23418,0.39927,0,0.29245,0.31594,0.20306,0.082858,0,0.4055,0.31763,0.25306,0.36585,0.33287,0.37349,0.12964,0.23798,0.18004,0.20923,0,0.078031,0.048833,0.039211,0.23106,0.21495,0.05706,0.18442,0,0.033063,0,0.31799,0,0.2498,0.044799,0.36691,0,0,0,0.40675,0.17712,0.45622,0.17226,0.41933,0.15124,0.19486,0.25802,0.42829,0.18067,0.2881,0,0.16878,0,0.088112,0,0.056282,0,0,0,0.36316,0.24828,0.33944,0.23799,0.20609,0.27569,0
0.43429,0.59816,0.73155,1,0.38159,0.70201,0.46776,0.81016,0.22596,0.54035,0.15058,0.60156,0.23847,0.50706,0.12649,0.2025,0,0.26121,0.32256,0.55811,0.010318,0.15328,0.81412,0.8145,0.67846,0.65476,0.46964,0.41561,0,0.13359,0.51419,0.30751,0.37563,0.49666,0.21742,0.35107,0.028881,0.0055028,0.023564,0.1199,0,0.029868,0.49886,0.49158,0.38499,0.4652,0.50032,0.53272,0.60333,0.60943,0.60345,0.65709,0.48066,0.49675,0.29398,0.41039,0.37688,0.55366,0.281,0.34841,0.45551,0.53844,0.17029,0.29508,0.34435,0.55412,0.3732,0.46873,0.42266,0.50222,0.14149,0.078404,0,0.070198,0.24164,0.083193,0.091,0.15441,0,0.074977,0.052934,0.2797,0.099445,0.20328,0.31266,0.42909,0,0.018468,0.40891,0.37133,0.46255,0.4724,0.46042,0.35789,0.15407,0.16426,0.47659,0.48918,0.39444,0.42668,0.16115,0.17294,0.18421,0.099889,0.12084,0,0.043628,0,0.026347,0.36593,0.33078,0.30632,0.3011,0.32177,0.085535,0
0.34654,0.49032,0.15131,0.38159,1,0.58179,0.19722,0.40657,0.80921,0.65189,0.31619,0.40444,0.20591,0.060766,0.5902,0.18296,0.093651,0.34349,0.092224,0.14791,0.45653,0.48597,0.51124,0.50775,0.53202,0.45723,0.80437,0.75433,0,0.010407,0.38363,0.53512,0.3985,0.32651,0.2395,0.30994,0.2274,0.10251,0.041339,0.06881,0,0,0.41188,0.39494,0.36323,0.40315,0.43973,0.38383,0.44409,0.44679,0.54977,0.3521,0.41666,0.29458,0.50165,0.32536,0.4004,0.56651,0.59164,0.63501,0.38071,0.40578,0.052102,0.21016,0.37362,0.54765,0.64173,0.59027,0.4687,0.48765,0.28084,0.22912,0.066642,0.15757,0.32743,0.157,0,0,0.17909,0.45889,0.27562,0.21548,0.42072,0.12927,0.4238,0.23621,0.32037,0.26505,0.66704,0.35075,0.58643,0.41541,0.27115,0.24315,0.015412,0.1018,0.34373,0.39868,0.2907,0.32873,0.56282,0.3646,0.58473,0.42254,0.1666,0.06124,0.63299,0.10712,0.28416,0.15173,0.2865,0.15638,0.31713,0.39111,0,0.046963
0.27771,0.48371,0.50963,0.70201,0.58179,1,0.13885,0.50362,0.3363,0.67072,0.12211,0.4667,0.10525,0.35195,0.18869,0.083028,0,0.29332,0,0.20265,0.11884,0.26884,0.6912,0.73042,0.87894,0.85531,0.61927,0.68236,0,0.03778,0.54186,0.26855,0.2345,0.30207,0.094198,0.20688,0,0,0,0.04877,0,0,0.46652,0.49015,0.39282,0.49824,0.50274,0.57749,0.61089,0.65184,0.61943,0.6684,0.46592,0.53665,0.34593,0.42709,0.38912,0.59182,0.40271,0.46176,0.36622,0.36437,0.019784,0.12233,0.2722,0.51059,0.38678,0.44994,0.42474,0.46477,0.089036,0.0014529,0,0,0.15864,0,0,0,0,0.1849,0.07099,0.17959,0.16227,0.15831,0.28373,0.30315,0.0098354,0.069916,0.42361,0.26657,0.46705,0.38904,0.24414,0.23505,0.21553,0.29692,0.40979,0.51084,0.29486,0.39719,0.28731,0.22951,0.39974,0.27569,0.22077,0.13674,0.24992,0,0.082041,0.18573,0.11307,0.12889,0.33009,0.43191,0.053582,0.15118
0.6344,0.23144,0.69529,0.46776,0.19722,0.13885,1,0.58474,0.29541,0.40277,0.38506,0.3347,0.54084,0.35695,0.21469,0.41887,0.19467,0.093619,0.50448,0.50113,0.13501,0.11221,0.58826,0.48375,0.13842,0.15038,0.18748,0.18642,0.18928,0.0028483,0.22229,0.5095,0.5444,0.56793,0.37649,0.42347,0.13238,0.06557,0.12274,0.11949,0.084721,0,0.36088,0.30826,0.33672,0.32365,0.30047,0.26792,0.35704,0.30533,0.30431,0.28509,0.17917,0.20719,0.20269,0.37782,0.48266,0.16657,0.35369,0.066362,0.61849,0.45915,0.46904,0.52908,0.52046,0.4109,0.39314,0.37941,0.27163,0.28842,0.066754,0.38466,0.26425,0.19289,0.36504,0.43499,0.23426,0.38285,0.13057,0.10092,0.024978,0.37765,0.032707,0.29863,0.18918,0.39167,0,0.23857,0.10418,0.54374,0.20902,0.52713,0.22774,0.6096,0,0,0.1748,0.39951,0.34646,0.41656,0,0.44102,0,0.31085,0,0.0038951,0,0,0,0.25599,0.56403,0.4067,0.29668,0.14394,0.107,0
0.56118,0.60495,0.60025,0.81016,0.40657,0.50362,0.58474,1,0.3536,0.55205,0.30284,0.6422,0.39565,0.60919,0.27631,0.39245,0,0.36108,0.44646,0.61024,0.0476,0.24001,0.72799,0.69437,0.41696,0.4028,0.39363,0.3703,0,0.015801,0.46002,0.50584,0.56199,0.64553,0.31526,0.4219,0.10861,0.11135,0.1165,0.19799,0.073909,0,0.44463,0.45101,0.38051,0.42888,0.42996,0.43129,0.51814,0.48638,0.5033,0.47977,0.3642,0.36243,0.3531,0.41267,0.47451,0.55609,0.47555,0.43698,0.62985,0.73475,0.34526,0.52241,0.48025,0.61804,0.52667,0.54382,0.45312,0.5675,0.16599,0.33049,0,0.21828,0.3103,0.23951,0.19141,0.28018,0,0.18322,0.059765,0.36058,0.25783,0.30435,0.38432,0.50352,0.16531,0.20392,0.41562,0.46298,0.33386,0.46651,0.39418,0.5024,0,0,0.32374,0.39835,0.3739,0.42453,0.26969,0.34789,0.26192,0.24765,0.09409,0.0083987,0.14218,0,0.05381,0.31011,0.37566,0.20067,0.25366,0.30041,0,0
0.42069,0.42662,0,0.22596,0.80921,0.3363,0.29541,0.3536,1,0.54903,0.49274,0.34193,0.34465,0.12229,0.75182,0.29948,0.13338,0.24022,0.12863,0.19844,0.47545,0.58697,0.33282,0.34211,0.26054,0.21795,0.64137,0.55278,0.041023,0,0.17785,0.47005,0.39621,0.31957,0.35502,0.37256,0.41036,0.25275,0.23057,0.18913,0.038988,0,0.35136,0.31671,0.29278,0.29788,0.41541,0.31286,0.33511,0.3012,0.45521,0.21307,0.38259,0.22704,0.56929,0.33033,0.41765,0.49967,0.66497,0.647,0.46751,0.46845,0.14951,0.22196,0.46082,0.48153,0.69584,0.58099,0.48327,0.4998,0.36039,0.34404,0.15817,0.23767,0.35566,0.29633,0.13052,0.13687,0.22246,0.34853,0.28122,0.16813,0.49755,0.12377,0.47369,0.2284,0.4508,0.36759,0.64931,0.35492,0.55616,0.44221,0.29024,0.29445,0,0,0.22356,0.27851,0.3735,0.39552,0.55773,0.40803,0.59451,0.42671,0.19505,0.059097,0.58073,0.12525,0.26555,0.06553,0.39228,0.21083,0.34117,0.30851,0,0
0.39853,0.35094,0.43369,0.54035,0.65189,0.67072,0.40277,0.55205,0.54903,1,0.29732,0.51511,0.37173,0.37903,0.426,0.42518,0,0.27889,0,0.22425,0.36128,0.54693,0.74311,0.74266,0.59533,0.65202,0.68063,0.63676,0,0,0.33506,0.56797,0.35959,0.36,0.2063,0.21569,0.21682,0.29051,0.22701,0.29326,0,0,0.40157,0.41527,0.33497,0.40734,0.43676,0.41166,0.44109,0.56167,0.52388,0.4477,0.46129,0.47512,0.45074,0.4386,0.44995,0.46541,0.64619,0.57098,0.54496,0.56587,0.16632,0.37022,0.3883,0.54515,0.58859,0.52604,0.40555,0.4449,0.166,0.40013,0.063516,0.13598,0.17798,0.21295,0,0.11845,0,0.3785,0.050511,0.27275,0.20857,0.2512,0.28521,0.45481,0.21192,0.42853,0.48129,0.54417,0.46417,0.64005,0.052245,0.40271,0,0.048183,0.2106,0.51239,0.30584,0.43874,0.32512,0.47965,0.37487,0.47471,0.067268,0.083614,0.45942,0.0088026,0.030341,0.029262,0.33925,0.27493,0.41214,0.40793,0.018474,0
0.49585,0.33016,0.091002,0.15058,0.31619,0.12211,0.38506,0.30284,0.49274,0.29732,1,0.27703,0.63229,0.20721,0.63303,0.24721,0.43477,0.36867,0.18401,0.18653,0.13291,0.33106,0.21132,0.15613,0.12344,0.14498,0.2557,0.23339,0.36203,0.04103,0.28824,0.53326,0.47811,0.40105,0.33677,0.2033,0.28007,0.13847,0.12677,0.089088,0,0,0.1878,0.20945,0.1981,0.25727,0.24105,0.18441,0.26719,0.25255,0.30866,0.10067,0.17893,0.059693,0.30988,0.16812,0.41319,0.35143,0.43222,0.34877,0.59826,0.45979,0.5315,0.43438,0.47817,0.30579,0.42218,0.30812,0.27843,0.29441,0.23966,0.2393,0.24942,0.28962,0.22664,0.16312,0.060315,0.085543,0.34277,0.33461,0.40991,0.16939,0.26441,0.044822,0.52528,0.17221,0.18638,0.15883,0.2878,0.1285,0.19415,0.20899,0.104,0.21061,0,0,0.15632,0.26952,0.27277,0.27596,0.28298,0.23942,0.32481,0.22266,0.074203,0,0.32841,0.1204,0.119,0.0032215,0.42976,0.20399,0.28536,0.26288,0,0
0.60996,0.72462,0.37226,0.60156,0.40444,0.4667,0.3347,0.6422,0.34193,0.51511,0.27703,1,0.3707,0.65437,0.2897,0.43867,0.13298,0.54436,0.22704,0.51513,0.062427,0.23857,0.61529,0.6503,0.49704,0.48517,0.47452,0.3859,0.003132,0.32489,0.36893,0.40979,0.55587,0.57595,0.21584,0.28103,0.047404,0.10303,0.11385,0.19878,0,0,0.55179,0.60704,0.47718,0.57958,0.56406,0.56201,0.62653,0.65924,0.59082,0.57959,0.49716,0.4639,0.51673,0.52423,0.59202,0.73234,0.58359,0.60189,0.59499,0.68962,0.25644,0.5032,0.41089,0.70437,0.56027,0.59696,0.60576,0.61223,0.10635,0.20438,0,0.0076672,0.12805,0.11764,0,0,0.16428,0.34438,0.21717,0.48927,0.30262,0.46793,0.48984,0.62147,0.25937,0.27559,0.41323,0.56356,0.33406,0.42985,0.30859,0.48565,0,0.043912,0.41832,0.53941,0.38627,0.48238,0.4314,0.44738,0.44539,0.3826,0.25601,0.19796,0.25324,0,0.12606,0.27594,0.39135,0.20615,0.40053,0.42101,0,0
0.53879,0.33695,0.28851,0.23847,0.20591,0.10525,0.54084,0.39565,0.34465,0.37173,0.63229,0.3707,1,0.45374,0.50457,0.39237,0.4004,0.28126,0.36369,0.42592,0.079782,0.23694,0.33839,0.27919,0.095596,0.092464,0.18759,0.14364,0.31104,0.037808,0.20961,0.44619,0.51746,0.4836,0.33719,0.28331,0.20248,0.21351,0.14793,0.17056,0,0,0.30337,0.29978,0.2756,0.29719,0.32391,0.27077,0.30929,0.29304,0.31584,0.17125,0.2815,0.19694,0.28207,0.26845,0.48549,0.29068,0.37669,0.19674,0.68819,0.51315,0.62414,0.5628,0.56114,0.42124,0.3757,0.3201,0.28509,0.27717,0.22633,0.38341,0.26856,0.23987,0.17493,0.29005,0.093265,0.20858,0.28559,0.20465,0.28146,0.3341,0.13463,0.16467,0.47383,0.41803,0.074179,0.21417,0.18467,0.37264,0.1952,0.36254,0.10807,0.37131,0,0,0.25013,0.39168,0.37809,0.36326,0.1805,0.28764,0.16263,0.21414,0,0,0.096486,0,0.099906,0.15751,0.51416,0.37505,0.39786,0.37499,0.015512,0
0.48915,0.49849,0.41974,0.50706,0.060766,0.35195,0.35695,0.60919,0.12229,0.37903,0.20721,0.65437,0.45374,1,0.14186,0.59465,0.0076768,0.29415,0.32889,0.52818,0.036529,0.16695,0.50583,0.53271,0.26767,0.29575,0.083366,0.092985,0,0.012364,0.28762,0.22544,0.41156,0.50721,0.29623,0.27769,0.037265,0.048293,0.12537,0.20224,0.0036681,0.024519,0.43246,0.43059,0.35749,0.39478,0.45119,0.46063,0.49714,0.48419,0.41607,0.51334,0.33005,0.47071,0.31937,0.48249,0.48911,0.45633,0.35041,0.23263,0.59607,0.51843,0.33121,0.41091,0.44639,0.52173,0.31363,0.38913,0.38922,0.41613,0.0023998,0.18651,0.0089669,0,0.060355,0.16276,0.089825,0.16983,0,0.0078444,0,0.40261,0.12961,0.35854,0.3227,0.57318,0.086819,0.23847,0.13461,0.48996,0.13938,0.37092,0.19326,0.46658,0,0.091265,0.27099,0.37228,0.36196,0.40742,0.075408,0.28263,0.079946,0.21646,0.082807,0.072362,0,0,0,0.25992,0.22455,0.12312,0.21395,0.30583,0,0
0.40605,0.4244,0,0.12649,0.5902,0.18869,0.21469,0.27631,0.75182,0.426,0.63303,0.2897,0.50457,0.14186,1,0.42369,0.30172,0.34473,0.19626,0.18059,0.40736,0.51606,0.2195,0.22225,0.13199,0.12081,0.56259,0.48549,0.24983,0.046764,0.17643,0.51618,0.39038,0.30805,0.40668,0.2974,0.4879,0.3349,0.2835,0.2388,0.030585,0.012279,0.29851,0.27495,0.28497,0.26037,0.34374,0.21213,0.27789,0.24018,0.42004,0.11463,0.39429,0.14705,0.53963,0.22014,0.40536,0.4508,0.54059,0.52301,0.47767,0.42419,0.27711,0.1811,0.49567,0.45314,0.55836,0.44031,0.41328,0.42675,0.27926,0.31518,0.25951,0.38173,0.24425,0.25159,0.029909,0.10128,0.42691,0.44254,0.48627,0.25235,0.54492,0.21072,0.67991,0.29184,0.43827,0.40425,0.59741,0.28897,0.42383,0.32334,0.27176,0.29557,0,0,0.19427,0.25513,0.30775,0.30444,0.60039,0.3826,0.55354,0.34343,0.19033,0,0.52403,0.12721,0.22998,0,0.31548,0.17296,0.39102,0.40622,0,0
0.43149,0.26393,0.25846,0.2025,0.18296,0.083028,0.41887,0.39245,0.29948,0.42518,0.24721,0.43867,0.39237,0.59465,0.42369,1,0.19195,0.31596,0.40345,0.46435,0.38509,0.43579,0.3262,0.3475,0,0.046158,0.20939,0.20839,0.23274,0.096505,0.083811,0.43293,0.41542,0.39083,0.3581,0.26979,0.28522,0.34191,0.2594,0.29121,0.12824,0.22627,0.32004,0.25527,0.29526,0.25065,0.25854,0.16975,0.25326,0.30411,0.28795,0.23554,0.22225,0.30555,0.35697,0.38013,0.37818,0.21077,0.47121,0.2574,0.44177,0.41752,0.36148,0.39889,0.43659,0.47364,0.43588,0.38205,0.29954,0.33222,0.12644,0.49303,0.313,0.30746,0.13089,0.42463,0.19972,0.38478,0.27001,0.37316,0.25055,0.61617,0.39501,0.63268,0.38533,0.59241,0.38195,0.52941,0.1514,0.62144,0.14011,0.49465,0.046823,0.48921,0,0.038943,0.093686,0.26023,0.30416,0.37602,0.19081,0.45757,0.12416,0.40828,0.073431,0.20098,0.14092,0.24606,0.035992,0.15931,0.27272,0.187,0.27427,0.25509,0,0
0.35888,0.20077,0,0,0.093651,0,0.19467,0,0.13338,0,0.43477,0.13298,0.4004,0.0076768,0.30172,0.19195,1,0.54432,0.38948,0.24727,0.079396,0.012943,0,0,0,0,0.066181,0.033707,0.69626,0.36456,0.14401,0.29211,0.45055,0.35229,0.3054,0.22474,0.095397,0.00060586,0,0,0,0,0.3145,0.26047,0.41866,0.37003,0.21646,0.16952,0.32166,0.22346,0.2639,0.074395,0.15018,0.025303,0.26405,0.1459,0.32321,0.18481,0.24664,0.047639,0.35322,0.15474,0.64367,0.34124,0.46228,0.32198,0.30369,0.27011,0.19223,0.09054,0.013154,0.088034,0.22959,0.14433,0.15955,0.10495,0,0,0.80755,0.42308,0.69408,0.48657,0.3452,0.30912,0.44995,0.22614,0.18664,0.092007,0.087908,0.1404,0.077289,0.049579,0.13197,0.22313,0.0046595,0.085556,0.39153,0.30396,0.2987,0.26491,0.18092,0.19485,0.18628,0.1752,0.19752,0.01647,0.12771,0.27317,0.22945,0.26492,0.4295,0.33274,0.2916,0.2153,0,0
0.38121,0.53537,0.11983,0.26121,0.34349,0.29332,0.093619,0.36108,0.24022,0.27889,0.36867,0.54436,0.28126,0.29415,0.34473,0.31596,0.54432,1,0.30891,0.38295,0.080379,0.1229,0.27351,0.29471,0.31588,0.29346,0.33467,0.32673,0.38449,0.45357,0.39299,0.46685,0.53542,0.4553,0.24745,0.20995,0.0038155,0.027338,0,0.045169,0,0,0.47442,0.49246,0.55498,0.59267,0.36235,0.35804,0.54036,0.53342,0.44281,0.34878,0.25262,0.2228,0.4146,0.29352,0.42058,0.57776,0.43487,0.42263,0.38252,0.4408,0.44809,0.50613,0.45137,0.57372,0.4777,0.49069,0.43249,0.42532,0,0.11795,0.040902,0.17718,0.073221,0.029641,0,0,0.61236,0.73793,0.54868,0.65553,0.41342,0.44246,0.50984,0.49935,0.31434,0.1989,0.25465,0.27521,0.13527,0.16339,0.10627,0.27908,0.062592,0.21846,0.44052,0.44231,0.28578,0.36444,0.4116,0.31211,0.46011,0.29173,0.28917,0.14666,0.38367,0.25336,0.185,0.24315,0.30523,0.15389,0.326,0.38774,0,0.038713
0.50965,0.42533,0.38266,0.32256,0.092224,0,0.50448,0.44646,0.12863,0,0.18401,0.22704,0.36369,0.32889,0.19626,0.40345,0.38948,0.30891,1,0.74606,0.066152,0,0.26298,0.2286,0,0,0.063894,0.082952,0.25878,0.1087,0.20808,0.26286,0.54412,0.54903,0.45192,0.46961,0.031795,0,0.015556,0.031677,0.099844,0.10132,0.33999,0.27336,0.40768,0.31189,0.20039,0.1622,0.38275,0.17811,0.22317,0.1431,0.08932,0.099956,0.18624,0.2409,0.35912,0.21713,0.1944,0,0.46006,0.29309,0.46567,0.32813,0.56314,0.41954,0.31101,0.36807,0.3183,0.29344,0.00032888,0.11352,0.20606,0.27998,0.28038,0.34915,0.21444,0.25421,0.30358,0.16841,0.21325,0.41225,0.24027,0.38165,0.35233,0.32366,0.21354,0.18201,0.11002,0.35304,0.063344,0.1954,0.29359,0.42746,0.077361,0.080336,0.267,0.24884,0.27829,0.29557,0.14426,0.23947,0.059345,0.19088,0,0,0,0.14476,0.13713,0.42451,0.30554,0.17646,0.16857,0.13364,0,0
0.70761,0.66235,0.39957,0.55811,0.14791,0.20265,0.50113,0.61024,0.19844,0.22425,0.18653,0.51513,0.42592,0.52818,0.18059,0.46435,0.24727,0.38295,0.74606,1,0.15758,0.1934,0.41229,0.46526,0.12312,0.14145,0.21883,0.20141,0.052463,0.046112,0.27214,0.3452,0.60288,0.68408,0.51926,0.52415,0.2027,0.18194,0.3004,0.34137,0.18894,0.17403,0.51409,0.49318,0.5131,0.46305,0.49076,0.44213,0.55265,0.44607,0.48006,0.4173,0.36943,0.42589,0.46642,0.562,0.60304,0.51103,0.47155,0.33115,0.59269,0.52418,0.41901,0.43599,0.5433,0.63523,0.53063,0.57351,0.61206,0.62176,0.12357,0.2065,0.078484,0.16329,0.21156,0.28728,0.26825,0.31874,0.17854,0.18428,0.2071,0.52473,0.26218,0.44171,0.45314,0.60524,0.33888,0.35979,0.25662,0.57308,0.26474,0.39499,0.36262,0.53912,0.05653,0.057908,0.4196,0.44367,0.53427,0.59741,0.27705,0.41608,0.25018,0.34385,0.050069,0.036796,0,0.12365,0.026109,0.26615,0.41313,0.21978,0.37354,0.30067,0,0
0.25801,0.16332,0,0.010318,0.45653,0.11884,0.13501,0.0476,0.47545,0.36128,0.13291,0.062427,0.079782,0.036529,0.40736,0.38509,0.079396,0.080379,0.066152,0.15758,1,0.71762,0.19275,0.2745,0.049842,0.092242,0.4218,0.3796,0.075591,0,0.016137,0.32716,0.16241,0.09743,0.25474,0.17184,0.47529,0.42364,0.39328,0.42575,0.38085,0.076336,0.27983,0.18543,0.27359,0.19968,0.34723,0.22392,0.26377,0.22111,0.31611,0.12336,0.25735,0.16487,0.44808,0.39795,0.31617,0.18805,0.41699,0.30972,0.17331,0.049337,0,0,0.12701,0.23055,0.44801,0.36916,0.36903,0.33052,0.31777,0.38207,0.20275,0.045054,0.065755,0.14886,0.12889,0.17745,0.12087,0.33494,0.15772,0.22237,0.31791,0.24717,0.21319,0.26543,0.51229,0.53622,0.32013,0.41398,0.41934,0.40275,0.12899,0.33148,0,0.062128,0.14789,0.28832,0.40859,0.36249,0.37063,0.44238,0.29729,0.50674,0.098213,0.21623,0.3335,0.35472,0.128,0,0.23764,0.26194,0.30438,0.27441,0,0
0.30742,0.25464,0,0.15328,0.48597,0.26884,0.11221,0.24001,0.58697,0.54693,0.33106,0.23857,0.23694,0.16695,0.51606,0.43579,0.012943,0.1229,0,0.1934,0.71762,1,0.28553,0.38444,0.1695,0.23309,0.56942,0.50708,0,0,0.031878,0.39186,0.17991,0.15361,0.33417,0.26545,0.51894,0.46858,0.41168,0.45661,0.18568,0.09448,0.25936,0.23638,0.24584,0.21347,0.36882,0.27065,0.2674,0.30545,0.3882,0.17503,0.37265,0.22827,0.50802,0.38513,0.37125,0.34142,0.57725,0.5143,0.34613,0.29824,0.027883,0.13895,0.24424,0.3249,0.55749,0.41203,0.43925,0.44329,0.58767,0.60582,0.20609,0.21508,0.11427,0.20008,0.19626,0.27103,0.040029,0.34472,0.2035,0.17353,0.33495,0.19755,0.36145,0.30239,0.47902,0.53096,0.50035,0.4102,0.49971,0.46903,0.11183,0.32754,0,0,0.15017,0.31217,0.39414,0.37968,0.4731,0.49919,0.47296,0.55041,0.19257,0.21635,0.46835,0.21407,0.15217,0,0.35765,0.26434,0.404,0.37257,0,0
0.48121,0.46761,0.7538,0.81412,0.51124,0.6912,0.58826,0.72799,0.33282,0.74311,0.21132,0.61529,0.33839,0.50583,0.2195,0.3262,0,0.27351,0.26298,0.41229,0.19275,0.28553,1,0.93681,0.72774,0.70586,0.56752,0.50917,0,0.040611,0.50186,0.48918,0.46835,0.50599,0.22076,0.35292,0.043261,0.065449,0.053359,0.15579,0,0,0.55687,0.52943,0.45639,0.53574,0.51967,0.55508,0.63359,0.66277,0.58344,0.62449,0.42726,0.48186,0.30526,0.49263,0.46705,0.49543,0.43056,0.37118,0.56121,0.4976,0.13512,0.33628,0.40817,0.58096,0.46191,0.52955,0.39162,0.42868,0.12871,0.28991,0.037356,0.073828,0.18928,0.16899,0,0.10921,0,0.19679,0,0.31379,0.13196,0.31622,0.22919,0.46009,0.033771,0.22934,0.34129,0.50839,0.42571,0.59371,0.30307,0.52224,0.011618,0.17039,0.36287,0.60512,0.37109,0.42351,0.16173,0.38022,0.18587,0.31073,0.055597,0.06553,0.13488,0,0.055656,0.35289,0.41329,0.31167,0.31499,0.33142,0.14508,0
0.5178,0.52556,0.65668,0.8145,0.50775,0.73042,0.48375,0.69437,0.34211,0.74266,0.15613,0.6503,0.27919,0.53271,0.22225,0.3475,0,0.29471,0.2286,0.46526,0.2745,0.38444,0.93681,1,0.74114,0.74704,0.63152,0.58592,0,0,0.43874,0.46164,0.42879,0.46072,0.2338,0.34558,0.13171,0.13941,0.18991,0.3035,0,0,0.61903,0.60384,0.51422,0.58392,0.58997,0.60161,0.68139,0.71632,0.64833,0.69102,0.47751,0.5765,0.42625,0.60488,0.54068,0.56622,0.50604,0.46975,0.52938,0.49757,0.039611,0.25394,0.35873,0.64204,0.5243,0.59308,0.51813,0.5368,0.14895,0.31395,0,0.012013,0.10595,0.1327,0,0.090966,0,0.20497,0,0.35881,0.19965,0.3817,0.26741,0.55916,0.17877,0.36891,0.37789,0.59445,0.42334,0.57139,0.27755,0.53548,0.07972,0.23458,0.40923,0.64088,0.4129,0.48792,0.22389,0.43772,0.24724,0.37154,0.10694,0.12675,0.16868,0,0.026108,0.2885,0.3764,0.28331,0.38128,0.37012,0.041297,0
0.19861,0.40838,0.53877,0.67846,0.53202,0.87894,0.13842,0.41696,0.26054,0.59533,0.12344,0.49704,0.095596,0.26767,0.13199,0,0,0.31588,0,0.12312,0.049842,0.1695,0.72774,0.74114,1,0.94832,0.61904,0.58775,0,0.20282,0.597,0.29094,0.22649,0.2788,0.035943,0.13765,0,0,0,0.0045079,0,0,0.47913,0.50741,0.41769,0.5384,0.47374,0.56343,0.58871,0.66837,0.60325,0.6657,0.40854,0.48123,0.25665,0.34471,0.30707,0.52195,0.27323,0.36811,0.28152,0.26607,0,0.10729,0.22286,0.44717,0.31904,0.41217,0.33468,0.31972,0.07871,0,0,0,0.09434,0,0,0,0,0.24276,0.1088,0.18446,0.1055,0.15966,0.22299,0.26518,0,0,0.30415,0.17359,0.3819,0.33617,0.1703,0.15807,0.22022,0.30579,0.44914,0.54716,0.23426,0.332,0.18013,0.14122,0.29176,0.17023,0.21287,0.12432,0.23405,0,0.11303,0.27007,0.17051,0.1505,0.28011,0.37672,0.14445,0.12863
0.24089,0.39097,0.52967,0.65476,0.45723,0.85531,0.15038,0.4028,0.21795,0.65202,0.14498,0.48517,0.092464,0.29575,0.12081,0.046158,0,0.29346,0,0.14145,0.092242,0.23309,0.70586,0.74704,0.94832,1,0.59374,0.57841,0,0.12628,0.52936,0.30151,0.18586,0.25343,0.065307,0.10989,0.0030241,0,0.040344,0.12021,0,0.0096997,0.43459,0.48343,0.37811,0.48567,0.46008,0.54009,0.54935,0.66198,0.59818,0.65943,0.42211,0.52602,0.29155,0.38572,0.35339,0.50967,0.32895,0.39395,0.30502,0.29079,0,0.08943,0.19139,0.4507,0.32621,0.38211,0.3848,0.36437,0.094645,0.036475,0,0,0.084718,0,0,0,0,0.24234,0.065979,0.20243,0.072937,0.17406,0.21606,0.32715,0,0.074377,0.28822,0.22678,0.36124,0.37178,0.092602,0.16252,0.15211,0.24466,0.3851,0.51223,0.25281,0.38265,0.16218,0.18602,0.2619,0.21074,0.16474,0.12474,0.20652,0,0,0.12654,0.17051,0.12817,0.28218,0.34347,0.093113,0.1089
0.42537,0.53792,0.20235,0.46964,0.80437,0.61927,0.18748,0.39363,0.64137,0.68063,0.2557,0.47452,0.18759,0.083366,0.56259,0.20939,0.066181,0.33467,0.063894,0.21883,0.4218,0.56942,0.56752,0.63152,0.61904,0.59374,1,0.8877,0,0.0034913,0.36299,0.56321,0.41118,0.38366,0.2797,0.30049,0.30499,0.26171,0.24195,0.29784,0,0,0.51723,0.56678,0.51359,0.54467,0.54013,0.49475,0.53681,0.59075,0.63377,0.451,0.50828,0.3753,0.57497,0.3995,0.50287,0.6331,0.64442,0.68661,0.43611,0.39868,0,0.12817,0.40041,0.59318,0.66524,0.6169,0.56414,0.56259,0.32135,0.3031,0.071722,0.14842,0.2042,0.13697,0,0,0.17732,0.46949,0.30444,0.24756,0.39104,0.23443,0.49011,0.36382,0.33867,0.39615,0.65535,0.44679,0.55,0.44823,0.23598,0.32829,0,0.036677,0.38611,0.53516,0.30756,0.38826,0.57208,0.47863,0.58365,0.48242,0.16199,0.12389,0.54684,0,0.24188,0.090083,0.33351,0.16697,0.46057,0.44,0,0.059664
0.42822,0.50294,0.27689,0.41561,0.75433,0.68236,0.18642,0.3703,0.55278,0.63676,0.23339,0.3859,0.14364,0.092985,0.48549,0.20839,0.033707,0.32673,0.082952,0.20141,0.3796,0.50708,0.50917,0.58592,0.58775,0.57841,0.8877,1,0,0,0.33049,0.50042,0.3406,0.31823,0.2439,0.27278,0.20301,0.16019,0.18307,0.24134,0,0,0.48956,0.53842,0.45536,0.48828,0.51717,0.47004,0.52662,0.55157,0.63362,0.48018,0.46932,0.4321,0.54975,0.44573,0.54363,0.60292,0.61036,0.60175,0.41095,0.32738,0,0.079621,0.35065,0.55616,0.59226,0.54765,0.56276,0.59575,0.21656,0.23829,0,0.077917,0.14093,0.069108,0,0,0.11343,0.43857,0.23641,0.27424,0.35947,0.26367,0.45345,0.39878,0.31478,0.41338,0.54757,0.4831,0.44471,0.34802,0.16398,0.31101,0.058528,0.12501,0.32105,0.49282,0.25883,0.36435,0.49162,0.46081,0.54984,0.49112,0.14915,0.18942,0.48931,0.023367,0.18369,0.0036268,0.19165,0.096702,0.42891,0.45839,0,0.18691
0.066645,0,0,0,0,0,0.18928,0,0.041023,0,0.36203,0.003132,0.31104,0,0.24983,0.23274,0.69626,0.38449,0.25878,0.052463,0.075591,0,0,0,0,0,0,0,1,0.53774,0.22141,0.31212,0.21473,0.13064,0.14614,0.023804,0,0,0,0,0.055414,0.016591,0.0098123,0,0.14245,0.080525,0,0,0,0,0,0,0,0,0,0,0.011332,0,0,0,0.098928,0,0.53398,0.24358,0.26493,0.006916,0.031226,0,0,0,0.064905,0.11988,0.4391,0.25267,0.10015,0.15226,0,0,0.71911,0.46189,0.58726,0.36216,0.27048,0.2879,0.17429,0,0.050743,0,0,0,0,0,0,0.04802,0,0.0093936,0.14179,0.093372,0.052132,0,0,0.048736,0,0.06858,0.23957,0.14473,0.12654,0.25701,0.26173,0.21257,0.26851,0.21574,0.052845,0,0.097023,0
0,0.12182,0.10042,0.13359,0.010407,0.03778,0.0028483,0.015801,0,0,0.04103,0.32489,0.037808,0.012364,0.046764,0.096505,0.36456,0.45357,0.1087,0.046112,0,0,0.040611,0,0.20282,0.12628,0.0034913,0,0.53774,1,0.27984,0.078072,0.13336,0.12219,0,0,0,0,0,0,0,0.030947,0.045041,0.037544,0.13576,0.15756,0,0.012442,0.050279,0.079704,0.024219,0.026223,0.0040277,0,0,0,0,0.095063,0,0,0,0.062391,0.24034,0.20423,0.079864,0.083528,0,0.032211,0,0,0,0,0.26673,0.21866,0.1459,0.057974,0,0,0.52043,0.32849,0.436,0.3047,0.16955,0.2622,0.18343,0.019617,0,0,0.037018,0,0.036753,0.0015758,0.14795,0,0.12076,0.0613,0.25558,0.076802,0,0,0.068407,0,0.090151,0,0.27371,0.094325,0.1007,0,0.18367,0.28554,0.16561,0.089098,0.047491,0.03658,0.087017,0.14473
0.17321,0.38213,0.39977,0.51419,0.38363,0.54186,0.22229,0.46002,0.17785,0.33506,0.28824,0.36893,0.20961,0.28762,0.17643,0.083811,0.14401,0.39299,0.20808,0.27214,0.016137,0.031878,0.50186,0.43874,0.597,0.52936,0.36299,0.33049,0.22141,0.27984,1,0.60098,0.44234,0.49537,0.20858,0.17771,0,0,0,0,0,0,0.26231,0.29533,0.36997,0.39638,0.25413,0.34677,0.38633,0.36739,0.28846,0.28686,0.043302,0.16466,0.13544,0.11354,0.16588,0.34804,0.19734,0.24799,0.33797,0.31646,0.2955,0.26351,0.47174,0.37856,0.28479,0.34993,0.14783,0.2322,0.13734,0,0.17681,0.19977,0.32592,0.054584,0,0,0.20379,0.24587,0.16092,0.10792,0.079602,0.0058597,0.21179,0.079857,0,0,0.14421,0,0.24135,0.21801,0.21167,0.10553,0,0,0.32098,0.32123,0.25155,0.27281,0.22258,0.13821,0.23177,0.13287,0.14165,0,0.18654,0.041399,0.088579,0.2062,0.2861,0.060874,0.18827,0.27163,0,0
0.50604,0.39482,0.23936,0.30751,0.53512,0.26855,0.5095,0.50584,0.47005,0.56797,0.53326,0.40979,0.44619,0.22544,0.51618,0.43293,0.29211,0.46685,0.26286,0.3452,0.32716,0.39186,0.48918,0.46164,0.29094,0.30151,0.56321,0.50042,0.31212,0.078072,0.60098,1,0.64497,0.57826,0.40518,0.29697,0.23603,0.24473,0.24,0.25405,0.085071,0,0.33345,0.36173,0.43843,0.42447,0.33294,0.28382,0.35647,0.37076,0.34599,0.17181,0.1735,0.14822,0.4199,0.30929,0.45817,0.39739,0.59702,0.47214,0.57025,0.49716,0.39067,0.46504,0.56576,0.48705,0.61145,0.52164,0.35848,0.41085,0.28464,0.49303,0.36118,0.36969,0.33898,0.33449,0.024539,0.15403,0.36621,0.51571,0.29968,0.34608,0.26584,0.2484,0.37746,0.32664,0.27352,0.3353,0.31743,0.35756,0.26888,0.43875,0.090162,0.44226,0,0,0.20445,0.39278,0.36329,0.42125,0.37687,0.55329,0.37107,0.49163,0.023896,0.015774,0.43526,0.12877,0.13641,0.015331,0.50933,0.17396,0.40448,0.3044,0,0
0.74096,0.62282,0.28797,0.37563,0.3985,0.2345,0.5444,0.56199,0.39621,0.35959,0.47811,0.55587,0.51746,0.41156,0.39038,0.41542,0.45055,0.53542,0.54412,0.60288,0.16241,0.17991,0.46835,0.42879,0.22649,0.18586,0.41118,0.3406,0.21473,0.13336,0.44234,0.64497,1,0.93012,0.54915,0.56996,0.16404,0.13685,0.21483,0.22098,0,0,0.63728,0.63916,0.70373,0.72027,0.54634,0.55832,0.6236,0.59357,0.50613,0.40272,0.32482,0.31464,0.51557,0.50952,0.69506,0.60787,0.65166,0.49629,0.75406,0.63052,0.53468,0.61453,0.68344,0.68927,0.73466,0.75113,0.5776,0.55941,0.049515,0.24422,0.15789,0.186,0.31863,0.26482,0.13123,0.19247,0.44103,0.41836,0.3786,0.53701,0.36056,0.38409,0.54171,0.51514,0.31426,0.34095,0.33561,0.50256,0.27064,0.4177,0.3069,0.55398,0,0,0.39725,0.59681,0.50002,0.5802,0.40169,0.51223,0.39269,0.46226,0.067534,0.044108,0.20853,0.17672,0.14134,0.26606,0.5781,0.22,0.38082,0.41191,0,0
0.76504,0.67222,0.39004,0.49666,0.32651,0.30207,0.56793,0.64553,0.31957,0.36,0.40105,0.57595,0.4836,0.50721,0.30805,0.39083,0.35229,0.4553,0.54903,0.68408,0.09743,0.15361,0.50599,0.46072,0.2788,0.25343,0.38366,0.31823,0.13064,0.12219,0.49537,0.57826,0.93012,1,0.63443,0.67353,0.19048,0.10522,0.23262,0.22623,0,0,0.66723,0.68259,0.72032,0.73151,0.60051,0.63548,0.66102,0.61889,0.55581,0.4664,0.36865,0.35362,0.51446,0.52958,0.71371,0.64093,0.61052,0.44476,0.79807,0.68465,0.55257,0.62183,0.73296,0.72626,0.71894,0.76808,0.5947,0.59924,0.04222,0.15166,0.092035,0.12126,0.35295,0.26039,0.24054,0.28502,0.36737,0.27757,0.30562,0.50601,0.27713,0.3402,0.54546,0.53712,0.20364,0.26217,0.34929,0.48949,0.34866,0.45623,0.40426,0.57867,0,0,0.44397,0.59385,0.53533,0.62559,0.35596,0.49893,0.35289,0.4392,0.076164,0.045136,0.08935,0.093748,0.026037,0.26431,0.583,0.24101,0.36973,0.40049,0,0
0.59012,0.46599,0.14587,0.21742,0.2395,0.094198,0.37649,0.31526,0.35502,0.2063,0.33677,0.21584,0.33719,0.29623,0.40668,0.3581,0.3054,0.24745,0.45192,0.51926,0.25474,0.33417,0.22076,0.2338,0.035943,0.065307,0.2797,0.2439,0.14614,0,0.20858,0.40518,0.54915,0.63443,1,0.83506,0.45803,0.31842,0.38723,0.4031,0.12994,0.069986,0.48948,0.47968,0.63561,0.50864,0.50891,0.48987,0.4745,0.37938,0.45873,0.25771,0.29119,0.22191,0.49225,0.42023,0.55172,0.42585,0.46056,0.26421,0.63173,0.42982,0.39571,0.3538,0.73557,0.59151,0.63347,0.64883,0.51234,0.47346,0.15544,0.12932,0.13027,0.16098,0.27662,0.18838,0.47423,0.47014,0.3977,0.20496,0.31912,0.37231,0.26229,0.18707,0.56026,0.39765,0.27825,0.31061,0.31837,0.34287,0.39732,0.43747,0.3424,0.39765,0,0,0.36021,0.36972,0.54001,0.57134,0.25161,0.3657,0.24425,0.35283,0.15535,0.13124,0.10343,0.23949,0,0.0060582,0.4978,0.27099,0.36438,0.26844,0,0
0.58144,0.44239,0.25682,0.35107,0.30994,0.20688,0.42347,0.4219,0.37256,0.21569,0.2033,0.28103,0.28331,0.27769,0.2974,0.26979,0.22474,0.20995,0.46961,0.52415,0.17184,0.26545,0.35292,0.34558,0.13765,0.10989,0.30049,0.27278,0.023804,0,0.17771,0.29697,0.56996,0.67353,0.83506,1,0.30176,0.15461,0.2623,0.23373,0.088124,0,0.5492,0.49609,0.64064,0.54251,0.50447,0.54627,0.52311,0.4153,0.44096,0.32921,0.31868,0.22022,0.45315,0.45403,0.53019,0.4523,0.44747,0.28721,0.59526,0.48852,0.35577,0.39931,0.6374,0.59688,0.64695,0.70559,0.5046,0.4843,0.16347,0.16066,0.056645,0.039736,0.31559,0.19217,0.48478,0.48964,0.29567,0.080675,0.23616,0.38283,0.28235,0.25094,0.42142,0.36753,0.23111,0.24605,0.36394,0.37435,0.50946,0.4964,0.5065,0.52344,0,0,0.38168,0.39542,0.55842,0.55952,0.23522,0.40106,0.27903,0.37302,0.22785,0.23302,0.047621,0.17505,0,0.18639,0.55054,0.36259,0.30637,0.22087,0.10661,0
0.31888,0.20033,0,0.028881,0.2274,0,0.13238,0.10861,0.41036,0.21682,0.28007,0.047404,0.20248,0.037265,0.4879,0.28522,0.095397,0.0038155,0.031795,0.2027,0.47529,0.51894,0.043261,0.13171,0,0.0030241,0.30499,0.20301,0,0,0,0.23603,0.16404,0.19048,0.45803,0.30176,1,0.65767,0.69076,0.63795,0.39967,0.26705,0.28415,0.25124,0.23771,0.16119,0.43048,0.27802,0.15379,0.13399,0.38229,0.11482,0.37137,0.21814,0.54819,0.3258,0.27497,0.22278,0.36538,0.35392,0.29078,0.21486,0.095053,0,0.25971,0.29172,0.43869,0.35019,0.33466,0.3558,0.29932,0.24349,0.052721,0.20874,0.11492,0.093299,0.34864,0.35434,0.17649,0.15304,0.31511,0.13733,0.32916,0.11533,0.49925,0.33457,0.44043,0.41046,0.41553,0.25304,0.43318,0.32131,0.31646,0.15819,0,0,0.25786,0.22764,0.44733,0.41417,0.39443,0.28117,0.31833,0.28227,0.19381,0.041333,0.19255,0.22032,0,0,0.36346,0.19192,0.33413,0.28742,0,0
0.2106,0.10634,0,0.0055028,0.10251,0,0.06557,0.11135,0.25275,0.29051,0.13847,0.10303,0.21351,0.048293,0.3349,0.34191,0.00060586,0.027338,0,0.18194,0.42364,0.46858,0.065449,0.13941,0,0,0.26171,0.16019,0,0,0,0.24473,0.13685,0.10522,0.31842,0.15461,0.65767,1,0.67855,0.8189,0.37873,0.45852,0.23501,0.21704,0.21092,0.12902,0.34805,0.1929,0.049514,0.12225,0.22907,0.034176,0.35597,0.22629,0.4563,0.32924,0.19367,0.13994,0.35713,0.34838,0.21289,0.24551,0.053847,0.052116,0.10361,0.20954,0.393,0.28667,0.25016,0.26749,0.18477,0.36412,0.061007,0.16222,0,0.075983,0.27411,0.36832,0.09457,0.24576,0.24819,0.24847,0.30849,0.30878,0.36752,0.43975,0.5299,0.56469,0.28696,0.34952,0.22933,0.36227,0.091825,0.17022,0,0,0.13105,0.23472,0.34346,0.35902,0.33129,0.28957,0.22215,0.2544,0.12376,0.10331,0.17996,0.17654,0.012854,0,0.28855,0.20156,0.33358,0.29083,0,0
0.37365,0.21421,0,0.023564,0.041339,0,0.12274,0.1165,0.23057,0.22701,0.12677,0.11385,0.14793,0.12537,0.2835,0.2594,0,0,0.015556,0.3004,0.39328,0.41168,0.053359,0.18991,0,0.040344,0.24195,0.18307,0,0,0,0.24,0.21483,0.23262,0.38723,0.2623,0.69076,0.67855,1,0.88987,0.42767,0.16344,0.30434,0.32435,0.30206,0.20793,0.45041,0.32583,0.15023,0.14837,0.27655,0.10945,0.35887,0.29503,0.65139,0.50376,0.37307,0.28125,0.45754,0.47828,0.27873,0.22811,0,0,0.12391,0.25945,0.48477,0.41265,0.46472,0.49769,0.11413,0.21904,0,0,0,0.00045301,0.22217,0.25488,0.070809,0.047166,0.11408,0.13161,0.32073,0.25078,0.35478,0.41419,0.60481,0.63879,0.37588,0.39274,0.2694,0.28767,0.20767,0.26121,0,0,0.17055,0.26079,0.41701,0.47838,0.34649,0.37791,0.28682,0.30187,0.10579,0.072325,0.080351,0.18984,0,0,0.30183,0,0.29624,0.20091,0,0
0.38231,0.28498,0,0.1199,0.06881,0.04877,0.11949,0.19799,0.18913,0.29326,0.089088,0.19878,0.17056,0.20224,0.2388,0.29121,0,0.045169,0.031677,0.34137,0.42575,0.45661,0.15579,0.3035,0.0045079,0.12021,0.29784,0.24134,0,0,0,0.25405,0.22098,0.22623,0.4031,0.23373,0.63795,0.8189,0.88987,1,0.40612,0.30511,0.40237,0.41571,0.38843,0.30114,0.53208,0.39587,0.2601,0.27231,0.36476,0.22249,0.43096,0.37247,0.61901,0.56488,0.40464,0.33691,0.46128,0.47382,0.30507,0.24417,0,0,0.13012,0.3185,0.48421,0.44351,0.48017,0.49622,0.090427,0.25957,0,0,0,0,0.19147,0.25897,0.019946,0.13841,0.11922,0.22756,0.28975,0.34671,0.40441,0.53948,0.59136,0.69645,0.3565,0.47737,0.24309,0.33016,0.16581,0.28442,0,0,0.22499,0.37618,0.44172,0.49578,0.32948,0.37173,0.25858,0.30387,0.10202,0.11596,0.081294,0.13724,0,0,0.28326,0.047802,0.37881,0.29657,0,0
0.048391,0,0,0,0,0,0.084721,0.073909,0.038988,0,0,0,0,0.0036681,0.030585,0.12824,0,0,0.099844,0.18894,0.38085,0.18568,0,0,0,0,0,0,0.055414,0,0,0.085071,0,0,0.12994,0.088124,0.39967,0.37873,0.42767,0.40612,1,0.41466,0,0,0,0,0.020027,0,0,0,0,0,0,0,0.14809,0.15741,0.014017,0,0.083444,0.0030461,0,0,0.06317,0,0,0,0.061274,0,0.040747,0.11749,0.21833,0.24879,0.12935,0.17589,0.056575,0.14904,0.30917,0.26885,0,0,0,0.030641,0.24003,0.16162,0,0.06563,0.38349,0.26098,0.018194,0.067728,0.026806,0.052008,0.17133,0.15976,0.0002928,0,0.018536,0,0.267,0.11973,0,0.14126,0,0.1269,0.17212,0.14109,0,0.2882,0,0,0.069655,0,0,0.01995,0.0059038,0
0,0,0,0.029868,0,0,0,0,0,0,0,0,0,0.024519,0.012279,0.22627,0,0,0.10132,0.17403,0.076336,0.09448,0,0,0,0.0096997,0,0,0.016591,0.030947,0,0,0,0,0.069986,0,0.26705,0.45852,0.16344,0.30511,0.41466,1,0,0,0,0,0,0,0,0,0.011467,0,0.034086,0.037887,0,0,0,0,0,0,0,0,0,0,0,0.015184,0,0,0,0,0.091872,0.094024,0.16194,0.32601,0.029232,0.13557,0.25175,0.28202,0,0.027056,0.13064,0.18868,0.19279,0.24963,0.13189,0.19522,0.1775,0.093043,0,0,0,0,0.041412,0,0.13525,0.11111,0.060054,0,0.092841,0.03447,0.050688,0,0,0,0.13482,0.02545,0,0.097113,0,0.00026403,0,0,0.036773,0.091894,0,0
0.66979,0.6737,0.36009,0.49886,0.41188,0.46652,0.36088,0.44463,0.35136,0.40157,0.1878,0.55179,0.30337,0.43246,0.29851,0.32004,0.3145,0.47442,0.33999,0.51409,0.27983,0.25936,0.55687,0.61903,0.47913,0.43459,0.51723,0.48956,0.0098123,0.045041,0.26231,0.33345,0.63728,0.66723,0.48948,0.5492,0.28415,0.23501,0.30434,0.40237,0,0,1,0.94473,0.86882,0.89955,0.89886,0.87771,0.88011,0.84799,0.84034,0.80215,0.63734,0.63109,0.71457,0.79783,0.74012,0.73306,0.55808,0.49572,0.60822,0.46809,0.27595,0.30084,0.52587,0.77337,0.66515,0.79501,0.66632,0.62306,0,0.047691,0,0,0.032623,0,0.00084652,0.072284,0.32524,0.33773,0.33357,0.60621,0.41759,0.49993,0.5952,0.74792,0.33352,0.45374,0.44728,0.66772,0.46119,0.47036,0.42866,0.54296,0.13203,0.29269,0.63111,0.7857,0.62507,0.71224,0.35981,0.45985,0.39232,0.4367,0.23973,0.18766,0.14971,0.13928,0.1358,0.32223,0.45054,0.32169,0.49934,0.55797,0,0
0.70125,0.74061,0.33914,0.49158,0.39494,0.49015,0.30826,0.45101,0.31671,0.41527,0.20945,0.60704,0.29978,0.43059,0.27495,0.25527,0.26047,0.49246,0.27336,0.49318,0.18543,0.23638,0.52943,0.60384,0.50741,0.48343,0.56678,0.53842,0,0.037544,0.29533,0.36173,0.63916,0.68259,0.47968,0.49609,0.25124,0.21704,0.32435,0.41571,0,0,0.94473,1,0.83873,0.92206,0.88336,0.90304,0.86001,0.85898,0.82412,0.79826,0.62127,0.63847,0.70994,0.75156,0.7832,0.79865,0.58726,0.53879,0.63772,0.49883,0.21946,0.32912,0.54094,0.78409,0.66296,0.77558,0.7244,0.68165,0,0.0099125,0,0,0.046011,0,0,0.0063974,0.28231,0.3366,0.27856,0.53861,0.31585,0.3903,0.59993,0.73439,0.2714,0.39442,0.4312,0.64313,0.39921,0.43026,0.33509,0.4829,0.067037,0.16467,0.60073,0.76766,0.53669,0.68661,0.38318,0.46081,0.4125,0.43481,0.19954,0.19111,0.20073,0.067532,0.030868,0.2144,0.43549,0.23372,0.54957,0.55221,0,0
0.62692,0.60877,0.2759,0.38499,0.36323,0.39282,0.33672,0.38051,0.29278,0.33497,0.1981,0.47718,0.2756,0.35749,0.28497,0.29526,0.41866,0.55498,0.40768,0.5131,0.27359,0.24584,0.45639,0.51422,0.41769,0.37811,0.51359,0.45536,0.14245,0.13576,0.36997,0.43843,0.70373,0.72032,0.63561,0.64064,0.23771,0.21092,0.30206,0.38843,0,0,0.86882,0.83873,1,0.93395,0.74173,0.76813,0.83788,0.7835,0.68415,0.6237,0.43698,0.42973,0.62853,0.65349,0.69564,0.67504,0.5662,0.47073,0.6135,0.43458,0.31831,0.35298,0.65448,0.76966,0.71398,0.82937,0.63976,0.58859,0,0.091385,0,0,0.069266,0.028963,0.05394,0.11914,0.47452,0.42142,0.39836,0.59892,0.39745,0.48594,0.57196,0.61858,0.35043,0.4288,0.37461,0.52157,0.38689,0.40776,0.34509,0.53482,0.048051,0.17894,0.57807,0.70973,0.56937,0.65669,0.3844,0.51678,0.40703,0.46958,0.24648,0.21325,0.1693,0.18131,0.085193,0.25727,0.49338,0.26153,0.45603,0.45879,0,0
0.65691,0.6745,0.35084,0.4652,0.40315,0.49824,0.32365,0.42888,0.29788,0.40734,0.25727,0.57958,0.29719,0.39478,0.26037,0.25065,0.37003,0.59267,0.31189,0.46305,0.19968,0.21347,0.53574,0.58392,0.5384,0.48567,0.54467,0.48828,0.080525,0.15756,0.39638,0.42447,0.72027,0.73151,0.50864,0.54251,0.16119,0.12902,0.20793,0.30114,0,0,0.89955,0.92206,0.93395,1,0.78127,0.84317,0.89271,0.89675,0.7552,0.74955,0.49582,0.51766,0.61529,0.67177,0.74183,0.75988,0.58012,0.50845,0.63279,0.48611,0.29415,0.41847,0.59153,0.77789,0.69072,0.81483,0.66697,0.62,0,0.024815,0,0,0.079319,0,0,0,0.38946,0.41497,0.34137,0.56789,0.31851,0.41098,0.55725,0.63708,0.24937,0.34527,0.37174,0.54213,0.3779,0.42349,0.29721,0.50068,0.057322,0.18233,0.59878,0.7851,0.52306,0.65488,0.36967,0.48126,0.42034,0.45682,0.23709,0.20576,0.23879,0.14382,0.076993,0.28286,0.48015,0.25658,0.49697,0.50134,0,0
0.69039,0.72648,0.27299,0.50032,0.43973,0.50274,0.30047,0.42996,0.41541,0.43676,0.24105,0.56406,0.32391,0.45119,0.34374,0.25854,0.21646,0.36235,0.20039,0.49076,0.34723,0.36882,0.51967,0.58997,0.47374,0.46008,0.54013,0.51717,0,0,0.25413,0.33294,0.54634,0.60051,0.50891,0.50447,0.43048,0.34805,0.45041,0.53208,0.020027,0,0.89886,0.88336,0.74173,0.78127,1,0.93203,0.82452,0.79408,0.88018,0.79169,0.77809,0.70808,0.82308,0.83167,0.75884,0.79238,0.59319,0.56583,0.64433,0.46372,0.22175,0.22095,0.4892,0.72185,0.67433,0.75124,0.73978,0.71382,0.03819,0.025246,0,0,0.051805,0,0.057613,0.074247,0.21564,0.24613,0.29347,0.46233,0.36722,0.35713,0.66174,0.71656,0.34447,0.43131,0.56278,0.62837,0.58444,0.50309,0.51055,0.47144,0.12071,0.1965,0.68895,0.76325,0.72936,0.78048,0.45528,0.42956,0.48178,0.44078,0.30259,0.19308,0.17171,0.067015,0.081422,0.18483,0.44341,0.32263,0.56002,0.6292,0.0092169,0
