1,0.73547,0.47415,0.38451,0.37444,0.35214,0.69236,0.44064,0.38836,0.41768,0.43584,0.41704,0.47223,0.37512,0.50077,0.45164,0.16244,0.034657,0.66307,0.69989,0.11796,0.15788,0.43716,0.36349,0.33496,0.37257,0.28156,0.3108,0.14159,0.059971,0.1275,0.12877,0.47707,0.48145,0.25653,0.2988,0.048034,0.14953,0.009354,0.062514,0.10312,0.12792,0.31343,0.28455,0.36717,0.41545,0.31802,0.36052,0.48663,0.46662,0.41703,0.41092,0.18742,0.37045,0.31847,0.3692,0.69449,0.59014,0.61735,0.41794,0.65056,0.50482,0.27506,0.42261,0.49947,0.35358,0.54467,0.49975,0.70083,0.5985,0.3743,0.45158,0.31341,0.44113,0.29168,0.47524,0.54646,0.54947,0.064075,0,0.057219,0.092803,0.15913,0.20481,0.31612,0.28512,0.30036,0.22106,0.39061,0.39418,0.37653,0.51525,0.42408,0.53533,0,0,0.30597,0.2281,0.5304,0.52376,0.29879,0.39951,0.34408,0.31017,0.063722,0.18313,0.21481,0.14198,0,0.04738,0.24965,0.2914,0.40823,0.33064,0.063967,0
0.73547,1,0.29777,0.41653,0.57027,0.55358,0.51331,0.49831,0.59058,0.57759,0.27552,0.6012,0.23259,0.56436,0.35402,0.47831,0.19159,0.23149,0.438,0.59315,0.025444,0.096813,0.29861,0.26179,0.53773,0.56146,0.1295,0.10753,0,0.17097,0,0,0.4551,0.4165,0.11031,0.29188,0.0054186,0.2286,0.071052,0.13383,0.14083,0.29638,0.41408,0.42911,0.38591,0.55272,0.3913,0.45878,0.59892,0.67529,0.56614,0.60017,0.46327,0.43922,0.52437,0.41683,0.60162,0.70405,0.6402,0.63999,0.56659,0.69893,0.21075,0.57272,0.31449,0.46344,0.52653,0.56016,0.69172,0.56765,0.34138,0.29114,0.23243,0.45713,0.22853,0.44684,0.46875,0.45316,0.059749,0.042417,0.18895,0.21244,0.26705,0.25217,0.44339,0.40998,0.3862,0.33405,0.46884,0.25167,0.53952,0.50744,0.47035,0.36995,0,0,0.40217,0.22622,0.66612,0.66132,0.35708,0.44602,0.42529,0.39344,0.1392,0.11515,0.23281,0.043554,0,0.053408,0.36596,0.38987,0.54347,0.4524,0.19127,0
0.47415,0.29777,1,0.8048,0.1704,0.14197,0.74671,0.46022,0.18364,0.14907,0.34521,0.10221,0.36061,0.1601,0.42503,0.22603,0.15041,0.038086,0.54095,0.51819,0.12634,0.12902,0.74205,0.67987,0.27702,0.31746,0.10011,0.14689,0.35791,0.20176,0.13356,0.21597,0.3332,0.25818,0.33043,0.38821,0.16068,0.21735,0.057999,0.06836,0.066449,0.033608,0.52692,0.46927,0.46776,0.47138,0.48809,0.50903,0.45347,0.38284,0.42942,0.3576,0.3691,0.48312,0.30807,0.31675,0.31371,0.154,0.32714,0.15906,0.36146,0.30755,0.29256,0.28248,0.35966,0.23989,0.48068,0.42957,0.41866,0.28691,0.41992,0.26886,0.41341,0.33347,0.22555,0.19957,0.48228,0.48967,0.16556,0.06534,0.20791,0.25727,0.14222,0.2285,0.35526,0.38466,0.16681,0.051654,0.36084,0.3159,0.38492,0.43074,0.29227,0.35937,0,0,0.3558,0.3469,0.48188,0.4768,0.034234,0.18155,0.010003,0.14475,0.27949,0.36205,0,0,0,0.19253,0.38751,0.26261,0.38254,0.25215,0.23549,0
0.38451,0.41653,0.8048,1,0.2294,0.18175,0.63164,0.64033,0.22248,0.19727,0.35923,0.21786,0.3336,0.33112,0.42622,0.31393,0.13967,0.16343,0.42699,0.54622,0.17581,0.19397,0.75355,0.77972,0.35987,0.39698,0.17493,0.17136,0.36638,0.40265,0.15564,0.25055,0.37763,0.37169,0.37537,0.505,0.14954,0.25522,0.083276,0.076076,0.056244,0.14597,0.5806,0.47335,0.5064,0.56629,0.50199,0.50985,0.55297,0.49764,0.53507,0.41462,0.53236,0.49113,0.34999,0.24864,0.28851,0.25014,0.33083,0.28648,0.37096,0.48823,0.32417,0.4002,0.40785,0.40438,0.49406,0.51665,0.41108,0.34033,0.46681,0.33731,0.4025,0.39112,0.29898,0.23271,0.43535,0.45084,0.1952,0.23358,0.35449,0.34527,0.21521,0.28588,0.41979,0.4252,0.18299,0.079506,0.44984,0.17829,0.49287,0.39291,0.38474,0.26672,0,0,0.33561,0.24768,0.56798,0.48907,0.042784,0.10643,0.070643,0.17393,0.30094,0.33487,0,0,0.0027672,0.26271,0.32541,0.3883,0.54667,0.37181,0.27752,0.048884
0.37444,0.57027,0.1704,0.2294,1,0.86858,0.28101,0.27773,0.9302,0.79757,0.12746,0.33534,0,0.28295,0.2683,0.38264,0,0.030568,0.33158,0.33542,0,0,0.25866,0.19464,0.85331,0.8427,0.10981,0,0,0.0091637,0,0,0.18999,0.15283,0,0.14843,0,0.03993,0,0,0,0.1262,0.25543,0.25112,0.15243,0.31069,0.17365,0.24384,0.43318,0.51851,0.40439,0.41853,0.47545,0.4521,0.22651,0.081009,0.33244,0.35458,0.37067,0.38548,0.27577,0.33205,0.10059,0.24039,0.027604,0.17226,0.26286,0.25154,0.34753,0.36627,0.15334,0.12269,0,0.19493,0.02428,0.20969,0.2945,0.25723,0,0.050913,0.067302,0.029885,0.17479,0.11344,0.18036,0.098099,0.19271,0.15039,0.1675,0,0.50409,0.4411,0.40084,0.30628,0,0,0.1862,0.040599,0.4733,0.40082,0.24654,0.29576,0.27023,0.26051,0.21835,0.23353,0.072278,0,0,0.0011779,0.31327,0.31052,0.38634,0.24907,0.22312,0.094539
0.35214,0.55358,0.14197,0.18175,0.86858,1,0.28866,0.26885,0.87104,0.87406,0.032098,0.32558,0,0.22002,0.17517,0.35563,0.0055695,0,0.33035,0.35427,0,0,0.21787,0.1688,0.79873,0.84554,0.0077834,0,0,0,0,0,0.12098,0.12734,0,0.14244,0,0.10557,0,0,0,0.14525,0.21032,0.2651,0.17568,0.30854,0.16065,0.21944,0.37834,0.48449,0.33487,0.41959,0.43473,0.46118,0.13801,0.094355,0.29569,0.32538,0.31688,0.36324,0.18699,0.32623,0.026195,0.22622,0.014174,0.24542,0.21335,0.21603,0.33228,0.28227,0.071543,0.10394,0,0.15755,0.014146,0.22345,0.27787,0.20773,0,0,0.035303,0.023975,0.039529,0.025284,0.17151,0.13637,0.15554,0.092502,0.0084925,0.046576,0.50697,0.46282,0.46705,0.39713,0,0,0.14609,0.09169,0.4442,0.4284,0.3493,0.36418,0.35569,0.31751,0.23598,0.21884,0.18423,0,0,0,0.30434,0.24439,0.38897,0.3186,0.30507,0.13602
0.69236,0.51331,0.74671,0.63164,0.28101,0.28866,1,0.69154,0.36154,0.34259,0.46022,0.43489,0.54356,0.4433,0.40184,0.3057,0.20294,0.050463,0.48985,0.52562,0.12231,0.10918,0.62001,0.59949,0.36725,0.40137,0.1026,0.13267,0.29651,0.23664,0.090525,0.076774,0.34157,0.29889,0.33619,0.3888,0.2194,0.2637,0.14242,0.14431,0.07126,0.16011,0.48976,0.47979,0.55596,0.54864,0.51789,0.46538,0.56969,0.51511,0.52618,0.49637,0.38231,0.49184,0.3567,0.35566,0.40775,0.35538,0.40599,0.25177,0.5327,0.51156,0.31537,0.45263,0.5746,0.47524,0.49833,0.41603,0.4703,0.33725,0.49461,0.36051,0.41824,0.41841,0.26866,0.31207,0.50357,0.52671,0.20408,0.055554,0.30243,0.31812,0.19509,0.20696,0.45319,0.47705,0.24061,0.11834,0.40553,0.34819,0.38208,0.43091,0.46572,0.47434,0.14397,0.11465,0.49147,0.3579,0.54535,0.54652,0.16944,0.27716,0.089491,0.13205,0.14388,0.24385,0.0020989,0,0.10042,0.10049,0.33562,0.42062,0.45306,0.31442,0.19548,0
0.44064,0.49831,0.46022,0.64033,0.27773,0.26885,0.69154,1,0.28122,0.40476,0.29068,0.5292,0.24934,0.66272,0.25792,0.36434,0.078673,0.13649,0.34529,0.44113,0.061292,0.091872,0.5009,0.52902,0.33319,0.36827,0.093378,0.077125,0.17698,0.27954,0.15867,0.15386,0.30728,0.32669,0.2449,0.29096,0.035272,0.092951,0.062358,0.075367,0.015998,0.17709,0.3844,0.31202,0.43707,0.48341,0.31415,0.31425,0.51831,0.52887,0.46169,0.41629,0.40994,0.38258,0.29465,0.16257,0.31521,0.35011,0.23954,0.24191,0.36647,0.57026,0.09134,0.41181,0.42326,0.53403,0.35203,0.35199,0.30795,0.29195,0.41297,0.31086,0.29561,0.36259,0.22789,0.18073,0.27575,0.30935,0.011422,0.17749,0.23723,0.22421,0.16348,0.17302,0.31204,0.30551,0.16914,0.14876,0.30693,0.13778,0.44997,0.32169,0.53774,0.30919,0.051278,0,0.32845,0.15772,0.49301,0.44381,0.27923,0.16186,0.22783,0.12585,0.0716,0.092217,0.013834,0,0.023269,0.031257,0.19577,0.38218,0.44106,0.35036,0.15061,0
0.38836,0.59058,0.18364,0.22248,0.9302,0.87104,0.36154,0.28122,1,0.81387,0.16215,0.4017,0.063838,0.2836,0.28003,0.36993,0.07876,0.026824,0.27509,0.29064,0,0,0.23778,0.19219,0.88934,0.86366,0.045145,0,0,0.042916,0,0,0.14269,0.092003,0,0.136,0.0091003,0.15307,0.028105,0.073457,0.10605,0.24689,0.32007,0.34595,0.22911,0.36623,0.27464,0.29569,0.48696,0.5663,0.50005,0.54636,0.56605,0.5214,0.28242,0.17853,0.29335,0.35066,0.34677,0.35182,0.30955,0.37045,0.14016,0.28769,0.11251,0.21382,0.22514,0.20702,0.29836,0.23659,0.16468,0.074528,0,0.21324,0,0.22145,0.30687,0.28145,0.01374,0.015163,0.1155,0.05998,0.14438,0.048095,0.28987,0.22459,0.19293,0.12818,0.19203,0.013993,0.43662,0.38706,0.39552,0.28524,0.061532,0.019968,0.29306,0.16733,0.48137,0.43124,0.18508,0.27292,0.1618,0.18653,0.16987,0.2059,0.043089,0,0,0.033457,0.37657,0.3245,0.39048,0.21438,0.28614,0.074953
0.41768,0.57759,0.14907,0.19727,0.79757,0.87406,0.34259,0.40476,0.81387,1,0.12699,0.42225,0,0.33034,0.21833,0.49866,0.10141,0.10532,0.38557,0.44348,0,0,0.17894,0.16363,0.7342,0.74835,0,0,0,0,0,0,0.12573,0.1518,0,0.14667,0,0.13253,0,0.047381,0.011531,0.13136,0.22282,0.23944,0.18436,0.33268,0.13495,0.20058,0.41472,0.55586,0.39153,0.47603,0.41251,0.46052,0.22562,0.18954,0.3893,0.4072,0.38525,0.42388,0.2868,0.41982,0.043134,0.29866,0.078554,0.30017,0.24056,0.22962,0.36284,0.32361,0.1761,0.15014,0,0.18088,0,0.19408,0.25981,0.24381,0,0,0,0.0011164,0.013088,0.042605,0.17614,0.15774,0.25641,0.2058,0.058043,0.16927,0.53907,0.52346,0.54824,0.44091,0,0,0.19494,0.13749,0.44603,0.44003,0.34227,0.39984,0.31889,0.34318,0.18493,0.21199,0.18722,0,0,0,0.3295,0.30314,0.39456,0.2654,0.25362,0.12997
0.43584,0.27552,0.34521,0.35923,0.12746,0.032098,0.46022,0.29068,0.16215,0.12699,1,0.31073,0.67353,0.40304,0.5628,0.4615,0.5364,0.36099,0.40546,0.40097,0.29158,0.24396,0.34842,0.32385,0.18979,0.15557,0.28203,0.25521,0.54786,0.51609,0.098535,0.0504,0.37295,0.38849,0.090597,0.1706,0.3684,0.3074,0.29587,0.25716,0.36772,0.33071,0.45635,0.36739,0.45744,0.38282,0.37829,0.3447,0.43253,0.3613,0.38456,0.2988,0.24567,0.30747,0.28177,0.29589,0.42688,0.30201,0.23182,0.23357,0.3896,0.34385,0.45597,0.42753,0.32416,0.22589,0.28819,0.25834,0.2921,0.2699,0.41932,0.21796,0.36409,0.45681,0.25186,0.35033,0.34929,0.44722,0.39515,0.38503,0.40305,0.39801,0.32611,0.43518,0.38861,0.39411,0.20837,0.19964,0.3443,0.33798,0.1641,0.24192,0.22529,0.18095,0.19742,0.26543,0.28482,0.295,0.38964,0.33906,0,0.096927,0,0.071781,0,0.08497,0,0,0.2491,0.41019,0.057268,0.40015,0.45314,0.10131,0.10144,0.050369
0.41704,0.6012,0.10221,0.21786,0.33534,0.32558,0.43489,0.5292,0.4017,0.42225,0.31073,1,0.44226,0.81864,0.25155,0.47057,0.15901,0.29116,0.10833,0.20386,0.0011569,0.035968,0.16324,0.21882,0.42008,0.40287,0.030216,0,0.098954,0.31473,0,0,0.26017,0.27083,0.036209,0.099559,0.22162,0.18757,0.22519,0.217,0.19665,0.38813,0.40229,0.33713,0.42512,0.49906,0.33059,0.28098,0.57131,0.60726,0.51483,0.56522,0.34574,0.28986,0.43751,0.33575,0.12588,0.27764,0.26578,0.27995,0.42648,0.59836,0.082273,0.43816,0.441,0.63955,0.14935,0.21297,0.13095,0.099876,0.31471,0.18951,0.21133,0.31076,0.14531,0.25699,0.1935,0.21269,0.16017,0.21301,0.24548,0.19599,0.2027,0.074954,0.347,0.34278,0.18671,0.1639,0.33288,0.14526,0.17808,0.10126,0.34372,0.033877,0.36502,0.23535,0.46772,0.26054,0.38875,0.36565,0.10573,0.076018,0.044647,0,0,0,0.013711,0,0.26917,0.17522,0.15695,0.31242,0.28971,0.1185,0.058699,0
0.47223,0.23259,0.36061,0.3336,0,0,0.54356,0.24934,0.063838,0,0.67353,0.44226,1,0.49005,0.52813,0.3169,0.23445,0.16198,0.18801,0.22513,0.23376,0.2319,0.44312,0.43281,0.10267,0.077191,0.20386,0.22886,0.3417,0.36134,0.12472,0.11142,0.31701,0.33874,0.28144,0.15542,0.33056,0.19725,0.25045,0.17043,0.20908,0.24835,0.29866,0.22593,0.42547,0.26145,0.31522,0.20227,0.32085,0.21489,0.28764,0.272,0.15509,0.20998,0.23383,0.25042,0.19561,0.22126,0.15003,0.070295,0.42115,0.25722,0.3557,0.32239,0.53391,0.2899,0.2172,0.17508,0.23174,0.12289,0.38421,0.32003,0.27922,0.31562,0.26213,0.28194,0.29301,0.33573,0.29753,0.17723,0.32177,0.30426,0.27034,0.19866,0.40294,0.31063,0.20845,0.11113,0.33923,0.20501,0,0.024832,0.11383,0.12247,0.31894,0.30809,0.28453,0.19385,0.17623,0.17715,0,0.018688,0,0,0,0.092479,0,0,0.27353,0.30733,0.04635,0.23258,0.25643,0.014064,0.040709,0
0.37512,0.56436,0.1601,0.33112,0.28295,0.22002,0.4433,0.66272,0.2836,0.33034,0.40304,0.81864,0.49005,1,0.30094,0.48849,0.094892,0.27744,0.12552,0.24103,0.025829,0.10344,0.33336,0.38532,0.34725,0.34441,0.038094,0.049238,0.1418,0.33514,0.096851,0.019801,0.33743,0.34596,0.076435,0.1021,0.050747,0.084758,0.13465,0.1048,0.087804,0.29948,0.3596,0.30511,0.36272,0.40931,0.26939,0.25108,0.4976,0.55976,0.42952,0.44692,0.32192,0.24307,0.39085,0.17209,0.20247,0.35516,0.21424,0.26889,0.34704,0.53572,0.066304,0.42062,0.31629,0.5008,0.20005,0.23027,0.23406,0.23538,0.37819,0.2174,0.14943,0.26452,0.14513,0.10176,0.20109,0.17995,0.056464,0.25782,0.19836,0.19297,0.26317,0.18567,0.28236,0.24684,0.19715,0.22623,0.37488,0.039852,0.26335,0.14734,0.33947,0.071702,0.18219,0.059986,0.30085,0.1097,0.36303,0.33644,0.11367,0.086376,0.079974,0.032712,0.0096132,0.061305,0,0,0.094513,0.16129,0.11664,0.37888,0.32343,0.21309,0.13697,0
0.50077,0.35402,0.42503,0.42622,0.2683,0.17517,0.40184,0.25792,0.28003,0.21833,0.5628,0.25155,0.52813,0.30094,1,0.77037,0.27881,0.35714,0.58126,0.61433,0.36625,0.29519,0.39638,0.31688,0.2605,0.29659,0.57461,0.55986,0.43968,0.32914,0.25848,0.28081,0.43666,0.51502,0.43905,0.39446,0.23288,0.1846,0.20865,0.16825,0.31225,0.27768,0.41573,0.30022,0.46423,0.40639,0.30648,0.34263,0.46274,0.39662,0.35437,0.32257,0.1896,0.22086,0.42269,0.42835,0.48585,0.39226,0.38961,0.32637,0.4681,0.29321,0.38967,0.2761,0.48296,0.3156,0.48862,0.41401,0.48105,0.35946,0.54545,0.34913,0.2969,0.41069,0.37604,0.41,0.40255,0.44366,0.24301,0.4241,0.26886,0.37038,0.56052,0.59951,0.3975,0.27332,0.44172,0.38003,0.40505,0.3268,0.2882,0.38758,0.24858,0.25806,0.066243,0.17788,0.27667,0.33147,0.45154,0.48101,0.17831,0.30351,0.15823,0.23665,0,0.17204,0.083574,0.12929,0.22342,0.35818,0.1062,0.28499,0.37896,0.217,0.1212,0
0.45164,0.47831,0.22603,0.31393,0.38264,0.35563,0.3057,0.36434,0.36993,0.49866,0.4615,0.47057,0.3169,0.48849,0.77037,1,0.25867,0.44702,0.53687,0.61423,0.18238,0.13142,0.1922,0.17734,0.32789,0.37324,0.41798,0.3941,0.28006,0.26513,0.12164,0.12409,0.416,0.48043,0.269,0.31448,0.1697,0.16517,0.21476,0.20186,0.33699,0.35344,0.37459,0.27157,0.41229,0.43634,0.20966,0.30237,0.4743,0.54132,0.3619,0.39709,0.19797,0.22675,0.47268,0.44085,0.51645,0.49025,0.4009,0.38244,0.45208,0.43969,0.28935,0.3705,0.37406,0.50487,0.39785,0.36426,0.39694,0.32707,0.42289,0.27671,0.1991,0.37673,0.25871,0.37955,0.2532,0.29633,0.16773,0.41655,0.19267,0.34116,0.52138,0.61411,0.29676,0.2955,0.50278,0.5136,0.29975,0.36264,0.37332,0.36254,0.33838,0.18289,0.10147,0.14127,0.24137,0.25022,0.46179,0.49272,0.26052,0.38598,0.26053,0.31037,0,0.1449,0.097518,0.10079,0.20771,0.30989,0.10001,0.33853,0.40814,0.2927,0.14641,0
0.16244,0.19159,0.15041,0.13967,0,0.0055695,0.20294,0.078673,0.07876,0.10141,0.5364,0.15901,0.23445,0.094892,0.27881,0.25867,1,0.61351,0.25755,0.29338,0.14369,0.040356,0,0,0.11975,0.074353,0,0,0.60028,0.64024,0,0,0.35495,0.36678,0,0.1283,0.58185,0.52234,0.59028,0.5835,0.46304,0.47259,0.38872,0.4616,0.33202,0.3639,0.3722,0.42789,0.27178,0.28556,0.32991,0.23103,0.15005,0.19311,0.35994,0.45585,0.40094,0.35074,0.35338,0.33873,0.37038,0.39348,0.52138,0.54868,0.18183,0.27966,0.31527,0.32002,0.29136,0.06149,0.20462,0.020359,0.32674,0.42469,0.043768,0.26617,0.1342,0.17382,0.66007,0.28991,0.59546,0.58343,0.31121,0.40626,0.42712,0.51111,0.38612,0.29983,0.10194,0.27895,0.031285,0.086158,0.026412,0.025031,0.39483,0.42954,0.3525,0.45314,0.33961,0.41097,0.048473,0.30848,0.013846,0.24913,0,0,0.011148,0,0.38095,0.30736,0.04313,0.46491,0.39332,0.16712,0.094514,0.0060432
0.034657,0.23149,0.038086,0.16343,0.030568,0,0.050463,0.13649,0.026824,0.10532,0.36099,0.29116,0.16198,0.27744,0.35714,0.44702,0.61351,1,0.23097,0.28009,0.14103,0.10934,0,0,0.11444,0.10504,0.058749,0.023306,0.43144,0.68666,0.16141,0.13799,0.44022,0.46252,0.13018,0.14084,0.36584,0.29191,0.45473,0.42905,0.43622,0.48342,0.33706,0.25464,0.33144,0.31393,0.15767,0.2065,0.21885,0.26361,0.15438,0.109,0.0079032,0,0.35081,0.32308,0.28275,0.38656,0.23364,0.332,0.2967,0.37364,0.36503,0.46813,0.20226,0.42236,0.33019,0.33428,0.25722,0.12155,0.27892,0.10144,0.33436,0.35869,0.14471,0.18509,0,0.033083,0.46982,0.62776,0.49337,0.60827,0.41422,0.50047,0.31254,0.30186,0.38694,0.37497,0.13124,0.087218,0.082771,0.032732,0,0,0.35306,0.3356,0.27476,0.25001,0.24981,0.32321,0.097454,0.33476,0.099149,0.24737,0,0,0.10239,0,0.36676,0.34291,0,0.41911,0.35696,0.19208,0.044194,0
0.66307,0.438,0.54095,0.42699,0.33158,0.33035,0.48985,0.34529,0.27509,0.38557,0.40546,0.10833,0.18801,0.12552,0.58126,0.53687,0.25755,0.23097,1,0.88896,0.067307,0.060928,0.39338,0.26225,0.25761,0.36043,0.24938,0.31139,0.3356,0.16833,0.22893,0.3297,0.5175,0.5262,0.26047,0.29854,0,0.085497,0,0,0.13808,0.055131,0.31424,0.24135,0.30774,0.321,0.19819,0.32406,0.33539,0.30837,0.20337,0.15363,0.012289,0.17892,0.19464,0.25392,0.66336,0.46342,0.42753,0.27111,0.3378,0.28425,0.21326,0.27901,0.23706,0.20421,0.51794,0.4462,0.59294,0.50422,0.3992,0.34979,0.38203,0.45664,0.2655,0.38669,0.43202,0.42504,0.075132,0.19891,0.026004,0.16804,0.19688,0.35859,0.18946,0.15793,0.29579,0.2029,0.17681,0.30898,0.38257,0.54656,0.30768,0.37243,0,0,0.14907,0.17062,0.45178,0.47231,0.34846,0.43836,0.39491,0.41277,0.1113,0.2269,0.24282,0.2159,0,0.073637,0.20197,0.19205,0.36063,0.32431,0.099041,0
0.69989,0.59315,0.51819,0.54622,0.33542,0.35427,0.52562,0.44113,0.29064,0.44348,0.40097,0.20386,0.22513,0.24103,0.61433,0.61423,0.29338,0.28009,0.88896,1,0.12265,0.12844,0.44844,0.36353,0.29053,0.37586,0.26588,0.32316,0.32315,0.22303,0.2559,0.3504,0.55089,0.60963,0.3818,0.45473,0,0.16916,0,0.00010592,0.11216,0.10785,0.3629,0.29889,0.37392,0.44526,0.27544,0.37563,0.4184,0.39169,0.30367,0.24218,0.15582,0.23274,0.31707,0.31576,0.71154,0.619,0.54096,0.45329,0.43082,0.47316,0.3064,0.4154,0.36836,0.36087,0.6333,0.59987,0.72763,0.61193,0.44822,0.41371,0.40597,0.53347,0.35996,0.47326,0.475,0.47162,0.099022,0.20353,0.13861,0.28117,0.26082,0.41567,0.35117,0.2978,0.42895,0.297,0.33736,0.36473,0.47872,0.54757,0.38504,0.40441,0,0,0.16207,0.16409,0.54314,0.55503,0.35207,0.47922,0.41167,0.47642,0.16796,0.26305,0.21491,0.18884,0,0.034991,0.21438,0.27059,0.43314,0.41344,0.1416,0
0.11796,0.025444,0.12634,0.17581,0,0,0.12231,0.061292,0,0,0.29158,0.0011569,0.23376,0.025829,0.36625,0.18238,0.14369,0.14103,0.067307,0.12265,1,0.8912,0.12578,0.11965,0,0,0.64549,0.57549,0.27688,0.13895,0.33036,0.22902,0.15069,0.16842,0.21565,0.20688,0.3583,0.14489,0.3175,0.15827,0.33451,0.15053,0.14562,0.080823,0.22771,0.19135,0.12433,0.10445,0.18743,0.097441,0.16165,0.08831,0.0080632,0,0.22935,0.30174,0.10499,0.059008,0.19018,0.19843,0.28812,0.20109,0.30063,0.15883,0.35,0.21894,0.23156,0.22443,0.097698,0.022368,0.28302,0.13965,0.30086,0.079072,0.28695,0.19404,0.33581,0.39005,0.17438,0.20601,0.14752,0.20387,0.21603,0.3049,0.18305,0.32161,0.089514,0.1222,0.25656,0.26771,0.026646,0.057555,0,0.09428,0.11676,0.26266,0.14126,0.16708,0.13686,0.15757,0,0.00037767,0,0,0,0,0,0.084297,0.28605,0.40523,0,0.092345,0.18984,0,0,0
0.15788,0.096813,0.12902,0.19397,0,0,0.10918,0.091872,0,0,0.24396,0.035968,0.2319,0.10344,0.29519,0.13142,0.040356,0.10934,0.060928,0.12844,0.8912,1,0.18669,0.19051,0,0,0.58735,0.58548,0.21534,0.1274,0.38202,0.28832,0.18264,0.18396,0.15214,0.16067,0.21304,0.047245,0.18008,0.076236,0.22831,0.13015,0.098372,0.016168,0.1731,0.14479,0.061666,0.072827,0.16812,0.089393,0.14169,0.061553,0.023764,0,0.18743,0.23407,0.13969,0.095259,0.16712,0.19098,0.25017,0.19795,0.20812,0.15354,0.26928,0.17489,0.21214,0.22547,0.14109,0.12876,0.2307,0.19838,0.25428,0.11002,0.25741,0.18475,0.28916,0.34763,0.10786,0.23754,0.13437,0.16338,0.28586,0.33042,0.14295,0.2489,0.11359,0.1951,0.29155,0.23867,0.033505,0.036041,0,0.065335,0.08308,0.14755,0.16071,0.10958,0.1159,0.11866,0,0,0,0,0,0,0,0.057268,0.22078,0.42208,0,0.093945,0.15736,0,0,0
0.43716,0.29861,0.74205,0.75355,0.25866,0.21787,0.62001,0.5009,0.23778,0.17894,0.34842,0.16324,0.44312,0.33336,0.39638,0.1922,0,0,0.39338,0.44844,0.12578,0.18669,1,0.93263,0.43046,0.44366,0.22379,0.23402,0.16855,0.20013,0.2249,0.2756,0.37008,0.35373,0.44988,0.40169,0,0.090185,0,0,0,0.048303,0.36651,0.24318,0.33615,0.33233,0.32554,0.27004,0.40198,0.2966,0.34583,0.22904,0.39724,0.39182,0.12589,0.018257,0.24087,0.23141,0.19788,0.13348,0.24451,0.27803,0.12464,0.15137,0.44249,0.25368,0.44297,0.38166,0.3814,0.42614,0.34485,0.36969,0.21253,0.17976,0.18395,0.062511,0.39181,0.39681,0.064431,0.12433,0.17064,0.19456,0.10266,0.10993,0.35153,0.24526,0.086528,0,0.38709,0.06216,0.38991,0.38268,0.37247,0.40667,0,0,0.17019,0.025731,0.38282,0.31174,0,0.026714,0,0,0.25868,0.36843,0,0,0,0.06304,0.2421,0.23951,0.42696,0.21079,0.21567,0.063697
0.36349,0.26179,0.67987,0.77972,0.19464,0.1688,0.59949,0.52902,0.19219,0.16363,0.32385,0.21882,0.43281,0.38532,0.31688,0.17734,0,0,0.26225,0.36353,0.11965,0.19051,0.93263,1,0.3915,0.4078,0.17332,0.17529,0.17497,0.22938,0.18566,0.25263,0.32878,0.32222,0.44562,0.43003,0.04912,0.12261,0,0,0,0.045927,0.38742,0.27449,0.38132,0.40632,0.35794,0.28928,0.4638,0.36368,0.42433,0.28843,0.43455,0.39795,0.14817,0.030549,0.15876,0.19321,0.20403,0.14672,0.26244,0.33773,0.13519,0.17731,0.45124,0.32214,0.42803,0.39399,0.29779,0.35655,0.33867,0.37948,0.18665,0.15596,0.14998,0.024906,0.34011,0.35984,0.083742,0.12368,0.18147,0.18147,0.090222,0.090584,0.35115,0.28661,0.10239,0,0.40263,0.06615,0.40057,0.34574,0.39658,0.36123,0,0,0.21227,0.045074,0.36228,0.27321,0,0,0,0,0.23962,0.35829,0,0,0,0.1026,0.21711,0.28752,0.41407,0.19538,0.24142,0.073498
0.33496,0.53773,0.27702,0.35987,0.85331,0.79873,0.36725,0.33319,0.88934,0.7342,0.18979,0.42008,0.10267,0.34725,0.2605,0.32789,0.11975,0.11444,0.25761,0.29053,0,0,0.43046,0.3915,1,0.94809,0.069165,0,0,0.18982,0,0,0.23448,0.17752,0.041574,0.1749,0.093193,0.22034,0.080364,0.10631,0.11037,0.3328,0.40645,0.37184,0.32404,0.42111,0.33992,0.32501,0.53149,0.57858,0.54446,0.53126,0.59772,0.51667,0.28077,0.1599,0.23547,0.33187,0.35335,0.37059,0.28666,0.39539,0.062112,0.25326,0.18127,0.29155,0.26444,0.26006,0.29432,0.20253,0.21247,0.11829,0,0.21371,0,0.15028,0.29656,0.26552,0.12162,0.10491,0.19329,0.11379,0.12279,0.016272,0.35123,0.24386,0.15401,0.069828,0.24817,0,0.42845,0.35731,0.3733,0.24935,0.14567,0.10388,0.33104,0.18477,0.4872,0.42591,0.10273,0.19772,0.064839,0.11961,0.1109,0.14318,0,0,0.058896,0.10316,0.35019,0.3868,0.48811,0.17865,0.24542,0.012408
0.37257,0.56146,0.31746,0.39698,0.8427,0.84554,0.40137,0.36827,0.86366,0.74835,0.15557,0.40287,0.077191,0.34441,0.29659,0.37324,0.074353,0.10504,0.36043,0.37586,0,0,0.44366,0.4078,0.94809,1,0.1208,0.012646,0,0.1561,0,0,0.28193,0.25008,0.094563,0.25146,0.051073,0.17079,0,0.013985,0.077723,0.27644,0.41146,0.36449,0.3479,0.45209,0.30489,0.32569,0.53972,0.6025,0.5078,0.51276,0.53731,0.48803,0.24416,0.14155,0.29557,0.35695,0.38183,0.39596,0.30269,0.41264,0.079328,0.26504,0.17638,0.33611,0.3312,0.32108,0.32912,0.27024,0.22127,0.14965,0.077733,0.25442,0.037985,0.20271,0.32696,0.29075,0.089015,0.12297,0.1803,0.14764,0.15738,0.10494,0.31703,0.24615,0.17078,0.10943,0.20374,0,0.4909,0.42651,0.3961,0.30951,0.084726,0.041194,0.32048,0.16424,0.53318,0.48464,0.20484,0.27652,0.16334,0.17688,0.1005,0.13743,0.023225,0,0.044596,0.074092,0.34628,0.35257,0.49404,0.25503,0.22876,0
0.28156,0.1295,0.10011,0.17493,0.10981,0.0077834,0.1026,0.093378,0.045145,0,0.28203,0.030216,0.20386,0.038094,0.57461,0.41798,0,0.058749,0.24938,0.26588,0.64549,0.58735,0.22379,0.17332,0.069165,0.1208,1,0.83624,0.027918,0,0.41295,0.35524,0.24634,0.31938,0.3911,0.342,0.099077,0,0.037385,0,0.16843,0.093276,0.10259,0,0.24812,0.18362,0.015932,0.0032495,0.23267,0.143,0.10695,0.080881,0.013742,0.061827,0.14646,0.20289,0.30182,0.25925,0.24468,0.21828,0.26651,0.099029,0.17496,0.0029343,0.43332,0.2171,0.32225,0.26061,0.21716,0.23825,0.23034,0.28686,0.092745,0.080272,0.23657,0.21026,0.2403,0.30962,0.019515,0.25715,0.070101,0.16318,0.32767,0.41838,0.17148,0.13933,0.097636,0.2155,0.28146,0.2409,0.14627,0.23759,0.13644,0.21007,0,0.10828,0.10114,0.082262,0.21263,0.19641,0.08923,0.067907,0.081726,0,0,0,0.14393,0.26626,0.21475,0.26081,0,0.022158,0.21484,0,0,0
0.3108,0.10753,0.14689,0.17136,0,0,0.13267,0.077125,0,0,0.25521,0,0.22886,0.049238,0.55986,0.3941,0,0.023306,0.31139,0.32316,0.57549,0.58548,0.23402,0.17529,0,0.012646,0.83624,1,0.10378,0,0.48726,0.49241,0.30134,0.38011,0.4361,0.36035,0.011968,0,0,0,0.19504,0.062802,0.075334,0,0.22187,0.15462,0.011033,0.01902,0.17151,0.078871,0.011999,0.032362,0,0.014654,0.13373,0.18605,0.32234,0.24202,0.18198,0.11267,0.20214,0.052893,0.15273,0,0.42822,0.18209,0.33989,0.27834,0.24119,0.32701,0.20123,0.27847,0.16735,0.074041,0.34663,0.21764,0.28079,0.33734,0,0.25822,0.013298,0.16334,0.31603,0.47665,0.10568,0.14797,0.070494,0.19191,0.30444,0.34019,0.13308,0.23735,0.085344,0.22516,0,0,0.033678,0.093592,0.19065,0.19557,0.15871,0.068857,0.16325,0.02159,0,0.01919,0.17448,0.37135,0.058826,0.22609,0,0,0.085,0.088148,0,0
0.14159,0,0.35791,0.36638,0,0,0.29651,0.17698,0,0,0.54786,0.098954,0.3417,0.1418,0.43968,0.28006,0.60028,0.43144,0.3356,0.32315,0.27688,0.21534,0.16855,0.17497,0,0,0.027918,0.10378,1,0.69728,0.11002,0.18038,0.29639,0.33414,0.053513,0.10144,0.47417,0.32997,0.35219,0.27991,0.3781,0.3382,0.38341,0.36909,0.32787,0.28933,0.32835,0.36625,0.26638,0.1783,0.2553,0.11312,0.070312,0.10996,0.22697,0.27995,0.17533,0.040101,0.15197,0.042258,0.2526,0.22556,0.39056,0.33838,0.22012,0.22778,0.2071,0.1991,0.13396,0.0094872,0.34141,0.10586,0.53725,0.48419,0.28624,0.31572,0.19922,0.24773,0.5658,0.46731,0.42645,0.44471,0.36662,0.44428,0.18913,0.30484,0.19331,0.098095,0.10556,0.20771,0,0.014382,0,0,0.26906,0.32986,0.30418,0.36912,0.24972,0.28366,0,0.039347,0,0.10051,0.075748,0.11206,0,0,0.31953,0.49304,0.03132,0.43287,0.28118,0.2261,0.1589,0.013599
0.059971,0.17097,0.20176,0.40265,0.0091637,0,0.23664,0.27954,0.042916,0,0.51609,0.31473,0.36134,0.33514,0.32914,0.26513,0.64024,0.68666,0.16833,0.22303,0.13895,0.1274,0.20013,0.22938,0.18982,0.1561,0,0,0.69728,1,0.11446,0.13125,0.41254,0.44747,0.10633,0.15507,0.50822,0.43998,0.44993,0.4248,0.3698,0.52957,0.48577,0.47264,0.44733,0.43527,0.40617,0.42058,0.3437,0.30639,0.33822,0.20323,0.25709,0.1161,0.29115,0.27294,0.16774,0.22158,0.20953,0.25027,0.30221,0.40961,0.42993,0.52036,0.2732,0.41405,0.29002,0.33689,0.17698,0.0097755,0.35111,0.20574,0.43669,0.56859,0.24919,0.34055,0.10581,0.13561,0.69562,0.59966,0.68595,0.65282,0.42757,0.43346,0.37804,0.39698,0.23433,0.13643,0.22001,0,0.048916,0,0.026945,0,0.41696,0.39521,0.3485,0.27375,0.33104,0.3347,0,0.079618,0,0.10585,0,0,0,0,0.40306,0.37531,0,0.50906,0.46281,0.24402,0.12621,0
0.1275,0,0.13356,0.15564,0,0,0.090525,0.15867,0,0,0.098535,0,0.12472,0.096851,0.25848,0.12164,0,0.16141,0.22893,0.2559,0.33036,0.38202,0.2249,0.18566,0,0,0.41295,0.48726,0.11002,0.11446,1,0.92087,0.4684,0.4921,0.40132,0.19841,0,0,0,0,0,0,0,0,0.19619,0.071247,0,0,0.0094135,0,0,0,0,0,0,0,0.27537,0.20603,0.16795,0.13959,0.085328,0.032308,0.11746,0,0.27411,0.19426,0.3871,0.33564,0.20136,0.34117,0.17486,0.16034,0.18387,0.054694,0.23682,0.02865,0,0,0,0.26178,0.064622,0.22457,0.17559,0.29147,0.08473,0.0041444,0.069499,0.17622,0.14504,0.19143,0,0.0041321,0,0.011364,0,0,0,0,0.024538,0.071328,0.11775,0.086147,0.16781,0.1118,0,0,0.22625,0.39384,0.02191,0,0,0,0,0.095883,0,0
0.12877,0,0.21597,0.25055,0,0,0.076774,0.15386,0,0,0.0504,0,0.11142,0.019801,0.28081,0.12409,0,0.13799,0.3297,0.3504,0.22902,0.28832,0.2756,0.25263,0,0,0.35524,0.49241,0.18038,0.13125,0.92087,1,0.48367,0.55554,0.47043,0.269,0,0,0,0,0,0,0,0,0.16846,0.066078,0,0,0,0,0,0,0,0,0,0,0.3157,0.23137,0.14311,0.076937,0.04645,0.0053719,0.12861,0,0.25692,0.14962,0.40915,0.3812,0.22338,0.34454,0.13696,0.22626,0.19823,0.080349,0.2297,0.029347,0,0,0,0.25352,0.021396,0.22276,0.16159,0.31174,0.037693,0,0.10461,0.14383,0.071924,0.12386,0,0.012578,0,0.022199,0,0,0,0,0,0.026391,0.14839,0.10709,0.18522,0.14749,0,0,0.15606,0.38788,0,0,0,0,0,0.14027,0,0
0.47707,0.4551,0.3332,0.37763,0.18999,0.12098,0.34157,0.30728,0.14269,0.12573,0.37295,0.26017,0.31701,0.33743,0.43666,0.416,0.35495,0.44022,0.5175,0.55089,0.15069,0.18264,0.37008,0.32878,0.23448,0.28193,0.24634,0.30134,0.29639,0.41254,0.4684,0.48367,1,0.90688,0.39573,0.33526,0.14829,0.15998,0.11653,0.1448,0.21598,0.26615,0.32787,0.19226,0.43246,0.43375,0.24909,0.30033,0.3692,0.28102,0.1897,0.13282,0.0087598,0.087001,0.25573,0.27098,0.61725,0.6377,0.50722,0.42517,0.45151,0.47985,0.38727,0.46996,0.43446,0.46767,0.70146,0.70122,0.57991,0.54031,0.23768,0.27314,0.17413,0.30932,0.13351,0.2363,0.17912,0.15093,0.28484,0.37894,0.3529,0.51156,0.42394,0.49648,0.38698,0.38256,0.43195,0.39996,0.28495,0.22827,0.14253,0.1759,0.097658,0.091486,0.033255,0.016909,0.25422,0.15299,0.39328,0.39659,0.16289,0.32434,0.1928,0.26605,0,0.019526,0.049138,0.033877,0.15513,0.14435,0.080876,0.34934,0.39404,0.37305,0.059155,0
0.48145,0.4165,0.25818,0.37169,0.15283,0.12734,0.29889,0.32669,0.092003,0.1518,0.38849,0.27083,0.33874,0.34596,0.51502,0.48043,0.36678,0.46252,0.5262,0.60963,0.16842,0.18396,0.35373,0.32222,0.17752,0.25008,0.31938,0.38011,0.33414,0.44747,0.4921,0.55554,0.90688,1,0.42927,0.39772,0.10093,0.10576,0.026138,0.049982,0.15331,0.2033,0.26385,0.12353,0.41099,0.40749,0.13965,0.19168,0.33149,0.24979,0.14476,0.094003,0,0.064543,0.15675,0.19871,0.64338,0.6282,0.48927,0.44748,0.44494,0.50013,0.43755,0.50881,0.46653,0.48421,0.64733,0.69176,0.5431,0.51879,0.30719,0.4323,0.21798,0.35812,0.18494,0.27941,0.16502,0.12584,0.30327,0.41103,0.33092,0.49899,0.41093,0.52009,0.33626,0.30925,0.42076,0.402,0.2218,0.19363,0.13016,0.15735,0.10609,0.13127,0,0,0.10322,0.038167,0.33579,0.34157,0.1811,0.30407,0.19767,0.23129,0,0,0.023135,0.090096,0.14138,0.12171,0,0.28628,0.3542,0.32802,0.016315,0
0.25653,0.11031,0.33043,0.37537,0,0,0.33619,0.2449,0,0,0.090597,0.036209,0.28144,0.076435,0.43905,0.269,0,0.13018,0.26047,0.3818,0.21565,0.15214,0.44988,0.44562,0.041574,0.094563,0.3911,0.4361,0.053513,0.10633,0.40132,0.47043,0.39573,0.42927,1,0.76338,0.12737,0.20943,0.033715,0.060962,0.01271,0.098039,0.16962,0.07164,0.4383,0.38884,0.22961,0.19937,0.25921,0.1297,0.1467,0.084596,0.032026,0,0.1822,0.17672,0.26913,0.34662,0.24102,0.14371,0.25404,0.1481,0.19576,0.061774,0.63957,0.39657,0.57442,0.51887,0.34028,0.29938,0.20401,0.22847,0.11459,0.084392,0.1979,0.097562,0.19648,0.24562,0.13553,0.15858,0.28728,0.40633,0.30185,0.31192,0.45017,0.35051,0.27844,0.17102,0.33256,0.18199,0.17086,0.19681,0.28706,0.25646,0,0.010583,0.15665,0.12141,0.19297,0.21231,0.17608,0.18431,0.11983,0.13728,0.051116,0.16434,0.14422,0.2004,0.076674,0.061398,0.087837,0.058922,0.1919,0.21862,0.089837,0
0.2988,0.29188,0.38821,0.505,0.14843,0.14244,0.3888,0.29096,0.136,0.14667,0.1706,0.099559,0.15542,0.1021,0.39446,0.31448,0.1283,0.14084,0.29854,0.45473,0.20688,0.16067,0.40169,0.43003,0.1749,0.25146,0.342,0.36035,0.10144,0.15507,0.19841,0.269,0.33526,0.39772,0.76338,1,0.17544,0.35895,0.095755,0.13776,0,0.11615,0.34217,0.29393,0.47995,0.60528,0.40259,0.425,0.43863,0.39027,0.3488,0.28068,0.23253,0.22682,0.33306,0.31164,0.39286,0.36115,0.41135,0.34877,0.33646,0.36993,0.34615,0.30368,0.4878,0.4698,0.62885,0.64937,0.44203,0.42662,0.2686,0.23441,0.1889,0.23815,0.21448,0.17169,0.40816,0.43932,0.21333,0.095674,0.40976,0.44761,0.38454,0.43899,0.47426,0.51404,0.39741,0.25986,0.41552,0.26284,0.47805,0.44429,0.4371,0.36855,0,0,0.27205,0.227,0.46073,0.41596,0.18702,0.27288,0.16769,0.26603,0.18184,0.24753,0.040487,0.11535,0.023458,0.159,0.25525,0.25886,0.42073,0.30662,0.1696,0.058677
0.048034,0.0054186,0.16068,0.14954,0,0,0.2194,0.035272,0.0091003,0,0.3684,0.22162,0.33056,0.050747,0.23288,0.1697,0.58185,0.36584,0,0,0.3583,0.21304,0,0.04912,0.093193,0.051073,0.099077,0.011968,0.47417,0.50822,0,0,0.14829,0.10093,0.12737,0.17544,1,0.75969,0.8339,0.78572,0.65423,0.62484,0.44499,0.50839,0.49645,0.44045,0.50091,0.49357,0.34094,0.3522,0.4203,0.40829,0.17821,0.23084,0.4481,0.58799,0.024973,0.03446,0.22713,0.16724,0.38128,0.28998,0.31935,0.34361,0.3832,0.42904,0.181,0.19036,0.0039224,0,0.24109,0.056729,0.34801,0.27351,0.1269,0.23538,0.17987,0.22399,0.70647,0.23337,0.52449,0.50099,0.28645,0.29573,0.42519,0.58137,0.24981,0.13448,0.10577,0.23669,0,0.019126,0.11557,0.061039,0.59589,0.69429,0.57228,0.56511,0.27961,0.33779,0,0.15023,0,0.013512,0,0,0,0,0.64276,0.50409,0.087977,0.40214,0.36287,0.073184,0.098347,0
0.14953,0.2286,0.21735,0.25522,0.03993,0.10557,0.2637,0.092951,0.15307,0.13253,0.3074,0.18757,0.19725,0.084758,0.1846,0.16517,0.52234,0.29191,0.085497,0.16916,0.14489,0.047245,0.090185,0.12261,0.22034,0.17079,0,0,0.32997,0.43998,0,0,0.15998,0.10576,0.20943,0.35895,0.75969,1,0.60907,0.74078,0.42167,0.58142,0.449,0.58672,0.48579,0.52647,0.6044,0.63367,0.399,0.42921,0.47219,0.45103,0.35695,0.32385,0.47825,0.57991,0.15673,0.18164,0.3322,0.32657,0.3163,0.34343,0.22038,0.34502,0.29764,0.3945,0.27878,0.34134,0.25583,0,0.24914,0.12663,0.29328,0.34217,0.17075,0.31682,0.33133,0.31881,0.52663,0.019159,0.48679,0.48306,0.19008,0.22357,0.50885,0.61006,0.28442,0.086325,0.21404,0.27106,0.21994,0.23073,0.34363,0.24639,0.31246,0.37008,0.52149,0.54508,0.43272,0.47454,0.13857,0.26249,0.090892,0.23529,0.16873,0.1075,0.063181,0,0.30446,0.30734,0.33154,0.36663,0.46749,0.25674,0.24707,0.027864
0.009354,0.071052,0.057999,0.083276,0,0,0.14242,0.062358,0.028105,0,0.29587,0.22519,0.25045,0.13465,0.20865,0.21476,0.59028,0.45473,0,0,0.3175,0.18008,0,0,0.080364,0,0.037385,0,0.35219,0.44993,0,0,0.11653,0.026138,0.033715,0.095755,0.8339,0.60907,1,0.87214,0.71682,0.68465,0.36636,0.46832,0.34657,0.35503,0.4238,0.41506,0.28449,0.34923,0.41107,0.37028,0.164,0.1456,0.61594,0.61217,0.015151,0.13153,0.23021,0.19848,0.38626,0.29992,0.29209,0.34127,0.32196,0.39066,0.20136,0.15424,0.06834,0,0.20891,0,0.18555,0.19091,0.00016945,0.11266,0.12323,0.21221,0.59128,0.26683,0.49464,0.44487,0.36679,0.32171,0.44039,0.52264,0.41423,0.30317,0.20964,0.17351,0.0031995,0.030134,0.10447,0,0.64212,0.72716,0.56777,0.52243,0.23952,0.32654,0,0.24158,0,0.11223,0,0,0,0,0.60535,0.46941,0.0572,0.52122,0.35818,0.08503,0.11118,0
0.062514,0.13383,0.06836,0.076076,0,0,0.14431,0.075367,0.073457,0.047381,0.25716,0.217,0.17043,0.1048,0.16825,0.20186,0.5835,0.42905,0,0.00010592,0.15827,0.076236,0,0,0.10631,0.013985,0,0,0.27991,0.4248,0,0,0.1448,0.049982,0.060962,0.13776,0.78572,0.74078,0.87214,1,0.67676,0.68704,0.41227,0.51936,0.39938,0.42436,0.48507,0.50888,0.30998,0.40408,0.43096,0.45049,0.24381,0.21666,0.58131,0.65841,0.10384,0.15951,0.27792,0.25957,0.3942,0.31501,0.2266,0.32815,0.28945,0.41078,0.20743,0.21922,0.13129,0,0.14809,0,0.15467,0.20451,0.017109,0.15326,0.074217,0.17215,0.54581,0.19606,0.51329,0.48806,0.33222,0.31892,0.48138,0.55898,0.4036,0.33896,0.21862,0.28291,0.051903,0.069491,0.17631,0.054904,0.56538,0.61728,0.59872,0.60825,0.32246,0.41477,0.046483,0.26063,0,0.15506,0,0,0.10652,0,0.53537,0.38569,0.18886,0.45591,0.36555,0.17052,0.17108,0
0.10312,0.14083,0.066449,0.056244,0,0,0.07126,0.015998,0.10605,0.011531,0.36772,0.19665,0.20908,0.087804,0.31225,0.33699,0.46304,0.43622,0.13808,0.11216,0.33451,0.22831,0,0,0.11037,0.077723,0.16843,0.19504,0.3781,0.3698,0,0,0.21598,0.15331,0.01271,0,0.65423,0.42167,0.71682,0.67676,1,0.7423,0.34604,0.36522,0.29494,0.27885,0.30357,0.32935,0.23641,0.30046,0.29843,0.34393,0.11738,0.15187,0.52428,0.52137,0.10417,0.17168,0.16296,0.13044,0.30443,0.2428,0.18504,0.23049,0.28384,0.32168,0.16243,0.14616,0.055474,0,0.10708,0,0.24091,0.21261,0.099108,0.2334,0.082302,0.20146,0.40573,0.3755,0.32099,0.39119,0.35293,0.43095,0.33428,0.43428,0.26718,0.33856,0.16673,0.21318,0.015858,0.061607,0.090171,0,0.39341,0.51948,0.45802,0.41654,0.27407,0.35044,0.053328,0.20473,0,0.057765,0,0,0.076243,0,0.47073,0.44641,0.064263,0.35393,0.27819,0.11508,0.15161,0
0.12792,0.29638,0.033608,0.14597,0.1262,0.14525,0.16011,0.17709,0.24689,0.13136,0.33071,0.38813,0.24835,0.29948,0.27768,0.35344,0.47259,0.48342,0.055131,0.10785,0.15053,0.13015,0.048303,0.045927,0.3328,0.27644,0.093276,0.062802,0.3382,0.52957,0,0,0.26615,0.2033,0.098039,0.11615,0.62484,0.58142,0.68465,0.68704,0.7423,1,0.40991,0.44786,0.43361,0.41701,0.43399,0.42222,0.39725,0.42976,0.44142,0.43667,0.31523,0.20979,0.56384,0.52973,0.12368,0.30978,0.1828,0.15883,0.27247,0.34355,0.10468,0.28348,0.36977,0.51587,0.20231,0.1947,0.15087,0,0.16234,0.053866,0.1558,0.31549,0.026489,0.25328,0.11729,0.19891,0.54561,0.38165,0.54762,0.50381,0.44551,0.38896,0.52747,0.53367,0.33107,0.27913,0.28184,0.13622,0.083083,0.038604,0.16062,0,0.53174,0.55283,0.54484,0.46088,0.37149,0.413,0.07506,0.19559,0.0094336,0.10062,0,0,0,0,0.46971,0.41343,0.10311,0.52946,0.45959,0.21136,0.21684,0
0.31343,0.41408,0.52692,0.5806,0.25543,0.21032,0.48976,0.3844,0.32007,0.22282,0.45635,0.40229,0.29866,0.3596,0.41573,0.37459,0.38872,0.33706,0.31424,0.3629,0.14562,0.098372,0.36651,0.38742,0.40645,0.41146,0.10259,0.075334,0.38341,0.48577,0,0,0.32787,0.26385,0.16962,0.34217,0.44499,0.449,0.36636,0.41227,0.34604,0.40991,1,0.85855,0.77179,0.77362,0.86641,0.8261,0.77366,0.69194,0.73034,0.64603,0.61891,0.51865,0.63803,0.57909,0.23937,0.19126,0.43784,0.38005,0.47738,0.55422,0.34409,0.43696,0.36466,0.44671,0.46718,0.48932,0.27692,0.19588,0.49203,0.1115,0.4732,0.43436,0.37403,0.3624,0.40948,0.44836,0.45495,0.28155,0.5011,0.45141,0.27656,0.31692,0.55278,0.58812,0.21758,0.1474,0.52375,0.36036,0.4301,0.35434,0.31979,0.08888,0.25962,0.31412,0.62052,0.61343,0.74654,0.66368,0,0.064562,0,0.086529,0.13048,0.18858,0,0,0.25951,0.30323,0.36238,0.45847,0.54354,0.26068,0.37293,0
0.28455,0.42911,0.46927,0.47335,0.25112,0.2651,0.47979,0.31202,0.34595,0.23944,0.36739,0.33713,0.22593,0.30511,0.30022,0.27157,0.4616,0.25464,0.24135,0.29889,0.080823,0.016168,0.24318,0.27449,0.37184,0.36449,0,0,0.36909,0.47264,0,0,0.19226,0.12353,0.07164,0.29393,0.50839,0.58672,0.46832,0.51936,0.36522,0.44786,0.85855,1,0.64004,0.73376,0.83789,0.88788,0.67835,0.69151,0.74279,0.67899,0.63798,0.56322,0.64793,0.59414,0.19351,0.14237,0.43588,0.37844,0.45607,0.5261,0.34246,0.48191,0.23603,0.38732,0.39105,0.42662,0.28849,0.057713,0.43069,0.059252,0.42175,0.44054,0.28436,0.3802,0.45624,0.45552,0.46914,0.13099,0.47459,0.42293,0.20707,0.2611,0.50519,0.59659,0.21439,0.086069,0.40437,0.2702,0.44204,0.35503,0.34198,0.15195,0.21189,0.29502,0.57141,0.63854,0.69435,0.6927,0.029061,0.15181,0.050725,0.17947,0.27762,0.2792,0,0,0.18126,0.24626,0.40701,0.47979,0.5205,0.36694,0.47643,0.0023261
0.36717,0.38591,0.46776,0.5064,0.15243,0.17568,0.55596,0.43707,0.22911,0.18436,0.45744,0.42512,0.42547,0.36272,0.46423,0.41229,0.33202,0.33144,0.30774,0.37392,0.22771,0.1731,0.33615,0.38132,0.32404,0.3479,0.24812,0.22187,0.32787,0.44733,0.19619,0.16846,0.43246,0.41099,0.4383,0.47995,0.49645,0.48579,0.34657,0.39938,0.29494,0.43361,0.77179,0.64004,1,0.84826,0.75314,0.68401,0.81427,0.64531,0.67126,0.6271,0.45012,0.37671,0.5368,0.5847,0.31968,0.34808,0.46397,0.394,0.4822,0.51073,0.28209,0.36836,0.61413,0.6197,0.56944,0.5839,0.32737,0.13229,0.51928,0.23748,0.43624,0.41283,0.33918,0.37791,0.28863,0.35033,0.4761,0.26217,0.55009,0.5204,0.392,0.35965,0.69263,0.63521,0.33156,0.21918,0.47095,0.41371,0.28803,0.30032,0.35628,0.19667,0.38544,0.42302,0.656,0.5631,0.60896,0.58453,0.13374,0.24309,0.085974,0.14361,0,0,0.11581,0,0.44197,0.27768,0.22384,0.361,0.47111,0.23098,0.17189,0
0.41545,0.55272,0.47138,0.56629,0.31069,0.30854,0.54864,0.48341,0.36623,0.33268,0.38282,0.49906,0.26145,0.40931,0.40639,0.43634,0.3639,0.31393,0.321,0.44526,0.19135,0.14479,0.33233,0.40632,0.42111,0.45209,0.18362,0.15462,0.28933,0.43527,0.071247,0.066078,0.43375,0.40749,0.38884,0.60528,0.44045,0.52647,0.35503,0.42436,0.27885,0.41701,0.77362,0.73376,0.84826,1,0.7642,0.77958,0.87783,0.83237,0.78406,0.74618,0.54624,0.46821,0.65058,0.64126,0.39615,0.40043,0.6391,0.60018,0.61775,0.72895,0.40133,0.55489,0.54022,0.6901,0.67392,0.75009,0.41977,0.28086,0.49198,0.21965,0.461,0.47376,0.33915,0.4382,0.44717,0.50112,0.43053,0.19936,0.55466,0.54654,0.38813,0.41472,0.65845,0.74006,0.41224,0.27992,0.54076,0.44632,0.51328,0.45637,0.47608,0.25417,0.25477,0.28568,0.64426,0.59598,0.76061,0.72622,0.23151,0.33266,0.19027,0.29712,0.063003,0.10817,0.11976,0,0.31339,0.25906,0.29521,0.47025,0.56082,0.37387,0.25167,0
