1,0.91567,0.77524,0.72117,0.43306,0.5244,0.79367,0.69886,0.42752,0.43071,0.90658,0.65356,0.863,0.726,0.81994,0.68267,0.80655,0.50214,0.85664,0.83004,0.49073,0.5522,0.67473,0.68588,0.3442,0.42457,0.68869,0.60244,0.44468,0.15684,0.56241,0.51871,0.78408,0.69611,0.63059,0.60183,0,0.35864,0.20686,0.18198,0.47786,0.35447,0.7792,0.79578,0.77849,0.79909,0.70821,0.76955,0.80795,0.75134,0.71546,0.65444,0.58014,0.44631,0.65,0.69332,0.95084,0.89545,0.73311,0.64401,0.79288,0.66224,0.85675,0.66228,0.71385,0.60609,0.79397,0.75502,0.88749,0.82095,0.089154,0.20856,0.54184,0.58582,0.41443,0.37376,0.4733,0.46839,0.46897,0.10729,0.72774,0.51654,0.50365,0.32287,0.81519,0.71985,0.64917,0.58069,0.72591,0.70241,0.32939,0.40625,0.10776,0.43741,0.36611,0.064571,0.59351,0.73158,0.5144,0.59847,0.32498,0.54614,0.53884,0.54424,0.39643,0.35862,0.3801,0.22703,0.058662,0.36879,0.6696,0.28897,0.39978,0.49198,0.16513,0
0.91567,1,0.67275,0.71439,0.46343,0.52582,0.71286,0.6768,0.44405,0.38018,0.79952,0.63536,0.76865,0.64511,0.79424,0.70661,0.80118,0.62824,0.87561,0.90267,0.51272,0.59953,0.55783,0.62168,0.28421,0.37787,0.73981,0.67913,0.3851,0.16658,0.49729,0.47275,0.81992,0.77006,0.68658,0.70344,0.01219,0.42549,0.2372,0.2143,0.44848,0.4006,0.77074,0.79746,0.78985,0.79745,0.70104,0.78444,0.78426,0.73627,0.74264,0.64941,0.60615,0.44468,0.72523,0.72003,0.91278,0.97041,0.7963,0.73766,0.78319,0.71211,0.83158,0.72314,0.71938,0.64027,0.84525,0.82354,0.92265,0.88176,0,0.14335,0.54737,0.64538,0.53037,0.50448,0.55183,0.55053,0.47577,0.1904,0.75237,0.64779,0.51744,0.42145,0.78617,0.73949,0.67961,0.61616,0.7733,0.7312,0.48706,0.52695,0.20891,0.531,0.38861,0.092021,0.7081,0.74072,0.65802,0.70125,0.48785,0.61748,0.70711,0.67144,0.46908,0.45272,0.54036,0.34512,0.018175,0.3268,0.72162,0.41219,0.51632,0.63356,0.23229,0
0.77524,0.67275,1,0.91914,0.60098,0.63419,0.92483,0.88502,0.51775,0.58231,0.83746,0.7294,0.89669,0.83019,0.69896,0.61905,0.58903,0.38941,0.78346,0.70143,0.35655,0.41397,0.95523,0.93644,0.64212,0.70646,0.52829,0.44058,0.34541,0.16267,0.77542,0.75833,0.75342,0.70787,0.58584,0.473,0,0.10145,0,0,0.39677,0.21926,0.5524,0.58348,0.59587,0.59876,0.48418,0.55412,0.6018,0.57169,0.52778,0.52904,0.36842,0.35586,0.37344,0.41567,0.66076,0.60378,0.46495,0.42004,0.54938,0.46431,0.6415,0.49639,0.61193,0.53898,0.62236,0.59437,0.65653,0.59855,0.34453,0.43319,0.56153,0.53568,0.41436,0.42893,0.45341,0.44817,0.36828,0.099527,0.5697,0.44744,0.36423,0.22847,0.63512,0.60207,0.38453,0.32115,0.40626,0.53274,0.25077,0.34269,0.12076,0.39177,0.20034,0.02241,0.38149,0.52612,0.3599,0.44605,0.20697,0.45132,0.38091,0.36749,0.36687,0.32897,0.27614,0.12301,0.065317,0.24298,0.53823,0.19804,0.32046,0.36452,0.20832,0
0.72117,0.71439,0.91914,1,0.68666,0.74747,0.90629,0.94644,0.629,0.63892,0.76123,0.7431,0.83394,0.79215,0.64761,0.61965,0.58003,0.46389,0.78458,0.73303,0.34504,0.47891,0.88156,0.93993,0.61277,0.71531,0.55635,0.5024,0.2804,0.14391,0.72586,0.71966,0.76991,0.77142,0.61653,0.5523,0,0.125,0,0,0.38298,0.23272,0.49238,0.55019,0.58488,0.58705,0.43638,0.53821,0.55725,0.5688,0.55427,0.56083,0.38522,0.39923,0.41949,0.42133,0.63493,0.64713,0.49971,0.48856,0.53938,0.52766,0.60711,0.58193,0.59301,0.60716,0.63954,0.66145,0.6601,0.6354,0.31049,0.40961,0.58766,0.61282,0.50613,0.56571,0.54065,0.51662,0.34315,0.13099,0.56581,0.55473,0.31666,0.26761,0.58778,0.64357,0.36333,0.3616,0.42597,0.61815,0.38951,0.4663,0.25828,0.49607,0.25948,0.078849,0.46298,0.52663,0.44129,0.52232,0.35996,0.53843,0.50388,0.47326,0.3863,0.37218,0.382,0.19004,0.081961,0.25224,0.58135,0.26508,0.40876,0.47088,0.24358,0
0.43306,0.46343,0.60098,0.68666,1,0.72834,0.65643,0.70666,0.70946,0.5978,0.53064,0.52031,0.60148,0.64559,0.55873,0.57332,0.26315,0.18897,0.46244,0.45965,0.17717,0.37382,0.57624,0.61527,0.80583,0.78199,0.57412,0.53388,0.15964,0.11386,0.56361,0.56383,0.46021,0.46211,0.33784,0.34387,0,0,0,0.012258,0.11447,0.12847,0.36249,0.43647,0.41766,0.45204,0.32387,0.42225,0.36007,0.45205,0.38743,0.42852,0.24131,0.1996,0.30594,0.28516,0.45746,0.42741,0.43695,0.41483,0.41394,0.42687,0.36413,0.377,0.40026,0.39243,0.45403,0.48403,0.44632,0.49512,0.42027,0.42512,0.43508,0.44567,0.32682,0.40456,0.43,0.40468,0.10802,0.025839,0.28421,0.26764,0.32326,0.24157,0.32044,0.34847,0.30369,0.34107,0.37475,0.41592,0.37835,0.35593,0.2855,0.38779,0.16716,0.21977,0.21813,0.4269,0.38871,0.41828,0.42947,0.47898,0.48698,0.43563,0.25664,0.25893,0.34964,0.25774,0.092254,0.084748,0.3249,0.23697,0.37907,0.40441,0.28118,0.11545
0.5244,0.52582,0.63419,0.74747,0.72834,1,0.71069,0.78935,0.75391,0.82244,0.60816,0.56685,0.68472,0.7074,0.6961,0.7256,0.38619,0.27086,0.56314,0.5093,0.37118,0.4743,0.54521,0.63503,0.49915,0.60284,0.59057,0.63039,0.19009,0.10454,0.45693,0.43758,0.52631,0.51163,0.51253,0.52434,0,0.094903,0.074558,0.061543,0.23006,0.18924,0.43721,0.4798,0.49064,0.506,0.3962,0.46787,0.45975,0.52533,0.56813,0.61095,0.37074,0.45043,0.3777,0.44169,0.4938,0.49142,0.45022,0.50946,0.57434,0.60297,0.491,0.56893,0.60515,0.68836,0.55683,0.62514,0.48867,0.55973,0.28613,0.34837,0.43946,0.43678,0.42342,0.38332,0.46739,0.39491,0.25555,0,0.41035,0.41755,0.32789,0.32503,0.47802,0.57426,0.39576,0.41067,0.43276,0.59443,0.51628,0.53349,0.41171,0.52083,0.21431,0.13354,0.3164,0.44964,0.47838,0.49522,0.4165,0.54324,0.43471,0.47892,0.30951,0.33732,0.37839,0.22522,0,0.14511,0.38896,0.33722,0.48814,0.4567,0.27856,0.024651
0.79367,0.71286,0.92483,0.90629,0.65643,0.71069,1,0.92773,0.56582,0.58168,0.87342,0.71551,0.94547,0.8673,0.72092,0.64502,0.58092,0.39125,0.78584,0.69359,0.28335,0.37651,0.86607,0.87657,0.56221,0.63105,0.51855,0.45252,0.25832,0.11638,0.66339,0.63717,0.72597,0.68962,0.5393,0.49785,0,0.11348,0.045062,0.042586,0.47027,0.2799,0.55049,0.58954,0.5871,0.60961,0.48241,0.5747,0.57584,0.61472,0.60823,0.63824,0.40138,0.45589,0.44118,0.49147,0.70846,0.63933,0.56278,0.51408,0.68662,0.60899,0.71182,0.61799,0.68259,0.63049,0.66467,0.65987,0.67051,0.6525,0.26041,0.32455,0.46075,0.50238,0.40307,0.41435,0.52106,0.49827,0.29281,0.04303,0.58019,0.50573,0.39904,0.28801,0.64806,0.67334,0.48406,0.46646,0.52747,0.6889,0.39761,0.49701,0.28891,0.54072,0.27342,0.02504,0.42288,0.54894,0.48193,0.57412,0.39797,0.64258,0.52064,0.55031,0.4575,0.44223,0.41445,0.26137,0.061101,0.23143,0.57502,0.34445,0.5055,0.53876,0.30272,0
0.69886,0.6768,0.88502,0.94644,0.70666,0.78935,0.92773,1,0.60716,0.67531,0.79606,0.79658,0.86725,0.89696,0.68662,0.69466,0.55765,0.45231,0.74088,0.68587,0.33309,0.43382,0.83174,0.88153,0.61707,0.69659,0.52566,0.49491,0.27029,0.15761,0.69183,0.69343,0.71302,0.71529,0.51757,0.49167,0,0.11431,0.02139,0.029337,0.46686,0.31173,0.44534,0.50515,0.52736,0.5508,0.38794,0.48941,0.51722,0.56312,0.54932,0.5891,0.34504,0.37384,0.36541,0.40046,0.62485,0.60091,0.50387,0.50062,0.60344,0.60997,0.6632,0.67079,0.59366,0.64636,0.6088,0.63717,0.60458,0.60274,0.33986,0.42841,0.56895,0.58595,0.49066,0.491,0.57297,0.53406,0.32436,0.086612,0.56927,0.55005,0.35908,0.31145,0.58997,0.64845,0.41933,0.39438,0.45629,0.62613,0.40022,0.46465,0.29133,0.48278,0.23481,0.035299,0.38039,0.46693,0.42916,0.50522,0.3882,0.55006,0.49171,0.49452,0.39903,0.40169,0.39646,0.24208,0.015776,0.17471,0.51822,0.30722,0.46489,0.484,0.26797,0
0.42752,0.44405,0.51775,0.629,0.70946,0.75391,0.56582,0.60716,1,0.8362,0.47513,0.40172,0.54141,0.49769,0.5847,0.53407,0.27214,0.16167,0.44929,0.42416,0.25167,0.41942,0.48255,0.55444,0.48209,0.53439,0.45065,0.41486,0.15412,0.046005,0.43171,0.39901,0.44701,0.44939,0.3664,0.3189,0.030972,0.18361,0.18189,0.18415,0.21791,0.21848,0.33513,0.39802,0.3545,0.36698,0.36032,0.40871,0.32907,0.30409,0.34668,0.32993,0.29579,0.28985,0.28916,0.26277,0.37405,0.40634,0.20139,0.20628,0.29224,0.289,0.33567,0.3095,0.31396,0.29832,0.33849,0.37831,0.41367,0.41629,0.31521,0.34244,0.43083,0.39485,0.27939,0.26514,0.38908,0.32748,0.18132,0,0.3,0.27769,0.22546,0.23071,0.36847,0.39253,0.19352,0.23081,0.31761,0.36749,0.26228,0.25079,0.20873,0.23298,0.23051,0.16019,0.25049,0.39475,0.27165,0.302,0.21102,0.28188,0.25002,0.24141,0.2087,0.15236,0.16874,0.1199,0.0080002,0.15566,0.21785,0.15183,0.28541,0.30384,0.21614,0.010178
0.43071,0.38018,0.58231,0.63892,0.5978,0.82244,0.58168,0.67531,0.8362,1,0.54991,0.50728,0.58709,0.62838,0.60731,0.62636,0.31179,0.15265,0.44528,0.38372,0.30164,0.39482,0.53424,0.5588,0.46221,0.52406,0.3899,0.39564,0.22914,0.05938,0.48391,0.44133,0.36585,0.35255,0.31606,0.24589,0,0.071302,0.0097791,0.035325,0.2059,0.13852,0.31838,0.34697,0.28465,0.34261,0.32399,0.33711,0.36034,0.38917,0.38381,0.42096,0.33446,0.33397,0.21675,0.22758,0.36423,0.35568,0.20362,0.24497,0.34658,0.37848,0.3671,0.37293,0.3367,0.39065,0.29763,0.34903,0.36352,0.37649,0.37393,0.42843,0.46129,0.33073,0.25964,0.16234,0.29576,0.21156,0.25332,0,0.29579,0.19496,0.19609,0.13833,0.37821,0.33632,0.18452,0.18123,0.26426,0.31365,0.19965,0.19883,0.12277,0.16072,0.10297,0.048715,0.084678,0.2823,0.19493,0.22214,0.079344,0.19185,0.14879,0.17531,0.15448,0.12312,0.093944,0.0082227,0,0.10174,0.13897,0.050344,0.17526,0.1706,0.1262,0
0.90658,0.79952,0.83746,0.76123,0.53064,0.60816,0.87342,0.79606,0.47513,0.54991,1,0.7947,0.96004,0.87744,0.84142,0.69092,0.7608,0.44452,0.82211,0.76875,0.4594,0.47899,0.77034,0.75035,0.49416,0.56142,0.58113,0.50937,0.46357,0.14514,0.68364,0.63714,0.73755,0.65699,0.56124,0.51757,0,0.1714,0.015436,0,0.46826,0.24733,0.64384,0.66025,0.64388,0.67564,0.5636,0.63083,0.6956,0.67233,0.61725,0.60412,0.44134,0.35368,0.48173,0.54469,0.8367,0.75683,0.6282,0.55009,0.76114,0.65849,0.85768,0.67934,0.70155,0.60835,0.69595,0.65583,0.77353,0.70412,0.27702,0.36791,0.59174,0.57104,0.41195,0.35762,0.49563,0.48588,0.45122,0.016068,0.66095,0.42062,0.42422,0.17888,0.75317,0.63498,0.57076,0.4662,0.63288,0.61727,0.27526,0.35634,0.094015,0.39648,0.31875,0,0.4367,0.58796,0.41497,0.49058,0.28715,0.52702,0.4754,0.5063,0.42286,0.32671,0.3434,0.15764,0.063689,0.35197,0.61121,0.1829,0.3577,0.42097,0.15381,0
0.65356,0.63536,0.7294,0.7431,0.52031,0.56685,0.71551,0.79658,0.40172,0.50728,0.7947,1,0.7748,0.87824,0.65157,0.62331,0.74339,0.62699,0.68131,0.67967,0.52559,0.48779,0.68991,0.70957,0.58499,0.67646,0.4529,0.40876,0.55113,0.30782,0.74502,0.76062,0.67124,0.67522,0.48243,0.47092,0,0.031791,0,0,0.39455,0.13302,0.33652,0.37584,0.40222,0.40858,0.24651,0.35521,0.4397,0.4251,0.37463,0.38332,0.19985,0.14213,0.22023,0.28499,0.59024,0.56743,0.4064,0.37949,0.48707,0.50019,0.7347,0.68789,0.46633,0.5098,0.47469,0.48259,0.55715,0.47293,0.44667,0.54111,0.72495,0.7048,0.56062,0.52377,0.56936,0.56041,0.56174,0.12814,0.61496,0.48715,0.2405,0.081353,0.51627,0.48278,0.28157,0.17789,0.35807,0.42752,0.18681,0.2365,0.033904,0.25083,0.29752,0,0.35246,0.37662,0.23456,0.30233,0.19338,0.34773,0.33838,0.36609,0.26547,0.22605,0.22888,0,0.054088,0.38146,0.55279,0.080235,0.2224,0.28963,0.066279,0
0.863,0.76865,0.89669,0.83394,0.60148,0.68472,0.94547,0.86725,0.54141,0.58709,0.96004,0.7748,1,0.9044,0.83221,0.70485,0.69967,0.43869,0.81062,0.74926,0.41297,0.46297,0.8339,0.8278,0.5516,0.61627,0.58214,0.52238,0.37949,0.13244,0.70112,0.66298,0.75952,0.69735,0.58613,0.53739,0,0.15766,0.015952,0.037755,0.45072,0.2688,0.63763,0.65867,0.64908,0.67007,0.55698,0.63592,0.67332,0.65916,0.6398,0.63432,0.45302,0.42193,0.47827,0.54499,0.78624,0.7103,0.60356,0.53678,0.74445,0.63432,0.8141,0.6546,0.72243,0.63192,0.7085,0.67993,0.74104,0.68962,0.3066,0.38783,0.55373,0.54872,0.4251,0.36887,0.54798,0.51598,0.40244,0.027198,0.64332,0.46878,0.40878,0.22872,0.73873,0.68057,0.54086,0.46117,0.60029,0.66412,0.34417,0.43779,0.17272,0.46819,0.3009,0,0.43687,0.5912,0.47186,0.54671,0.32387,0.58992,0.49777,0.54477,0.46776,0.41708,0.3811,0.2174,0.037166,0.29661,0.60812,0.2671,0.43773,0.49008,0.25375,0
0.726,0.64511,0.83019,0.79215,0.64559,0.7074,0.8673,0.89696,0.49769,0.62838,0.87744,0.87824,0.9044,1,0.74799,0.71701,0.62425,0.42441,0.67091,0.62687,0.35407,0.38784,0.77651,0.76774,0.65235,0.69754,0.49098,0.46072,0.36457,0.15732,0.71986,0.71069,0.657,0.62289,0.45293,0.42063,0,0.039253,0,0,0.43613,0.2337,0.467,0.49543,0.48629,0.52079,0.37704,0.45855,0.52863,0.56753,0.52056,0.56946,0.32223,0.29862,0.31611,0.38524,0.67722,0.5778,0.50818,0.4698,0.65184,0.62489,0.74636,0.68667,0.57751,0.58623,0.55792,0.55402,0.56825,0.5297,0.46245,0.53542,0.60276,0.56762,0.442,0.40727,0.56263,0.53425,0.37021,0,0.54661,0.39833,0.32263,0.16716,0.59913,0.55486,0.43349,0.3592,0.47134,0.54042,0.26272,0.31935,0.12374,0.33808,0.20793,0,0.26013,0.41625,0.33785,0.41144,0.26551,0.47377,0.39233,0.45383,0.36207,0.36119,0.29684,0.14512,0,0.18707,0.47099,0.17343,0.35366,0.37794,0.20412,0.021951
0.81994,0.79424,0.69896,0.64761,0.55873,0.6961,0.72092,0.68662,0.5847,0.60731,0.84142,0.65157,0.83221,0.74799,1,0.87696,0.71852,0.48109,0.80241,0.78947,0.64633,0.61461,0.59409,0.63095,0.41492,0.49951,0.76688,0.7184,0.51414,0.28128,0.57049,0.51986,0.7433,0.65875,0.59856,0.59633,0,0.30532,0.18742,0.20981,0.40057,0.35124,0.74506,0.75879,0.73649,0.72995,0.69159,0.73029,0.75019,0.63816,0.64851,0.57585,0.49428,0.32959,0.58346,0.63283,0.78331,0.77438,0.62409,0.56884,0.73708,0.63516,0.78952,0.62653,0.72519,0.63603,0.76585,0.72645,0.81224,0.78507,0.18144,0.28908,0.63583,0.61188,0.47446,0.33205,0.52206,0.51158,0.54485,0.15407,0.72765,0.54189,0.63426,0.41727,0.78432,0.69122,0.68645,0.50621,0.6928,0.59165,0.35952,0.37401,0.1127,0.37741,0.28036,0.050664,0.47028,0.66017,0.5141,0.50068,0.28598,0.4728,0.46685,0.46389,0.33561,0.28459,0.33511,0.20142,0,0.23404,0.57468,0.27299,0.37824,0.39111,0.12609,0
0.68267,0.70661,0.61905,0.61965,0.57332,0.7256,0.64502,0.69466,0.53407,0.62636,0.69092,0.62331,0.70485,0.71701,0.87696,1,0.63911,0.55818,0.70308,0.69833,0.62621,0.63581,0.48983,0.55603,0.40921,0.47744,0.74988,0.75398,0.46082,0.38442,0.48539,0.47897,0.63165,0.58022,0.49155,0.52082,0.0016614,0.33342,0.24828,0.26778,0.39526,0.42839,0.64089,0.66614,0.63603,0.65351,0.59802,0.64398,0.65907,0.63635,0.64278,0.60274,0.49742,0.34847,0.57085,0.618,0.68194,0.69403,0.61206,0.61423,0.68423,0.67622,0.6962,0.69108,0.64276,0.64817,0.69426,0.69423,0.67985,0.70771,0.13849,0.24517,0.55647,0.60176,0.54598,0.35002,0.49954,0.46927,0.50477,0.2452,0.70935,0.63637,0.6967,0.60534,0.69642,0.65675,0.71266,0.56186,0.65658,0.56823,0.42951,0.38898,0.15206,0.36825,0.19848,0.14029,0.38968,0.5852,0.54196,0.51254,0.32002,0.43997,0.49315,0.46422,0.27136,0.32974,0.38479,0.28094,0,0.098153,0.45633,0.38104,0.4001,0.38965,0.14451,0
0.80655,0.80118,0.58903,0.58003,0.26315,0.38619,0.58092,0.55765,0.27214,0.31179,0.7608,0.74339,0.69967,0.62425,0.71852,0.63911,1,0.78568,0.77858,0.82001,0.68365,0.64222,0.5206,0.54605,0.28644,0.4264,0.59855,0.52331,0.73909,0.45641,0.62505,0.61219,0.74261,0.7102,0.52039,0.51915,0,0.26386,0.051292,0.023163,0.38352,0.25705,0.5735,0.58244,0.6047,0.57127,0.49087,0.55683,0.63813,0.5013,0.47526,0.36738,0.36114,0.17522,0.49706,0.51633,0.77368,0.77623,0.537,0.44924,0.5535,0.4594,0.76788,0.62105,0.48696,0.45137,0.6097,0.57889,0.74598,0.64482,0.19191,0.29218,0.62854,0.72947,0.49341,0.4298,0.46509,0.472,0.79503,0.36211,0.83836,0.63097,0.46902,0.2655,0.61541,0.52297,0.49983,0.35362,0.49245,0.45018,0.1232,0.20899,0,0.20113,0.45622,0.10524,0.54953,0.60231,0.33285,0.37385,0.14594,0.31832,0.36951,0.36987,0.24812,0.20094,0.22205,0,0.15658,0.45912,0.66174,0.14548,0.17893,0.31391,0.031311,0
0.50214,0.62824,0.38941,0.46389,0.18897,0.27086,0.39125,0.45231,0.16167,0.15265,0.44452,0.62699,0.43869,0.42441,0.48109,0.55818,0.78568,1,0.60943,0.66483,0.63281,0.58058,0.31122,0.38334,0.15641,0.29299,0.47355,0.42739,0.60354,0.62387,0.3969,0.43937,0.54733,0.57649,0.39134,0.44044,0,0.27308,0.019584,0.036551,0.34927,0.32627,0.34151,0.35709,0.38451,0.3437,0.27309,0.36087,0.3774,0.33539,0.35059,0.28851,0.2798,0.18348,0.33625,0.33511,0.47918,0.59435,0.39836,0.40326,0.3444,0.35963,0.5269,0.58571,0.33039,0.37319,0.43993,0.45012,0.54899,0.49524,0.011017,0.12008,0.46685,0.68197,0.51161,0.46693,0.39771,0.40904,0.75682,0.66175,0.81041,0.81125,0.4671,0.4493,0.41674,0.40222,0.34349,0.21396,0.34423,0.32032,0.23618,0.28558,0,0.23214,0.31088,0.17787,0.4626,0.40749,0.3646,0.37607,0.21578,0.25998,0.38261,0.35799,0.12037,0.20801,0.26818,0.015737,0.071096,0.26137,0.52406,0.35127,0.23328,0.32153,0.004346,0
0.85664,0.87561,0.78346,0.78458,0.46244,0.56314,0.78584,0.74088,0.44929,0.44528,0.82211,0.68131,0.81062,0.67091,0.80241,0.70308,0.77858,0.60943,1,0.95928,0.57148,0.56394,0.68223,0.73752,0.32804,0.43342,0.66929,0.56184,0.45196,0.24149,0.56358,0.52804,0.86279,0.81712,0.72334,0.71452,0,0.28782,0.11569,0.069732,0.4605,0.3115,0.71534,0.72882,0.77086,0.74639,0.66058,0.72756,0.74627,0.64462,0.67681,0.5793,0.49427,0.37921,0.60526,0.62965,0.79096,0.8442,0.67678,0.62293,0.70481,0.6297,0.79664,0.68066,0.74416,0.68762,0.84523,0.82251,0.90339,0.86143,0,0.096164,0.55495,0.63969,0.48793,0.48056,0.53176,0.53672,0.57116,0.23837,0.76821,0.67558,0.52945,0.35968,0.75806,0.76024,0.60679,0.49565,0.6393,0.68063,0.42501,0.50485,0.188,0.52618,0.28774,0,0.64023,0.66717,0.56824,0.60836,0.40713,0.57314,0.61635,0.56023,0.41578,0.38083,0.43551,0.25243,0.028637,0.305,0.74117,0.32797,0.45451,0.51773,0.18035,0
0.83004,0.90267,0.70143,0.73303,0.45965,0.5093,0.69359,0.68587,0.42416,0.38372,0.76875,0.67967,0.74926,0.62687,0.78947,0.69833,0.82001,0.66483,0.95928,1,0.61851,0.59646,0.60223,0.67046,0.33597,0.43926,0.71109,0.61273,0.49863,0.29414,0.57807,0.55742,0.87968,0.84835,0.68316,0.69937,0,0.28181,0.11041,0.084951,0.4219,0.34076,0.69983,0.72595,0.7756,0.7368,0.6408,0.7192,0.7412,0.60412,0.62989,0.49897,0.45622,0.26725,0.59696,0.60579,0.79341,0.87728,0.68353,0.61721,0.66119,0.59258,0.77442,0.66719,0.66573,0.61937,0.83268,0.80743,0.91165,0.86784,0.012657,0.14326,0.61788,0.71392,0.53083,0.5007,0.55085,0.55688,0.62009,0.28165,0.79517,0.70434,0.53815,0.3727,0.73089,0.71479,0.60304,0.47102,0.62721,0.62193,0.37703,0.43823,0.11073,0.44505,0.30127,0.0047649,0.63353,0.66724,0.54303,0.56669,0.39668,0.51999,0.62725,0.54471,0.41701,0.37316,0.43717,0.25362,0.0099576,0.28812,0.72199,0.30495,0.40418,0.51787,0.20765,0
0.49073,0.51272,0.35655,0.34504,0.17717,0.37118,0.28335,0.33309,0.25167,0.30164,0.4594,0.52559,0.41297,0.35407,0.64633,0.62621,0.68365,0.63281,0.57148,0.61851,1,0.7944,0.27216,0.33236,0.20536,0.33337,0.6691,0.6242,0.77325,0.63396,0.42314,0.40664,0.52332,0.48584,0.42719,0.44363,0,0.39522,0.12955,0.18571,0.28337,0.28866,0.48253,0.5063,0.53521,0.48657,0.45007,0.49728,0.5307,0.34149,0.35158,0.22695,0.29292,0.07994,0.3762,0.446,0.43882,0.51766,0.30126,0.28747,0.30108,0.26216,0.48768,0.39288,0.3588,0.36486,0.47484,0.46578,0.56627,0.51142,0.11095,0.22802,0.59194,0.64431,0.46071,0.31059,0.39456,0.40335,0.75035,0.46475,0.73577,0.61453,0.55132,0.37844,0.54429,0.47489,0.40556,0.19101,0.37291,0.28742,0.13651,0.13031,0,0.1027,0.39477,0.23307,0.49697,0.55696,0.26834,0.21637,0,0.10346,0.14631,0.12382,0.043886,0.0078374,0.10004,0,0.047648,0.4715,0.53261,0.16538,0.090295,0.09567,0,0
0.5522,0.59953,0.41397,0.47891,0.37382,0.4743,0.37651,0.43382,0.41942,0.39482,0.47899,0.48779,0.46297,0.38784,0.61461,0.63581,0.64222,0.58058,0.56394,0.59646,0.7944,1,0.37705,0.45418,0.32487,0.4521,0.72743,0.75564,0.5877,0.44092,0.49619,0.4699,0.58645,0.57517,0.51607,0.50395,0.10034,0.51129,0.28961,0.32306,0.21241,0.35767,0.52057,0.56697,0.58342,0.56605,0.50482,0.56252,0.55218,0.46938,0.46562,0.37132,0.44322,0.27056,0.53759,0.53761,0.5339,0.60156,0.40405,0.38774,0.38435,0.36378,0.45204,0.39719,0.41246,0.40132,0.53002,0.54437,0.63204,0.58417,0.17189,0.27944,0.55524,0.68528,0.48359,0.45782,0.50875,0.4876,0.54397,0.4184,0.63687,0.57783,0.48996,0.45518,0.54026,0.52479,0.47683,0.38012,0.47445,0.43607,0.27747,0.26414,0,0.22631,0.4736,0.4059,0.59427,0.67174,0.37276,0.36912,0.089297,0.20659,0.31645,0.25373,0.0068529,0.050722,0.25244,0.10439,0.03779,0.44685,0.4959,0.21066,0.18842,0.22682,0,0
0.67473,0.55783,0.95523,0.88156,0.57624,0.54521,0.86607,0.83174,0.48255,0.53424,0.77034,0.68991,0.8339,0.77651,0.59409,0.48983,0.5206,0.31122,0.68223,0.60223,0.27216,0.37705,1,0.96489,0.70191,0.76015,0.41241,0.33029,0.31819,0.12463,0.84317,0.81519,0.7068,0.68354,0.51686,0.3654,0,0.027793,0,0,0.3399,0.15219,0.41395,0.45008,0.47464,0.46537,0.34978,0.4248,0.46656,0.43061,0.36491,0.38008,0.24151,0.24283,0.25887,0.27929,0.54692,0.47743,0.31763,0.2588,0.39569,0.31092,0.5196,0.3414,0.49085,0.40792,0.48962,0.45365,0.54375,0.46249,0.43915,0.49657,0.54324,0.49225,0.33645,0.41142,0.389,0.39259,0.32447,0.078155,0.47504,0.34024,0.26902,0.10706,0.53159,0.48154,0.28448,0.21817,0.276,0.41034,0.11147,0.21757,0.02608,0.28225,0.18297,0,0.28438,0.42124,0.20667,0.31181,0.10051,0.33642,0.27468,0.24395,0.31907,0.23729,0.19663,0.050198,0.12776,0.24502,0.46959,0.050255,0.18915,0.24941,0.15434,0
0.68588,0.62168,0.93644,0.93993,0.61527,0.63503,0.87657,0.88153,0.55444,0.5588,0.75035,0.70957,0.8278,0.76774,0.63095,0.55603,0.54605,0.38334,0.73752,0.67046,0.33236,0.45418,0.96489,1,0.65818,0.7472,0.49078,0.43144,0.28547,0.12383,0.79546,0.7784,0.77769,0.77333,0.61575,0.4994,0,0.10851,0,0,0.38862,0.21632,0.43353,0.48369,0.53598,0.51007,0.37827,0.47265,0.49076,0.44897,0.42966,0.42805,0.28411,0.29197,0.33366,0.34825,0.56733,0.54318,0.37154,0.3353,0.44357,0.39025,0.56188,0.43707,0.56793,0.52664,0.57899,0.56622,0.60302,0.54172,0.3611,0.43682,0.58034,0.56083,0.43847,0.50232,0.49844,0.49106,0.3365,0.1039,0.52921,0.46743,0.29952,0.19852,0.58894,0.61175,0.34699,0.28902,0.35783,0.52769,0.25689,0.34689,0.15292,0.40469,0.22458,0,0.39089,0.46331,0.31114,0.40221,0.21469,0.43417,0.37136,0.34249,0.35387,0.30084,0.28869,0.13112,0.097431,0.25769,0.55347,0.13746,0.2974,0.3389,0.17378,0
0.3442,0.28421,0.64212,0.61277,0.80583,0.49915,0.56221,0.61707,0.48209,0.46221,0.49416,0.58499,0.5516,0.65235,0.41492,0.40921,0.28644,0.15641,0.32804,0.33597,0.20536,0.32487,0.70191,0.65818,1,0.92864,0.42885,0.36196,0.31701,0.20156,0.79012,0.79451,0.42993,0.43078,0.23051,0.13312,0,0,0,0,0.065141,0.0093313,0.18379,0.25523,0.26085,0.26073,0.11521,0.21702,0.22561,0.22815,0.10631,0.14132,0,0,0.065772,0.087528,0.31402,0.23123,0.16752,0.11479,0.13914,0.11691,0.24504,0.15219,0.17261,0.13701,0.23752,0.22304,0.25626,0.22829,0.71185,0.6763,0.53309,0.46253,0.28558,0.3752,0.34088,0.34317,0.20675,0.027537,0.22509,0.11933,0.17803,0.026522,0.21508,0.16164,0.10361,0.090029,0.091182,0.12519,0,0,0,0.072755,0.16346,0.1341,0.048474,0.26882,0.039454,0.10197,0.049839,0.18517,0.16179,0.12807,0.15594,0.074286,0.097433,0,0.12914,0.15652,0.22377,0,0.057761,0.10734,0.1433,0.10224
0.42457,0.37787,0.70646,0.71531,0.78199,0.60284,0.63105,0.69659,0.53439,0.52406,0.56142,0.67646,0.61627,0.69754,0.49951,0.47744,0.4264,0.29299,0.43342,0.43926,0.33337,0.4521,0.76015,0.7472,0.92864,1,0.51079,0.45189,0.42607,0.29146,0.8868,0.88498,0.54456,0.55893,0.31313,0.22891,0,0,0,0,0.065141,0,0.23802,0.3078,0.3448,0.32496,0.16736,0.26565,0.29993,0.28357,0.16824,0.18711,0.0166,0,0.14052,0.13783,0.39497,0.32988,0.21664,0.16956,0.19639,0.18151,0.30536,0.24021,0.24027,0.24145,0.31177,0.31328,0.34949,0.31777,0.73489,0.70982,0.61656,0.5792,0.38878,0.49217,0.4016,0.409,0.32449,0.14074,0.3462,0.25069,0.23252,0.076292,0.24524,0.23234,0.15177,0.12647,0.099094,0.19992,0.025763,0.075182,0,0.10649,0.20971,0.21373,0.14074,0.35401,0.090092,0.14398,0.068635,0.19068,0.19643,0.13375,0.14609,0.034655,0.13689,0,0.15847,0.19793,0.31682,0,0.056536,0.13041,0.08778,0.054476
0.68869,0.73981,0.52829,0.55635,0.57412,0.59057,0.51855,0.52566,0.45065,0.3899,0.58113,0.4529,0.58214,0.49098,0.76688,0.74988,0.59855,0.47355,0.66929,0.71109,0.6691,0.72743,0.41241,0.49078,0.42885,0.51079,1,0.92908,0.45536,0.35703,0.46564,0.44384,0.63704,0.5732,0.58872,0.61297,0,0.36356,0.25445,0.29251,0.15861,0.33803,0.69774,0.7612,0.76296,0.75737,0.63811,0.72223,0.70727,0.64483,0.61865,0.54059,0.47014,0.27007,0.60759,0.632,0.72849,0.77377,0.68098,0.63753,0.62372,0.56563,0.56959,0.51524,0.61995,0.57477,0.76191,0.75407,0.76343,0.78781,0.11571,0.20688,0.53511,0.61297,0.4851,0.43676,0.47457,0.48366,0.45531,0.29959,0.66652,0.57935,0.63336,0.55124,0.67848,0.63609,0.6299,0.56039,0.65124,0.57885,0.43744,0.42334,0.14175,0.4279,0.33397,0.37329,0.56076,0.7313,0.55951,0.53922,0.33129,0.48976,0.52839,0.46945,0.20336,0.18089,0.42272,0.23569,0,0.26322,0.55334,0.36293,0.37908,0.4111,0.11272,0
0.60244,0.67913,0.44058,0.5024,0.53388,0.63039,0.45252,0.49491,0.41486,0.39564,0.50937,0.40876,0.52238,0.46072,0.7184,0.75398,0.52331,0.42739,0.56184,0.61273,0.6242,0.75564,0.33029,0.43144,0.36196,0.45189,0.92908,1,0.34807,0.2625,0.38705,0.37503,0.56525,0.51517,0.57205,0.63082,0.064333,0.37163,0.26004,0.31026,0.14389,0.35253,0.63055,0.69415,0.68769,0.69622,0.56811,0.66276,0.63704,0.63001,0.62452,0.57701,0.48252,0.34147,0.60415,0.65568,0.65382,0.70232,0.65801,0.66878,0.62223,0.61289,0.52298,0.52456,0.62011,0.62937,0.71816,0.73782,0.67514,0.72072,0.096905,0.19429,0.47616,0.56819,0.50963,0.43859,0.49704,0.47502,0.34904,0.19947,0.57404,0.53773,0.55676,0.54738,0.63497,0.64023,0.65227,0.58716,0.64447,0.60119,0.52824,0.49608,0.2161,0.47434,0.31776,0.34715,0.52847,0.67509,0.6023,0.57618,0.37271,0.51291,0.5475,0.52162,0.197,0.22262,0.50357,0.3244,0,0.24189,0.48279,0.41626,0.43892,0.4407,0.11953,0
0.44468,0.3851,0.34541,0.2804,0.15964,0.19009,0.25832,0.27029,0.15412,0.22914,0.46357,0.55113,0.37949,0.36457,0.51414,0.46082,0.73909,0.60354,0.45196,0.49863,0.77325,0.5877,0.31819,0.28547,0.31701,0.42607,0.45536,0.34807,1,0.79128,0.56734,0.54762,0.39416,0.3639,0.18227,0.16493,0,0.17182,0,0,0.14142,0.12613,0.346,0.35663,0.36303,0.31067,0.29425,0.32603,0.39297,0.20464,0.11697,0.022622,0.11086,0,0.19574,0.21472,0.3959,0.38236,0.14979,0.074886,0.14379,0.068033,0.39975,0.24919,0.11418,0.10531,0.24244,0.20492,0.41217,0.30957,0.33141,0.37266,0.56022,0.59611,0.28713,0.17715,0.17143,0.1891,0.85676,0.55113,0.69756,0.44022,0.52562,0.21491,0.31764,0.15601,0.21908,0.0078351,0.14521,0.016423,0,0,0,0,0.42065,0.34116,0.28227,0.46221,0,0,0,0,0,0,0,0,0,0,0.34308,0.47245,0.42843,0,0,0,0,0
0.15684,0.16658,0.16267,0.14391,0.11386,0.10454,0.11638,0.15761,0.046005,0.05938,0.14514,0.30782,0.13244,0.15732,0.28128,0.38442,0.45641,0.62387,0.24149,0.29414,0.63396,0.44092,0.12463,0.12383,0.20156,0.29146,0.35703,0.2625,0.79128,1,0.31366,0.3353,0.18393,0.1924,0,0.0011308,0,0.14031,0,0.098488,0.11381,0.29643,0.15384,0.18905,0.16798,0.11092,0.12105,0.17364,0.13666,0.028262,0,0,0,0,0.029159,0.051523,0.1115,0.15023,0.0021331,0,0,0,0.090852,0.12616,0,0.004895,0.076391,0.069645,0.17991,0.15177,0.14473,0.15083,0.26327,0.45632,0.16248,0.10716,0.048066,0.071341,0.75186,0.80161,0.65557,0.59856,0.65302,0.50639,0.10006,0.030018,0.12681,0,0,0,0,0,0,0,0.25325,0.48113,0.11646,0.30634,0.017549,0,0,0,0,0,0,0,0,0,0.34114,0.19942,0.2472,0.20989,0,0,0,0
0.56241,0.49729,0.77542,0.72586,0.56361,0.45693,0.66339,0.69183,0.43171,0.48391,0.68364,0.74502,0.70112,0.71986,0.57049,0.48539,0.62505,0.3969,0.56358,0.57807,0.42314,0.49619,0.84317,0.79546,0.79012,0.8868,0.46564,0.38705,0.56734,0.31366,1,0.97884,0.67138,0.67163,0.35084,0.23979,0,0,0,0,0.15868,0.027475,0.29726,0.34519,0.38631,0.35002,0.22428,0.29789,0.38292,0.27502,0.15841,0.12317,0.035155,0,0.17728,0.16583,0.48997,0.43212,0.21348,0.12055,0.22646,0.15612,0.43728,0.26479,0.24712,0.19808,0.34347,0.30301,0.45485,0.35488,0.71054,0.71897,0.70448,0.64405,0.39991,0.4634,0.38065,0.3858,0.48216,0.17107,0.46996,0.29615,0.25627,0.029719,0.35165,0.26224,0.2094,0.092142,0.12088,0.16463,0,0,0,0,0.24494,0.10306,0.19496,0.37903,0.016736,0.077166,0,0.083364,0.14886,0.060366,0.16814,0.0052023,0.089534,0,0.17475,0.28729,0.37417,0,0,0.079428,0.007053,0
0.51871,0.47275,0.75833,0.71966,0.56383,0.43758,0.63717,0.69343,0.39901,0.44133,0.63714,0.76062,0.66298,0.71069,0.51986,0.47897,0.61219,0.43937,0.52804,0.55742,0.40664,0.4699,0.81519,0.7784,0.79451,0.88498,0.44384,0.37503,0.54762,0.3353,0.97884,1,0.64676,0.66489,0.31085,0.21342,0,0,0,0,0.14805,0.027504,0.23442,0.28844,0.33442,0.29888,0.16161,0.24343,0.33531,0.23943,0.12387,0.089353,0,0,0.13759,0.13461,0.44879,0.40347,0.19353,0.11709,0.18542,0.135,0.40939,0.26757,0.20513,0.18114,0.30153,0.269,0.4044,0.31395,0.70487,0.72035,0.68657,0.64477,0.41358,0.46933,0.37281,0.3743,0.47257,0.18103,0.456,0.32037,0.23515,0.054124,0.30225,0.23893,0.17709,0.074662,0.082052,0.13781,0,0,0,0,0.23122,0.12395,0.17505,0.33918,0.0094073,0.07,0,0.076595,0.15351,0.058911,0.16849,0.022465,0.10517,0,0.1574,0.25952,0.33434,0,0,0.085668,0.036424,0
0.78408,0.81992,0.75342,0.76991,0.46021,0.52631,0.72597,0.71302,0.44701,0.36585,0.73755,0.67124,0.75952,0.657,0.7433,0.63165,0.74261,0.54733,0.86279,0.87968,0.52332,0.58645,0.7068,0.77769,0.42993,0.54456,0.63704,0.56525,0.39416,0.18393,0.67138,0.64676,1,0.97592,0.75849,0.72163,0,0.31946,0.18066,0.17207,0.47897,0.39383,0.6543,0.69057,0.78721,0.70487,0.60311,0.67411,0.6962,0.51094,0.56841,0.43496,0.38511,0.23747,0.5663,0.57301,0.73236,0.77439,0.558,0.46462,0.59721,0.49174,0.72902,0.58123,0.65621,0.57897,0.80323,0.77085,0.82358,0.75523,0.14202,0.24643,0.67773,0.73987,0.5739,0.57796,0.64886,0.66521,0.48789,0.17619,0.67897,0.63372,0.44211,0.35751,0.69555,0.74797,0.55862,0.43368,0.54195,0.62542,0.3224,0.37629,0.08901,0.40696,0.31775,0.0021446,0.63316,0.65495,0.47731,0.50301,0.3184,0.47605,0.53607,0.4686,0.44145,0.38682,0.36402,0.24177,0,0.3035,0.70886,0.23708,0.39285,0.49344,0.24487,0
0.69611,0.77006,0.70787,0.77142,0.46211,0.51163,0.68962,0.71529,0.44939,0.35255,0.65699,0.67522,0.69735,0.62289,0.65875,0.58022,0.7102,0.57649,0.81712,0.84835,0.48584,0.57517,0.68354,0.77333,0.43078,0.55893,0.5732,0.51517,0.3639,0.1924,0.67163,0.66489,0.97592,1,0.71434,0.68547,0,0.28188,0.15548,0.14602,0.46337,0.38398,0.53825,0.58243,0.69675,0.60304,0.49078,0.57364,0.58823,0.4152,0.48115,0.35266,0.30133,0.17958,0.49068,0.48036,0.64687,0.71296,0.48608,0.40313,0.50397,0.42713,0.66152,0.54741,0.57248,0.53108,0.72574,0.70932,0.7497,0.68654,0.16942,0.27044,0.67357,0.74972,0.59619,0.61558,0.64977,0.65911,0.47455,0.20659,0.64673,0.66062,0.37691,0.33885,0.60392,0.69636,0.48064,0.3754,0.45489,0.57495,0.30375,0.36238,0.089103,0.38288,0.31405,0.014362,0.60007,0.57936,0.4284,0.45999,0.32147,0.44683,0.52128,0.44888,0.41881,0.37259,0.36317,0.23031,0,0.27346,0.66255,0.22695,0.37778,0.49215,0.25469,0
0.63059,0.68658,0.58584,0.61653,0.33784,0.51253,0.5393,0.51757,0.3664,0.31606,0.56124,0.48243,0.58613,0.45293,0.59856,0.49155,0.52039,0.39134,0.72334,0.68316,0.42719,0.51607,0.51686,0.61575,0.23051,0.31313,0.58872,0.57205,0.18227,0,0.35084,0.31085,0.75849,0.71434,1,0.91157,0.0035759,0.38197,0.13397,0.079182,0.31299,0.24199,0.6057,0.61519,0.71891,0.65289,0.54147,0.62127,0.62135,0.54155,0.64169,0.5641,0.51119,0.47059,0.53527,0.56311,0.60192,0.68039,0.55015,0.545,0.60605,0.54403,0.64995,0.56039,0.79997,0.71969,0.80847,0.79537,0.73152,0.70114,0,0.072119,0.45885,0.50776,0.52537,0.5714,0.58263,0.58466,0.34512,0.051875,0.52419,0.47199,0.26521,0.2699,0.73222,0.75718,0.46658,0.4048,0.59301,0.6826,0.54997,0.58061,0.36633,0.62396,0.29022,0,0.68009,0.56029,0.5753,0.59682,0.38636,0.57947,0.53406,0.56254,0.39986,0.42424,0.36942,0.24276,0,0.35556,0.70909,0.3434,0.48509,0.48252,0.17933,0
0.60183,0.70344,0.473,0.5523,0.34387,0.52434,0.49785,0.49167,0.3189,0.24589,0.51757,0.47092,0.53739,0.42063,0.59633,0.52082,0.51915,0.44044,0.71452,0.69937,0.44363,0.50395,0.3654,0.4994,0.13312,0.22891,0.61297,0.63082,0.16493,0.0011308,0.23979,0.21342,0.72163,0.68547,0.91157,1,0.0057439,0.38657,0.15493,0.10074,0.28757,0.25808,0.59777,0.62814,0.7132,0.66515,0.53534,0.64234,0.59474,0.54799,0.66167,0.59648,0.49314,0.47114,0.59427,0.6487,0.6052,0.70716,0.6287,0.65243,0.66042,0.64221,0.66806,0.65259,0.80059,0.78877,0.84075,0.86371,0.73874,0.75123,0,0,0.41385,0.51985,0.55387,0.54517,0.60271,0.59047,0.34123,0.049379,0.53339,0.54319,0.30936,0.34338,0.67124,0.78694,0.55263,0.4923,0.65194,0.75131,0.68096,0.70254,0.44643,0.70142,0.2627,0,0.70891,0.58757,0.6821,0.68962,0.54113,0.65527,0.65559,0.65854,0.38619,0.41777,0.53275,0.37578,0,0.32316,0.75072,0.44537,0.58563,0.57215,0.17312,0
0,0.01219,0,0,0,0,0,0,0.030972,0,0,0,0,0,0,0.0016614,0,0,0,0,0,0.10034,0,0,0,0,0,0.064333,0,0,0,0,0,0,0.0035759,0.0057439,1,0.64641,0.76694,0.6572,0.41672,0.51514,0.0152,0.043494,0,0.02417,0.097565,0.054643,0,0,0.086222,0.054796,0.090424,0.079029,0.14153,0.14109,0.029048,0.014057,0.053427,0.010462,0.11027,0.084988,0.069798,0.046594,0.033766,0,0.024341,0.0092412,0,0,0,0,0,0,0.046398,0,0.15043,0.10163,0,0,0,0,0.084238,0.30367,0.17962,0.22608,0.2487,0.34044,0.25884,0.18854,0.12153,0.041921,0.18953,0.096093,0.27062,0.029975,0.23557,0.061027,0.084634,0.090952,0.12542,0.085071,0.053075,0.097029,0.019002,0.072297,0.13969,0.42182,0,0.050111,0,0.24916,0.2513,0.19506,0.10316,0.090043
0.35864,0.42549,0.10145,0.125,0,0.094903,0.11348,0.11431,0.18361,0.071302,0.1714,0.031791,0.15766,0.039253,0.30532,0.33342,0.26386,0.27308,0.28782,0.28181,0.39522,0.51129,0.027793,0.10851,0,0,0.36356,0.37163,0.17182,0.14031,0,0,0.31946,0.28188,0.38197,0.38657,0.64641,1,0.7063,0.75081,0.44766,0.66135,0.4827,0.48974,0.44964,0.45087,0.54157,0.5167,0.42975,0.32258,0.43743,0.31572,0.50343,0.3324,0.51931,0.51151,0.34831,0.42998,0.27633,0.26064,0.31672,0.27701,0.35539,0.28271,0.31498,0.25333,0.39418,0.38503,0.40964,0.35865,0,0,0.16359,0.27114,0.23634,0.065862,0.30809,0.28021,0.18365,0.20523,0.38812,0.38517,0.39351,0.54629,0.48447,0.51661,0.42722,0.38304,0.49604,0.41048,0.33848,0.23507,0.21467,0.25513,0.42915,0.26176,0.64155,0.52529,0.41893,0.39229,0.19194,0.19656,0.2436,0.24285,0.092468,0.22567,0.24073,0.37214,0.061312,0.33336,0.37839,0.39786,0.35228,0.29705,0.084839,0
0.20686,0.2372,0,0,0,0.074558,0.045062,0.02139,0.18189,0.0097791,0.015436,0,0.015952,0,0.18742,0.24828,0.051292,0.019584,0.11569,0.11041,0.12955,0.28961,0,0,0,0,0.25445,0.26004,0,0,0,0,0.18066,0.15548,0.13397,0.15493,0.76694,0.7063,1,0.86706,0.4551,0.63796,0.29125,0.31846,0.30752,0.30894,0.39199,0.34412,0.25663,0.19511,0.30055,0.20533,0.2808,0.22299,0.44932,0.4411,0.24284,0.26313,0.24461,0.21088,0.25719,0.222,0.16723,0.15904,0.19675,0.16479,0.2831,0.27361,0.20809,0.25034,0,0,0,0.11422,0.11195,0,0.14605,0.12102,0,0.017795,0.15893,0.22034,0.38983,0.57436,0.31376,0.41976,0.50925,0.57804,0.4314,0.37628,0.23203,0.16695,0.20418,0.17853,0.33903,0.26252,0.41948,0.39294,0.26505,0.25031,0.21231,0.15405,0.18346,0.14536,0.093815,0.15604,0.24341,0.44332,0,0.021399,0.10184,0.29408,0.29691,0.23525,0.098428,0
0.18198,0.2143,0,0,0.012258,0.061543,0.042586,0.029337,0.18415,0.035325,0,0,0.037755,0,0.20981,0.26778,0.023163,0.036551,0.069732,0.084951,0.18571,0.32306,0,0,0,0,0.29251,0.31026,0,0.098488,0,0,0.17207,0.14602,0.079182,0.10074,0.6572,0.75081,0.86706,1,0.3527,0.72213,0.36641,0.39223,0.32236,0.328,0.44708,0.40132,0.27577,0.20345,0.28168,0.21283,0.3308,0.23252,0.39312,0.4084,0.19664,0.22881,0.17403,0.16355,0.19707,0.14929,0.091394,0.070051,0.13266,0.09903,0.23016,0.22954,0.18487,0.21239,0,0,0,0.077379,0.0167,0,0.10626,0.073264,0,0.098437,0.18271,0.24098,0.4135,0.63496,0.27772,0.3553,0.41735,0.43565,0.35799,0.29265,0.20669,0.1167,0.1407,0.099861,0.27767,0.3996,0.34754,0.4541,0.29562,0.2663,0.131,0.10231,0.12437,0.086967,0.020747,0.14842,0.20008,0.426,0,0.017966,0.046621,0.35729,0.30097,0.21161,0.16838,0.01052
0.47786,0.44848,0.39677,0.38298,0.11447,0.23006,0.47027,0.46686,0.21791,0.2059,0.46826,0.39455,0.45072,0.43613,0.40057,0.39526,0.38352,0.34927,0.4605,0.4219,0.28337,0.21241,0.3399,0.38862,0.065141,0.065141,0.15861,0.14389,0.14142,0.11381,0.15868,0.14805,0.47897,0.46337,0.31299,0.28757,0.41672,0.44766,0.4551,0.3527,1,0.68412,0.2742,0.30507,0.29947,0.30081,0.28704,0.31267,0.31899,0.24974,0.33232,0.29598,0.21053,0.17396,0.25461,0.28693,0.38327,0.36621,0.25319,0.20939,0.38048,0.35572,0.55021,0.46939,0.36247,0.3334,0.37021,0.34823,0.38907,0.33492,0,0,0.34762,0.4079,0.38002,0.20977,0.40847,0.41941,0.20514,0.051935,0.47469,0.47566,0.34568,0.36209,0.55808,0.57778,0.41932,0.32843,0.40994,0.43414,0.19318,0.1984,0.24129,0.2642,0.24993,0,0.36202,0.2326,0.24175,0.29142,0.20556,0.30093,0.23564,0.30302,0.41389,0.3945,0.18895,0.24087,0,0.18206,0.37599,0.31771,0.36591,0.39845,0.25522,0
0.35447,0.4006,0.21926,0.23272,0.12847,0.18924,0.2799,0.31173,0.21848,0.13852,0.24733,0.13302,0.2688,0.2337,0.35124,0.42839,0.25705,0.32627,0.3115,0.34076,0.28866,0.35767,0.15219,0.21632,0.0093313,0,0.33803,0.35253,0.12613,0.29643,0.027475,0.027504,0.39383,0.38398,0.24199,0.25808,0.51514,0.66135,0.63796,0.72213,0.68412,1,0.37336,0.43156,0.36978,0.36339,0.4052,0.43271,0.32164,0.24784,0.34604,0.31041,0.30191,0.18757,0.29281,0.34326,0.30953,0.35601,0.25039,0.23935,0.33142,0.30959,0.33884,0.34607,0.26849,0.26692,0.36617,0.36543,0.35094,0.33985,0,0,0.18097,0.35074,0.21094,0.076357,0.29634,0.29766,0.22263,0.27968,0.49975,0.54047,0.53931,0.73041,0.46653,0.49984,0.45948,0.3453,0.39471,0.36139,0.25835,0.19306,0.23402,0.22205,0.2272,0.18905,0.35616,0.39825,0.35846,0.36005,0.24366,0.27311,0.27043,0.27176,0.22018,0.36013,0.22012,0.41569,0,0.052577,0.24165,0.51378,0.42351,0.40083,0.32717,0.054736
0.7792,0.77074,0.5524,0.49238,0.36249,0.43721,0.55049,0.44534,0.33513,0.31838,0.64384,0.33652,0.63763,0.467,0.74506,0.64089,0.5735,0.34151,0.71534,0.69983,0.48253,0.52057,0.41395,0.43353,0.18379,0.23802,0.69774,0.63055,0.346,0.15384,0.29726,0.23442,0.6543,0.53825,0.6057,0.59777,0.0152,0.4827,0.29125,0.36641,0.2742,0.37336,1,0.97381,0.91329,0.9387,0.97042,0.96303,0.94578,0.84205,0.85153,0.73236,0.80191,0.55343,0.83967,0.82951,0.8182,0.81369,0.7694,0.70641,0.75443,0.62837,0.66803,0.52795,0.7059,0.58204,0.84738,0.81637,0.84276,0.83042,0,0,0.35458,0.39143,0.29334,0.20636,0.42609,0.40792,0.35865,0.16481,0.60138,0.42542,0.58564,0.43783,0.73012,0.66491,0.69239,0.60488,0.75846,0.67792,0.47646,0.46786,0.17848,0.46113,0.24283,0.16061,0.61552,0.84389,0.72557,0.69413,0.35332,0.51476,0.55095,0.54318,0.34178,0.4132,0.36191,0.33786,0.042605,0.25235,0.65774,0.36747,0.42894,0.4538,0.20834,0
0.79578,0.79746,0.58348,0.55019,0.43647,0.4798,0.58954,0.50515,0.39802,0.34697,0.66025,0.37584,0.65867,0.49543,0.75879,0.66614,0.58244,0.35709,0.72882,0.72595,0.5063,0.56697,0.45008,0.48369,0.25523,0.3078,0.7612,0.69415,0.35663,0.18905,0.34519,0.28844,0.69057,0.58243,0.61519,0.62814,0.043494,0.48974,0.31846,0.39223,0.30507,0.43156,0.97381,1,0.93116,0.96326,0.94683,0.98035,0.93339,0.83311,0.82862,0.72119,0.75206,0.50954,0.82756,0.8276,0.8289,0.83606,0.76585,0.70585,0.74315,0.63204,0.67199,0.54453,0.69417,0.58757,0.86359,0.84624,0.85361,0.84989,0,0.02425,0.41601,0.47312,0.34819,0.27638,0.48171,0.4709,0.36981,0.17462,0.63164,0.47936,0.61399,0.48678,0.7486,0.70419,0.69482,0.62299,0.7546,0.69854,0.48431,0.47504,0.18742,0.46979,0.28413,0.22762,0.63872,0.88096,0.7225,0.70512,0.37463,0.53552,0.57626,0.54329,0.33862,0.38454,0.39523,0.36457,0.049204,0.26898,0.68412,0.39068,0.44263,0.47859,0.22473,0
0.77849,0.78985,0.59587,0.58488,0.41766,0.49064,0.5871,0.52736,0.3545,0.28465,0.64388,0.40222,0.64908,0.48629,0.73649,0.63603,0.6047,0.38451,0.77086,0.7756,0.53521,0.58342,0.47464,0.53598,0.26085,0.3448,0.76296,0.68769,0.36303,0.16798,0.38631,0.33442,0.78721,0.69675,0.71891,0.7132,0,0.44964,0.30752,0.32236,0.29947,0.36978,0.91329,0.93116,1,0.96452,0.87801,0.90723,0.92785,0.7855,0.79748,0.65457,0.66361,0.43697,0.79382,0.79109,0.81552,0.83076,0.7586,0.68206,0.73676,0.61554,0.68533,0.56924,0.74548,0.6537,0.9234,0.89357,0.8669,0.86617,0,0.033649,0.47093,0.53736,0.42649,0.37876,0.52252,0.5417,0.37594,0.19181,0.62054,0.50863,0.56289,0.43972,0.75829,0.76806,0.69299,0.61559,0.73454,0.72223,0.4655,0.47972,0.1791,0.488,0.29385,0.1813,0.68806,0.8441,0.66571,0.63863,0.37498,0.53765,0.57299,0.53789,0.32768,0.3833,0.41058,0.31683,0,0.27833,0.72332,0.32225,0.41512,0.44617,0.16956,0
