1,0.57942,0.64911,0.47599,0.26406,0.16484,0.68584,0.41775,0.59587,0.48542,0.47574,0.30723,0.48627,0.34724,0.44753,0.31075,0,0.25742,0.79164,0.60235,0.32455,0.42163,0.56109,0.52144,0.23679,0.24329,0.25399,0.20911,0,0,0.31075,0.37598,0.53699,0.44501,0.28427,0.29766,0.062293,0.1401,0.12668,0,0.076873,0,0.5473,0.29222,0.59255,0.58682,0.22331,0.3826,0.56033,0.58931,0.45475,0.57701,0.30174,0.25961,0.020011,0.2379,0.76893,0.61158,0.65862,0.51624,0.71551,0.55515,0.52725,0.37787,0.66252,0.53388,0.66083,0.60882,0.64145,0.56885,0.13352,0.19591,0.36428,0.18754,0.57369,0.41126,0.44169,0.40666,0,0,0,0,0.41896,0.18911,0.23344,0.28506,0.328,0.33419,0.258,0.34109,0.51464,0.56248,0.47005,0.50829,0.012123,0,0.24477,0.14937,0.2916,0.32297,0.33147,0.40813,0.46486,0.5265,0.45632,0.38792,0.5513,0.53945,0,0.082645,0.46814,0.5166,0.52806,0.52066,0.42467,0.3752
0.57942,1,0.35639,0.65202,0.27535,0.25317,0.4888,0.70815,0.55707,0.40359,0.25723,0.51466,0.33159,0.61568,0.43187,0.4303,0.017738,0.45151,0.60711,0.76546,0.31637,0.444,0.37685,0.56285,0.2976,0.27195,0.31078,0.30672,0,0.23383,0.44576,0.51047,0.62762,0.73942,0.23313,0.35187,0.092755,0.35232,0.12098,0.13687,0.12376,0.24754,0.50515,0.47368,0.64679,0.76356,0.16116,0.39566,0.70105,0.74399,0.48757,0.59089,0.52085,0.40889,0.15224,0.13677,0.47,0.71637,0.57618,0.6696,0.67209,0.74624,0.56349,0.72861,0.61147,0.61938,0.69978,0.74797,0.64835,0.6298,0.25113,0.1623,0.41658,0.37418,0.48055,0.46649,0.35926,0.31937,0,0,0.26141,0.343,0.40856,0.46322,0.45371,0.60098,0.24247,0.44701,0.46349,0.57043,0.64986,0.6393,0.57271,0.58498,0.06878,0.022017,0.20729,0.18024,0.34653,0.33219,0.50016,0.54494,0.62026,0.46837,0.43585,0.41143,0.46158,0.38837,0,0.14875,0.40992,0.48391,0.50609,0.41668,0.32943,0.35513
0.64911,0.35639,1,0.69845,0.34126,0.38088,0.91449,0.55887,0.40233,0.39104,0.53929,0.52837,0.58009,0.48216,0.50541,0.38383,0.086192,0.12602,0.58284,0.38892,0.44411,0.45201,0.88855,0.73325,0.48708,0.43191,0.25641,0.30761,0,0,0.29748,0.28951,0.39398,0.37194,0.3265,0.3196,0.1174,0.14674,0.13842,0,0.18026,0.054345,0.43509,0.23345,0.48121,0.45946,0.19858,0.41623,0.38646,0.4775,0.5883,0.49531,0.36898,0.26954,0,0.11981,0.4776,0.25022,0.16949,0.099536,0.43713,0.19214,0.42819,0.17873,0.42176,0.38426,0.39898,0.47473,0.29039,0.28877,0.28623,0.34104,0.2244,0.023052,0.36739,0.29443,0.48273,0.32417,0,0,0.057435,0,0.28068,0,0.33221,0.34723,0.30491,0.21599,0.40977,0.29263,0.37599,0.39891,0.29697,0.46435,0.14609,0.023092,0.27776,0.3566,0.16296,0.09528,0.031775,0.48588,0.061087,0.37674,0.12939,0.061795,0.4192,0.19393,0,0.20272,0.39502,0.46776,0.36492,0.38566,0.12177,0.29734
0.47599,0.65202,0.69845,1,0.21206,0.41438,0.7077,0.91834,0.41971,0.37424,0.4503,0.66443,0.48465,0.6897,0.37092,0.38846,0.062693,0.33752,0.46991,0.50376,0.42437,0.50661,0.7291,0.8401,0.47459,0.37724,0.29834,0.37775,0,0.094733,0.39769,0.47052,0.5101,0.63266,0.40295,0.46654,0.099312,0.23478,0.062417,0.04285,0.087072,0.26255,0.59123,0.40215,0.62777,0.67052,0.18901,0.41794,0.55604,0.56674,0.57836,0.55604,0.35549,0.23181,0.023128,0.025539,0.32824,0.40314,0.22845,0.33917,0.51845,0.48613,0.61925,0.53558,0.49343,0.61051,0.55228,0.61397,0.39548,0.41819,0.35311,0.26315,0.21472,0.20563,0.37929,0.40778,0.46301,0.32813,0,0,0.11013,0.055391,0.24591,0.18223,0.39074,0.48553,0.28805,0.3613,0.43454,0.32969,0.46893,0.38524,0.41503,0.48696,0.08611,0.0038991,0.29101,0.35533,0.2232,0.14028,0.22698,0.54061,0.27977,0.34622,0.28624,0.21513,0.50477,0.20633,0,0.20778,0.48297,0.50446,0.40639,0.47927,0.23897,0.35736
0.26406,0.27535,0.34126,0.21206,1,0.43424,0.32959,0.17871,0.57766,0.11702,0.061277,0.11941,0.027403,0.22396,0.39101,0.17493,0.054096,0.21704,0.35458,0.3354,0.15768,0.22605,0.25666,0.2129,0.50297,0.61089,0.50705,0.32185,0,0,0.29005,0.24099,0.29215,0.23931,0.098102,0.037334,0.14751,0.22525,0,0.19106,0.047299,0.1494,0.26687,0.32728,0.23504,0.28863,0.050712,0.22738,0.4181,0.38457,0.35885,0.3336,0.28256,0.38192,0.24482,0.21248,0.33541,0.3063,0.40322,0.33443,0.36767,0.25854,0.22627,0.151,0.36619,0.27027,0.35506,0.36821,0.33319,0.33511,0.087579,0.20369,0.074174,0.052166,0.34817,0.2476,0.23869,0.097807,0,0.12059,0.071492,0.13208,0.16981,0.3306,0.27622,0.29235,0.15443,0.014431,0.25303,0.2429,0.31264,0.33213,0.3524,0.27568,0,0,0,0.057097,0.16978,0.16265,0.31231,0.32843,0.29784,0.26651,0.31363,0.32411,0.041252,0.25873,0,0,0.1322,0.13537,0.23844,0.18406,0.17749,0.13665
0.16484,0.25317,0.38088,0.41438,0.43424,1,0.44521,0.36832,0.23959,0.25902,0.14108,0.36799,0.20748,0.36755,0.26932,0.3997,0.024399,0.076968,0.2675,0.31282,0.40718,0.47734,0.38202,0.28226,0.4781,0.42533,0.33868,0.72254,0,0.092929,0.2563,0.18781,0.31803,0.35264,0.004271,0.036759,0.11814,0.19066,0.027814,0.028287,0.11563,0.25347,0.3751,0.19885,0.28144,0.33804,0.017474,0.29714,0.29412,0.25503,0.3263,0.13084,0.32582,0.14847,0,0,0.12306,0.15328,0.050032,0.076777,0.16989,0.15092,0.24769,0.239,0.20384,0.31977,0.17709,0.32122,0.097247,0.13489,0.34678,0.20865,0.13467,0,0.16379,0.049925,0.37433,0.18438,0,0.023288,0.10696,0,0.098143,0,0.23673,0.18919,0.29035,0.12277,0.25294,0.0040108,0.1214,0.12748,0.1425,0.25241,0.065736,0,0,0.17725,0,0,0,0.37768,0,0.19457,0,0.019124,0.16849,0.083166,0.016102,0.091431,0.12496,0.29888,0.20682,0.20084,0.067774,0.18666
0.68584,0.4888,0.91449,0.7077,0.32959,0.44521,1,0.63959,0.4691,0.44199,0.62631,0.59715,0.69269,0.54732,0.53733,0.48056,0.13665,0.2082,0.61392,0.47624,0.4531,0.50627,0.83574,0.73899,0.48478,0.4308,0.23372,0.36571,0.046024,0.01101,0.36006,0.37136,0.47198,0.50083,0.25202,0.3123,0.16066,0.21972,0.15304,0,0.21864,0.13168,0.49996,0.28914,0.52614,0.54922,0.20066,0.44733,0.47066,0.55407,0.5787,0.49674,0.46693,0.2954,0.0010529,0.11278,0.53199,0.34706,0.23253,0.17988,0.51385,0.30586,0.51239,0.34079,0.4759,0.45627,0.44145,0.52924,0.35377,0.37171,0.34256,0.34443,0.29621,0.068684,0.39074,0.33848,0.49466,0.33758,0,0,0.1645,0,0.3323,0.042902,0.41297,0.43101,0.34455,0.26332,0.47803,0.34646,0.43302,0.45908,0.34375,0.50796,0.15378,0,0.23049,0.30845,0.17171,0.151,0.068483,0.53372,0.121,0.40992,0.13296,0.090828,0.43716,0.2088,0,0.16048,0.3567,0.52883,0.43419,0.38891,0.12381,0.34971
0.41775,0.70815,0.55887,0.91834,0.17871,0.36832,0.63959,1,0.48393,0.39749,0.42146,0.67824,0.45587,0.74052,0.31473,0.37354,0,0.39388,0.37907,0.45017,0.28857,0.42237,0.5892,0.76892,0.39093,0.31959,0.26909,0.34138,0,0.10009,0.33829,0.45039,0.49193,0.63307,0.40403,0.49596,0.051375,0.21763,0.011945,0.042472,0.043015,0.28138,0.57096,0.39809,0.61882,0.67262,0.11602,0.33578,0.6018,0.59654,0.53887,0.58367,0.34736,0.23146,0.024362,0,0.27202,0.42132,0.26446,0.41735,0.57161,0.56872,0.64051,0.6353,0.53176,0.65725,0.57995,0.60625,0.36329,0.42097,0.28921,0.19142,0.11841,0.19162,0.3401,0.35872,0.39275,0.2878,0,0,0.090547,0.10049,0.20024,0.24021,0.37068,0.49153,0.2082,0.31096,0.43617,0.36047,0.50387,0.40639,0.42344,0.47064,0.024584,0,0.25468,0.26925,0.26285,0.15983,0.28364,0.50187,0.38677,0.28642,0.3243,0.27159,0.51773,0.21557,0,0.12333,0.44368,0.4809,0.41541,0.4601,0.26275,0.34056
0.59587,0.55707,0.40233,0.41971,0.57766,0.23959,0.4691,0.48393,1,0.60647,0.26593,0.40339,0.31452,0.47594,0.55088,0.32661,0,0.32937,0.50437,0.44794,0.14498,0.29614,0.30719,0.40332,0.33362,0.44681,0.44425,0.24757,0,0,0.24982,0.32744,0.44822,0.42004,0.30549,0.28505,0.012499,0.18756,0,0.063891,0.028077,0.07205,0.5207,0.43489,0.50055,0.54282,0.056211,0.26674,0.66647,0.63267,0.51254,0.63892,0.31684,0.37836,0.17042,0.11805,0.47502,0.52272,0.60894,0.57917,0.62186,0.54828,0.42911,0.37755,0.6363,0.54938,0.64305,0.54843,0.53558,0.51603,0.10024,0.13249,0.091983,0.087328,0.48209,0.3384,0.28181,0.26262,0,0,0,0.085602,0.19498,0.40253,0.32404,0.4224,0.10411,0.13562,0.32781,0.35034,0.47201,0.48506,0.44942,0.41704,0,0,0.092859,0.060991,0.31987,0.28558,0.45798,0.43026,0.54616,0.46029,0.49832,0.50527,0.43023,0.56911,0,0,0.3293,0.34705,0.4755,0.34092,0.296,0.21849
0.48542,0.40359,0.39104,0.37424,0.11702,0.25902,0.44199,0.39749,0.60647,1,0.29968,0.44682,0.45542,0.48554,0.52241,0.6492,0,0.24772,0.3727,0.32935,0.31015,0.39702,0.35208,0.42201,0.35513,0.36575,0.30936,0.25662,0,0,0.22054,0.33775,0.40018,0.41915,0.31309,0.32088,0,0.21721,0,0.075437,0,0.03329,0.56869,0.28803,0.36086,0.35836,0.081241,0.3039,0.42331,0.38603,0.44621,0.40452,0.15032,0.11846,0.13187,0.12262,0.42832,0.45068,0.3789,0.39683,0.42735,0.39671,0.35162,0.29649,0.48353,0.52832,0.44809,0.40344,0.40712,0.41562,0.1939,0.22538,0.1308,0.0096628,0.40137,0.23727,0.30201,0.33707,0,0,0.010646,0,0.086109,0.29931,0.31627,0.32611,0.24851,0.1426,0.25544,0.15987,0.27019,0.28458,0.2193,0.36058,0,0,0.15715,0.25514,0.20437,0.28657,0.18577,0.42593,0.28707,0.44909,0.37313,0.37038,0.41055,0.50361,0,0,0.42046,0.50852,0.47509,0.27664,0.17348,0.267
0.47574,0.25723,0.53929,0.4503,0.061277,0.14108,0.62631,0.42146,0.26593,0.29968,1,0.58424,0.80269,0.49421,0.36858,0.33794,0.2548,0.20829,0.26116,0.11274,0.2048,0.2045,0.51696,0.45432,0.29859,0.20073,0.11818,0.20252,0.060688,0,0.21744,0.24271,0.20121,0.20937,0.26524,0.30176,0.053359,0.032217,0.048951,0,0.089293,0,0.26872,0.10418,0.3202,0.31712,0.068223,0.18618,0.28919,0.31786,0.41374,0.38726,0.25888,0.02277,0.013629,0,0.29278,0.10026,0.09101,0.039248,0.40826,0.24134,0.38836,0.21927,0.38673,0.33052,0.2554,0.27556,0.11676,0.14503,0.22456,0.17196,0.13263,0,0.25818,0.19772,0.28352,0.18473,0,0.0016941,0,0,0.23026,0,0.24344,0.26425,0.22141,0.1827,0.40459,0.18806,0.25869,0.21416,0.18251,0.26078,0,0,0.098457,0.1535,0,0.013264,0,0.2442,0,0.078147,0,0,0.39051,0.15,0,0,0.25516,0.28579,0.2373,0.18808,0,0
0.30723,0.51466,0.52837,0.66443,0.11941,0.36799,0.59715,0.67824,0.40339,0.44682,0.58424,1,0.70599,0.84246,0.46537,0.57615,0.22351,0.4551,0.25654,0.28457,0.31641,0.37267,0.50475,0.55396,0.43532,0.31802,0.16933,0.31649,0.015674,0.082826,0.4096,0.36646,0.36496,0.52289,0.35513,0.46514,0.069973,0.24357,0,0.10152,0.19158,0.35778,0.477,0.39971,0.43264,0.5214,0.042332,0.30226,0.53861,0.52868,0.66209,0.56478,0.44527,0.15614,0.031312,0,0.087868,0.18934,0.013016,0.15132,0.35861,0.36537,0.56094,0.49983,0.42612,0.58073,0.35507,0.47239,0.11369,0.15338,0.46213,0.30581,0.1984,0.013934,0.29762,0.24339,0.25454,0.17975,0,0.098611,0.23423,0.081041,0.041924,0.077211,0.4592,0.51829,0.16584,0.09558,0.46594,0.26184,0.32448,0.242,0.19095,0.33028,0.095756,0,0.14138,0.32064,0.049726,0.048006,0.039844,0.42924,0.031155,0.13117,0.028059,0.044381,0.35862,0.17339,0,0.03944,0.31927,0.36562,0.29947,0.15382,0,0.085782
0.48627,0.33159,0.58009,0.48465,0.027403,0.20748,0.69269,0.45587,0.31452,0.45542,0.80269,0.70599,1,0.618,0.51738,0.5539,0.34874,0.32044,0.33968,0.2191,0.32707,0.32317,0.51854,0.48777,0.38334,0.23318,0.12731,0.26154,0.097367,0,0.31062,0.32022,0.31481,0.38631,0.28612,0.35637,0.10504,0.15867,0.062972,0,0.13536,0.13951,0.4455,0.26943,0.36212,0.39168,0.14542,0.31443,0.43558,0.43562,0.54218,0.45636,0.34424,0.10136,0.071247,0.011348,0.29965,0.22954,0.11726,0.10904,0.4397,0.30688,0.51927,0.31572,0.42426,0.43487,0.29207,0.36136,0.17309,0.23901,0.38221,0.3253,0.24454,0,0.25759,0.29647,0.31781,0.22113,0,0.067049,0.24547,0,0.14218,0.032476,0.42473,0.34307,0.2966,0.18347,0.47364,0.13397,0.29142,0.26572,0.21417,0.35674,0.11668,0,0.1588,0.28973,0.038623,0.14191,0,0.41195,0,0.23575,0.056984,0.037388,0.41111,0.23532,0,0.054359,0.30476,0.45228,0.39218,0.21242,0,0.12996
0.34724,0.61568,0.48216,0.6897,0.22396,0.36755,0.54732,0.74052,0.47594,0.48554,0.49421,0.84246,0.618,1,0.58097,0.62398,0.18287,0.54656,0.31022,0.36854,0.26017,0.36146,0.47851,0.6018,0.53767,0.45375,0.29678,0.36288,0,0.037,0.46597,0.50515,0.50922,0.60411,0.47918,0.5737,0.066688,0.29241,0.0318,0.2226,0.17439,0.41177,0.57165,0.53402,0.50949,0.57923,0.092467,0.3791,0.66028,0.60033,0.70001,0.6331,0.43452,0.26387,0.12844,0,0.21642,0.3549,0.20387,0.34051,0.51879,0.51903,0.62536,0.57277,0.52693,0.60814,0.50275,0.56747,0.281,0.29455,0.39606,0.33161,0.23088,0.08478,0.39499,0.34918,0.23767,0.13317,0,0.14311,0.31939,0.18837,0.097804,0.332,0.54309,0.62873,0.24222,0.22125,0.50947,0.33162,0.40123,0.35952,0.37131,0.45757,0.088066,0,0.22505,0.36124,0.17026,0.20891,0.19076,0.54677,0.20821,0.261,0.22588,0.24962,0.42508,0.35513,0,0.037621,0.47336,0.44771,0.42107,0.23391,0,0.14189
0.44753,0.43187,0.50541,0.37092,0.39101,0.26932,0.53733,0.31473,0.55088,0.52241,0.36858,0.46537,0.51738,0.58097,1,0.65274,0.34755,0.31841,0.45778,0.40631,0.22603,0.32356,0.44129,0.46872,0.59378,0.6199,0.46145,0.40074,0.198,0.062563,0.4788,0.41652,0.31668,0.36819,0.44497,0.42873,0.37062,0.45032,0.31917,0.41284,0.40398,0.3382,0.40054,0.54508,0.45042,0.4232,0.26094,0.50344,0.46503,0.49543,0.61397,0.54014,0.53053,0.52829,0.47937,0.39617,0.44217,0.42937,0.34604,0.35082,0.37035,0.26705,0.2641,0.13049,0.46545,0.36681,0.5067,0.5265,0.45241,0.45509,0.22954,0.35626,0.37295,0.18605,0.43711,0.28428,0.21173,0.20607,0.01015,0.27188,0.43923,0.36474,0.39857,0.40508,0.72418,0.6695,0.16969,0.31701,0.68351,0.44595,0.46051,0.54719,0.50928,0.59366,0.30898,0.12022,0.34335,0.43523,0.30628,0.42815,0.32799,0.55947,0.26528,0.52855,0.23662,0.25191,0.24872,0.38924,0.1629,0.13515,0.41126,0.42503,0.43779,0.047052,0,0.18025
0.31075,0.4303,0.38383,0.38846,0.17493,0.3997,0.48056,0.37354,0.32661,0.6492,0.33794,0.57615,0.5539,0.62398,0.65274,1,0.25267,0.32212,0.35477,0.39087,0.39607,0.47661,0.36662,0.41577,0.51633,0.48078,0.33998,0.45833,0.081751,0.13692,0.45698,0.41745,0.37796,0.4418,0.36022,0.44027,0.26561,0.39675,0.12362,0.27406,0.20724,0.31582,0.48351,0.42836,0.3669,0.4181,0.17715,0.4569,0.49906,0.4749,0.57111,0.41694,0.39945,0.26386,0.2321,0.11965,0.30449,0.33409,0.20416,0.22128,0.26902,0.28645,0.3033,0.28599,0.34958,0.44272,0.35107,0.4485,0.26879,0.30822,0.34797,0.37306,0.35727,0.055592,0.37412,0.2073,0.19752,0.19977,0,0.09532,0.36142,0.19361,0.19483,0.38321,0.55433,0.49305,0.32944,0.17876,0.45528,0.16697,0.20731,0.28205,0.28013,0.42764,0.20604,0,0.21291,0.41517,0.12124,0.27427,0.1534,0.45866,0.12151,0.40492,0.23856,0.24402,0.19835,0.30435,0.050934,0.080762,0.37528,0.50647,0.45327,0.095432,0,0.17323
0,0.017738,0.086192,0.062693,0.054096,0.024399,0.13665,0,0,0,0.2548,0.22351,0.34874,0.18287,0.34755,0.25267,1,0.2506,0.010006,0,0.07096,0.03409,0,0,0.34147,0.31243,0,0.10677,0.58797,0.32222,0.30439,0.18187,0,0,0,0,0.44854,0.44919,0.31406,0.39516,0.41793,0.46865,0,0.20544,0,0.00058002,0.24364,0.23995,0.07688,0.017027,0.20802,0.14553,0.30812,0.25956,0.39224,0.21408,0.036355,0.010708,0,0,0,0,0.094032,0.025759,0,0.030062,0,0.029078,0,0.081008,0.21118,0.27045,0.18492,0.076795,0,0.010861,0.087198,0.084105,0.49238,0.40769,0.58811,0.35028,0.097942,0.048882,0.30028,0.24357,0,0.053236,0.23862,0.0042193,0.10954,0.12404,0.07758,0.14353,0.38382,0.20022,0.16051,0.31546,0.0076188,0.17885,0.0053636,0.14542,0,0.086609,0,0,0,0,0.41912,0.16995,0.019156,0.046237,0,0,0,0
0.25742,0.45151,0.12602,0.33752,0.21704,0.076968,0.2082,0.39388,0.32937,0.24772,0.20829,0.4551,0.32044,0.54656,0.31841,0.32212,0.2506,1,0.29106,0.30121,0.031068,0.12897,0.093617,0.24103,0.28414,0.35264,0.25393,0.25383,0,0.048601,0.41297,0.43497,0.36248,0.44926,0.30961,0.40599,0.1213,0.40814,0,0.2592,0.1626,0.37617,0.34965,0.36645,0.16202,0.25051,0,0.16161,0.48731,0.36111,0.38807,0.39576,0.21566,0.22864,0.13363,0.030992,0.27757,0.44246,0.25397,0.39046,0.47414,0.47586,0.52089,0.57783,0.44508,0.44081,0.30636,0.33301,0.29379,0.28846,0.26277,0.27026,0.15497,0.16837,0.27849,0.286,0,0,0,0.41844,0.39081,0.39173,0.0033391,0.42904,0.37949,0.44153,0.048725,0.030393,0.16216,0.31352,0.22487,0.3297,0.17784,0.19906,0,0,0,0.051309,0.13201,0.23784,0.23197,0.24423,0.29303,0.18983,0.36361,0.37081,0.087771,0.28307,0,0,0.1999,0.14059,0.15742,0,0.06274,0.088513
0.79164,0.60711,0.58284,0.46991,0.35458,0.2675,0.61392,0.37907,0.50437,0.3727,0.26116,0.25654,0.33968,0.31022,0.45778,0.35477,0.010006,0.29106,1,0.85138,0.31649,0.41796,0.48479,0.44067,0.30015,0.34536,0.28777,0.31961,0,0.06331,0.41135,0.41599,0.51882,0.51742,0.23012,0.23557,0.17189,0.26839,0.20352,0,0.1347,0,0.465,0.35538,0.53057,0.54721,0.26235,0.44642,0.52224,0.56759,0.38621,0.44016,0.39155,0.37192,0.087155,0.29734,0.66529,0.61804,0.53157,0.45022,0.53597,0.42704,0.39883,0.31668,0.49194,0.38641,0.55566,0.58603,0.63308,0.55194,0.12184,0.16859,0.37024,0.17648,0.48557,0.33686,0.38838,0.33596,0,0,0.15423,0.17449,0.39831,0.29977,0.3359,0.34306,0.23395,0.33772,0.30611,0.34764,0.48013,0.55394,0.46646,0.48903,0.13792,0.043149,0.24502,0.17854,0.35828,0.38249,0.39553,0.37344,0.50863,0.55213,0.43026,0.37627,0.3142,0.39364,0,0.13919,0.41303,0.4829,0.50882,0.43486,0.40226,0.3528
0.60235,0.76546,0.38892,0.50376,0.3354,0.31282,0.47624,0.45017,0.44794,0.32935,0.11274,0.28457,0.2191,0.36854,0.40631,0.39087,0,0.30121,0.85138,1,0.383,0.47522,0.40695,0.4597,0.27774,0.28686,0.25671,0.31888,0.0018483,0.22494,0.45957,0.47623,0.61345,0.69674,0.14353,0.19488,0.15259,0.33994,0.16889,0.070832,0.12065,0.14132,0.47413,0.43852,0.56135,0.64641,0.23323,0.45469,0.55115,0.60713,0.34524,0.37978,0.44423,0.38845,0.12934,0.24795,0.55525,0.65035,0.53298,0.50969,0.49612,0.51514,0.39619,0.48163,0.45982,0.45051,0.57035,0.65672,0.65471,0.58528,0.21857,0.21365,0.4614,0.2648,0.46234,0.41725,0.34997,0.28153,0,0,0.26128,0.27337,0.40375,0.38307,0.40613,0.4593,0.31267,0.40233,0.35225,0.38737,0.47602,0.50608,0.49391,0.51214,0.13265,0.044498,0.20425,0.18113,0.34657,0.359,0.43788,0.45557,0.55427,0.53641,0.44867,0.42618,0.31211,0.38079,0,0.17575,0.3801,0.50223,0.49753,0.44158,0.41703,0.42632
0.32455,0.31637,0.44411,0.42437,0.15768,0.40718,0.4531,0.28857,0.14498,0.31015,0.2048,0.31641,0.32707,0.26017,0.22603,0.39607,0.07096,0.031068,0.31649,0.383,1,0.87177,0.50948,0.40473,0.37677,0.27794,0.36525,0.41163,0,0,0.38554,0.38597,0.51155,0.48141,0.043615,0.098416,0.054369,0.11975,0,0,0.039652,0.076831,0.42859,0.15078,0.32572,0.4172,0.14839,0.32117,0.35025,0.39768,0.3956,0.22214,0.1978,0.075978,0,0,0.32984,0.25036,0.17051,0.074585,0.25509,0.2319,0.38103,0.23377,0.16793,0.28435,0.17415,0.3129,0.20687,0.1555,0.58851,0.41454,0.35119,0,0.20207,0.24505,0.41946,0.21216,0,0,0.056863,0,0.037688,0,0.16105,0.12284,0.55487,0.24283,0.13177,0,0.11339,0.088051,0.09313,0.21276,0.064454,0,0.036666,0.25088,0,0,0,0.39826,0,0.26719,0.053684,0.02424,0.35868,0.14972,0,0.21509,0.3203,0.42266,0.29928,0.39086,0.17204,0.33297
0.42163,0.444,0.45201,0.50661,0.22605,0.47734,0.50627,0.42237,0.29614,0.39702,0.2045,0.37267,0.32317,0.36146,0.32356,0.47661,0.03409,0.12897,0.41796,0.47522,0.87177,1,0.48588,0.47276,0.385,0.34298,0.43117,0.52933,0,0.012036,0.42238,0.45428,0.61299,0.58616,0.12859,0.20318,0.15986,0.1955,0,0,0.050237,0.11706,0.50379,0.21723,0.41627,0.51054,0.14599,0.34729,0.47988,0.48941,0.41968,0.31069,0.22356,0.15496,0,0,0.41547,0.3899,0.32188,0.22658,0.38073,0.36534,0.47505,0.3565,0.29043,0.40668,0.32095,0.40605,0.33971,0.2868,0.54572,0.44705,0.371,0.071465,0.3434,0.28239,0.45389,0.25688,0,0,0.053303,0,0.1411,0.088057,0.22161,0.19812,0.52588,0.28157,0.18244,0.0043048,0.25817,0.2006,0.25544,0.29476,0.032673,0,0.083457,0.21122,0,0.067824,0.028696,0.42401,0.17348,0.36371,0.21274,0.19115,0.4207,0.24708,0,0.17937,0.39798,0.52441,0.43081,0.44148,0.24637,0.3825
0.56109,0.37685,0.88855,0.7291,0.25666,0.38202,0.83574,0.5892,0.30719,0.35208,0.51696,0.50475,0.51854,0.47851,0.44129,0.36662,0,0.093617,0.48479,0.40695,0.50948,0.48588,1,0.84213,0.50965,0.39589,0.30379,0.34482,0,0,0.41097,0.45119,0.48508,0.48936,0.3655,0.35603,0.0082867,0.057858,0.046115,0,0.04719,0.023158,0.47026,0.22745,0.49377,0.45188,0.12854,0.36622,0.33785,0.41388,0.55266,0.41448,0.31671,0.14773,0.0018026,0.039778,0.44969,0.26974,0.13564,0.072409,0.40111,0.19584,0.44686,0.19008,0.3984,0.38907,0.36887,0.45274,0.24597,0.22124,0.39526,0.40572,0.18528,0.007514,0.35267,0.29242,0.41003,0.19543,0,0,0.014928,0,0.25116,0.0093934,0.35662,0.34492,0.41937,0.23582,0.44083,0.23701,0.28447,0.28272,0.26078,0.36903,0.044986,0,0.21811,0.34517,0.074615,0,0,0.47563,0.049446,0.33456,0.1687,0.13577,0.4737,0.24873,0,0.16543,0.44752,0.44521,0.31801,0.44446,0.20733,0.28369
0.52144,0.56285,0.73325,0.8401,0.2129,0.28226,0.73899,0.76892,0.40332,0.42201,0.45432,0.55396,0.48777,0.6018,0.46872,0.41577,0,0.24103,0.44067,0.4597,0.40473,0.47276,0.84213,1,0.45726,0.42817,0.35331,0.32069,0,0,0.41343,0.51712,0.52234,0.57397,0.40653,0.43624,0.028902,0.15865,0.053105,0.044414,0.055865,0.16127,0.57628,0.4266,0.59753,0.58882,0.16453,0.40322,0.48999,0.54987,0.58294,0.52473,0.37545,0.25621,0.13154,0.13257,0.43102,0.42788,0.27808,0.30056,0.47892,0.3753,0.53297,0.36906,0.51896,0.57086,0.54579,0.5822,0.40857,0.42418,0.33379,0.35265,0.16561,0.1765,0.40604,0.37796,0.34594,0.20645,0,0,0.097122,0,0.26609,0.1981,0.50457,0.53826,0.38261,0.34764,0.52958,0.38333,0.47848,0.43968,0.47626,0.55552,0.066795,0,0.28606,0.40709,0.2293,0.18645,0.23424,0.63744,0.29172,0.45744,0.35671,0.32303,0.56019,0.35927,0,0.18543,0.54624,0.54579,0.4778,0.50817,0.29025,0.36049
0.23679,0.2976,0.48708,0.47459,0.50297,0.4781,0.48478,0.39093,0.33362,0.35513,0.29859,0.43532,0.38334,0.53767,0.59378,0.51633,0.34147,0.28414,0.30015,0.27774,0.37677,0.385,0.50965,0.45726,1,0.82639,0.57425,0.48189,0.0091053,0,0.69595,0.60608,0.30224,0.37404,0.47018,0.42342,0.22329,0.41476,0.20801,0.47289,0.25453,0.40848,0.43871,0.48787,0.37315,0.33514,0.19048,0.43687,0.42859,0.32781,0.65411,0.41107,0.40791,0.28153,0.4022,0.20265,0.2885,0.24169,0.091962,0.14954,0.29416,0.15931,0.35249,0.16108,0.33153,0.33879,0.3373,0.42641,0.2358,0.2344,0.38181,0.42271,0.13937,0.021689,0.38209,0.26063,0.30475,0.091338,0,0.23563,0.39343,0.12891,0.15957,0.37638,0.56815,0.51652,0.32126,0.23446,0.48893,0.16201,0.28172,0.23702,0.32081,0.34071,0.19531,0.033106,0.25439,0.4949,0.072232,0.15844,0.13087,0.51154,0.086394,0.29651,0.22325,0.23948,0.19167,0.32139,0.14336,0.1852,0.47156,0.34356,0.2976,0.11857,0,0.17069
0.24329,0.27195,0.43191,0.37724,0.61089,0.42533,0.4308,0.31959,0.44681,0.36575,0.20073,0.31802,0.23318,0.45375,0.6199,0.48078,0.31243,0.35264,0.34536,0.28686,0.27794,0.34298,0.39589,0.42817,0.82639,1,0.62332,0.49069,0,0,0.63425,0.57,0.28528,0.31229,0.45225,0.41826,0.30402,0.49321,0.22068,0.50264,0.30448,0.40088,0.43662,0.54531,0.38063,0.34401,0.22997,0.46248,0.46639,0.37857,0.63587,0.4678,0.43046,0.43204,0.42653,0.30626,0.3888,0.29052,0.20909,0.2241,0.31289,0.14742,0.2788,0.12055,0.39218,0.35502,0.40853,0.47547,0.34158,0.34552,0.26419,0.39196,0.072696,0.031397,0.36336,0.19066,0.28911,0.17178,0,0.26933,0.28365,0.21076,0.1574,0.39643,0.5509,0.55584,0.26024,0.16932,0.41814,0.26217,0.32248,0.38484,0.40345,0.42845,0.19855,0.020153,0.23759,0.44089,0.17508,0.27949,0.25696,0.52017,0.20575,0.39043,0.2994,0.32133,0.11368,0.33009,0.10177,0.116,0.48089,0.34972,0.33505,0.12136,0.026611,0.17663
0.25399,0.31078,0.25641,0.29834,0.50705,0.33868,0.23372,0.26909,0.44425,0.30936,0.11818,0.16933,0.12731,0.29678,0.46145,0.33998,0,0.25393,0.28777,0.25671,0.36525,0.43117,0.30379,0.35331,0.57425,0.62332,1,0.68805,0,0,0.51323,0.52199,0.46744,0.35657,0.40607,0.35177,0.10438,0.2082,0,0.28391,0.023207,0.11736,0.45098,0.45629,0.33574,0.33772,0.14333,0.32896,0.47622,0.41809,0.55209,0.45456,0.29739,0.35066,0.32765,0.19835,0.37006,0.36535,0.34798,0.33364,0.33114,0.25869,0.28191,0.10738,0.34777,0.33798,0.43144,0.4306,0.37174,0.3404,0.17587,0.23466,0.07883,0.013397,0.35912,0.16436,0.11876,0.0045884,0,0,0.044329,0.018035,0,0.43948,0.4156,0.40546,0.22684,0.18526,0.3343,0.20736,0.27819,0.32863,0.45332,0.32468,0,0,0.12027,0.25217,0.13717,0.23901,0.3176,0.4353,0.35665,0.3638,0.4314,0.44426,0.25459,0.50883,0,0.033414,0.48601,0.34108,0.38009,0.25255,0.23763,0.095256
0.20911,0.30672,0.30761,0.37775,0.32185,0.72254,0.36571,0.34138,0.24757,0.25662,0.20252,0.31649,0.26154,0.36288,0.40074,0.45833,0.10677,0.25383,0.31961,0.31888,0.41163,0.52933,0.34482,0.32069,0.48189,0.49069,0.68805,1,0,0,0.45994,0.41676,0.40346,0.39292,0.21476,0.27987,0.21566,0.27009,0.046012,0.18058,0.094905,0.20645,0.41871,0.34273,0.32419,0.37041,0.13565,0.40121,0.40551,0.3509,0.4551,0.29327,0.35835,0.26924,0.15105,0.068006,0.2357,0.27419,0.14601,0.15942,0.2134,0.17662,0.28175,0.22753,0.22425,0.31614,0.26938,0.3679,0.20424,0.21502,0.34865,0.24361,0.16978,0,0.20842,0.079673,0.22663,0.083354,0,0.049616,0.18095,0.019573,0.057313,0.19769,0.37836,0.32403,0.278,0.20826,0.35808,0.10338,0.16151,0.22397,0.31038,0.31755,0.10121,0,0.1017,0.2474,0,0.149,0.11651,0.40542,0.13587,0.26356,0.11944,0.18344,0.18594,0.23778,0.013843,0.10965,0.3249,0.3802,0.32103,0.20021,0.14391,0.15522
0,0,0,0,0,0,0.046024,0,0,0,0.060688,0.015674,0.097367,0,0.198,0.081751,0.58797,0,0,0.0018483,0,0,0,0,0.0091053,0,0,0,1,0.72993,0,0,0,0,0,0,0.56911,0.36877,0.66096,0.33487,0.57491,0.30393,0,0.034636,0,0,0.38722,0.25351,0,0,0,0,0.2435,0.23202,0.28732,0.36437,0,0,0,0,0,0,0,0,0,0,0,0.0057589,0,0.026225,0,0,0.33581,0.19252,0,0,0.14482,0.27534,0.76662,0.33386,0.547,0.53181,0.43553,0,0.1977,0.16913,0,0.31705,0.22044,0.1999,0.17223,0.15245,0.078319,0.22281,0.64549,0.6258,0.38486,0.29767,0.24816,0.2908,0.057919,0,0,0.017267,0,0,0,0,0.66267,0.49158,0,0,0,0,0,0
0,0.23383,0,0.094733,0,0.092929,0.01101,0.10009,0,0,0,0.082826,0,0.037,0.062563,0.13692,0.32222,0.048601,0.06331,0.22494,0,0.012036,0,0,0,0,0,0,0.72993,1,0.051175,0,0,0.070593,0,0,0.50566,0.4158,0.54756,0.27362,0.42187,0.37379,0,0.055393,0.17377,0.19573,0.28545,0.22678,0,0.030447,0,0,0.28772,0.25616,0.16834,0.23227,0,0.03357,0,0.11683,0,0.065628,0,0.26062,0,0,0.082326,0.19427,0.093643,0.16547,0,0,0.42246,0.44513,0.031111,0.059367,0.20735,0.32128,0.56606,0.28874,0.53785,0.58823,0.39729,0.050503,0.19327,0.20311,0,0.36778,0.16206,0.24258,0.255,0.22602,0.11957,0.23706,0.57792,0.53855,0.31138,0.19971,0.2593,0.2506,0.14001,0.0096016,0.090728,0.082572,0,0,0,0,0.56188,0.48211,0,0.069516,0,0,0,0.11195
0.31075,0.44576,0.29748,0.39769,0.29005,0.2563,0.36006,0.33829,0.24982,0.22054,0.21744,0.4096,0.31062,0.46597,0.4788,0.45698,0.30439,0.41297,0.41135,0.45957,0.38554,0.42238,0.41097,0.41343,0.69595,0.63425,0.51323,0.45994,0,0.051175,1,0.88377,0.4413,0.53134,0.39598,0.40825,0.20894,0.3948,0.098369,0.39401,0.18843,0.39301,0.38851,0.49857,0.39369,0.40947,0.18115,0.37034,0.51291,0.4256,0.56094,0.46136,0.43518,0.32083,0.36727,0.16352,0.37309,0.4016,0.2271,0.24888,0.35971,0.34417,0.5056,0.36956,0.37343,0.4204,0.35611,0.46381,0.30386,0.25575,0.46512,0.47163,0.31992,0.20226,0.42137,0.25003,0.11047,0,0,0.28109,0.47034,0.22855,0.11628,0.39563,0.57274,0.5281,0.23735,0.16705,0.37988,0.21478,0.30403,0.33371,0.33887,0.28114,0.13585,0,0.13193,0.3292,0.086995,0.23276,0.2281,0.42904,0.26516,0.33156,0.35974,0.38194,0.18596,0.39454,0.07421,0.078502,0.43575,0.29954,0.2867,0.13136,0.11572,0.17333
0.37598,0.51047,0.28951,0.47052,0.24099,0.18781,0.37136,0.45039,0.32744,0.33775,0.24271,0.36646,0.32022,0.50515,0.41652,0.41745,0.18187,0.43497,0.41599,0.47623,0.38597,0.45428,0.45119,0.51712,0.60608,0.57,0.52199,0.41676,0,0,0.88377,1,0.58044,0.64875,0.39848,0.40232,0.024181,0.2407,0,0.21034,0,0.22363,0.4641,0.48156,0.4176,0.42322,0.073895,0.25901,0.53351,0.42888,0.52277,0.45248,0.37914,0.28286,0.29348,0.077703,0.45361,0.48416,0.32379,0.29718,0.47311,0.43606,0.61571,0.46373,0.47496,0.51502,0.39631,0.44625,0.33155,0.27784,0.48146,0.49252,0.20077,0.1549,0.37673,0.27451,0.12513,0,0,0.13801,0.34335,0.10639,0.062993,0.41232,0.50451,0.48522,0.34454,0.14723,0.35162,0.21629,0.29381,0.31824,0.3163,0.24831,0,0,0.030533,0.18894,0.043039,0.13999,0.22495,0.44176,0.34495,0.34259,0.47135,0.48947,0.33772,0.53974,0,0,0.47149,0.31086,0.29685,0.23823,0.23791,0.14564
0.53699,0.62762,0.39398,0.5101,0.29215,0.31803,0.47198,0.49193,0.44822,0.40018,0.20121,0.36496,0.31481,0.50922,0.31668,0.37796,0,0.36248,0.51882,0.61345,0.51155,0.61299,0.48508,0.52234,0.30224,0.28528,0.46744,0.40346,0,0,0.4413,0.58044,1,0.87849,0.26202,0.30289,0,0.047881,0,0,0,0.027357,0.58154,0.32668,0.43177,0.5342,0,0.20778,0.5986,0.5653,0.45099,0.39732,0.28719,0.19813,0,0,0.62846,0.58229,0.49666,0.388,0.66147,0.55809,0.62112,0.58006,0.50743,0.50681,0.45249,0.47692,0.47545,0.33841,0.34011,0.3032,0.29655,0.1507,0.44595,0.41005,0.24868,0.052446,0,0,0.079154,0,0.095181,0.30438,0.28873,0.36618,0.51645,0.22493,0.17655,0.25014,0.27928,0.32585,0.29978,0.31216,0,0,0,0,0,0.057259,0.14295,0.46226,0.32904,0.37998,0.42721,0.46638,0.4661,0.47291,0,0,0.32078,0.41273,0.39451,0.49251,0.46247,0.28089
0.44501,0.73942,0.37194,0.63266,0.23931,0.35264,0.50083,0.63307,0.42004,0.41915,0.20937,0.52289,0.38631,0.60411,0.36819,0.4418,0,0.44926,0.51742,0.69674,0.48141,0.58616,0.48936,0.57397,0.37404,0.31229,0.35657,0.39292,0,0.070593,0.53134,0.64875,0.87849,1,0.23934,0.33506,0,0.22015,0,0,0,0.25396,0.58089,0.39388,0.48091,0.598,0.0049002,0.2605,0.63336,0.58492,0.47142,0.39761,0.42362,0.23216,0.012636,0,0.51678,0.61569,0.39449,0.42381,0.6229,0.60897,0.68768,0.71363,0.51217,0.58821,0.46402,0.53538,0.46882,0.3876,0.43825,0.37064,0.3387,0.25507,0.42632,0.44093,0.30402,0.11321,0,0,0.27476,0.08565,0.12634,0.30229,0.43159,0.47401,0.42224,0.24518,0.35557,0.29144,0.37996,0.34383,0.30923,0.32785,0,0,0,0.063997,0.051942,0.10606,0.16527,0.48882,0.35091,0.37309,0.3963,0.42747,0.39781,0.3761,0,0,0.30315,0.42863,0.38181,0.3864,0.37736,0.3125
0.28427,0.23313,0.3265,0.40295,0.098102,0.004271,0.25202,0.40403,0.30549,0.31309,0.26524,0.35513,0.28612,0.47918,0.44497,0.36022,0,0.30961,0.23012,0.14353,0.043615,0.12859,0.3655,0.40653,0.47018,0.45225,0.40607,0.21476,0,0,0.39598,0.39848,0.26202,0.23934,1,0.88371,0.16557,0.11964,0.16605,0.27147,0.12526,0.04808,0.46988,0.47375,0.49729,0.34231,0.23417,0.34972,0.40343,0.29325,0.56883,0.53609,0.085254,0.073734,0.25984,0.22953,0.2518,0.19415,0.16223,0.22844,0.32519,0.20828,0.26873,0.10308,0.42665,0.35647,0.55536,0.4714,0.29157,0.23603,0.09861,0.19855,0.036169,0.013845,0.3757,0.18956,0.10076,0.092612,0,0.14662,0.018935,0.12262,0.13703,0.32879,0.42744,0.42762,0.09612,0.2233,0.35732,0.2444,0.19482,0.18302,0.3513,0.30455,0.16287,0.1109,0.47229,0.43839,0.28028,0.22647,0.28172,0.29019,0.20499,0.21037,0.36037,0.3397,0.31478,0.37266,0,0.17082,0.63902,0.32911,0.3137,0.22961,0.09485,0.14135
0.29766,0.35187,0.3196,0.46654,0.037334,0.036759,0.3123,0.49596,0.28505,0.32088,0.30176,0.46514,0.35637,0.5737,0.42873,0.44027,0,0.40599,0.23557,0.19488,0.098416,0.20318,0.35603,0.43624,0.42342,0.41826,0.35177,0.27987,0,0,0.40825,0.40232,0.30289,0.33506,0.88371,1,0.25998,0.28842,0.18135,0.32318,0.15134,0.13884,0.516,0.50773,0.58537,0.49452,0.32836,0.46504,0.52992,0.42759,0.59902,0.59029,0.21251,0.12507,0.24833,0.22025,0.22393,0.21435,0.18212,0.291,0.37134,0.29885,0.33414,0.28239,0.38467,0.40475,0.587,0.55801,0.30847,0.26925,0.22444,0.18646,0.15911,0.10969,0.42516,0.29528,0.21659,0.18782,0,0.10644,0.13604,0.21191,0.16705,0.33317,0.4455,0.48754,0.16928,0.27487,0.37351,0.29788,0.29958,0.26644,0.38622,0.38392,0.22318,0.11886,0.48807,0.46515,0.32147,0.2874,0.26939,0.35308,0.23446,0.25037,0.30129,0.29834,0.30851,0.31418,0.0052737,0.23586,0.66086,0.43172,0.40496,0.27465,0.1064,0.20566
0.062293,0.092755,0.1174,0.099312,0.14751,0.11814,0.16066,0.051375,0.012499,0,0.053359,0.069973,0.10504,0.066688,0.37062,0.26561,0.44854,0.1213,0.17189,0.15259,0.054369,0.15986,0.0082867,0.028902,0.22329,0.30402,0.10438,0.21566,0.56911,0.50566,0.20894,0.024181,0,0,0.16557,0.25998,1,0.62569,0.65354,0.48206,0.68817,0.46316,0.00115,0.22008,0.28824,0.23663,0.52494,0.48478,0.1493,0.16012,0.15841,0.18777,0.29093,0.30283,0.36758,0.49269,0.063696,0.05448,0.061865,0.14064,0.022589,0,0,0.0027921,0.0059255,0.018755,0.26431,0.31743,0.23499,0.31133,0.0039943,0.11544,0.47259,0.35307,0.18257,0.066296,0.27431,0.29744,0.42575,0.32546,0.40869,0.53352,0.30368,0.14841,0.35556,0.32409,0,0.40485,0.2642,0.24436,0.28828,0.28294,0.33991,0.39803,0.58331,0.49922,0.45693,0.39055,0.35034,0.44324,0.24695,0.21192,0.13496,0.27699,0.0024324,0,0,0,0.51411,0.48356,0.19236,0.3009,0.20868,0,0,0.31903
0.1401,0.35232,0.14674,0.23478,0.22525,0.19066,0.21972,0.21763,0.18756,0.21721,0.032217,0.24357,0.15867,0.29241,0.45032,0.39675,0.44919,0.40814,0.26839,0.33994,0.11975,0.1955,0.057858,0.15865,0.41476,0.49321,0.2082,0.27009,0.36877,0.4158,0.3948,0.2407,0.047881,0.22015,0.11964,0.28842,0.62569,1,0.51814,0.6801,0.52196,0.6065,0.1751,0.38305,0.29044,0.32052,0.51231,0.56017,0.31887,0.3094,0.30168,0.2639,0.43204,0.42942,0.50858,0.50874,0.20167,0.34408,0.18458,0.37032,0.16831,0.19343,0.11955,0.26912,0.14187,0.18642,0.35259,0.43035,0.43586,0.49182,0.16831,0.24094,0.39896,0.38082,0.33303,0.36912,0.28512,0.30555,0.15463,0.39814,0.53817,0.60172,0.28577,0.41501,0.48843,0.47458,0.023224,0.34012,0.38105,0.28978,0.46844,0.43516,0.44187,0.5004,0.49458,0.35537,0.38189,0.42283,0.44043,0.53198,0.36105,0.41313,0.33465,0.42709,0.18534,0.15265,0,0.066532,0.40957,0.35429,0.28282,0.43014,0.40127,0.0033264,0,0.28893
0.12668,0.12098,0.13842,0.062417,0,0.027814,0.15304,0.011945,0,0,0.048951,0,0.062972,0.0318,0.31917,0.12362,0.31406,0,0.20352,0.16889,0,0,0.046115,0.053105,0.20801,0.22068,0,0.046012,0.66096,0.54756,0.098369,0,0,0,0.16605,0.18135,0.65354,0.51814,1,0.54879,0.67119,0.26465,0,0.26242,0.30967,0.20095,0.65856,0.59294,0,0.085742,0.10894,0.16503,0.21249,0.29005,0.44583,0.63964,0.027124,0.067149,0.060816,0.17954,0,0,0,0,0,0,0.3093,0.36347,0.29515,0.38015,0,0,0.35175,0.28522,0.16786,0.076253,0.31495,0.45812,0.5676,0.28737,0.3834,0.57437,0.57006,0.2348,0.32578,0.34644,0,0.63736,0.31879,0.31555,0.3899,0.37125,0.45887,0.51466,0.81643,0.8645,0.76185,0.56045,0.56682,0.59904,0.40709,0.23444,0.22648,0.29712,0,0,0,0,0.68297,0.75921,0.29051,0.35957,0.31513,0.058212,0,0.28511
0,0.13687,0,0.04285,0.19106,0.028287,0,0.042472,0.063891,0.075437,0,0.10152,0,0.2226,0.41284,0.27406,0.39516,0.2592,0,0.070832,0,0,0,0.044414,0.47289,0.50264,0.28391,0.18058,0.33487,0.27362,0.39401,0.21034,0,0,0.27147,0.32318,0.48206,0.6801,0.54879,1,0.48804,0.61983,0.089253,0.5232,0.17568,0.14165,0.45285,0.48616,0.21359,0.1653,0.32979,0.23582,0.34182,0.39564,0.71856,0.5602,0,0.13493,0.0095457,0.23402,0,0,0,0.014772,0.031341,0.034699,0.24973,0.29859,0.22997,0.3055,0.002804,0.13805,0.13651,0.26222,0.15493,0.12892,0,0.050166,0.14222,0.46583,0.57397,0.67194,0.15809,0.52782,0.56456,0.52508,0,0.31147,0.41853,0.27413,0.33313,0.30394,0.40226,0.35128,0.5877,0.49426,0.43993,0.52649,0.44225,0.54378,0.41495,0.34669,0.28164,0.31091,0.21974,0.23951,0,0.095552,0.63763,0.41302,0.29032,0.21364,0.28752,0,0,0.14739
0.076873,0.12376,0.18026,0.087072,0.047299,0.11563,0.21864,0.043015,0.028077,0,0.089293,0.19158,0.13536,0.17439,0.40398,0.20724,0.41793,0.1626,0.1347,0.12065,0.039652,0.050237,0.04719,0.055865,0.25453,0.30448,0.023207,0.094905,0.57491,0.42187,0.18843,0,0,0,0.12526,0.15134,0.68817,0.52196,0.67119,0.48804,1,0.57304,0,0.26281,0.16978,0.16647,0.41078,0.42162,0.090043,0.15925,0.20149,0.17737,0.38234,0.3021,0.25023,0.32694,0.01684,0.0048874,0,0.031254,0,0,0,0,0,0,0.14702,0.24111,0.11584,0.18629,0,0.10623,0.45969,0.31021,0.18625,0.11919,0.076533,0.1535,0.37296,0.35734,0.42792,0.51336,0.2366,0.078487,0.38005,0.42167,0,0.36993,0.24794,0.3172,0.26838,0.30812,0.24175,0.36708,0.60892,0.55281,0.40489,0.40623,0.28004,0.36124,0.13535,0.24193,0,0.2068,0,0,0,0,0.54271,0.40767,0.080842,0.16989,0.11778,0,0,0.16777
0,0.24754,0.054345,0.26255,0.1494,0.25347,0.13168,0.28138,0.07205,0.03329,0,0.35778,0.13951,0.41177,0.3382,0.31582,0.46865,0.37617,0,0.14132,0.076831,0.11706,0.023158,0.16127,0.40848,0.40088,0.11736,0.20645,0.30393,0.37379,0.39301,0.22363,0.027357,0.25396,0.04808,0.13884,0.46316,0.6065,0.26465,0.61983,0.57304,1,0.080281,0.38545,0.09807,0.18506,0.21815,0.32036,0.27707,0.22639,0.34864,0.20579,0.4421,0.32866,0.34113,0.10855,0,0.1101,0,0.083979,0,0.077615,0.15433,0.26014,0,0.14569,0.071882,0.21435,0.090513,0.16287,0.24359,0.19752,0.29728,0.337,0.12983,0.21608,0.0026658,0,0.076428,0.46629,0.59408,0.47243,0,0.19103,0.48998,0.4717,0,0.12683,0.32364,0.14282,0.25289,0.2243,0.23366,0.27691,0.40362,0.20622,0.14757,0.372,0.095973,0.25614,0.096266,0.39326,0.047459,0.20762,0,0.025219,0,0,0.44571,0.18179,0.086636,0.18209,0.11155,0,0,0.17298
0.5473,0.50515,0.43509,0.59123,0.26687,0.3751,0.49996,0.57096,0.5207,0.56869,0.26872,0.477,0.4455,0.57165,0.40054,0.48351,0,0.34965,0.465,0.47413,0.42859,0.50379,0.47026,0.57628,0.43871,0.43662,0.45098,0.41871,0,0,0.38851,0.4641,0.58154,0.58089,0.46988,0.516,0.00115,0.1751,0,0.089253,0,0.080281,1,0.69355,0.63151,0.68671,0.31973,0.57367,0.71466,0.63852,0.67413,0.64298,0.23259,0.21894,0.13185,0.18155,0.46413,0.47808,0.4338,0.4508,0.54904,0.54421,0.60267,0.46533,0.58727,0.64236,0.65111,0.65082,0.51731,0.50105,0.27692,0.24645,0.18916,0.13026,0.51042,0.45597,0.39006,0.32392,0,0,0.0041931,0,0.057826,0.2776,0.39389,0.42718,0.44646,0.30029,0.27553,0.092609,0.346,0.30198,0.41666,0.46944,0.060081,0,0.32352,0.41001,0.26076,0.34639,0.31369,0.60735,0.41259,0.54759,0.49438,0.50404,0.56176,0.57884,0,0.13755,0.69429,0.66231,0.60903,0.58791,0.4304,0.44641
0.29222,0.47368,0.23345,0.40215,0.32728,0.19885,0.28914,0.39809,0.43489,0.28803,0.10418,0.39971,0.26943,0.53402,0.54508,0.42836,0.20544,0.36645,0.35538,0.43852,0.15078,0.21723,0.22745,0.4266,0.48787,0.54531,0.45629,0.34273,0.034636,0.055393,0.49857,0.48156,0.32668,0.39388,0.47375,0.50773,0.22008,0.38305,0.26242,0.5232,0.26281,0.38545,0.69355,1,0.55871,0.63332,0.49261,0.6661,0.66862,0.62646,0.71423,0.68348,0.48476,0.5168,0.49191,0.42219,0.24931,0.32487,0.29742,0.3635,0.28968,0.29698,0.3472,0.29292,0.42792,0.41867,0.6119,0.66589,0.42452,0.4619,0.16493,0.17453,0.21824,0.22358,0.38436,0.40867,0.1553,0.13754,0,0.34003,0.37692,0.3959,0.15148,0.44085,0.66388,0.71881,0.16656,0.35444,0.46903,0.30576,0.41052,0.42138,0.57346,0.57309,0.33313,0.14658,0.44142,0.53244,0.3993,0.50233,0.52876,0.65518,0.45625,0.5321,0.44154,0.46964,0.28136,0.53209,0.179,0.26553,0.60644,0.46396,0.51566,0.24481,0.18371,0.33871
0.59255,0.64679,0.48121,0.62777,0.23504,0.28144,0.52614,0.61882,0.50055,0.36086,0.3202,0.43264,0.36212,0.50949,0.45042,0.3669,0,0.16202,0.53057,0.56135,0.32572,0.41627,0.49377,0.59753,0.37315,0.38063,0.33574,0.32419,0,0.17377,0.39369,0.4176,0.43177,0.48091,0.49729,0.58537,0.28824,0.29044,0.30967,0.17568,0.16978,0.09807,0.63151,0.55871,1,0.91818,0.35871,0.57057,0.71551,0.71489,0.62761,0.69177,0.48921,0.42795,0.21848,0.30841,0.38619,0.43222,0.50393,0.5496,0.58116,0.54416,0.43981,0.45802,0.65866,0.63596,0.86869,0.88432,0.5703,0.57191,0.10288,0.10888,0.33512,0.2874,0.51543,0.41398,0.48259,0.43901,0,0,0.051451,0.17621,0.35108,0.25532,0.4693,0.55026,0.32246,0.55269,0.53813,0.45058,0.60795,0.58043,0.61735,0.66724,0.3171,0.19298,0.50325,0.43173,0.41518,0.40083,0.43651,0.58155,0.52054,0.59141,0.39251,0.37118,0.46956,0.35147,0.024785,0.43202,0.67329,0.63594,0.55937,0.54901,0.35811,0.41488
0.58682,0.76356,0.45946,0.67052,0.28863,0.33804,0.54922,0.67262,0.54282,0.35836,0.31712,0.5214,0.39168,0.57923,0.4232,0.4181,0.00058002,0.25051,0.54721,0.64641,0.4172,0.51054,0.45188,0.58882,0.33514,0.34401,0.33772,0.37041,0,0.19573,0.40947,0.42322,0.5342,0.598,0.34231,0.49452,0.23663,0.32052,0.20095,0.14165,0.16647,0.18506,0.68671,0.63332,0.91818,1,0.35816,0.60293,0.82539,0.85775,0.66281,0.73674,0.56029,0.48652,0.1355,0.21712,0.37659,0.47347,0.53107,0.57141,0.61283,0.62093,0.53358,0.60388,0.62001,0.65931,0.81828,0.89101,0.56818,0.58386,0.22198,0.1302,0.39407,0.29298,0.52124,0.49388,0.50694,0.43879,0,0,0.11928,0.18904,0.29387,0.25382,0.45684,0.58124,0.35777,0.512,0.48245,0.43335,0.63333,0.60365,0.61759,0.68635,0.23948,0.07995,0.38176,0.37589,0.35405,0.3943,0.43957,0.64864,0.52809,0.59934,0.37554,0.36189,0.47779,0.36113,0,0.35891,0.59389,0.6403,0.59939,0.54815,0.35791,0.44925
