1,0.55403,0.40544,0.15841,0.22628,0.19522,0.40994,0.24447,0.15452,0.027078,0.48808,0.078915,0.33292,0.23445,0.30118,0.29974,0.27532,0,0.29195,0.42308,0.010686,0.078574,0.25044,0.0037275,0.13846,0.14471,0,0.15898,0.24232,0,0.13599,0.29121,0.37447,0.13661,0.19396,0.0062098,0.0006664,0.054086,0,0,0.15348,0.031994,0.079485,0,0.27387,0.098095,0.040382,0,0.18943,0.054395,0.18549,0,0.15914,0.10429,0.26463,0.19929,0.63187,0.43903,0.57336,0.23749,0.52618,0.074146,0.36808,0.083212,0.35194,0.1342,0.27416,0.13139,0.67251,0.5181,0.40412,0.15572,0.41436,0.19593,0.37877,0.35414,0.36816,0.31497,0.1931,0,0.31943,0.038076,0.292,0.24102,0.12275,0,0.2677,0.15871,0.31357,0.29193,0.13688,0.29752,0.18739,0.38462,0.14652,0,0.1302,0.00077121,0.12753,0.10481,0.11261,0.31303,0.16652,0.24791,0.038601,0.2134,0.17221,0.20161,0,0,0.071311,0.070015,0.30909,0.19783,0,0
0.55403,1,0.099128,0.19716,0.096692,0.075292,0.12508,0.28586,0.10464,0,0.36388,0.17634,0.094469,0.20353,0.22862,0.25765,0.059344,0.11535,0.22816,0.5532,0.010276,0.10157,0.16501,0.083842,0.00419,0.1696,0,0.0073373,0.0067766,0.064443,0.19092,0.31649,0.36985,0.24351,0.03145,0,0,0,0,0,0,0,0,0,0.12401,0,0,0,0.12196,0.014049,0.15598,0.066251,0,0,0,0,0.22506,0.72996,0.24746,0.18566,0.16875,0.22852,0.32519,0.088386,0.10269,0,0.083908,0.041129,0.48378,0.54236,0.26191,0.052913,0.098835,0.15799,0.17296,0.1694,0.062807,0.10769,0,0,0.046208,0.01983,0.05532,0,0.012594,0.080653,0,0,0,0.11751,0,0.1104,0.22433,0.13741,0.26869,0,0,0,0.024516,0.12904,0.13241,0.15044,0.14574,0.17841,0.31303,0.20087,0.15132,0.069057,0,0,0,0,0.11405,0.22117,0.09957,0
0.40544,0.099128,1,0.65859,0.2177,0.15766,0.83132,0.58446,0.28323,0.41572,0.47377,0.14189,0.53999,0.25982,0.37099,0.29054,0.24861,0,0.46487,0.38283,0.11813,0.043906,0.78807,0.57826,0.094125,0.10591,0.12451,0.10744,0.20519,0,0.033628,0.28432,0.29339,0.19971,0.50204,0.32058,0.20615,0.16939,0.15426,0.14156,0.11346,0.15259,0.51278,0.42279,0.58504,0.43384,0.47268,0.40505,0.41054,0.1058,0.24955,0.033336,0.19132,0.061795,0.31664,0.27028,0.2719,0.011332,0.21,0.010638,0.34271,0,0.18756,0,0.7052,0.19922,0.5271,0.41472,0.336,0.28353,0.13592,0.070803,0.15513,0,0.058021,0.074418,0.38441,0.29741,0.24379,0.1391,0.28235,0.072958,0.29604,0.20026,0.63259,0.27409,0.40221,0.31143,0.48665,0.43568,0.41321,0.34291,0.4943,0.5857,0.0037469,0,0.26472,0.26394,0.26821,0.1038,0.16324,0.3198,0.088332,0.17533,0.13478,0.22922,0.13978,0.080376,0,0.099441,0.30929,0.35576,0.30153,0.22773,0,0
0.15841,0.19716,0.65859,1,0.047122,0.11038,0.33591,0.69653,0.064068,0.41902,0.10886,0.35289,0.09419,0.42438,0.057678,0.37636,0.14503,0,0.59665,0.58694,0,0,0.57512,0.77835,0,0.18958,0.11052,0.075554,0.0039139,0.054727,0.1264,0.40384,0.26873,0.33063,0.51146,0.43312,0,0.0091188,0,0,0,0,0.34711,0.32112,0.41826,0.36126,0.32249,0.27117,0.22425,0.10398,0.041632,0.12902,0,0,0.15556,0.18148,0.29558,0.20083,0.21677,0.26299,0.18897,0.21568,0.16423,0.056465,0.31107,0.3809,0.5392,0.60987,0.36871,0.38351,0.10604,0.12839,0,0,0,0.13411,0.26107,0.22821,0.19738,0.10663,0.099077,0.0029759,0.13039,0.15924,0.34446,0.36577,0.32029,0.31907,0.35112,0.52559,0.27094,0.13549,0.42456,0.27153,0,0,0.0017087,0.049556,0.15112,0.1018,0.30054,0.28887,0.18644,0.13923,0.13632,0.076481,0.12511,0.22055,0.0067874,0,0.12715,0.18514,0.10597,0.06028,0.086475,0.016099
0.22628,0.096692,0.2177,0.047122,1,0.83865,0.22921,0.029465,0.78324,0.60671,0.35955,0,0.36145,0.030511,0.53166,0.49927,0.19507,0,0.32957,0.16438,0.41182,0.37415,0.23425,0.10338,0.91336,0.7849,0.65171,0.69021,0.17081,0,0.18724,0.17328,0.11952,0.058337,0.36414,0.38665,0.083122,0.16088,0.094317,0.079619,0,0.0050823,0.11114,0.071549,0.19996,0.21359,0.21141,0.23003,0.19392,0.15541,0.077877,0,0.17772,0.16007,0.29334,0.16869,0.37231,0.19764,0.41908,0.31761,0.33824,0.16938,0.058707,0,0.34247,0.30346,0.41195,0.34157,0.32854,0.22913,0.24866,0.36317,0.40614,0.16213,0.48619,0.31917,0.50765,0.44234,0.23237,0.12492,0.22399,0.021695,0.39385,0.065009,0.27105,0.010925,0.41983,0.19948,0.55259,0.2928,0.081614,0.14926,0,0.11348,0.15477,0.046679,0.21059,0.16615,0.16973,0.18233,0.15795,0.36185,0.24473,0.30859,0.05341,0.11232,0.18685,0.23824,0.14728,0.17746,0.33247,0.20027,0.23552,0,0,0.071398
0.19522,0.075292,0.15766,0.11038,0.83865,1,0.069764,0.001149,0.50734,0.6394,0.26186,0.11022,0.30096,0.10434,0.41329,0.57995,0.34107,0,0.33359,0.17041,0.41321,0.30807,0.1315,0.054147,0.82956,0.72758,0.71127,0.84022,0.22785,0,0.36755,0.21846,0.17068,0.10374,0.41457,0.50382,0,0.015645,0,0,0,0,0.16477,0.082538,0.22993,0.33135,0.19784,0.28969,0.16651,0.22942,0.065125,0.0039508,0.19983,0.17349,0.28179,0.15089,0.47456,0.16755,0.4054,0.35038,0.39895,0.25577,0.16272,0.069386,0.22603,0.37773,0.43397,0.41521,0.40461,0.24154,0.21974,0.3617,0.48071,0.21878,0.54424,0.36367,0.54481,0.48544,0.30725,0.34625,0.22055,0.041673,0.24275,0,0.16313,0,0.40139,0.067237,0.56774,0.30069,0.19561,0.21419,0,0.13035,0.16439,0.025557,0.18564,0.17371,0.21467,0.1948,0.2764,0.32672,0.4192,0.45539,0.15191,0.15655,0.27717,0.18723,0.22239,0.26623,0.41744,0.2921,0.2921,0.074963,0,0.083218
0.40994,0.12508,0.83132,0.33591,0.22921,0.069764,1,0.55254,0.3945,0.34155,0.66614,0.079077,0.7431,0.27345,0.56944,0.20532,0.28332,0,0.33625,0.27582,0.12335,0.033514,0.62508,0.27835,0.067079,0,0.015372,0,0.35167,0,0,0.030209,0.14434,0.042303,0.27203,0.093046,0.34156,0.28482,0.25188,0.27505,0.24353,0.29721,0.41918,0.37251,0.50462,0.38464,0.39344,0.30384,0.47725,0.17631,0.35683,0.16711,0.23465,0.13221,0.3087,0.28725,0.055527,0,0.17739,0,0.36816,0,0.29394,0,0.7452,0.19462,0.37791,0.22946,0.19416,0.18979,0.091345,0,0.20884,0.0019523,0.077681,0.013839,0.25974,0.18978,0.21716,0.056135,0.40371,0.15758,0.42411,0.31855,0.63455,0.25125,0.29942,0.31772,0.38893,0.38857,0.35963,0.35716,0.47796,0.52168,0,0.00092785,0.26361,0.26703,0.26009,0.12664,0.029916,0.2749,0,0.017593,0.070843,0.21009,0.12923,0.033111,0,0.055008,0.22721,0.28004,0.28437,0.17862,0,0
0.24447,0.28586,0.58446,0.69653,0.029465,0.001149,0.55254,1,0.17855,0.32497,0.36772,0.416,0.23313,0.56304,0.15405,0.23341,0.25526,0.032064,0.42915,0.56081,0,0,0.44753,0.52864,0,0.15297,0,0,0.23209,0.1947,0.022162,0.33542,0.2797,0.30599,0.29401,0.18305,0,0.022344,0,0,0,0,0.34444,0.34079,0.44792,0.41224,0.25746,0.18017,0.42009,0.3046,0.33003,0.44846,0.065254,0.055572,0.10057,0.12139,0.095569,0.097957,0.24141,0.22367,0.22062,0.28275,0.48489,0.26452,0.31557,0.4267,0.45755,0.49311,0.24972,0.41279,0.19892,0,0,0.089386,0,0.056635,0.17139,0.084251,0.28327,0,0.26261,0.1169,0.11061,0.19973,0.35615,0.40756,0.025312,0.17049,0.15556,0.50675,0.22588,0.14725,0.49115,0.20431,0,0,0,0,0.087168,0.072552,0.10853,0.1053,0,0,0.12829,0.065688,0.098776,0.069189,0,0,0,0.12751,0.040545,0.02122,0.16619,0.083512
0.15452,0.10464,0.28323,0.064068,0.78324,0.50734,0.3945,0.17855,1,0.66001,0.40356,0,0.38907,0,0.63345,0.3645,0,0,0.26953,0.1661,0.23511,0.27776,0.40313,0.2584,0.63806,0.57462,0.35239,0.3094,0.094621,0,0,0.11744,0.021892,0,0.30878,0.23596,0.20375,0.28226,0.14002,0.19932,0.016966,0.1668,0.05968,0.069358,0.12594,0.07554,0.16323,0.13728,0.11742,0,0.027333,0,0.057714,0.12461,0.13998,0.058075,0.087678,0.040222,0.20483,0.035396,0.12189,0,0,0,0.44932,0.13998,0.26288,0.18015,0.16363,0.16053,0.18056,0.27697,0.1721,0.031796,0.28986,0.17325,0.36285,0.30758,0.086624,0,0.15762,0,0.44832,0.16243,0.3918,0.24818,0.27294,0.2349,0.33059,0.29153,0.046445,0.12646,0.15895,0.20512,0.1171,0.053491,0.18304,0.085586,0.12808,0.076286,0,0.22776,0,0.059664,0.033406,0.065101,0.062114,0.074332,0.015971,0.0622,0.18118,0.10524,0.151,0.022675,0,0.083151
0.027078,0,0.41572,0.41902,0.60671,0.6394,0.34155,0.32497,0.66001,1,0.25807,0.13593,0.43207,0.20384,0.49878,0.58343,0.20837,0,0.51318,0.26593,0.16373,0.13152,0.42244,0.42422,0.5115,0.41068,0.49125,0.50175,0.093758,0,0.11174,0.10712,0.12828,0.14828,0.39673,0.51556,0.16035,0.14371,0.15024,0.11286,0,0.039084,0.19458,0.17312,0.21848,0.34411,0.24375,0.34673,0.19058,0.17711,0.027927,0.078859,0.11272,0.12934,0.25693,0.21601,0.23534,0,0.20008,0.1907,0.32383,0.19759,0.11069,0,0.45401,0.46573,0.42166,0.43157,0.24019,0.16167,0,0.23265,0.17222,0.0090629,0.254,0.21207,0.39975,0.38914,0.12824,0.23943,0.14724,0.0028808,0.36953,0.1454,0.36021,0.21156,0.50902,0.31485,0.51273,0.48149,0.28082,0.26044,0.21541,0.30658,0.10293,0.11902,0.21634,0.22979,0.24809,0.12066,0.19434,0.30993,0.17716,0.23983,0.14801,0.087636,0.23947,0.17807,0.1551,0.22897,0.32835,0.32596,0.25499,0.1174,0.011481,0.10872
0.48808,0.36388,0.47377,0.10886,0.35955,0.26186,0.66614,0.36772,0.40356,0.25807,1,0.27121,0.74868,0.39267,0.70474,0.40808,0.35151,0.031394,0.27204,0.25303,0.16563,0.067605,0.47859,0.12369,0.19691,0.19999,0.021519,0.079693,0.36246,0.08898,0.055501,0.1798,0.1278,0,0.29631,0.062522,0.11633,0.22208,0,0,0,0.023796,0.21238,0.15726,0.40837,0.27302,0.21,0.096085,0.42172,0.1882,0.38554,0.25289,0.1926,0.17318,0.2063,0.15392,0.12557,0.078012,0.27878,0.010062,0.4284,0.10392,0.39509,0.089549,0.6254,0.27918,0.29351,0.18354,0.26899,0.27686,0.10383,0.056621,0.23784,0.041027,0.2722,0.27722,0.26641,0.26103,0.26871,0,0.43032,0.22097,0.47509,0.20578,0.54956,0.31264,0.28097,0.19881,0.29884,0.39564,0.14913,0.1977,0.31157,0.30125,0.0017472,0,0.019953,0.039496,0.18778,0.19312,0.00225,0.22968,0,0.0031442,0.092168,0.086721,0.14423,0.10784,0,0,0.1008,0.17146,0.28512,0.19094,0,0
0.078915,0.17634,0.14189,0.35289,0,0.11022,0.079077,0.416,0,0.13593,0.27121,1,0.12717,0.7635,0.0085206,0.43372,0.36355,0.56411,0.27288,0.26928,0.085379,0,0.17252,0.27016,0,0.14448,0.087393,0.10585,0.19933,0.55019,0.32497,0.31931,0.15591,0.19321,0.21807,0.25398,0,0,0,0,0,0,0.047202,0.12232,0.13603,0.24449,0.00013046,0.07821,0.11157,0.29593,0.048438,0.46054,0.057921,0.20325,0.023189,0.097127,0.17971,0.12634,0.095158,0.2356,0.106,0.54001,0.45268,0.6824,0,0.56445,0.16828,0.29596,0.19992,0.20428,0.026493,0.060078,0,0.13839,0.052025,0.17724,0.023685,0.14984,0.2776,0.3667,0.20742,0.48195,0.070955,0.081016,0.035171,0.42133,0.15429,0.081947,0.1237,0.52933,0,0.018874,0.020515,0,0,0,0,0,0,0.11841,0.1894,0.059451,0.1305,0.057237,0.16194,0,0.29519,0.24091,0.019687,0,0,0.11733,0.0046464,0.028787,0.011418,0
0.33292,0.094469,0.53999,0.09419,0.36145,0.30096,0.7431,0.23313,0.38907,0.43207,0.74868,0.12717,1,0.36704,0.76069,0.47303,0.33368,0,0.30681,0.11881,0.15724,0.10857,0.41687,0.015905,0.1861,0,0.15562,0.22132,0.33458,0,0,0,0.022031,0,0.20124,0.11955,0.37613,0.22448,0.28824,0.22757,0.23308,0.22331,0.17734,0.11692,0.24568,0.30628,0.16743,0.22022,0.34251,0.20797,0.27673,0.17522,0.29244,0.22156,0.29579,0.29941,0.028187,0,0.13725,0,0.51624,0.051728,0.26896,0,0.68746,0.34167,0.22915,0.094218,0.21548,0.060678,0,0,0.33735,0.009146,0.25757,0.08591,0.22173,0.19061,0.11117,0.1689,0.36294,0.17237,0.5096,0.25631,0.48642,0.10715,0.46935,0.27225,0.46625,0.38985,0.35929,0.42499,0.28925,0.47387,0.045915,0.10981,0.24148,0.34524,0.26552,0.16603,0.1192,0.28968,0.038525,0.13419,0.077648,0.17812,0.24217,0.067693,0.023818,0.18805,0.27139,0.36131,0.32099,0.1977,0,0.015783
0.23445,0.20353,0.25982,0.42438,0.030511,0.10434,0.27345,0.56304,0,0.20384,0.39267,0.7635,0.36704,1,0.15554,0.50226,0.3862,0.23072,0.26424,0.25299,0.00044778,0,0.19305,0.19405,0,0.058931,0.0058853,0.048228,0.26642,0.32763,0.063547,0.13613,0.14347,0.15227,0.20033,0.1868,0,0,0,0,0,0,0.091288,0.14211,0.19933,0.31172,0.0003956,0.054556,0.21098,0.34009,0.17336,0.51772,0.085386,0.14411,0.11648,0.20689,0.18137,0.05132,0.17436,0.2237,0.30197,0.46727,0.48684,0.50985,0.16839,0.62304,0.20738,0.29274,0.25221,0.22981,0.10916,0.022403,0.076695,0.055859,0.091527,0.16207,0.10976,0.14487,0.26117,0.20187,0.28686,0.29886,0.16759,0.17557,0.14998,0.33627,0.18917,0.12616,0.24204,0.60882,0.073317,0.11228,0.14597,0.042286,0,0,0,0,0.026025,0.1055,0.17916,0.13933,0.10131,0.00082905,0.051967,0,0.17735,0.22834,0,0,0,0.17555,0.081905,0.034546,0,0
0.30118,0.22862,0.37099,0.057678,0.53166,0.41329,0.56944,0.15405,0.63345,0.49878,0.70474,0.0085206,0.76069,0.15554,1,0.4324,0.31836,0,0.23808,0.16609,0.29711,0.23038,0.39511,0.074717,0.34049,0.20729,0.30988,0.2919,0.35617,0,0,0,0,0,0.39242,0.19006,0.3042,0.29384,0.16437,0.17561,0.059864,0.10978,0.17543,0.10985,0.33769,0.28139,0.22382,0.16755,0.34146,0.11322,0.23168,0.093435,0.17996,0.14755,0.25208,0.16037,0.035196,0.01994,0.21979,0,0.41249,0.037052,0.21255,0,0.70481,0.26762,0.3535,0.22522,0.27316,0.14052,0,0.03541,0.2853,0.028596,0.27202,0.1481,0.37713,0.32326,0.22235,0.098472,0.35335,0.13911,0.55851,0.17748,0.51849,0.15702,0.38717,0.20975,0.42595,0.3135,0.24698,0.25658,0.27624,0.35564,0.053621,0.064437,0.18609,0.18543,0.26916,0.18874,0.061432,0.32617,0.012875,0.079048,0.10906,0.1688,0.18201,0.10309,0,0.053426,0.23813,0.22594,0.32315,0.1447,0,0.072339
0.29974,0.25765,0.29054,0.37636,0.49927,0.57995,0.20532,0.23341,0.3645,0.58343,0.40808,0.43372,0.47303,0.50226,0.4324,1,0.31545,0.15505,0.42921,0.29173,0.20751,0.17793,0.35367,0.34343,0.37586,0.41233,0.36981,0.48872,0.28582,0.25496,0.20621,0.20699,0.049432,0.016872,0.42489,0.36045,0,0.023745,0,0,0,0,0,0,0.14102,0.14752,0.025343,0.055485,0,0,0,0,0,0,0.055486,0.05452,0.35181,0.18623,0.217,0.18093,0.35811,0.33495,0.22648,0.10342,0.45915,0.56465,0.29227,0.32156,0.44653,0.29905,0.21975,0.39227,0.30159,0.24543,0.32603,0.44634,0.33163,0.32388,0.3243,0.30282,0.33638,0.27989,0.44174,0.25539,0.28556,0.30877,0.47633,0.2292,0.45509,0.56068,0.062705,0.13648,0.13519,0.17505,0.19498,0.058057,0.066758,0.037128,0.096592,0.11484,0.28863,0.32937,0.23797,0.27706,0.2368,0.19536,0.34484,0.3195,0,0.022838,0.17379,0.27805,0.21592,0.13023,0.075579,0
0.27532,0.059344,0.24861,0.14503,0.19507,0.34107,0.28332,0.25526,0,0.20837,0.35151,0.36355,0.33368,0.3862,0.31836,0.31545,1,0.36387,0.21617,0.19788,0.3275,0,0.023641,0,0.2614,0.13859,0.42288,0.35317,0.78661,0.51674,0.1942,0.03035,0,0,0.21775,0.3169,0,0,0,0,0,0,0.35205,0.34309,0.53696,0.53839,0.28536,0.34921,0.45727,0.38641,0.30158,0.38968,0.27004,0.284,0.35126,0.29525,0.43817,0.085729,0.37638,0.25789,0.49535,0.24585,0.64344,0.33604,0.32307,0.43297,0.44981,0.42551,0.34371,0.24877,0.029089,0.051635,0.44548,0.27387,0.18978,0.17148,0.26249,0.17071,0.73269,0.69513,0.70838,0.55747,0.36379,0.18696,0.27328,0.067986,0.32622,0.15286,0.40256,0.37329,0.34003,0.30712,0.17102,0.22422,0,0,0.073093,0.041751,0.34061,0.25201,0.25934,0.28226,0.23857,0.2792,0.25214,0.3381,0.46522,0.2668,0.014477,0.016309,0.35441,0.39905,0.33125,0.15127,0,0.19753
0,0.11535,0,0,0,0,0,0.032064,0,0,0.031394,0.56411,0,0.23072,0,0.15505,0.36387,1,0,0.078004,0.21906,0,0,0.024104,0,0.042141,0.1334,0,0.3522,0.7848,0.054723,0,0,0,0.10745,0.061112,0,0.0090881,0,0,0,0,0.096569,0.25076,0.17701,0.14451,0.11082,0.084422,0.069639,0.062702,0,0.26859,0,0.12299,0,0,0,0.26615,0,0.0074082,0,0.26081,0.25198,0.50948,0,0.19298,0.012408,0.12615,0.021473,0.099269,0,0.029762,0,0.28253,0,0.054631,0,0.02958,0.40213,0.46444,0.34299,0.81292,0.14862,0.21119,0,0.38388,0,0,0,0.1182,0,0,0.054023,0,0.024353,0,0,0,0.12,0.13334,0,0,0,0,0.22007,0.13403,0.27118,0.12172,0,0,0,0.063591,0,0.041625,0.14902,0
0.29195,0.22816,0.46487,0.59665,0.32957,0.33359,0.33625,0.42915,0.26953,0.51318,0.27204,0.27288,0.30681,0.26424,0.23808,0.42921,0.21617,0,1,0.75593,0.021455,0.11632,0.277,0.39559,0.24056,0.29123,0.22937,0.30217,0.0064588,0,0.10488,0.15956,0.35785,0.43743,0.17839,0.35372,0.059131,0.08832,0.18626,0.13978,0,0.054436,0.18087,0.14145,0.16338,0.3083,0.28442,0.30367,0.24543,0.27831,0.13931,0.16559,0.20895,0.13157,0.41857,0.4324,0.43781,0.22849,0.48979,0.55129,0.45572,0.3708,0.32971,0.19589,0.25626,0.41296,0.57486,0.5331,0.51002,0.50617,0.015939,0.18604,0.15878,0,0.24402,0.18796,0.31736,0.41927,0,0.013434,0.18219,0.00019079,0.37183,0.2938,0.21626,0.14697,0.55094,0.52756,0.52911,0.56577,0.34114,0.3081,0.16499,0.24524,0,0.029318,0.14093,0.24141,0.27683,0.31721,0.46684,0.44881,0.33662,0.35345,0.092762,0.084067,0.26596,0.46097,0.26797,0.16143,0.22355,0.12969,0.15982,0,0,0.024339
0.42308,0.5532,0.38283,0.58694,0.16438,0.17041,0.27582,0.56081,0.1661,0.26593,0.25303,0.26928,0.11881,0.25299,0.16609,0.29173,0.19788,0.078004,0.75593,1,0,0.027239,0.26863,0.39983,0.090148,0.26226,0.027909,0.10664,0.093859,0.11384,0.067282,0.27607,0.32235,0.32258,0.16051,0.11262,0,0.0081516,0,0,0,0,0.25589,0.22511,0.31644,0.28883,0.23989,0.23699,0.28669,0.20138,0.20841,0.18501,0.15,0.16942,0.1997,0.24872,0.32291,0.47359,0.41051,0.41583,0.22795,0.24205,0.37025,0.15724,0.13435,0.16686,0.47377,0.45057,0.64505,0.74109,0.12956,0,0.12074,0.12383,0.12933,0.1702,0.19157,0.22422,0.052547,0,0.13363,0.059438,0.20562,0.23538,0.096412,0.17781,0.23049,0.30997,0.20315,0.38603,0.35663,0.38558,0.38503,0.31107,0.041377,0,0.075562,0.080455,0.26049,0.24989,0.29722,0.24568,0.21564,0.24383,0.19128,0.18009,0.23296,0.20072,0.0046358,0,0.013263,0.046021,0.10088,0.053044,0,0
0.010686,0.010276,0.11813,0,0.41182,0.41321,0.12335,0,0.23511,0.16373,0.16563,0.085379,0.15724,0.00044778,0.29711,0.20751,0.3275,0.21906,0.021455,0,1,0.6782,0.13026,0.049816,0.43557,0.42851,0.59616,0.51678,0.47323,0.30928,0.19578,0.10187,0,0,0.21552,0.16606,0.069295,0.12299,0.047899,0,0.0057423,0.11414,0.20512,0.21708,0.29462,0.22447,0.2463,0.1988,0.16203,0.085641,0.042096,0,0.023478,0,0.040214,0,0.040441,0,0.021314,0,0.053387,0,0.0076284,0,0.17367,0.018385,0.20638,0.16904,0.046084,0.073568,0.21625,0.22565,0.46762,0.38809,0.32939,0.1643,0.2925,0.19247,0.42834,0.4499,0.30137,0.30929,0.2558,0,0.29481,0.014105,0.072131,0,0.21024,0,0,0,0,0,0.11072,0.22511,0.081755,0.09495,0.031226,0.05022,0.091964,0.12966,0.10746,0.10811,0,0,0,0,0.017304,0.10084,0.15943,0.14984,0.069425,0,0,0.10073
0.078574,0.10157,0.043906,0,0.37415,0.30807,0.033514,0,0.27776,0.13152,0.067605,0,0.10857,0,0.23038,0.17793,0,0,0.11632,0.027239,0.6782,1,0.087342,0.035606,0.32072,0.3026,0.39917,0.43057,0.099684,0,0,0,0,0,0.11226,0.019835,0.26046,0.31273,0.31091,0.29043,0.2436,0.36347,0.010923,0.0028704,0,0,0.14415,0.0033992,0,0,0,0,0,0,0,0,0.0053818,0.086127,0.020529,0,0.014891,0,0,0,0.10311,0,0.11653,0.051067,0.063393,0.079643,0.27729,0.35078,0.34546,0.27611,0.36622,0.11174,0.36466,0.32372,0.029397,0,0.068392,0.025235,0.28205,0.10143,0.17738,0,0.043174,0,0.16174,0,0,0,0,0,0.25375,0.47084,0.25969,0.23387,0,0,0.053747,0.12224,0.025284,0.025521,0,0,0,0,0.085011,0.25851,0.11638,0,0,0,0,0.057021
0.25044,0.16501,0.78807,0.57512,0.23425,0.1315,0.62508,0.44753,0.40313,0.42244,0.47859,0.17252,0.41687,0.19305,0.39511,0.35367,0.023641,0,0.277,0.26863,0.13026,0.087342,1,0.79206,0.12831,0.22311,0.075156,0.03145,0.039366,0,0.10344,0.43567,0.17195,0.071485,0.53945,0.26798,0.07957,0.15148,0.0034147,0.048048,0,0.10257,0.39226,0.32551,0.48628,0.2889,0.36406,0.26235,0.25753,0,0.13772,0,0.06941,0.049548,0.097674,0.061788,0.092473,0.049029,0,0,0.057133,0,0,0,0.62371,0.074655,0.32539,0.25955,0.19096,0.2285,0.12221,0.13933,0,0,0.067876,0.21174,0.25036,0.21274,0.18171,0.045697,0.094268,0.035241,0.24655,0.10057,0.61544,0.44608,0.28514,0.22758,0.28947,0.35539,0.27131,0.18988,0.53324,0.49631,0,0,0.12969,0.11422,0.20205,0.080971,0.01679,0.25866,0,0.059082,0.13969,0.14246,0.041256,0,0,0,0.15544,0.29334,0.27637,0.27131,0.1089,0
0.0037275,0.083842,0.57826,0.77835,0.10338,0.054147,0.27835,0.52864,0.2584,0.42422,0.12369,0.27016,0.015905,0.19405,0.074717,0.34343,0,0.024104,0.39559,0.39983,0.049816,0.035606,0.79206,1,0.058077,0.30317,0.12347,0.0001356,0,0.074767,0.12395,0.51005,0.12979,0.1505,0.5295,0.37843,0,0.082786,0,0,0,0.016076,0.33148,0.33299,0.39403,0.24686,0.34698,0.23605,0.10867,0,0,0,0,0,0,0,0.10306,0.080755,0,0,0,0,0,0,0.33613,0.17909,0.36136,0.4327,0.14912,0.26877,0.13053,0.2496,0,0.031718,0,0.20681,0.194,0.18556,0.19746,0.061672,0.0061174,0.025858,0.15888,0.13837,0.40926,0.53514,0.2234,0.29815,0.18025,0.37575,0.14579,0,0.49904,0.23945,0,0,0.012632,0,0.1098,0.0526,0.11298,0.18286,0,0.0068697,0.12037,0.051641,0.030793,0.10079,0,0,0.064531,0.2019,0.12136,0.11317,0.1714,0
0.13846,0.00419,0.094125,0,0.91336,0.82956,0.067079,0,0.63806,0.5115,0.19691,0,0.1861,0,0.34049,0.37586,0.2614,0,0.24056,0.090148,0.43557,0.32072,0.12831,0.058077,1,0.83806,0.66312,0.68461,0.15873,0,0.26239,0.21235,0.1089,0.050349,0.3425,0.42664,0.048747,0.13066,0.074032,0.059203,0,0,0.20877,0.18743,0.21759,0.28222,0.27761,0.31181,0.24413,0.25274,0.129,0.055499,0.22777,0.22232,0.33842,0.20666,0.42541,0.19242,0.41948,0.34106,0.28455,0.17,0.028956,0.037299,0.15793,0.2796,0.39618,0.37055,0.23852,0.18327,0.25369,0.41504,0.43903,0.22011,0.52099,0.31777,0.50615,0.43958,0.25356,0.21467,0.17628,0.017425,0.25374,0,0.14203,0,0.31721,0.1512,0.4815,0.20743,0.073198,0.11186,0,0.03201,0.082746,0.0039391,0.20421,0.17392,0.22341,0.22645,0.16515,0.35448,0.3057,0.37322,0.091177,0.15329,0.18772,0.2436,0.16318,0.16779,0.3809,0.23078,0.23415,0.038088,0,0.11513
0.14471,0.1696,0.10591,0.18958,0.7849,0.72758,0,0.15297,0.57462,0.41068,0.19999,0.14448,0,0.058931,0.20729,0.41233,0.13859,0.042141,0.29123,0.26226,0.42851,0.3026,0.22311,0.30317,0.83806,1,0.51333,0.54624,0.093387,0,0.43985,0.54286,0.22258,0.17658,0.39243,0.38014,0,0.048473,0,0,0,0,0.15504,0.13697,0.2347,0.1776,0.20282,0.1676,0.12378,0.11711,0.012705,0,0.0064724,0.036934,0.096277,0,0.39454,0.28053,0.35415,0.29733,0.10705,0.17218,0.059163,0.052236,0.086077,0.23666,0.3636,0.39812,0.25687,0.31941,0.38324,0.43292,0.2833,0.25934,0.44881,0.40361,0.45582,0.42804,0.26523,0.093895,0.072938,0.0016582,0.13659,0,0.12357,0.10623,0.14646,0.055211,0.29294,0.22703,0,0,0,0,0.033248,0,0,0,0.074703,0.1608,0.20066,0.28356,0.29597,0.29249,0.084069,0.056146,0.097006,0.24965,0.078177,0,0.16678,0.10457,0.15878,0.0017835,0,0.077333
0,0,0.12451,0.11052,0.65171,0.71127,0.015372,0,0.35239,0.49125,0.021519,0.087393,0.15562,0.0058853,0.30988,0.36981,0.42288,0.1334,0.22937,0.027909,0.59616,0.39917,0.075156,0.12347,0.66312,0.51333,1,0.82979,0.3667,0.17855,0.15897,0,0,0,0.36857,0.46553,0.035887,0.039859,0.15193,0.056127,0,0,0.21316,0.18707,0.29362,0.36754,0.28529,0.32059,0.18941,0.21443,0.05084,0.054051,0.15595,0.1236,0.27567,0.11665,0.26238,0,0.242,0.2575,0.25032,0.21087,0.062293,0.085557,0.18009,0.34674,0.45659,0.45846,0.165,0.054448,0.12011,0.33318,0.33887,0.21984,0.23826,0.11645,0.34545,0.29975,0.44196,0.57173,0.33692,0.26675,0.32692,0.069537,0.24004,0.018789,0.38233,0.12927,0.5391,0.24535,0.094701,0.043944,0,0,0.14954,0.17977,0.24957,0.17531,0.11299,0.05282,0.17694,0.20511,0.22719,0.233,0.0075746,0.10023,0.21017,0.10274,0.039923,0.25405,0.41666,0.22921,0.11693,0,0,0.28533
0.15898,0.0073373,0.10744,0.075554,0.69021,0.84022,0,0,0.3094,0.50175,0.079693,0.10585,0.22132,0.048228,0.2919,0.48872,0.35317,0,0.30217,0.10664,0.51678,0.43057,0.03145,0.0001356,0.68461,0.54624,0.82979,1,0.22995,0.026324,0.37377,0.10569,0.14658,0.10452,0.33511,0.47164,0.00020573,0,0.07677,0,0,0,0.15785,0.070316,0.19393,0.32455,0.17414,0.33856,0.14889,0.26769,0.062372,0.0030841,0.2702,0.21957,0.29286,0.13801,0.4593,0.09844,0.3295,0.31762,0.38218,0.25699,0.098563,0.10828,0.12013,0.36631,0.39527,0.37833,0.35532,0.16797,0.19374,0.31937,0.54648,0.2962,0.50652,0.29167,0.43262,0.40153,0.27307,0.45542,0.21415,0.10734,0.21063,0,0.12796,0,0.42315,0.027443,0.58163,0.2521,0.1707,0.20845,0,0.067187,0.25716,0.17395,0.25235,0.22993,0.17074,0.14206,0.32534,0.28006,0.48514,0.4762,0.043125,0.10706,0.23703,0.12524,0.20363,0.37199,0.46125,0.30674,0.22267,0,0,0.15297
0.24232,0.0067766,0.20519,0.0039139,0.17081,0.22785,0.35167,0.23209,0.094621,0.093758,0.36246,0.19933,0.33458,0.26642,0.35617,0.28582,0.78661,0.3522,0.0064588,0.093859,0.47323,0.099684,0.039366,0,0.15873,0.093387,0.3667,0.22995,1,0.66472,0.014405,0,0,0,0.13011,0.086258,0,0.072029,0,0,0,0.0038735,0.2114,0.26835,0.4767,0.32774,0.18166,0.11872,0.24402,0.098019,0.10097,0.18211,0.023909,0.090664,0.080369,0.0073092,0.14488,0,0.14362,0,0.22723,0,0.45426,0.1391,0.3646,0.20125,0.23281,0.2063,0.22875,0.19109,0.18585,0.07869,0.51072,0.42841,0.13416,0.19364,0.16284,0,0.83173,0.62016,0.7766,0.64446,0.46105,0.2941,0.32019,0.13129,0.11783,0.0091364,0.20422,0.18371,0.16716,0.093988,0.18345,0.055593,0.080182,0,0.022388,0,0.134,0.053406,0,0.039351,0,0,0.090024,0.24723,0.27649,0,0,0,0.16648,0.27082,0.15935,0.0068822,0.068541,0.16262
0,0.064443,0,0.054727,0,0,0,0.1947,0,0,0.08898,0.55019,0,0.32763,0,0.25496,0.51674,0.7848,0,0.11384,0.30928,0,0,0.074767,0,0,0.17855,0.026324,0.66472,1,0.047523,0,0,0,0.048422,0,0,0,0,0,0,0,0.047851,0.21289,0.21018,0.10267,0.029461,0,0,0,0,0.22423,0,0.043821,0,0,0,0.028652,0,0,0,0.15817,0.33211,0.36676,0.0028552,0.1971,0,0.10115,0.058004,0.1088,0.067168,0.015565,0.17201,0.48868,0,0.12489,0,0,0.63284,0.59798,0.49867,0.81926,0.18558,0.22334,0.071719,0.37844,0,0,0,0.12896,0,0,0.094267,0,0.12929,0,0,0,0,0,0,0,0,0,0.23824,0.22131,0.3124,0,0,0,0,0.11327,0,0,0.32254,0.0055019
0.13599,0.19092,0.033628,0.1264,0.18724,0.36755,0,0.022162,0,0.11174,0.055501,0.32497,0,0.063547,0,0.20621,0.1942,0.054723,0.10488,0.067282,0.19578,0,0.10344,0.12395,0.26239,0.43985,0.15897,0.37377,0.014405,0.047523,1,0.76293,0.42134,0.38478,0.1513,0.2522,0,0,0,0,0,0,0,0,0.11647,0.089397,0,0.045079,0.0034999,0.081852,0,0,0,0,0,0,0.43616,0.19655,0.12498,0.11391,0.088808,0.13893,0.1612,0.18194,0,0.09143,0.035677,0.061336,0.1603,0.14579,0.12095,0.17417,0.26081,0.24683,0.29016,0.32234,0.08053,0.16986,0.16664,0.286,0,0,0,0,0,0,0.10185,0,0.04792,0.041526,0,0,0,0.043241,0,0,0,0,0,0.070487,0.34546,0.17432,0.49898,0.43293,0.16081,0,0.11539,0.13752,0.22318,0,0,0.10205,0.14622,0.25945,0,0.016697
0.29121,0.31649,0.28432,0.40384,0.17328,0.21846,0.030209,0.33542,0.11744,0.10712,0.1798,0.31931,0,0.13613,0,0.20699,0.03035,0,0.15956,0.27607,0.10187,0,0.43567,0.51005,0.21235,0.54286,0,0.10569,0,0,0.76293,1,0.48486,0.40551,0.35549,0.22877,0,0,0,0,0,0,0.11314,0.057272,0.28073,0.074897,0.02425,0.0097607,0.048168,0,0,0,0,0,0,0,0.41349,0.30469,0.18021,0.078293,0,0.050082,0.11321,0.067758,0.067847,0.048707,0.17651,0.20351,0.25954,0.3387,0.29838,0.21576,0.11707,0.21407,0.20993,0.40184,0.21546,0.24209,0.20982,0,0,0,0,0,0.058217,0.13976,0,0,0,0.10477,0,0,0.11109,0.10225,0,0,0,0,0,0,0.18438,0.13509,0.26831,0.20457,0.15468,0.00057837,0,0.10905,0.023788,0,0,0.02217,0.093724,0.23333,0.049648,0
0.37447,0.36985,0.29339,0.26873,0.11952,0.17068,0.14434,0.2797,0.021892,0.12828,0.1278,0.15591,0.022031,0.14347,0,0.049432,0,0,0.35785,0.32235,0,0,0.17195,0.12979,0.1089,0.22258,0,0.14658,0,0,0.42134,0.48486,1,0.88895,0.19067,0.23525,0,0,0,0,0,0,0.17311,0.023031,0.12015,0.20616,0.052909,0.18637,0.21493,0.27485,0.19631,0.063712,0.12103,0.0013359,0.1279,0.12093,0.48404,0.46223,0.3723,0.41597,0.29468,0.35368,0.29587,0.27318,0.01546,0.18613,0.32316,0.26238,0.34872,0.4139,0.12762,0.032692,0.096505,0,0.31193,0.17443,0.38304,0.46707,0,0,0,0,0,0,0,0,0.060244,0,0.05389,0.12589,0.13563,0.24008,0.020754,0.24215,0.032757,0,0,0.080635,0.12291,0.18662,0.38746,0.21525,0.43826,0.32596,0.10226,0,0.064304,0.24249,0.27609,0.047634,0.072374,0,0.15609,0.20563,0,0
0.13661,0.24351,0.19971,0.33063,0.058337,0.10374,0.042303,0.30599,0,0.14828,0,0.19321,0,0.15227,0,0.016872,0,0,0.43743,0.32258,0,0,0.071485,0.1505,0.050349,0.17658,0,0.10452,0,0,0.38478,0.40551,0.88895,1,0.091524,0.28078,0,0,0,0,0,0,0.10084,0.005739,0,0.20115,0.0089336,0.18365,0.18679,0.36658,0.16599,0.17546,0.11609,0,0.12426,0.17143,0.38664,0.34986,0.32258,0.483,0.25506,0.4417,0.29599,0.34528,0,0.26421,0.31082,0.29388,0.2016,0.26919,0,0,0,0,0.2013,0.11308,0.24113,0.33485,0,0,0,0,0,0,0,0,0.10249,0,0.064371,0.15393,0.10123,0.14325,0,0.10819,0,0,0,0.069664,0.069321,0.18442,0.42273,0.17891,0.42905,0.25129,0.074191,0,0.028655,0.28974,0.35272,0.048582,0.036659,0,0.071925,0.10281,0,0
0.19396,0.03145,0.50204,0.51146,0.36414,0.41457,0.27203,0.29401,0.30878,0.39673,0.29631,0.21807,0.20124,0.20033,0.39242,0.42489,0.21775,0.10745,0.17839,0.16051,0.21552,0.11226,0.53945,0.5295,0.3425,0.39243,0.36857,0.33511,0.13011,0.048422,0.1513,0.35549,0.19067,0.091524,1,0.7342,0.073022,0.22652,0,0,0,0,0.49525,0.44633,0.60183,0.49828,0.45347,0.32996,0.30893,0.10658,0.12156,0.053895,0.045954,0,0.22143,0.10264,0.32549,0.16032,0.2845,0.11212,0.23562,0.13321,0.050759,0.035593,0.52499,0.40497,0.6447,0.66101,0.29426,0.18129,0.20757,0.25664,0.08195,0.056659,0.19018,0.26479,0.5968,0.4571,0.3961,0.25062,0.20146,0.15118,0.2082,0.053807,0.50259,0.37734,0.3066,0.17858,0.45414,0.39526,0.21307,0.11663,0.27671,0.2858,0,0,0.076414,0.050294,0.29637,0.18164,0.16069,0.28562,0.12896,0.12839,0.1112,0.097165,0.06875,0.20686,0.065254,0,0.38797,0.2861,0.30429,0.22351,0,0
0.0062098,0,0.32058,0.43312,0.38665,0.50382,0.093046,0.18305,0.23596,0.51556,0.062522,0.25398,0.11955,0.1868,0.19006,0.36045,0.3169,0.061112,0.35372,0.11262,0.16606,0.019835,0.26798,0.37843,0.42664,0.38014,0.46553,0.47164,0.086258,0,0.2522,0.22877,0.23525,0.28078,0.7342,1,0.077529,0.13898,0.013419,0,0,0,0.43913,0.41017,0.38204,0.54982,0.41764,0.525,0.28249,0.33226,0.12174,0.18561,0.22988,0.16791,0.4039,0.32173,0.45417,0.0030198,0.36753,0.34331,0.31463,0.27598,0.12074,0.24341,0.24975,0.55081,0.61708,0.67094,0.22378,0.086418,0,0.18166,0.15232,0.01235,0.26832,0.26794,0.52745,0.46628,0.29435,0.39698,0.20314,0.11207,0.16375,0.0071107,0.30067,0.22181,0.47308,0.24793,0.60855,0.45501,0.34191,0.23322,0.088981,0.22684,0,0,0.044932,0.12238,0.39713,0.31032,0.32818,0.32217,0.36793,0.31035,0.0083642,0,0.10802,0.31649,0.36058,0.16245,0.56373,0.43605,0.3724,0.1109,0,0.067095
0.0006664,0,0.20615,0,0.083122,0,0.34156,0,0.20375,0.16035,0.11633,0,0.37613,0,0.3042,0,0,0,0.059131,0,0.069295,0.26046,0.07957,0,0.048747,0,0.035887,0.00020573,0,0,0,0,0,0,0.073022,0.077529,1,0.74706,0.82652,0.82201,0.70422,0.75392,0.37194,0.36671,0.10008,0.17333,0.46416,0.34822,0.19879,0.060742,0.19271,0,0.23354,0.068624,0.40971,0.35218,0,0,0,0,0.12789,0,0,0,0.29413,0,0.12594,0.036347,0,0,0,0,0.095378,0,0.11039,0,0.21343,0.19789,0,0,0.12651,0,0.44304,0.43534,0.37517,0,0.25072,0.36013,0.33027,0.030394,0.25542,0.21107,0.065134,0.20052,0.0010687,0.41803,0.53249,0.62808,0.36572,0.16273,0.014768,0.15781,0,0,0,0,0,0,0.051927,0.41228,0.4392,0.13342,0.1472,0,0,0
0.054086,0,0.16939,0.0091188,0.16088,0.015645,0.28482,0.022344,0.28226,0.14371,0.22208,0,0.22448,0,0.29384,0.023745,0,0.0090881,0.08832,0.0081516,0.12299,0.31273,0.15148,0.082786,0.13066,0.048473,0.039859,0,0.072029,0,0,0,0,0,0.22652,0.13898,0.74706,1,0.52356,0.64956,0.46602,0.64114,0.3312,0.41071,0.21713,0.1183,0.48604,0.23046,0.13447,0,0.098882,0,0,0,0.25849,0.20485,0,0,0.073549,0,0,0,0,0,0.29242,0,0.23826,0.19222,0,0,0.024158,0.10955,0,0,0.082901,0,0.33605,0.30772,0.011507,0,0.32642,0.13065,0.56334,0.58379,0.44045,0.27986,0.14816,0.43681,0.2273,0.15049,0.046136,0.023784,0.18688,0.057265,0,0.22058,0.26394,0.36921,0.33547,0.29727,0.071165,0.25934,0,0,0,0,0,0.1668,0.0096012,0.082024,0.30622,0.077828,0.16021,0,0,0
0,0,0.15426,0,0.094317,0,0.25188,0,0.14002,0.15024,0,0,0.28824,0,0.16437,0,0,0,0.18626,0,0.047899,0.31091,0.0034147,0,0.074032,0,0.15193,0.07677,0,0,0,0,0,0,0,0.013419,0.82652,0.52356,1,0.9274,0.76871,0.77971,0.19094,0.20634,0,0.0932,0.33539,0.26946,0.088844,0.11372,0.12086,0,0.24026,0.12049,0.45159,0.4302,0,0,0.053346,0.00072155,0.17895,0,0,0,0.1545,0,0.11171,0.042626,0,0,0,0.068742,0.028579,0,0.023165,0,0.10722,0.15644,0,0,0,0,0.4099,0.44695,0.20196,0,0.32335,0.4532,0.37565,0.082408,0.12836,0.13995,0,0.073888,0.11451,0.60619,0.64788,0.6932,0.16552,0.064401,0.0050269,0.14464,0,0.024689,0,0,0,0,0.032527,0.52974,0.35261,0.0022228,0,0,0,0.059507
0,0,0.14156,0,0.079619,0,0.27505,0,0.19932,0.11286,0,0,0.22757,0,0.17561,0,0,0,0.13978,0,0,0.29043,0.048048,0,0.059203,0,0.056127,0,0,0,0,0,0,0,0,0,0.82201,0.64956,0.9274,1,0.69603,0.83884,0.22767,0.27281,0,0.069478,0.39092,0.20913,0.11621,0.050598,0.15232,0,0.15258,0.081284,0.38333,0.38656,0,0,0.048615,0,0.084144,0,0,0,0.18433,0,0.13856,0.083471,0,0,0.0034065,0.073446,0,0,0,0,0.092532,0.12382,0,0,0.0086453,0,0.40967,0.53846,0.23969,0.044435,0.18482,0.4928,0.27839,0.10728,0.081173,0.088672,0,0.044678,0.062949,0.50507,0.6198,0.61771,0.16202,0.076463,0,0.10802,0,0,0,0,0,0,0,0.38754,0.28047,0,0,0,0,0.015773
0.15348,0,0.11346,0,0,0,0.24353,0,0.016966,0,0,0,0.23308,0,0.059864,0,0,0,0,0,0.0057423,0.2436,0,0,0,0,0,0,0,0,0,0,0,0,0,0,0.70422,0.46602,0.76871,0.69603,1,0.78258,0.071415,0.098182,0,0,0.15664,0.083038,0,0,0.035633,0,0.12523,0,0.19723,0.14835,0,0,0,0,0,0,0,0,0.081701,0,0,0,0,0,0.071491,0.064766,0.08114,0,0,0,0,0.01308,0,0,0.044654,0,0.36403,0.48478,0.163,0,0.10938,0.24465,0.10129,0,0,0.073781,0,0.051456,0.25055,0.55695,0.53557,0.53143,0.088306,0,0,0,0,0,0,0.013097,0,0,0,0.39032,0.17201,0,0,0,0,0
0.031994,0,0.15259,0,0.0050823,0,0.29721,0,0.1668,0.039084,0.023796,0,0.22331,0,0.10978,0,0,0,0.054436,0,0.11414,0.36347,0.10257,0.016076,0,0,0,0,0.0038735,0,0,0,0,0,0,0,0.75392,0.64114,0.77971,0.83884,0.78258,1,0.191,0.28678,0,0,0.29625,0.14024,0,0,0.031395,0,0.053716,0.011022,0.14547,0.13121,0,0,0,0,0,0,0,0,0.16017,0,0,0,0,0,0.17285,0.14008,0.13968,0.038484,0.025602,0,0.003311,0,0,0,0.12689,0.0092244,0.44332,0.60922,0.30664,0.15405,0.043568,0.32988,0.11947,0,0.0058818,0.034779,0.024199,0.0096375,0.19786,0.53646,0.55054,0.51281,0.09453,0,0,0,0,0,0,0.029297,0,0,0,0.31436,0.20958,0.0037695,0,0,0.0031658,0
0.079485,0,0.51278,0.34711,0.11114,0.16477,0.41918,0.34444,0.05968,0.19458,0.21238,0.047202,0.17734,0.091288,0.17543,0,0.35205,0.096569,0.18087,0.25589,0.20512,0.010923,0.39226,0.33148,0.20877,0.15504,0.21316,0.15785,0.2114,0.047851,0,0.11314,0.17311,0.10084,0.49525,0.43913,0.37194,0.3312,0.19094,0.22767,0.071415,0.191,1,0.91558,0.78191,0.79089,0.88154,0.80889,0.75001,0.50724,0.63692,0.33606,0.50116,0.35903,0.53116,0.4137,0.13895,0,0.18901,0.036804,0.1501,0,0.086244,0,0.3276,0.13113,0.54096,0.51742,0.098747,0.12929,0,0,0.13391,0,0.10511,0,0.36519,0.28847,0.24262,0.25215,0.23118,0.11523,0.17212,0.13658,0.48071,0.21072,0.18328,0.23873,0.36244,0.20374,0.54523,0.39146,0.41044,0.41272,0,0.0054102,0.36794,0.44028,0.6756,0.41757,0.1908,0.2138,0.19642,0.17927,0.076972,0.14126,0.093489,0.052888,0.092745,0.13384,0.54625,0.50532,0.46628,0.30468,0,0.02333
0,0,0.42279,0.32112,0.071549,0.082538,0.37251,0.34079,0.069358,0.17312,0.15726,0.12232,0.11692,0.14211,0.10985,0,0.34309,0.25076,0.14145,0.22511,0.21708,0.0028704,0.32551,0.33299,0.18743,0.13697,0.18707,0.070316,0.26835,0.21289,0,0.057272,0.023031,0.005739,0.44633,0.41017,0.36671,0.41071,0.20634,0.27281,0.098182,0.28678,0.91558,1,0.71442,0.73188,0.8503,0.79859,0.65671,0.4534,0.54119,0.38262,0.42798,0.38924,0.48489,0.41737,0.030553,0,0.096345,0.010772,0.02077,0,0.058535,0.053328,0.26849,0.16629,0.47359,0.50768,0.01419,0.078789,0.0088276,0,0.12346,0.057593,0.052366,0,0.26904,0.20243,0.28703,0.30772,0.28383,0.29268,0.25716,0.31073,0.48663,0.40505,0.17755,0.33812,0.30254,0.26748,0.39756,0.28472,0.37499,0.26141,0,0.0060125,0.31097,0.37702,0.61253,0.42087,0.08032,0.1178,0.033393,0.032966,0.042945,0.11391,0.11844,0.094828,0.020022,0.039635,0.45822,0.48601,0.29188,0.16785,0,0.023795
0.27387,0.12401,0.58504,0.41826,0.19996,0.22993,0.50462,0.44792,0.12594,0.21848,0.40837,0.13603,0.24568,0.19933,0.33769,0.14102,0.53696,0.17701,0.16338,0.31644,0.29462,0,0.48628,0.39403,0.21759,0.2347,0.29362,0.19393,0.4767,0.21018,0.11647,0.28073,0.12015,0,0.60183,0.38204,0.10008,0.21713,0,0,0,0,0.78191,0.71442,1,0.7904,0.67378,0.53632,0.74431,0.37735,0.50599,0.29586,0.263,0.16744,0.3894,0.26811,0.29085,0.1686,0.32384,0.10378,0.26135,0,0.29977,0.026237,0.54767,0.22952,0.66376,0.62269,0.28495,0.35534,0.096461,0.0011386,0.16951,0.05398,0.076426,0.14925,0.38482,0.26739,0.58549,0.38443,0.4699,0.31978,0.30877,0.20249,0.59371,0.32285,0.29626,0.28384,0.38193,0.31275,0.44587,0.28105,0.48131,0.41097,0,0,0.079434,0.09934,0.45949,0.32187,0.16525,0.31311,0.12334,0.14087,0.093942,0.1351,0.15942,0.19275,0,0,0.32398,0.33177,0.40989,0.21444,0,0.067263
0.098095,0,0.43384,0.36126,0.21359,0.33135,0.38464,0.41224,0.07554,0.34411,0.27302,0.24449,0.30628,0.31172,0.28139,0.14752,0.53839,0.14451,0.3083,0.28883,0.22447,0,0.2889,0.24686,0.28222,0.1776,0.36754,0.32455,0.32774,0.10267,0.089397,0.074897,0.20616,0.20115,0.49828,0.54982,0.17333,0.1183,0.0932,0.069478,0,0,0.79089,0.73188,0.7904,1,0.65827,0.7229,0.84268,0.7748,0.66571,0.60862,0.52583,0.44818,0.59489,0.52749,0.28353,0.051726,0.40658,0.34765,0.43075,0.25556,0.38578,0.28158,0.36303,0.47928,0.70133,0.70487,0.24103,0.26601,0,0,0.16617,0,0.17175,0.046227,0.39,0.3384,0.35022,0.42668,0.33787,0.26216,0.25084,0.14038,0.42158,0.24658,0.41209,0.34957,0.49891,0.44211,0.60013,0.47017,0.32738,0.40502,0,0,0.16398,0.3129,0.55632,0.44704,0.28352,0.34371,0.26568,0.29035,0.059247,0.068391,0.24887,0.25374,0.16775,0.047626,0.41288,0.42163,0.38905,0.13326,0,0.16826
0.040382,0,0.47268,0.32249,0.21141,0.19784,0.39344,0.25746,0.16323,0.24375,0.21,0.00013046,0.16743,0.0003956,0.22382,0.025343,0.28536,0.11082,0.28442,0.23989,0.2463,0.14415,0.36406,0.34698,0.27761,0.20282,0.28529,0.17414,0.18166,0.029461,0,0.02425,0.052909,0.0089336,0.45347,0.41764,0.46416,0.48604,0.33539,0.39092,0.15664,0.29625,0.88154,0.8503,0.67378,0.65827,1,0.78833,0.64512,0.37407,0.52385,0.22735,0.44949,0.30841,0.62412,0.47322,0.13047,0,0.20159,0.099266,0.095724,0,0.011368,0,0.34082,0.11613,0.56035,0.53319,0.090309,0.12581,0,0.047765,0.093746,0,0.13773,0.012407,0.39542,0.36169,0.2213,0.19952,0.31085,0.15327,0.36543,0.31595,0.53678,0.25545,0.29492,0.43514,0.46387,0.26092,0.43092,0.2515,0.31427,0.25706,0,0.10157,0.41925,0.48384,0.68605,0.51347,0.18808,0.30546,0.14878,0.14631,0.069779,0.14215,0.10139,0.17063,0.12877,0.17616,0.56874,0.43414,0.39331,0.1487,0,0.034373
0,0,0.40505,0.27117,0.23003,0.28969,0.30384,0.18017,0.13728,0.34673,0.096085,0.07821,0.22022,0.054556,0.16755,0.055485,0.34921,0.084422,0.30367,0.23699,0.1988,0.0033992,0.26235,0.23605,0.31181,0.1676,0.32059,0.33856,0.11872,0,0.045079,0.0097607,0.18637,0.18365,0.32996,0.525,0.34822,0.23046,0.26946,0.20913,0.083038,0.14024,0.80889,0.79859,0.53632,0.7229,0.78833,1,0.64682,0.57395,0.56845,0.34894,0.67461,0.63116,0.64604,0.61356,0.20519,0,0.19464,0.16194,0.17288,0,0.067971,0.03238,0.1793,0.19764,0.47332,0.46637,0.13753,0.098881,0,0,0.19214,0,0.16441,0.0013703,0.30823,0.32663,0.089995,0.33878,0.17405,0.12824,0.19845,0.13195,0.38032,0.2059,0.41196,0.35482,0.4912,0.32837,0.62017,0.57312,0.27291,0.44437,0,0.10715,0.40561,0.5502,0.73173,0.54895,0.28833,0.25881,0.34702,0.3656,0.15067,0.17697,0.29959,0.14745,0.21908,0.29737,0.65566,0.62225,0.40259,0.20701,0,0.066586
0.18943,0.12196,0.41054,0.22425,0.19392,0.16651,0.47725,0.42009,0.11742,0.19058,0.42172,0.11157,0.34251,0.21098,0.34146,0,0.45727,0.069639,0.24543,0.28669,0.16203,0,0.25753,0.10867,0.24413,0.12378,0.18941,0.14889,0.24402,0,0.0034999,0.048168,0.21493,0.18679,0.30893,0.28249,0.19879,0.13447,0.088844,0.11621,0,0,0.75001,0.65671,0.74431,0.84268,0.64512,0.64682,1,0.79528,0.86724,0.68554,0.62349,0.51082,0.66142,0.60036,0.21318,0.10927,0.47051,0.3319,0.47217,0.19682,0.42975,0.22791,0.3628,0.33248,0.61695,0.54036,0.142,0.22951,0,0,0.092703,0,0.10134,0,0.28662,0.2488,0.21099,0.17992,0.27809,0.12993,0.20878,0.10918,0.41412,0.14897,0.32038,0.34963,0.41062,0.36124,0.55093,0.45511,0.35847,0.40558,0,0,0.16499,0.29731,0.58162,0.50056,0.20162,0.3538,0.1692,0.18867,0.080294,0.08328,0.20807,0.27241,0.13842,0,0.31741,0.33632,0.41696,0.19088,0,0.11529
0.054395,0.014049,0.1058,0.10398,0.15541,0.22942,0.17631,0.3046,0,0.17711,0.1882,0.29593,0.20797,0.34009,0.11322,0,0.38641,0.062702,0.27831,0.20138,0.085641,0,0,0,0.25274,0.11711,0.21443,0.26769,0.098019,0,0.081852,0,0.27485,0.36658,0.10658,0.33226,0.060742,0,0.11372,0.050598,0,0,0.50724,0.4534,0.37735,0.7748,0.37407,0.57395,0.79528,1,0.79602,0.84827,0.69394,0.64544,0.64383,0.65938,0.24129,0.03284,0.49534,0.53241,0.50156,0.4747,0.47058,0.51561,0.014809,0.514,0.48443,0.49302,0.10428,0.13506,0,0,0.10061,0,0.20584,0,0.19894,0.20487,0.02651,0.1847,0.12291,0.08311,0.050368,0,0.095709,0.063823,0.30784,0.26476,0.38389,0.40147,0.46202,0.43885,0.053185,0.2076,0,0,0.12859,0.31896,0.42707,0.44776,0.25357,0.25039,0.28835,0.25532,0.028669,0,0.25419,0.29239,0.25586,0.11517,0.26241,0.28167,0.25552,0.036825,0,0.13081
