1,0.8571,0.79282,0.61469,0.5825,0.39747,0.81234,0.65759,0.51349,0.33275,0.82894,0.74053,0.7838,0.67209,0.74637,0.62118,0.66611,0.67695,0.78785,0.72364,0.34603,0.36898,0.50954,0.40338,0.55113,0.46132,0.46761,0.46506,0.61332,0.48003,0.52509,0.53583,0.7728,0.78171,0.65387,0.27866,0.3803,0.40339,0.16706,0.23766,0.58656,0.49748,0.6204,0.71995,0.4649,0.71768,0.7008,0.71789,0.79015,0.76511,0.85841,0.80113,0.55811,0.62949,0.56808,0.60972,0.81895,0.70418,0.74933,0.69239,0.76844,0.80586,0.61373,0.76583,0.72211,0.69937,0.79351,0.75045,0.68249,0.49939,0.074555,0.35409,0.67691,0.55647,0.69164,0.65011,0.54574,0.50413,0.41947,0.40505,0.65321,0.62385,0.496,0.44075,0.74136,0.76083,0.35254,0.26977,0.51465,0.66524,0.52895,0.32083,0.3623,0.53051,0.12946,0.21508,0.45791,0.60672,0.80515,0.74833,0.67386,0.62825,0.62594,0.69376,0.062035,0.34071,0.35319,0.43657,0.062696,0.17453,0.35454,0.75621,0.70545,0.62681,0.22005,0.0037644
0.8571,1,0.64288,0.62126,0.5254,0.31976,0.66772,0.64114,0.46988,0.29063,0.75103,0.67738,0.70623,0.65502,0.69414,0.55568,0.63613,0.68918,0.72286,0.73095,0.30838,0.30118,0.40748,0.37811,0.47819,0.43582,0.39099,0.3706,0.53916,0.49185,0.56528,0.62443,0.82815,0.85085,0.59695,0.20579,0.19494,0.32217,0.15941,0.221,0.5308,0.52822,0.4646,0.67625,0.32221,0.63421,0.59957,0.62574,0.69679,0.65337,0.73106,0.73076,0.47137,0.54897,0.52527,0.52071,0.86924,0.86948,0.70749,0.66675,0.75356,0.78604,0.55233,0.72596,0.63288,0.6223,0.70862,0.68146,0.64067,0.53601,0.18569,0.40455,0.63264,0.64021,0.66581,0.6469,0.39642,0.33342,0.41045,0.49811,0.59576,0.58038,0.40227,0.34531,0.66708,0.68582,0.29208,0.19956,0.47583,0.50733,0.3521,0.097976,0.23644,0.33812,0.10431,0.17214,0.41824,0.49132,0.70543,0.59616,0.64335,0.43116,0.60482,0.5629,0.023895,0.21943,0.31667,0.33178,0.10201,0.070114,0.23995,0.70239,0.6026,0.52432,0.12021,0
0.79282,0.64288,1,0.7646,0.65896,0.47013,0.87528,0.78019,0.59466,0.56487,0.71221,0.69175,0.78956,0.72673,0.75318,0.7013,0.42751,0.43698,0.83473,0.69582,0.32563,0.35107,0.83403,0.73816,0.70451,0.59374,0.48343,0.46984,0.43895,0.32467,0.61256,0.61198,0.62341,0.6999,0.72656,0.45095,0.42774,0.37693,0.28882,0.30663,0.54294,0.40003,0.71825,0.70399,0.61591,0.72441,0.68863,0.69463,0.745,0.77219,0.76838,0.82424,0.39206,0.53409,0.58519,0.57392,0.55862,0.51405,0.63751,0.60567,0.62545,0.68862,0.49317,0.67423,0.82394,0.80985,0.77716,0.75765,0.6419,0.43196,0.17995,0.33899,0.5477,0.47984,0.55443,0.60918,0.59124,0.55788,0.2134,0.18178,0.51012,0.47521,0.50937,0.50015,0.65602,0.68363,0.43952,0.40621,0.58267,0.75176,0.66397,0.52864,0.54051,0.71202,0.16386,0.27975,0.52883,0.57253,0.79025,0.77261,0.69212,0.73762,0.62795,0.70821,0.11695,0.43282,0.42604,0.4167,0.082182,0.20057,0.53904,0.76768,0.77672,0.70691,0.28344,0
0.61469,0.62126,0.7646,1,0.55601,0.50095,0.69268,0.87792,0.4839,0.71044,0.61031,0.66221,0.62815,0.74793,0.65015,0.67509,0.41163,0.4673,0.76479,0.77916,0.25996,0.31618,0.74771,0.87751,0.5791,0.65387,0.29145,0.40709,0.4038,0.44757,0.6054,0.72272,0.60313,0.71707,0.57929,0.33029,0.22085,0.20761,0.21409,0.16075,0.3523,0.34968,0.54571,0.59112,0.44773,0.64698,0.53388,0.558,0.62376,0.66041,0.61914,0.73424,0.34983,0.51726,0.52924,0.40265,0.51512,0.51914,0.52576,0.543,0.56753,0.65144,0.41905,0.61396,0.69902,0.7983,0.65769,0.68484,0.49773,0.33682,0.21761,0.37644,0.44893,0.49345,0.43134,0.50396,0.4485,0.38188,0.31287,0.30693,0.47134,0.49093,0.39174,0.37859,0.65488,0.69504,0.38098,0.24927,0.56783,0.59033,0.48456,0.35083,0.45164,0.54967,0.17527,0.13071,0.43773,0.43751,0.62264,0.55557,0.53358,0.47403,0.4453,0.47853,0.11189,0.32739,0.17571,0.17858,0,0.24587,0.30814,0.62058,0.63868,0.57884,0.1819,0
0.5825,0.5254,0.65896,0.55601,1,0.52085,0.76466,0.67687,0.87451,0.51371,0.65966,0.7077,0.76394,0.58986,0.83797,0.68699,0.55556,0.5071,0.6393,0.5546,0.49525,0.35757,0.64761,0.5653,0.55112,0.45674,0.62567,0.45573,0.63709,0.51564,0.73589,0.66413,0.62012,0.64331,0.44123,0.26297,0.50149,0.52101,0.43924,0.45656,0.5989,0.53744,0.67188,0.68092,0.60998,0.69299,0.6581,0.64003,0.69294,0.64786,0.53252,0.65514,0.23243,0.41154,0.46869,0.51461,0.5555,0.47895,0.65886,0.6351,0.61323,0.63516,0.53945,0.6547,0.64344,0.68616,0.6086,0.60519,0.46332,0.30419,0.17641,0.42777,0.56621,0.53962,0.50107,0.49463,0.50503,0.38603,0.36246,0.29129,0.63638,0.54978,0.6208,0.62447,0.50799,0.56423,0.50219,0.51853,0.33189,0.66395,0.41143,0.36128,0.34589,0.49547,0.18656,0.28829,0.46452,0.58866,0.64475,0.60263,0.61765,0.63172,0.53815,0.6688,0.23144,0.44406,0.52862,0.47861,0,0.20451,0.39319,0.5754,0.54592,0.54301,0.24797,0.095535
0.39747,0.31976,0.47013,0.50095,0.52085,1,0.44969,0.50648,0.36576,0.63662,0.39108,0.4026,0.38203,0.46859,0.45524,0.54395,0.33516,0.25096,0.52711,0.398,0.20492,0.22194,0.53973,0.52119,0.4776,0.61983,0.52283,0.61175,0.29769,0.2686,0.56348,0.52113,0.43492,0.41438,0.32525,0.22892,0.36938,0.29746,0.26627,0.27462,0.28276,0.22047,0.47757,0.46347,0.53473,0.53805,0.47626,0.50839,0.47351,0.47764,0.44065,0.48382,0.34516,0.40474,0.39851,0.39032,0.38812,0.30034,0.46267,0.50197,0.37877,0.47711,0.26022,0.3975,0.44001,0.52763,0.5014,0.55481,0.4834,0.33581,0.026904,0.10287,0.20631,0.22246,0.20886,0.23458,0.33748,0.27437,0.23613,0.16898,0.35248,0.41442,0.33638,0.40127,0.42653,0.47207,0.26362,0.32663,0.34941,0.57101,0.40002,0.38897,0.31945,0.37484,0.019104,0.17983,0.35296,0.39102,0.44548,0.45627,0.35672,0.39411,0.37676,0.38572,0.24686,0.34893,0.27021,0.34596,0.1514,0.20212,0.3368,0.32865,0.3754,0.36947,0.10404,0.13154
0.81234,0.66772,0.87528,0.69268,0.76466,0.44969,1,0.86048,0.76911,0.54896,0.76951,0.80244,0.9468,0.80235,0.83439,0.76893,0.6008,0.55343,0.7962,0.68313,0.39806,0.40635,0.75496,0.63161,0.49085,0.40906,0.41353,0.36395,0.6392,0.45344,0.60443,0.59035,0.68043,0.72617,0.71073,0.45689,0.47137,0.43159,0.27568,0.28914,0.58957,0.45521,0.82317,0.80873,0.68595,0.83854,0.72986,0.72787,0.85798,0.85292,0.79384,0.85126,0.40458,0.59387,0.5676,0.60257,0.61555,0.54281,0.78258,0.66815,0.76066,0.75726,0.72382,0.83253,0.87177,0.84784,0.81517,0.79056,0.57534,0.40997,0.15873,0.40634,0.61596,0.51558,0.61595,0.62987,0.60614,0.51648,0.32174,0.17999,0.63852,0.54786,0.56302,0.58726,0.56607,0.6446,0.45559,0.41295,0.52665,0.80078,0.62042,0.55983,0.47664,0.68502,0.1185,0.19705,0.44755,0.5909,0.79826,0.77355,0.6779,0.75391,0.56731,0.71508,0.066775,0.35387,0.44771,0.50958,0,0.11361,0.41956,0.75823,0.75109,0.64772,0.20738,0
0.65759,0.64114,0.78019,0.87792,0.67687,0.50648,0.86048,1,0.66133,0.73482,0.69945,0.82298,0.8096,0.88734,0.76931,0.81987,0.5218,0.51887,0.77539,0.70834,0.32189,0.31759,0.77871,0.80449,0.48248,0.53545,0.35299,0.36734,0.56473,0.50829,0.68691,0.74827,0.66931,0.75017,0.65416,0.42286,0.36625,0.36157,0.29098,0.27049,0.50063,0.48104,0.74139,0.75426,0.61349,0.80261,0.65983,0.6674,0.76467,0.76098,0.65762,0.80555,0.26968,0.48313,0.56489,0.49041,0.51997,0.52618,0.66964,0.60652,0.66396,0.72695,0.61353,0.77021,0.83632,0.8999,0.73204,0.76323,0.45626,0.31014,0.22313,0.40398,0.55815,0.53966,0.52551,0.57387,0.53409,0.42548,0.31546,0.21486,0.59401,0.526,0.51427,0.555,0.59378,0.65708,0.44754,0.37481,0.57462,0.67382,0.54197,0.42265,0.46001,0.57885,0.17255,0.2006,0.4921,0.54279,0.71628,0.67081,0.64857,0.59261,0.53523,0.59493,0.10447,0.31002,0.32107,0.38328,0,0.19634,0.37268,0.69914,0.67692,0.61179,0.18243,0
0.51349,0.46988,0.59466,0.4839,0.87451,0.36576,0.76911,0.66133,1,0.4322,0.60585,0.65492,0.77665,0.59747,0.81667,0.62654,0.44622,0.44555,0.55835,0.49351,0.38828,0.32124,0.61947,0.52645,0.37367,0.31546,0.42069,0.30563,0.56602,0.39946,0.58377,0.52206,0.50991,0.55611,0.45817,0.31887,0.44038,0.44345,0.41543,0.40187,0.5522,0.42932,0.62772,0.62085,0.56074,0.6382,0.57497,0.57161,0.64891,0.63397,0.48236,0.63388,0.1961,0.37758,0.41058,0.49994,0.49522,0.46737,0.63662,0.56367,0.59986,0.56909,0.54002,0.64499,0.63174,0.64295,0.5605,0.55214,0.40534,0.33776,0.12308,0.40017,0.49409,0.46314,0.43598,0.44474,0.42791,0.29476,0.24889,0.15172,0.51913,0.43405,0.55546,0.53727,0.37965,0.4536,0.47139,0.47179,0.29101,0.65638,0.40763,0.42643,0.31164,0.5017,0.18233,0.19945,0.364,0.50168,0.57995,0.54804,0.54292,0.6268,0.44317,0.61239,0.095155,0.31283,0.53184,0.43375,0,0.12952,0.3689,0.51479,0.50432,0.49316,0.17218,0.074831
0.33275,0.29063,0.56487,0.71044,0.51371,0.63662,0.54896,0.73482,0.4322,1,0.36892,0.51434,0.44631,0.69322,0.52347,0.74063,0.32263,0.26665,0.61598,0.57355,0.18903,0.24563,0.68046,0.74171,0.39152,0.50716,0.26582,0.34996,0.36929,0.33016,0.55422,0.57028,0.40617,0.48697,0.38178,0.29371,0.27668,0.15908,0.2577,0.21405,0.14762,0.21173,0.51397,0.49364,0.52632,0.57979,0.46292,0.47857,0.5165,0.56645,0.44096,0.59334,0.23485,0.38715,0.41852,0.31793,0.30226,0.28559,0.4552,0.46801,0.41097,0.50426,0.3607,0.4932,0.6105,0.73516,0.53424,0.57797,0.37155,0.24927,0.13304,0.14633,0.23653,0.28594,0.17698,0.24246,0.3228,0.27166,0.24713,0.10831,0.36261,0.37449,0.36689,0.46613,0.38826,0.48484,0.34983,0.33417,0.40965,0.55424,0.44066,0.39232,0.42975,0.46828,0.17998,0.24806,0.38651,0.4011,0.43578,0.42352,0.43974,0.42219,0.35624,0.40482,0.20013,0.2902,0.13912,0.28021,0.14455,0.27387,0.34719,0.34307,0.37337,0.34682,0.10409,0
0.82894,0.75103,0.71221,0.61031,0.65966,0.39108,0.76951,0.69945,0.60585,0.36892,1,0.77552,0.79691,0.67956,0.8129,0.64044,0.63882,0.63524,0.742,0.66569,0.41066,0.38253,0.57722,0.49686,0.51277,0.44144,0.47906,0.41163,0.64867,0.59112,0.60375,0.62788,0.72957,0.73698,0.5618,0.23628,0.36916,0.39337,0.27477,0.32577,0.5504,0.54162,0.5819,0.6757,0.46873,0.664,0.64529,0.63076,0.68203,0.67571,0.67624,0.71632,0.38087,0.53094,0.50887,0.51609,0.71493,0.67406,0.63592,0.63629,0.65543,0.70187,0.52316,0.68971,0.71988,0.70139,0.64012,0.62844,0.51803,0.38363,0.15036,0.39239,0.60332,0.52191,0.58671,0.55649,0.51216,0.36924,0.38707,0.41232,0.63914,0.5775,0.60859,0.55065,0.73219,0.69067,0.43004,0.42494,0.51805,0.59016,0.44556,0.26181,0.34575,0.47411,0.24262,0.29985,0.47947,0.59052,0.71893,0.64047,0.60828,0.54465,0.59423,0.65484,0.11377,0.29008,0.38434,0.42899,0,0.25841,0.34361,0.71918,0.59535,0.5891,0.25566,0
0.74053,0.67738,0.69175,0.66221,0.7077,0.4026,0.80244,0.82298,0.65492,0.51434,0.77552,1,0.78436,0.80167,0.77161,0.76678,0.6462,0.71935,0.72217,0.64081,0.36579,0.3019,0.57304,0.54561,0.49824,0.48142,0.46826,0.36515,0.70817,0.65991,0.74821,0.76623,0.73949,0.77115,0.56275,0.29509,0.40918,0.45668,0.28934,0.29649,0.63112,0.623,0.70965,0.75615,0.51037,0.71529,0.68819,0.67075,0.70885,0.64854,0.61334,0.69063,0.21432,0.37536,0.50815,0.51632,0.59843,0.5213,0.65207,0.56991,0.66264,0.71611,0.64714,0.77606,0.77195,0.79789,0.63524,0.65459,0.40672,0.17817,0.18201,0.44204,0.69359,0.59908,0.64254,0.59491,0.58504,0.47146,0.42989,0.34925,0.72104,0.6145,0.60659,0.61482,0.61154,0.67501,0.46064,0.398,0.45098,0.59567,0.41109,0.24849,0.28771,0.44506,0.19758,0.25431,0.45877,0.6075,0.72219,0.67666,0.64373,0.58343,0.5564,0.68944,0.1216,0.38247,0.44535,0.47408,0,0.14518,0.30417,0.72131,0.6142,0.60705,0.27282,0
0.7838,0.70623,0.78956,0.62815,0.76394,0.38203,0.9468,0.8096,0.77665,0.44631,0.79691,0.78436,1,0.78574,0.87844,0.73765,0.63545,0.61465,0.71636,0.63666,0.43829,0.41227,0.67287,0.54359,0.44858,0.32952,0.39621,0.34096,0.67875,0.49799,0.59791,0.56213,0.68694,0.72794,0.65217,0.37596,0.40735,0.43685,0.29639,0.30342,0.6125,0.50114,0.80861,0.81823,0.65156,0.81357,0.7119,0.70385,0.84598,0.81641,0.74869,0.81738,0.34724,0.55914,0.54715,0.57657,0.62955,0.58688,0.77795,0.642,0.79331,0.74742,0.76603,0.85231,0.86264,0.7948,0.75285,0.72603,0.53457,0.39327,0.15738,0.45534,0.64591,0.55506,0.65906,0.65358,0.56976,0.43616,0.33718,0.23057,0.66222,0.5559,0.58204,0.5777,0.53845,0.58889,0.46935,0.40663,0.53984,0.71881,0.54679,0.49473,0.42389,0.6399,0.14083,0.1569,0.43587,0.56764,0.77668,0.74535,0.67106,0.72717,0.57383,0.70286,0.034744,0.31713,0.44814,0.51307,0,0.073772,0.35817,0.75939,0.72466,0.64755,0.16981,0
0.67209,0.65502,0.72673,0.74793,0.58986,0.46859,0.80235,0.88734,0.59747,0.69322,0.67956,0.80167,0.78574,1,0.71935,0.80666,0.56836,0.61514,0.76004,0.71207,0.35135,0.38289,0.65261,0.64728,0.42066,0.43727,0.32358,0.34066,0.56237,0.48772,0.62218,0.66609,0.66737,0.74589,0.64505,0.40854,0.32631,0.35756,0.2544,0.27508,0.45148,0.42336,0.6676,0.71222,0.56579,0.75282,0.61856,0.64628,0.7371,0.72792,0.66831,0.7752,0.31599,0.48222,0.52207,0.51241,0.56602,0.56118,0.69037,0.5901,0.70878,0.73208,0.66841,0.80057,0.82192,0.83131,0.74113,0.75112,0.47922,0.33147,0.18895,0.40869,0.54011,0.49941,0.54073,0.53492,0.49527,0.40949,0.31384,0.24145,0.60887,0.55799,0.49941,0.50797,0.5983,0.63746,0.39187,0.29838,0.55716,0.63087,0.50796,0.35219,0.38318,0.54204,0.17469,0.19832,0.44228,0.51179,0.68192,0.64628,0.66127,0.62439,0.56689,0.6174,0.034635,0.26021,0.27472,0.37252,0.012587,0.16414,0.38657,0.647,0.60135,0.51468,0.13525,0
0.74637,0.69414,0.75318,0.65015,0.83797,0.45524,0.83439,0.76931,0.81667,0.52347,0.8129,0.77161,0.87844,0.71935,1,0.78242,0.58463,0.60818,0.72621,0.62578,0.45871,0.35537,0.71193,0.60506,0.54796,0.46722,0.54524,0.48377,0.67811,0.57251,0.70425,0.64806,0.69188,0.72751,0.5859,0.34141,0.42448,0.46244,0.4038,0.38923,0.60333,0.53982,0.73285,0.76839,0.64186,0.77429,0.71996,0.72639,0.79064,0.76534,0.69759,0.8066,0.32755,0.49469,0.59527,0.59014,0.65356,0.62192,0.71908,0.67038,0.7191,0.73125,0.62464,0.76737,0.82122,0.80479,0.71434,0.71005,0.56321,0.42879,0.12378,0.39391,0.59994,0.56502,0.58062,0.56106,0.5238,0.35857,0.37594,0.36046,0.68237,0.60533,0.71458,0.64632,0.6563,0.67925,0.58357,0.51822,0.56626,0.69462,0.53705,0.41215,0.44688,0.57673,0.22712,0.22437,0.48086,0.58938,0.74882,0.69673,0.69521,0.66528,0.63198,0.7085,0.10285,0.34948,0.46392,0.47981,0,0.16813,0.38211,0.66647,0.64015,0.60792,0.1856,0.037435
0.62118,0.55568,0.7013,0.67509,0.68699,0.54395,0.76893,0.81987,0.62654,0.74063,0.64044,0.76678,0.73765,0.80666,0.78242,1,0.55928,0.62978,0.77133,0.63366,0.34974,0.25733,0.73043,0.6609,0.42474,0.48913,0.44111,0.41362,0.65104,0.61432,0.74956,0.67799,0.68044,0.69266,0.50929,0.33389,0.45601,0.4577,0.38756,0.38778,0.48934,0.46772,0.78438,0.79444,0.73504,0.82204,0.75872,0.75302,0.79007,0.75557,0.67881,0.77983,0.35848,0.48955,0.61931,0.57077,0.55718,0.49005,0.70222,0.60516,0.67926,0.67472,0.68957,0.7731,0.81602,0.83756,0.7271,0.74492,0.56077,0.38445,0.20639,0.35951,0.49318,0.49823,0.47096,0.44209,0.46686,0.35996,0.40948,0.3809,0.7049,0.67865,0.65959,0.737,0.57675,0.66769,0.53937,0.49135,0.56111,0.69893,0.57347,0.47536,0.47674,0.60209,0.1544,0.1918,0.51036,0.56009,0.75104,0.71625,0.67481,0.6461,0.59838,0.66176,0.11846,0.37149,0.37049,0.42622,0,0.14571,0.43383,0.61421,0.64482,0.57968,0.17893,0
0.66611,0.63613,0.42751,0.41163,0.55556,0.33516,0.6008,0.5218,0.44622,0.32263,0.63882,0.6462,0.63545,0.56836,0.58463,0.55928,1,0.76718,0.57464,0.60925,0.40403,0.24365,0.26304,0.23453,0.24598,0.24981,0.30137,0.29466,0.87417,0.77017,0.55401,0.52852,0.76124,0.74178,0.31315,0.027173,0.37735,0.52717,0.27703,0.35505,0.54462,0.56947,0.53328,0.66743,0.39119,0.60164,0.68111,0.65641,0.67757,0.56351,0.59415,0.55871,0.38898,0.44702,0.50649,0.58338,0.74094,0.57686,0.69492,0.59267,0.72411,0.68632,0.74975,0.74383,0.51313,0.54321,0.54162,0.50635,0.45316,0.29831,0.1049,0.34915,0.59134,0.49706,0.53128,0.39301,0.40839,0.3171,0.73678,0.64841,0.84927,0.81072,0.55423,0.61767,0.54327,0.60136,0.36403,0.33633,0.33976,0.50384,0.23268,0.081758,0.074983,0.27092,0.29426,0.17809,0.47201,0.62762,0.63925,0.57615,0.45836,0.43618,0.39601,0.60231,0.12489,0.3916,0.24652,0.38315,0,0.24317,0.28481,0.5769,0.49004,0.42967,0.14806,0.002127
0.67695,0.68918,0.43698,0.4673,0.5071,0.25096,0.55343,0.51887,0.44555,0.26665,0.63524,0.71935,0.61465,0.61514,0.60818,0.62978,0.76718,1,0.62204,0.65119,0.33025,0.24221,0.24063,0.25782,0.29538,0.35127,0.33382,0.28783,0.6991,0.79618,0.58828,0.58284,0.78141,0.7713,0.28399,0,0.29171,0.46421,0.26733,0.29189,0.58408,0.60805,0.49427,0.64445,0.37161,0.5686,0.61551,0.61763,0.63334,0.5205,0.57838,0.57195,0.35944,0.4083,0.45014,0.48485,0.77345,0.65982,0.63934,0.51517,0.74386,0.65229,0.72864,0.76489,0.57642,0.51087,0.53336,0.48157,0.47683,0.30533,0.16122,0.52373,0.65607,0.66612,0.62719,0.50343,0.368,0.26874,0.60093,0.68763,0.81476,0.80604,0.56796,0.55069,0.64497,0.65581,0.4145,0.2957,0.3985,0.3977,0.21456,0.019325,0.069805,0.26612,0.22454,0.13445,0.36687,0.52723,0.62293,0.53794,0.50599,0.42643,0.45731,0.58457,0.03335,0.29789,0.25329,0.24794,0,0.1797,0.1977,0.57634,0.48738,0.43113,0.17039,0
0.78785,0.72286,0.83473,0.76479,0.6393,0.52711,0.7962,0.77539,0.55835,0.61598,0.742,0.72217,0.71636,0.76004,0.72621,0.77133,0.57464,0.62204,1,0.88695,0.3663,0.36602,0.7391,0.68984,0.57627,0.585,0.427,0.47164,0.49661,0.48589,0.70201,0.68803,0.76858,0.8241,0.60583,0.38858,0.44597,0.43706,0.3912,0.40103,0.49517,0.45225,0.6444,0.71616,0.61195,0.75181,0.7381,0.75328,0.78115,0.80438,0.79908,0.83907,0.56105,0.66593,0.67969,0.63151,0.73497,0.70273,0.77175,0.78245,0.74791,0.81702,0.59709,0.77827,0.72858,0.80669,0.83946,0.80157,0.76744,0.5908,0.17233,0.3344,0.51788,0.52596,0.50115,0.50104,0.55479,0.49118,0.33251,0.38807,0.64277,0.66997,0.52618,0.57488,0.73194,0.75148,0.44709,0.41166,0.62985,0.73309,0.68526,0.43487,0.53609,0.64478,0.19923,0.29634,0.58064,0.59852,0.80914,0.76744,0.72496,0.68916,0.67359,0.72217,0.14141,0.37477,0.36708,0.41582,0.12522,0.27619,0.56878,0.73572,0.68511,0.58502,0.1579,0
0.72364,0.73095,0.69582,0.77916,0.5546,0.398,0.68313,0.70834,0.49351,0.57355,0.66569,0.64081,0.63666,0.71207,0.62578,0.63366,0.60925,0.65119,0.88695,1,0.34204,0.38261,0.55095,0.60477,0.41039,0.45744,0.23799,0.33835,0.5063,0.49209,0.55403,0.61983,0.71624,0.82305,0.47949,0.2038,0.26276,0.29261,0.25259,0.25736,0.39197,0.40045,0.47804,0.63678,0.41715,0.65823,0.62608,0.65572,0.7014,0.73342,0.70803,0.7602,0.5363,0.68751,0.58723,0.53663,0.75479,0.7403,0.70979,0.72444,0.73004,0.74881,0.5815,0.73455,0.58243,0.69731,0.74376,0.68593,0.68379,0.5595,0.16739,0.40208,0.51019,0.51285,0.47884,0.48797,0.45003,0.41746,0.40173,0.44043,0.5901,0.63064,0.37921,0.42652,0.65612,0.71171,0.32773,0.24424,0.50902,0.59717,0.49339,0.2499,0.36584,0.50126,0.23167,0.2063,0.48605,0.52202,0.67843,0.60017,0.59673,0.54159,0.52648,0.59418,0.12018,0.29281,0.19515,0.26382,0.097965,0.30143,0.42616,0.63243,0.57428,0.46946,0.10686,0
0.34603,0.30838,0.32563,0.25996,0.49525,0.20492,0.39806,0.32189,0.38828,0.18903,0.41066,0.36579,0.43829,0.35135,0.45871,0.34974,0.40403,0.33025,0.3663,0.34204,1,0.73695,0.22693,0.18231,0.36231,0.25936,0.39827,0.37888,0.40604,0.35114,0.40854,0.35151,0.39896,0.39478,0.16741,0.099385,0.22737,0.26343,0.15522,0.26458,0.37354,0.35761,0.33426,0.40843,0.27842,0.37828,0.37673,0.32742,0.41738,0.35194,0.29155,0.34061,0.18067,0.27817,0.24287,0.30688,0.33351,0.31159,0.39881,0.36221,0.42461,0.3979,0.3979,0.43542,0.36467,0.37665,0.29689,0.28574,0.21691,0.13156,0.30043,0.3836,0.39982,0.36981,0.37701,0.32098,0.34438,0.27357,0.21091,0.20862,0.36254,0.34781,0.20827,0.25965,0.28922,0.2974,0.098396,0.13976,0.17958,0.34484,0.14461,0.12333,0.059344,0.1704,0,0,0.13379,0.15856,0.29438,0.26416,0.26247,0.27829,0.2154,0.28986,0,0.069237,0.041639,0.078929,0,0,0.19035,0.27833,0.30387,0.23572,0,0
0.36898,0.30118,0.35107,0.31618,0.35757,0.22194,0.40635,0.31759,0.32124,0.24563,0.38253,0.3019,0.41227,0.38289,0.35537,0.25733,0.24365,0.24221,0.36602,0.38261,0.73695,1,0.21709,0.20356,0.33141,0.25326,0.25504,0.35469,0.19946,0.13441,0.24439,0.28906,0.28384,0.33816,0.30575,0.182,0.021829,0,0,0,0.24483,0.2201,0.22644,0.31444,0.10558,0.2909,0.17494,0.17257,0.30625,0.31251,0.26613,0.30327,0.1384,0.30885,0.055953,0.10056,0.28952,0.25014,0.28433,0.27016,0.33418,0.33131,0.29115,0.35607,0.35713,0.3391,0.27007,0.25066,0.14698,0.070377,0.23058,0.45394,0.38637,0.39859,0.44636,0.45199,0.33324,0.36364,0,0,0.13581,0.10793,0,0,0.18197,0.14245,0,0,0.085548,0.26636,0.10918,0.10623,0.064711,0.15311,0,0,0,0.030864,0.21105,0.14608,0.17615,0.18441,0.092775,0.14721,0,0,0,0,0,0,0.036139,0.19992,0.24786,0.20378,0.023997,0
0.50954,0.40748,0.83403,0.74771,0.64761,0.53973,0.75496,0.77871,0.61947,0.68046,0.57722,0.57304,0.67287,0.65261,0.71193,0.73043,0.26304,0.24063,0.7391,0.55095,0.22693,0.21709,1,0.90299,0.57335,0.5098,0.38772,0.37781,0.33006,0.23843,0.62603,0.57768,0.47884,0.53033,0.60131,0.53294,0.43479,0.3769,0.42774,0.3722,0.34841,0.26236,0.68211,0.58147,0.69657,0.67368,0.6063,0.61043,0.63279,0.71037,0.60093,0.73592,0.34199,0.49315,0.60325,0.53656,0.34712,0.34763,0.5439,0.54705,0.51149,0.58146,0.40491,0.57387,0.74386,0.80515,0.64984,0.67016,0.59045,0.45802,0.12939,0.19881,0.28115,0.27124,0.2755,0.35513,0.51484,0.45781,0.11483,0.084992,0.41976,0.38035,0.54093,0.55089,0.52752,0.53414,0.50852,0.4806,0.64614,0.76255,0.74508,0.69292,0.70451,0.78445,0.13669,0.18878,0.50727,0.4426,0.66979,0.68576,0.61731,0.68614,0.55107,0.59371,0.13892,0.36702,0.42727,0.37704,0.0050878,0.13921,0.54547,0.59839,0.66883,0.59538,0.14494,0
0.40338,0.37811,0.73816,0.87751,0.5653,0.52119,0.63161,0.80449,0.52645,0.74171,0.49686,0.54561,0.54359,0.64728,0.60506,0.6609,0.23453,0.25782,0.68984,0.60477,0.18231,0.20356,0.90299,1,0.54205,0.59712,0.28195,0.34193,0.28432,0.29863,0.60652,0.67113,0.437,0.53377,0.48446,0.392,0.30665,0.26501,0.36743,0.28077,0.26949,0.23736,0.52767,0.46964,0.51303,0.54914,0.48157,0.48326,0.50322,0.56842,0.47245,0.63742,0.24276,0.3889,0.51968,0.40165,0.3198,0.34148,0.42426,0.46357,0.43873,0.51631,0.31307,0.48818,0.64979,0.76238,0.53479,0.5641,0.46751,0.3443,0.18025,0.27939,0.25122,0.32218,0.22351,0.32858,0.40325,0.35446,0.13902,0.12806,0.35265,0.34803,0.43777,0.4485,0.5087,0.5383,0.43422,0.38766,0.57232,0.62952,0.56053,0.51835,0.56119,0.6206,0.19003,0.18623,0.45905,0.3842,0.55235,0.54398,0.50397,0.5304,0.43507,0.47549,0.17684,0.35058,0.28659,0.24883,0.0029379,0.22615,0.42984,0.53168,0.57844,0.51977,0.17596,0
0.55113,0.47819,0.70451,0.5791,0.55112,0.4776,0.49085,0.48248,0.37367,0.39152,0.51277,0.49824,0.44858,0.42066,0.54796,0.42474,0.24598,0.29538,0.57627,0.41039,0.36231,0.33141,0.57335,0.54205,1,0.80479,0.67047,0.60293,0.23841,0.27603,0.65122,0.6391,0.52415,0.55907,0.5222,0.3084,0.35698,0.33041,0.32411,0.34356,0.46582,0.39536,0.48688,0.45361,0.38109,0.42815,0.48788,0.46888,0.4235,0.42526,0.49578,0.53316,0.21499,0.26842,0.42254,0.38956,0.43138,0.36991,0.35232,0.38346,0.35136,0.48418,0.12982,0.36132,0.54163,0.53525,0.46183,0.50134,0.41772,0.19055,0.19771,0.2609,0.45691,0.47765,0.41107,0.50714,0.46655,0.43665,0.21138,0.22,0.36116,0.38342,0.42664,0.32572,0.62996,0.57474,0.41991,0.38798,0.41466,0.49323,0.35489,0.20335,0.29915,0.39619,0.10258,0.30152,0.39789,0.4568,0.53025,0.48873,0.4638,0.43607,0.44505,0.51976,0.2152,0.4196,0.39763,0.28462,0,0.18694,0.29404,0.56546,0.49899,0.62004,0.30707,0
0.46132,0.43582,0.59374,0.65387,0.45674,0.61983,0.40906,0.53545,0.31546,0.50716,0.44144,0.48142,0.32952,0.43727,0.46722,0.48913,0.24981,0.35127,0.585,0.45744,0.25936,0.25326,0.5098,0.59712,0.80479,1,0.60568,0.69325,0.21586,0.3584,0.67766,0.71179,0.50858,0.56054,0.4078,0.19817,0.29981,0.26187,0.24494,0.24448,0.40302,0.37586,0.42452,0.43212,0.326,0.41616,0.47433,0.45103,0.38259,0.36635,0.4113,0.4887,0.17531,0.21587,0.37927,0.3172,0.43178,0.39155,0.31353,0.37077,0.29694,0.44081,0.11542,0.31574,0.47473,0.52436,0.41705,0.48041,0.35051,0.14214,0.12345,0.24283,0.37434,0.49288,0.34278,0.42006,0.30394,0.26503,0.22846,0.2999,0.34012,0.41421,0.33118,0.32277,0.59851,0.58216,0.28583,0.2885,0.32645,0.45459,0.27237,0.13005,0.24204,0.26836,0.093614,0.23933,0.36078,0.40962,0.46567,0.41493,0.39649,0.30775,0.373,0.42183,0.1698,0.37131,0.26009,0.1477,0.047244,0.2485,0.26381,0.45558,0.42827,0.50789,0.27406,0.03629
0.46761,0.39099,0.48343,0.29145,0.62567,0.52283,0.41353,0.35299,0.42069,0.26582,0.47906,0.46826,0.39621,0.32358,0.54524,0.44111,0.30137,0.33382,0.427,0.23799,0.39827,0.25504,0.38772,0.28195,0.67047,0.60568,1,0.7872,0.32164,0.34844,0.65378,0.55166,0.45256,0.435,0.37126,0.2275,0.37405,0.36776,0.26851,0.38835,0.47126,0.40828,0.42867,0.45495,0.40435,0.43214,0.48831,0.45141,0.39205,0.32157,0.34038,0.37986,0.08041,0.11102,0.2771,0.317,0.40929,0.35769,0.38902,0.41728,0.34355,0.41982,0.20847,0.32685,0.44064,0.43474,0.4309,0.47918,0.33699,0.17408,0.1028,0.24056,0.41046,0.41891,0.37328,0.34821,0.27511,0.22823,0.20418,0.30287,0.41269,0.41516,0.43544,0.40284,0.51184,0.46547,0.26978,0.3743,0.26471,0.36224,0.22736,0.12385,0.15019,0.26329,0.051724,0.30627,0.35856,0.40362,0.44438,0.42185,0.45675,0.40756,0.51288,0.51542,0.20363,0.3331,0.38896,0.32387,0.079904,0.16413,0.34434,0.34669,0.34249,0.45208,0.227,0.10193
0.46506,0.3706,0.46984,0.40709,0.45573,0.61175,0.36395,0.36734,0.30563,0.34996,0.41163,0.36515,0.34096,0.34066,0.48377,0.41362,0.29466,0.28783,0.47164,0.33835,0.37888,0.35469,0.37781,0.34193,0.60293,0.69325,0.7872,1,0.23552,0.29653,0.54615,0.48688,0.40984,0.44926,0.36443,0.2317,0.26082,0.2051,0.14897,0.21691,0.33329,0.26773,0.39209,0.44069,0.3649,0.43493,0.46157,0.44262,0.38921,0.36237,0.37338,0.41138,0.2007,0.25654,0.26998,0.28345,0.41916,0.37012,0.364,0.40503,0.3262,0.40576,0.19545,0.2933,0.4208,0.44851,0.44917,0.48585,0.38414,0.25364,0,0.18239,0.29678,0.33473,0.31275,0.31837,0.16293,0.20559,0.18677,0.30865,0.33121,0.42183,0.29834,0.31729,0.51728,0.50391,0.13224,0.21504,0.27052,0.43389,0.25974,0.19831,0.20298,0.27822,0.060779,0.15099,0.34002,0.33004,0.40289,0.37973,0.32532,0.34716,0.37053,0.38275,0.032972,0.28977,0.13519,0.11726,0.10837,0.24947,0.37937,0.28295,0.39823,0.42184,0.13173,0.065853
0.61332,0.53916,0.43895,0.4038,0.63709,0.29769,0.6392,0.56473,0.56602,0.36929,0.64867,0.70817,0.67875,0.56237,0.67811,0.65104,0.87417,0.6991,0.49661,0.5063,0.40604,0.19946,0.33006,0.28432,0.23841,0.21586,0.32164,0.23552,1,0.83233,0.59822,0.54875,0.69846,0.66239,0.27694,0,0.40471,0.57267,0.31297,0.3829,0.62618,0.6195,0.61356,0.7224,0.47927,0.65234,0.67866,0.64952,0.67901,0.54835,0.50923,0.54038,0.2107,0.33272,0.44971,0.53901,0.62403,0.46134,0.62665,0.49051,0.63488,0.5732,0.71457,0.71833,0.56291,0.57433,0.49884,0.49073,0.32493,0.16767,0.14678,0.36841,0.6529,0.49347,0.5509,0.40175,0.39099,0.24855,0.75975,0.5532,0.8361,0.74634,0.69436,0.72503,0.49937,0.60989,0.50127,0.50114,0.28429,0.51309,0.15392,0.12147,0.027225,0.25317,0.3181,0.18305,0.42966,0.61491,0.58746,0.53922,0.41748,0.4392,0.33348,0.58451,0.16542,0.40226,0.28613,0.4226,0,0.2291,0.20917,0.54555,0.43132,0.46831,0.20743,0.065074
0.48003,0.49185,0.32467,0.44757,0.51564,0.2686,0.45344,0.50829,0.39946,0.33016,0.59112,0.65991,0.49799,0.48772,0.57251,0.61432,0.77017,0.79618,0.48589,0.49209,0.35114,0.13441,0.23843,0.29863,0.27603,0.3584,0.34844,0.29653,0.83233,1,0.65882,0.64409,0.69034,0.65125,0.14856,0,0.30301,0.47197,0.32355,0.3582,0.49629,0.58616,0.47769,0.60231,0.39027,0.53029,0.59322,0.55298,0.53125,0.40207,0.41139,0.43835,0.19817,0.26502,0.38705,0.3956,0.60046,0.4728,0.48632,0.41761,0.53467,0.50201,0.57769,0.60532,0.47794,0.48047,0.3856,0.38482,0.27213,0.10476,0.18382,0.40961,0.5208,0.533,0.4314,0.30461,0.24957,0.062657,0.75732,0.76127,0.81911,0.81664,0.68329,0.73167,0.59136,0.6211,0.49747,0.48435,0.31937,0.32611,0.053233,0,0,0.13767,0.40354,0.19748,0.44481,0.52054,0.49371,0.4096,0.31431,0.28287,0.28334,0.47251,0.13918,0.33942,0.17988,0.20303,0,0.33938,0.1613,0.45795,0.34569,0.38198,0.20782,0.018342
0.52509,0.56528,0.61256,0.6054,0.73589,0.56348,0.60443,0.68691,0.58377,0.55422,0.60375,0.74821,0.59791,0.62218,0.70425,0.74956,0.55401,0.58828,0.70201,0.55403,0.40854,0.24439,0.62603,0.60652,0.65122,0.67766,0.65378,0.54615,0.59822,0.65882,1,0.90544,0.76986,0.77488,0.4337,0.24317,0.47618,0.59806,0.52786,0.54436,0.62215,0.66453,0.67503,0.73266,0.61913,0.68842,0.72785,0.6949,0.62264,0.53892,0.48526,0.59748,0.17583,0.28296,0.56069,0.50999,0.58281,0.52712,0.61918,0.61329,0.5873,0.65056,0.511,0.65237,0.63279,0.69758,0.60626,0.65245,0.46753,0.2596,0.24769,0.40772,0.57062,0.60827,0.51432,0.48389,0.52098,0.39419,0.44088,0.46519,0.72051,0.67261,0.64619,0.70036,0.62487,0.62466,0.54878,0.553,0.47834,0.55299,0.35658,0.18384,0.24253,0.3593,0.24006,0.32383,0.59547,0.58651,0.67468,0.63084,0.61296,0.50224,0.60105,0.65941,0.25446,0.49029,0.52143,0.42956,0,0.20944,0.42653,0.62388,0.51442,0.57873,0.24753,0
0.53583,0.62443,0.61198,0.72272,0.66413,0.52113,0.59035,0.74827,0.52206,0.57028,0.62788,0.76623,0.56213,0.66609,0.64806,0.67799,0.52852,0.58284,0.68803,0.61983,0.35151,0.28906,0.57768,0.67113,0.6391,0.71179,0.55166,0.48688,0.54875,0.64409,0.90544,1,0.76499,0.80322,0.48564,0.22126,0.34413,0.45204,0.38728,0.38874,0.57686,0.6341,0.5312,0.65693,0.4211,0.60199,0.60551,0.60465,0.5327,0.47293,0.43234,0.5683,0.10459,0.26429,0.4695,0.42714,0.59195,0.5723,0.50634,0.54016,0.50925,0.61062,0.40735,0.6037,0.59673,0.6846,0.54853,0.60141,0.36654,0.1983,0.29416,0.46748,0.61233,0.66706,0.55346,0.55587,0.48623,0.39393,0.40156,0.43563,0.62708,0.57871,0.51683,0.53803,0.62209,0.65288,0.43903,0.4145,0.40627,0.49101,0.22969,0.041993,0.15552,0.26197,0.23278,0.32609,0.51324,0.54467,0.59524,0.51992,0.54216,0.38278,0.50264,0.55254,0.25035,0.43146,0.41776,0.33892,0,0.24447,0.2975,0.60878,0.48282,0.55523,0.27355,0
0.7728,0.82815,0.62341,0.60313,0.62012,0.43492,0.68043,0.66931,0.50991,0.40617,0.72957,0.73949,0.68694,0.66737,0.69188,0.68044,0.76124,0.78141,0.76858,0.71624,0.39896,0.28384,0.47884,0.437,0.52415,0.50858,0.45256,0.40984,0.69846,0.69034,0.76986,0.76499,1,0.94922,0.49155,0.15774,0.39679,0.56449,0.36069,0.4443,0.6664,0.69388,0.59603,0.76071,0.51244,0.71729,0.70953,0.72515,0.73872,0.67123,0.70246,0.72228,0.44004,0.54559,0.60107,0.60555,0.8402,0.75765,0.73687,0.67323,0.76054,0.76151,0.65325,0.77805,0.64288,0.64928,0.70955,0.68338,0.62418,0.46171,0.27629,0.47586,0.69344,0.69317,0.6681,0.62171,0.50365,0.42601,0.57369,0.6095,0.79576,0.77272,0.57845,0.5813,0.73089,0.7342,0.43868,0.37675,0.4949,0.57769,0.3485,0.12106,0.2193,0.35678,0.19367,0.21884,0.52224,0.60972,0.74128,0.65456,0.62106,0.48464,0.58225,0.64406,0.081657,0.36789,0.35829,0.36687,0,0.16995,0.34119,0.71311,0.60553,0.57405,0.15119,0
0.78171,0.85085,0.6999,0.71707,0.64331,0.41438,0.72617,0.75017,0.55611,0.48697,0.73698,0.77115,0.72794,0.74589,0.72751,0.69266,0.74178,0.7713,0.8241,0.82305,0.39478,0.33816,0.53033,0.53377,0.55907,0.56054,0.435,0.44926,0.66239,0.65125,0.77488,0.80322,0.94922,1,0.58276,0.22748,0.35025,0.47788,0.33585,0.37937,0.64339,0.65945,0.6128,0.78368,0.49672,0.73875,0.72245,0.73682,0.75923,0.704,0.71186,0.77004,0.40843,0.55779,0.61832,0.5961,0.83468,0.79036,0.75289,0.69201,0.77819,0.79124,0.66558,0.80521,0.70134,0.72065,0.75953,0.73613,0.6084,0.44844,0.2788,0.52385,0.71655,0.73171,0.6934,0.67643,0.51656,0.44993,0.51714,0.56057,0.76814,0.75353,0.534,0.5424,0.73055,0.75827,0.42795,0.33795,0.5127,0.60449,0.36955,0.12344,0.24225,0.39382,0.2319,0.24177,0.54458,0.62942,0.75757,0.66016,0.65611,0.51634,0.58942,0.6596,0.089376,0.38096,0.33652,0.33742,0,0.22192,0.3876,0.73065,0.63138,0.60827,0.17814,0
0.65387,0.59695,0.72656,0.57929,0.44123,0.32525,0.71073,0.65416,0.45817,0.38178,0.5618,0.56275,0.65217,0.64505,0.5859,0.50929,0.31315,0.28399,0.60583,0.47949,0.16741,0.30575,0.60131,0.48446,0.5222,0.4078,0.37126,0.36443,0.27694,0.14856,0.4337,0.48564,0.49155,0.58276,1,0.78674,0.22772,0.14611,0.0423,0.053798,0.36767,0.20874,0.58487,0.59202,0.44019,0.61726,0.49953,0.53397,0.57419,0.60843,0.65465,0.6628,0.29629,0.43289,0.40705,0.41208,0.43694,0.40698,0.49323,0.42883,0.44094,0.53457,0.39937,0.53504,0.70087,0.68684,0.72991,0.76928,0.39525,0.28655,0.16891,0.2459,0.43151,0.34046,0.48943,0.55042,0.53362,0.50709,0.030124,0.021171,0.34773,0.29983,0.26826,0.2213,0.48298,0.50924,0.26424,0.14886,0.44427,0.57525,0.51817,0.37476,0.39263,0.50068,0,0.12696,0.24161,0.32267,0.60518,0.55951,0.56406,0.53391,0.479,0.50275,0.064713,0.24857,0.30461,0.33826,0.053337,0,0.30175,0.55623,0.56094,0.51989,0.13961,0
0.27866,0.20579,0.45095,0.33029,0.26297,0.22892,0.45689,0.42286,0.31887,0.29371,0.23628,0.29509,0.37596,0.40854,0.34141,0.33389,0.027173,0,0.38858,0.2038,0.099385,0.182,0.53294,0.392,0.3084,0.19817,0.2275,0.2317,0,0,0.24317,0.22126,0.15774,0.22748,0.78674,1,0.21625,0.12466,0.13525,0.093631,0.053641,0,0.44976,0.3346,0.40838,0.39973,0.31653,0.34924,0.3335,0.40099,0.41696,0.42609,0.24655,0.30912,0.33246,0.32969,0.10389,0.099612,0.3171,0.27351,0.20599,0.29192,0.23051,0.30374,0.44978,0.51017,0.51724,0.56429,0.27622,0.23143,0.00452,0,0.04302,0,0.11026,0.15812,0.39627,0.3745,0,0,0.12979,0.10413,0.1692,0.16351,0.19731,0.22388,0.24722,0.16922,0.37187,0.49496,0.5587,0.51277,0.46275,0.47492,0,0.11178,0.12707,0.12825,0.35261,0.37583,0.34803,0.4416,0.28333,0.31204,0.052045,0.15037,0.25912,0.27364,0.064192,0,0.36384,0.26843,0.33935,0.27001,0.0042603,0
0.3803,0.19494,0.42774,0.22085,0.50149,0.36938,0.47137,0.36625,0.44038,0.27668,0.36916,0.40918,0.40735,0.32631,0.42448,0.45601,0.37735,0.29171,0.44597,0.26276,0.22737,0.021829,0.43479,0.30665,0.35698,0.29981,0.37405,0.26082,0.40471,0.30301,0.47618,0.34413,0.39679,0.35025,0.22772,0.21625,1,0.71446,0.70934,0.7319,0.49833,0.34912,0.59618,0.4714,0.6347,0.51439,0.62559,0.56609,0.53465,0.50424,0.46527,0.47374,0.33988,0.27529,0.57437,0.61164,0.30135,0.1963,0.53457,0.51642,0.41448,0.48978,0.34632,0.44541,0.38723,0.47951,0.45914,0.4704,0.45328,0.3077,0.069523,0.048276,0.29291,0.064044,0.18841,0.16968,0.55037,0.44816,0.34658,0.15649,0.48957,0.47923,0.52596,0.60774,0.41994,0.41456,0.51076,0.6113,0.43738,0.57411,0.54173,0.45429,0.44757,0.52948,0.3179,0.41962,0.58625,0.60958,0.55268,0.60293,0.46693,0.63147,0.45427,0.62841,0.26717,0.43503,0.40365,0.56386,0.012406,0.33798,0.52953,0.46181,0.47721,0.45047,0.27159,0.25147
0.40339,0.32217,0.37693,0.20761,0.52101,0.29746,0.43159,0.36157,0.44345,0.15908,0.39337,0.45668,0.43685,0.35756,0.46244,0.4577,0.52717,0.46421,0.43706,0.29261,0.26343,0,0.3769,0.26501,0.33041,0.26187,0.36776,0.2051,0.57267,0.47197,0.59806,0.45204,0.56449,0.47788,0.14611,0.12466,0.71446,1,0.7336,0.80882,0.66469,0.61913,0.54204,0.51401,0.56101,0.49661,0.63052,0.61978,0.52094,0.40468,0.39888,0.41166,0.22841,0.20008,0.58819,0.67028,0.41213,0.30432,0.54123,0.47723,0.4946,0.49349,0.48354,0.53566,0.34192,0.39558,0.41051,0.38753,0.44478,0.28165,0.14027,0.23402,0.45427,0.2913,0.35666,0.26003,0.53697,0.42297,0.4777,0.35841,0.68607,0.62702,0.68075,0.6855,0.47673,0.46515,0.60244,0.64898,0.42014,0.51677,0.38089,0.24242,0.22718,0.34593,0.34793,0.36166,0.62136,0.66728,0.59396,0.63073,0.53162,0.53494,0.50015,0.65413,0.23006,0.47139,0.54812,0.56918,0,0.26695,0.50158,0.56396,0.45615,0.46474,0.18043,0.063255
0.16706,0.15941,0.28882,0.21409,0.43924,0.26627,0.27568,0.29098,0.41543,0.2577,0.27477,0.28934,0.29639,0.2544,0.4038,0.38756,0.27703,0.26733,0.3912,0.25259,0.15522,0,0.42774,0.36743,0.32411,0.24494,0.26851,0.14897,0.31297,0.32355,0.52786,0.38728,0.36069,0.33585,0.0423,0.13525,0.70934,0.7336,1,0.88495,0.38803,0.35667,0.44513,0.37459,0.53068,0.36488,0.53573,0.51438,0.3944,0.35756,0.29877,0.3808,0.26481,0.18654,0.64789,0.59487,0.28727,0.27035,0.48321,0.53962,0.4054,0.45165,0.25893,0.39663,0.25242,0.37397,0.32714,0.31939,0.43822,0.37641,0.042918,0.071393,0.14333,0.088433,0.0080525,0.020853,0.35388,0.25352,0.31927,0.27324,0.46818,0.46673,0.62884,0.62517,0.39015,0.36234,0.72815,0.78159,0.53409,0.48783,0.43432,0.30421,0.36306,0.40139,0.53261,0.46406,0.68744,0.61086,0.45023,0.47734,0.41303,0.49817,0.38673,0.53504,0.28074,0.43041,0.50074,0.44499,0,0.42249,0.52754,0.42223,0.35047,0.35532,0.16733,0.13422
0.23766,0.221,0.30663,0.16075,0.45656,0.27462,0.28914,0.27049,0.40187,0.21405,0.32577,0.29649,0.30342,0.27508,0.38923,0.38778,0.35505,0.29189,0.40103,0.25736,0.26458,0,0.3722,0.28077,0.34356,0.24448,0.38835,0.21691,0.3829,0.3582,0.54436,0.38874,0.4443,0.37937,0.053798,0.093631,0.7319,0.80882,0.88495,1,0.45429,0.44529,0.42945,0.41153,0.54438,0.40167,0.58649,0.54853,0.43022,0.37118,0.32334,0.38551,0.24419,0.1745,0.58117,0.62755,0.33648,0.32226,0.49254,0.51905,0.42244,0.45036,0.28327,0.4079,0.26188,0.36021,0.33218,0.32956,0.43234,0.36206,0.16822,0.11628,0.21698,0.12158,0.068689,0.055588,0.36227,0.21451,0.35314,0.30173,0.51261,0.53026,0.58815,0.65451,0.43668,0.41197,0.57857,0.75574,0.4507,0.45546,0.39156,0.22008,0.27306,0.37434,0.46107,0.54574,0.71089,0.66231,0.50576,0.51784,0.4631,0.53353,0.46796,0.60042,0.25773,0.37742,0.4902,0.5106,0.016585,0.42598,0.61599,0.4574,0.33674,0.36574,0.16023,0.060266
0.58656,0.5308,0.54294,0.3523,0.5989,0.28276,0.58957,0.50063,0.5522,0.14762,0.5504,0.63112,0.6125,0.45148,0.60333,0.48934,0.54462,0.58408,0.49517,0.39197,0.37354,0.24483,0.34841,0.26949,0.46582,0.40302,0.47126,0.33329,0.62618,0.49629,0.62215,0.57686,0.6664,0.64339,0.36767,0.053641,0.49833,0.66469,0.38803,0.45429,1,0.79434,0.56088,0.6416,0.41844,0.5416,0.57069,0.5599,0.57566,0.45088,0.41248,0.47324,0.0044388,0.112,0.37295,0.46988,0.49372,0.40124,0.50401,0.38244,0.49809,0.50749,0.50769,0.58742,0.50946,0.47991,0.44949,0.43548,0.29982,0.10856,0.28435,0.55808,0.83777,0.69685,0.75664,0.70776,0.56856,0.49173,0.34131,0.2649,0.61411,0.50762,0.50386,0.48509,0.48923,0.50864,0.42161,0.44472,0.25737,0.41471,0.18905,0.035071,0.070506,0.20456,0.17854,0.2603,0.4087,0.5975,0.62187,0.57741,0.53815,0.44264,0.46407,0.59687,0.089809,0.38059,0.45882,0.44777,0,0.12101,0.24939,0.64901,0.55215,0.60668,0.27566,0.072054
0.49748,0.52822,0.40003,0.34968,0.53744,0.22047,0.45521,0.48104,0.42932,0.21173,0.54162,0.623,0.50114,0.42336,0.53982,0.46772,0.56947,0.60805,0.45225,0.40045,0.35761,0.2201,0.26236,0.23736,0.39536,0.37586,0.40828,0.26773,0.6195,0.58616,0.66453,0.6341,0.69388,0.65945,0.20874,0,0.34912,0.61913,0.35667,0.44529,0.79434,1,0.42842,0.54934,0.31479,0.46957,0.48604,0.46796,0.47986,0.34034,0.31246,0.37476,0,0.069136,0.31185,0.31156,0.46141,0.41971,0.40163,0.37584,0.4594,0.51473,0.45654,0.55518,0.45161,0.43589,0.32584,0.31437,0.19319,0,0.30834,0.52369,0.78575,0.71338,0.70117,0.65891,0.51941,0.3513,0.44466,0.38274,0.67166,0.53252,0.48508,0.47435,0.50942,0.4759,0.36771,0.35348,0.23986,0.2515,0.087268,0,0.010763,0.084835,0.2256,0.27161,0.43214,0.55868,0.52266,0.45847,0.53513,0.28499,0.45789,0.51845,0.12427,0.34536,0.37839,0.36311,0,0.18022,0.16733,0.58005,0.39073,0.51735,0.24942,0.025618
0.6204,0.4646,0.71825,0.54571,0.67188,0.47757,0.82317,0.74139,0.62772,0.51397,0.5819,0.70965,0.80861,0.6676,0.73285,0.78438,0.53328,0.49427,0.6444,0.47804,0.33426,0.22644,0.68211,0.52767,0.48688,0.42452,0.42867,0.39209,0.61356,0.47769,0.67503,0.5312,0.59603,0.6128,0.58487,0.44976,0.59618,0.54204,0.44513,0.42945,0.56088,0.42842,1,0.89278,0.86195,0.88353,0.83768,0.81728,0.85905,0.80112,0.72531,0.77829,0.35531,0.49066,0.62922,0.61415,0.45697,0.33371,0.73411,0.56672,0.6638,0.62977,0.71034,0.73342,0.79802,0.76757,0.73942,0.75625,0.50071,0.3109,0.11053,0.27597,0.49532,0.36985,0.47219,0.49364,0.58368,0.47536,0.38825,0.20357,0.68798,0.59867,0.63425,0.71021,0.50863,0.57934,0.58952,0.56516,0.58335,0.7549,0.61492,0.60525,0.46877,0.6456,0.1536,0.20035,0.51033,0.59542,0.74279,0.75188,0.58323,0.69677,0.48637,0.65518,0.12134,0.44107,0.46013,0.50794,0,0.11201,0.4464,0.69794,0.70784,0.62608,0.19638,0
0.71995,0.67625,0.70399,0.59112,0.68092,0.46347,0.80873,0.75426,0.62085,0.49364,0.6757,0.75615,0.81823,0.71222,0.76839,0.79444,0.66743,0.64445,0.71616,0.63678,0.40843,0.31444,0.58147,0.46964,0.45361,0.43212,0.45495,0.44069,0.7224,0.60231,0.73266,0.65693,0.76071,0.78368,0.59202,0.3346,0.4714,0.51401,0.37459,0.41153,0.6416,0.54934,0.89278,1,0.74651,0.9182,0.88609,0.89282,0.89342,0.81219,0.72063,0.80316,0.34111,0.51945,0.62238,0.63918,0.66229,0.57253,0.76848,0.64049,0.73438,0.69366,0.74692,0.81122,0.76952,0.75127,0.78377,0.80341,0.53201,0.39246,0.1896,0.38339,0.65173,0.53343,0.61407,0.58493,0.55023,0.45301,0.46962,0.36196,0.75709,0.68648,0.59001,0.66634,0.59058,0.70664,0.50585,0.48443,0.51857,0.68685,0.47364,0.36764,0.27914,0.49515,0.14217,0.18927,0.5301,0.62799,0.78343,0.72909,0.60473,0.59579,0.52699,0.65124,0.097095,0.38191,0.4088,0.44909,0,0.11663,0.42515,0.72973,0.68817,0.62555,0.138,0
