1,0.85997,0.66897,0.69065,0.54818,0.38167,0.77459,0.64658,0.51789,0.50476,0.7998,0.7298,0.75858,0.70012,0.63001,0.63901,0.50347,0.61891,0.83636,0.81409,0.48839,0.4053,0.63298,0.4532,0.58234,0.33393,0.56149,0.42223,0.66467,0.42,0.47297,0.45148,0.6608,0.64475,0.30532,0.30969,0.16991,0.26834,0.020496,0.087852,0.34996,0.37851,0.64642,0.5723,0.6545,0.59892,0.49337,0.56802,0.72292,0.74471,0.68631,0.71173,0.61363,0.67515,0.52053,0.5221,0.91577,0.75086,0.73229,0.63099,0.8713,0.5496,0.72574,0.67386,0.43396,0.42465,0.60808,0.61451,0.71624,0.6058,0.48842,0.29149,0.71783,0.7092,0.51622,0.70838,0.6355,0.71187,0.28552,0,0.44504,0.53788,0.42405,0.39039,0.49107,0.59625,0.41496,0.20081,0.46664,0.67474,0.55499,0.64652,0.31449,0.58051,0.22955,0.43911,0.40707,0.4462,0.59442,0.64057,0.53546,0.72367,0.5491,0.58952,0.39365,0.46629,0.10913,0.22068,0.32309,0.4298,0.36935,0.54966,0.64533,0.65987,0.54409,0
0.85997,1,0.56158,0.78653,0.39804,0.37135,0.63454,0.81796,0.35313,0.62764,0.65719,0.80439,0.56538,0.75368,0.50272,0.75141,0.45349,0.73166,0.79276,0.89801,0.43374,0.41007,0.55524,0.46407,0.53281,0.29145,0.50679,0.40963,0.55248,0.52932,0.51225,0.50051,0.71482,0.72844,0.2936,0.37542,0.12571,0.31782,0.022797,0.11533,0.29571,0.45161,0.62776,0.58203,0.7234,0.61788,0.49445,0.58339,0.78974,0.8215,0.75534,0.76631,0.67892,0.75021,0.57699,0.56126,0.83946,0.87604,0.77772,0.79755,0.82574,0.76332,0.71719,0.85904,0.37011,0.5146,0.64694,0.66334,0.76725,0.69507,0.43752,0.24391,0.66354,0.75864,0.44195,0.75276,0.62334,0.67461,0.18988,0,0.47652,0.57862,0.46523,0.48283,0.47601,0.59248,0.49166,0.27473,0.51423,0.58514,0.64079,0.62495,0.43507,0.50853,0.20919,0.49727,0.40475,0.45314,0.65153,0.711,0.64378,0.62995,0.64888,0.58161,0.43904,0.41008,0.20951,0.31627,0.36987,0.42605,0.30528,0.53938,0.65027,0.59129,0.40988,0
0.66897,0.56158,1,0.77988,0.66125,0.24039,0.86809,0.58747,0.5859,0.42577,0.46544,0.57212,0.63758,0.67357,0.5176,0.55198,0.12454,0.25222,0.76434,0.62913,0.48965,0.46594,0.90243,0.84198,0.70108,0.55808,0.42872,0.36166,0.36371,0.16587,0.50049,0.53169,0.57666,0.50634,0.65392,0.5037,0.32817,0.33301,0.16536,0.2576,0.35797,0.38777,0.68354,0.57216,0.61949,0.6018,0.5827,0.65618,0.57427,0.59101,0.594,0.62417,0.57131,0.69592,0.50302,0.62424,0.66068,0.54351,0.56574,0.408,0.64522,0.34289,0.50055,0.4579,0.70905,0.49409,0.67182,0.64698,0.61279,0.55796,0.36426,0.38824,0.48507,0.49731,0.38063,0.49168,0.62759,0.73068,0.093518,0,0.27525,0.41921,0.37271,0.40713,0.57259,0.70522,0.45758,0.37895,0.55825,0.86195,0.58774,0.66528,0.49257,0.67676,0.22169,0.43872,0.4824,0.56377,0.53272,0.53861,0.35559,0.5823,0.42397,0.48523,0.30501,0.47909,0,0.17635,0.076635,0.35103,0.48905,0.57647,0.5176,0.49164,0.4287,0
0.69065,0.78653,0.77988,1,0.48384,0.31125,0.79984,0.9017,0.49921,0.64125,0.46468,0.74754,0.51219,0.8521,0.45178,0.76718,0.26672,0.55896,0.73935,0.82763,0.40721,0.4472,0.76531,0.73482,0.58825,0.41691,0.41194,0.36365,0.45051,0.42915,0.52652,0.53993,0.67191,0.64977,0.50396,0.45473,0.21831,0.42167,0.10284,0.25216,0.32392,0.42757,0.69927,0.57102,0.69409,0.67941,0.57796,0.64562,0.68835,0.71515,0.69681,0.6962,0.68935,0.75116,0.55461,0.59708,0.67725,0.71408,0.61656,0.63332,0.70855,0.62106,0.56079,0.71167,0.54438,0.54722,0.68239,0.69843,0.70076,0.63658,0.4556,0.32549,0.52375,0.61486,0.29729,0.57955,0.58341,0.71837,0.083934,0,0.39432,0.49735,0.48125,0.53178,0.52524,0.64995,0.516,0.31799,0.58123,0.73864,0.67196,0.73538,0.62017,0.56874,0.14026,0.45402,0.43595,0.51341,0.57127,0.63525,0.48368,0.5082,0.48038,0.43653,0.37461,0.42606,0.090719,0.17793,0.20688,0.34392,0.37412,0.60415,0.57479,0.51912,0.41165,0
0.54818,0.39804,0.66125,0.48384,1,0.55351,0.72462,0.38328,0.79394,0.38113,0.44221,0.41347,0.6221,0.49596,0.58579,0.44664,0.19441,0.19207,0.51677,0.40009,0.5233,0.48498,0.63488,0.47706,0.62093,0.51343,0.6739,0.60637,0.28832,0.072568,0.46719,0.49161,0.45607,0.41128,0.48556,0.35089,0.17688,0.18841,0,0.023727,0.3958,0.21873,0.57789,0.50291,0.53259,0.5519,0.39113,0.4939,0.53823,0.51008,0.47194,0.50725,0.35669,0.48579,0.34924,0.37925,0.52947,0.27982,0.39596,0.2598,0.48474,0.14834,0.41935,0.26325,0.52147,0.39936,0.4888,0.47699,0.37835,0.27875,0.37302,0.33809,0.47596,0.42582,0.46119,0.34263,0.39525,0.53852,0.12643,0,0.21379,0.38143,0.13204,0.2017,0.37222,0.57223,0.26079,0.20425,0.27819,0.62444,0.34366,0.53136,0.14808,0.46757,0.097623,0.22723,0.29119,0.35174,0.33937,0.41739,0.18279,0.5091,0.26807,0.43157,0.28737,0.5193,0,0.10955,0.15631,0.31224,0.44704,0.50475,0.48701,0.41201,0.40262,0
0.38167,0.37135,0.24039,0.31125,0.55351,1,0.3133,0.36107,0.31127,0.68233,0.27247,0.34891,0.32064,0.22349,0.39102,0.41611,0.33366,0.40725,0.23583,0.31083,0.43556,0.43209,0.21714,0.19465,0.53204,0.55917,0.6699,0.64564,0.34195,0.29532,0.40669,0.34972,0.31079,0.28252,0.077976,0.045156,0.052739,0.033498,0,0,0.036454,0.24404,0.28405,0.25268,0.31182,0.30668,0.22565,0.2858,0.32384,0.33888,0.32313,0.35551,0.19347,0.28615,0.22748,0.18639,0.35076,0.32429,0.3207,0.39158,0.31873,0.29166,0.33109,0.33146,0.15794,0.31488,0.32003,0.33326,0.2692,0.26251,0.41974,0.17716,0.36026,0.36781,0.2261,0.26098,0.29359,0.25685,0.22752,0.09387,0.30451,0.40042,0.18553,0.2556,0.19118,0.29123,0.13192,0.12388,0.15716,0.32541,0.19615,0.1621,0.0023902,0.17009,0.15459,0.11986,0.18483,0.13772,0.29229,0.32063,0.37535,0.42828,0.41096,0.44395,0.32156,0.37321,0,0.14407,0.23819,0.241,0.21224,0.22448,0.39465,0.31429,0.29266,0.042413
0.77459,0.63454,0.86809,0.79984,0.72462,0.3133,1,0.68778,0.77425,0.45829,0.54936,0.62201,0.72906,0.76008,0.58092,0.60557,0.16768,0.31353,0.73179,0.65618,0.49524,0.43226,0.81857,0.64981,0.5503,0.39294,0.43875,0.34823,0.4232,0.19195,0.42365,0.45438,0.55482,0.50052,0.51309,0.38495,0.22204,0.32827,0.12267,0.21602,0.40997,0.3005,0.64635,0.50607,0.58815,0.58672,0.52944,0.59045,0.61017,0.61408,0.56222,0.59634,0.53638,0.62517,0.42771,0.52045,0.7084,0.48395,0.52282,0.37282,0.7199,0.32014,0.53706,0.46183,0.55841,0.38505,0.5647,0.55102,0.55591,0.42355,0.41192,0.39645,0.55882,0.52303,0.39706,0.50305,0.55421,0.69882,0.029093,0,0.23293,0.36705,0.35659,0.36504,0.44997,0.6101,0.40519,0.23898,0.46362,0.77583,0.46972,0.71086,0.38977,0.5945,0.1854,0.38014,0.39665,0.51218,0.44948,0.5122,0.24461,0.53096,0.28602,0.3794,0.25921,0.49125,0,0,0.13371,0.3479,0.3807,0.58529,0.48193,0.49993,0.48702,0
0.64658,0.81796,0.58747,0.9017,0.38328,0.36107,0.68778,1,0.43895,0.73558,0.41813,0.78819,0.43769,0.78577,0.40427,0.77449,0.29088,0.61389,0.63071,0.7615,0.37113,0.39003,0.62383,0.59475,0.47428,0.33471,0.37174,0.3112,0.43115,0.48281,0.45588,0.49683,0.65533,0.66566,0.39177,0.39437,0.10904,0.33478,0.081526,0.20468,0.24624,0.39787,0.56589,0.46766,0.66559,0.61327,0.46263,0.53323,0.67193,0.67403,0.62091,0.62223,0.57245,0.63636,0.46908,0.47635,0.61397,0.73145,0.54663,0.64738,0.67608,0.703,0.53439,0.76746,0.40012,0.53462,0.59557,0.62926,0.61555,0.58074,0.44836,0.27828,0.5284,0.63647,0.23254,0.58001,0.51692,0.59613,0.068974,0,0.36611,0.48583,0.45244,0.49954,0.41065,0.54777,0.47581,0.26261,0.55023,0.58036,0.55988,0.5743,0.51262,0.42503,0.1923,0.43672,0.36681,0.41817,0.51028,0.57215,0.49789,0.45897,0.46751,0.3801,0.36462,0.32824,0.12781,0.14484,0.30677,0.3568,0.2047,0.45488,0.50589,0.4732,0.34092,0
0.51789,0.35313,0.5859,0.49921,0.79394,0.31127,0.77425,0.43895,1,0.32593,0.37115,0.36221,0.62156,0.51685,0.53829,0.43383,0.10885,0.11629,0.45499,0.30599,0.372,0.30579,0.56368,0.40412,0.29509,0.26087,0.33145,0.26061,0.26534,0.024831,0.16618,0.22681,0.32226,0.28743,0.2724,0.14741,0.065512,0.22779,0.012703,0.070011,0.40896,0.091953,0.4493,0.34647,0.37233,0.37781,0.35253,0.38116,0.4106,0.34517,0.30379,0.31449,0.31894,0.36639,0.18966,0.22924,0.4625,0.14074,0.19525,0.061509,0.44684,0.080815,0.33065,0.21453,0.28398,0.13496,0.19893,0.21166,0.22862,0.096017,0.29363,0.30078,0.34798,0.30215,0.31207,0.24625,0.25095,0.39765,0,0,0.11813,0.23257,0.12445,0.19889,0.22294,0.386,0.188,0.064527,0.25748,0.56222,0.23158,0.54496,0.23092,0.40006,0.053922,0.12928,0.16803,0.2683,0.19225,0.24491,0,0.31046,0,0.11477,0.107,0.39717,0,0,0.047362,0.1664,0.24099,0.42592,0.32103,0.26806,0.36886,0
0.50476,0.62764,0.42577,0.64125,0.38113,0.68233,0.45829,0.73558,0.32593,1,0.35624,0.63437,0.36491,0.53155,0.41992,0.73474,0.34905,0.58125,0.4972,0.59194,0.42338,0.39661,0.4905,0.50687,0.57373,0.5846,0.48775,0.44126,0.46517,0.45499,0.50334,0.52248,0.56353,0.54345,0.26524,0.27214,0,0.10528,0,0.040642,0.042009,0.31648,0.44751,0.38617,0.53187,0.48535,0.37025,0.43988,0.51208,0.53266,0.48491,0.51009,0.42324,0.47343,0.32115,0.37,0.53465,0.64882,0.48089,0.621,0.55793,0.6196,0.50294,0.63241,0.3409,0.53396,0.47458,0.52423,0.49692,0.54158,0.42979,0.13403,0.49757,0.53206,0.21386,0.49712,0.45687,0.45006,0.14715,0.033703,0.35171,0.49338,0.35227,0.46308,0.26708,0.45522,0.30051,0.25207,0.41375,0.51871,0.50085,0.35286,0.40681,0.36267,0.14303,0.35559,0.25075,0.29234,0.48142,0.54274,0.5383,0.52436,0.56056,0.51542,0.42166,0.40733,0.133,0.2914,0.35254,0.29122,0.25963,0.39638,0.50595,0.46611,0.34296,0
0.7998,0.65719,0.46544,0.46468,0.44221,0.27247,0.54936,0.41813,0.37115,0.35624,1,0.68535,0.84782,0.59773,0.63626,0.52576,0.68808,0.61978,0.67916,0.62247,0.41576,0.37684,0.52295,0.36158,0.48932,0.18922,0.5132,0.3455,0.614,0.42416,0.50269,0.50447,0.59253,0.63769,0.24811,0.23516,0.04694,0.20302,0,0,0.29,0.21369,0.56437,0.56423,0.61899,0.58579,0.36229,0.41955,0.65155,0.62482,0.64405,0.6307,0.49776,0.48229,0.44407,0.35653,0.73567,0.6485,0.63179,0.54871,0.76442,0.48169,0.73856,0.55926,0.43459,0.4633,0.51414,0.51483,0.60353,0.52168,0.45425,0.17252,0.59421,0.61494,0.52833,0.59618,0.48821,0.60155,0.43421,0.29366,0.4986,0.56871,0.27639,0.22194,0.48321,0.55326,0.26999,0.094507,0.42555,0.49689,0.50662,0.51538,0.20411,0.47077,0.022051,0.25539,0.20363,0.22534,0.45368,0.5563,0.4583,0.63162,0.47746,0.56894,0.45419,0.44397,0.22372,0.39781,0.4515,0.44601,0.39741,0.49102,0.5919,0.53705,0.52541,0.24152
0.7298,0.80439,0.57212,0.74754,0.41347,0.34891,0.62201,0.78819,0.36221,0.63437,0.68535,1,0.61241,0.81007,0.53681,0.7654,0.48748,0.67143,0.73169,0.75803,0.47491,0.40974,0.6495,0.5712,0.5418,0.24873,0.4502,0.3295,0.50212,0.51573,0.50292,0.57043,0.63749,0.68644,0.43115,0.43516,0.094005,0.29752,0.015452,0.15382,0.31555,0.41522,0.67909,0.60649,0.74979,0.66176,0.53179,0.59469,0.73224,0.70099,0.71578,0.68452,0.59538,0.60705,0.54972,0.53611,0.69194,0.74619,0.62523,0.70263,0.79441,0.69428,0.62507,0.7159,0.53562,0.61354,0.6775,0.69103,0.69979,0.65005,0.52719,0.31407,0.59892,0.68654,0.39879,0.66025,0.60932,0.71534,0.25362,0.077442,0.45636,0.55325,0.39887,0.46257,0.51767,0.65716,0.46303,0.30188,0.63791,0.63002,0.64121,0.64177,0.47787,0.54347,0.14251,0.47786,0.37434,0.44586,0.55575,0.64259,0.5558,0.55932,0.57616,0.51102,0.44516,0.44704,0.30389,0.36965,0.38308,0.40701,0.39015,0.56285,0.58433,0.56987,0.40031,0
0.75858,0.56538,0.63758,0.51219,0.6221,0.32064,0.72906,0.43769,0.62156,0.36491,0.84782,0.61241,1,0.60368,0.68164,0.49751,0.47558,0.40963,0.67121,0.53268,0.48734,0.4386,0.65314,0.49443,0.48113,0.29331,0.44489,0.28358,0.51503,0.25115,0.42169,0.45905,0.51732,0.54708,0.289,0.20269,0.088114,0.20232,0,0,0.33798,0.21126,0.54497,0.50844,0.55379,0.51402,0.37979,0.3987,0.59124,0.53214,0.53661,0.54541,0.43022,0.44996,0.34763,0.33346,0.66756,0.49145,0.53295,0.34355,0.68923,0.2819,0.63571,0.42966,0.42325,0.37503,0.43002,0.41314,0.47048,0.39053,0.44322,0.31024,0.56606,0.53506,0.5492,0.53121,0.50511,0.59291,0.2846,0.13866,0.35804,0.47361,0.2198,0.19431,0.42415,0.55949,0.19653,0.07417,0.41645,0.58512,0.40808,0.51889,0.21334,0.51824,0.077437,0.23725,0.22255,0.24117,0.40042,0.45468,0.30171,0.5946,0.31796,0.44283,0.33595,0.44776,0.036569,0.18187,0.37117,0.40178,0.35337,0.46821,0.50592,0.4112,0.4812,0.097014
0.70012,0.75368,0.67357,0.8521,0.49596,0.22349,0.76008,0.78577,0.51685,0.53155,0.59773,0.81007,0.60368,1,0.45407,0.76766,0.28274,0.52637,0.731,0.75116,0.36533,0.34657,0.72834,0.62841,0.49475,0.17901,0.39184,0.28841,0.38035,0.35452,0.47454,0.49562,0.61873,0.61618,0.4953,0.43134,0.16519,0.43565,0.054322,0.23037,0.3538,0.35105,0.68452,0.55847,0.73592,0.67732,0.5428,0.6008,0.73792,0.72602,0.71482,0.68636,0.65698,0.67466,0.53196,0.54137,0.66739,0.66986,0.61156,0.60947,0.73977,0.57909,0.59755,0.66071,0.55357,0.49887,0.63197,0.62779,0.67402,0.5784,0.42981,0.32165,0.51133,0.56777,0.32334,0.58489,0.51973,0.72278,0.077714,0,0.35131,0.44981,0.36172,0.44748,0.50395,0.63997,0.48193,0.31383,0.53454,0.71017,0.62641,0.78759,0.54709,0.5897,0.072483,0.44616,0.36511,0.50819,0.53942,0.62987,0.38333,0.51875,0.40228,0.43268,0.35341,0.45713,0.13924,0.206,0.27011,0.37395,0.38987,0.64282,0.5522,0.5082,0.39231,0
0.63001,0.50272,0.5176,0.45178,0.58579,0.39102,0.58092,0.40427,0.53829,0.41992,0.63626,0.53681,0.68164,0.45407,1,0.69662,0.49113,0.44352,0.57661,0.50602,0.60282,0.53968,0.53144,0.40444,0.54892,0.42379,0.59322,0.47762,0.62509,0.48624,0.49346,0.49753,0.37266,0.37507,0.22534,0.011916,0.2459,0.43073,0.21808,0.25319,0.58768,0.54391,0.60124,0.62047,0.45545,0.44207,0.61707,0.56846,0.43309,0.44724,0.47413,0.49034,0.4224,0.45551,0.49159,0.58441,0.60856,0.45911,0.47672,0.39707,0.53868,0.20853,0.44959,0.33378,0.32727,0.31149,0.48393,0.48637,0.53966,0.51517,0.51958,0.44714,0.67219,0.64699,0.62256,0.59031,0.44931,0.5168,0.42643,0.081804,0.60684,0.67718,0.51398,0.56984,0.6834,0.71187,0.48384,0.45237,0.57534,0.5809,0.45726,0.49064,0.20382,0.52959,0.17719,0.20622,0.38419,0.41664,0.52113,0.57126,0.36337,0.5353,0.32446,0.38534,0.03317,0.15159,0.32831,0.28085,0.18716,0.1281,0.34611,0.44877,0.52128,0.26602,0.20763,0
0.63901,0.75141,0.55198,0.76718,0.44664,0.41611,0.60557,0.77449,0.43383,0.73474,0.52576,0.7654,0.49751,0.76766,0.69662,1,0.45858,0.67829,0.66012,0.75513,0.5172,0.50527,0.59009,0.57243,0.55359,0.40099,0.48366,0.3927,0.60768,0.65783,0.57079,0.57989,0.55455,0.55702,0.27761,0.16633,0.18038,0.45251,0.17006,0.29272,0.42591,0.58061,0.6921,0.65769,0.67297,0.61941,0.6547,0.65507,0.6512,0.67097,0.66612,0.65488,0.63747,0.67221,0.56905,0.62461,0.66673,0.70726,0.60297,0.67984,0.6285,0.59544,0.57889,0.69328,0.35631,0.47526,0.60314,0.63224,0.68424,0.6937,0.51707,0.35068,0.61907,0.69305,0.41091,0.67286,0.51114,0.59326,0.29474,0.057946,0.62734,0.71861,0.5692,0.72298,0.62129,0.72544,0.5915,0.50034,0.6049,0.67734,0.68205,0.61835,0.53019,0.55922,0.090092,0.35681,0.37606,0.46531,0.65446,0.71815,0.51882,0.54329,0.49808,0.45764,0.24461,0.3022,0.37558,0.3473,0.24351,0.1572,0.30426,0.56104,0.63761,0.41779,0.27419,0
0.50347,0.45349,0.12454,0.26672,0.19441,0.33366,0.16768,0.29088,0.10885,0.34905,0.68808,0.48748,0.47558,0.28274,0.49113,0.45858,1,0.75738,0.32297,0.45654,0.27794,0.3147,0.1874,0.14982,0.38815,0.21833,0.45502,0.32382,0.77156,0.66589,0.53664,0.48655,0.47642,0.54044,0,0,0,0.063685,0,0,0.16784,0.19498,0.41619,0.45402,0.47525,0.52124,0.22639,0.21175,0.45191,0.43802,0.48353,0.47827,0.32392,0.31241,0.34098,0.19081,0.53944,0.53453,0.43644,0.49201,0.43827,0.44261,0.61903,0.53635,0.10792,0.34884,0.36175,0.41478,0.45201,0.49006,0.42973,0.069084,0.44355,0.60738,0.35558,0.46987,0.19382,0.27159,0.7484,0.60189,0.75016,0.73127,0.36237,0.26147,0.42461,0.42626,0.23145,0.063713,0.26002,0.21374,0.37026,0.22959,0.090597,0.21746,0,0.064348,0,0,0.2625,0.37747,0.47467,0.42452,0.45453,0.44494,0.38886,0.19686,0.3918,0.4595,0.46866,0.24606,0.12502,0.22315,0.47205,0.3035,0.32999,0.27283
0.61891,0.73166,0.25222,0.55896,0.19207,0.40725,0.31353,0.61389,0.11629,0.58125,0.61978,0.67143,0.40963,0.52637,0.44352,0.67829,0.75738,1,0.4885,0.70738,0.26779,0.29991,0.3019,0.30162,0.44842,0.24732,0.47935,0.38737,0.75119,0.79465,0.52616,0.45777,0.60001,0.64688,0.055348,0.054193,0,0.19153,0,0,0.14587,0.36176,0.52884,0.53805,0.60489,0.58027,0.34309,0.38161,0.61239,0.60421,0.64816,0.60023,0.48768,0.52892,0.41622,0.34341,0.66773,0.77787,0.55754,0.68455,0.58757,0.65538,0.64861,0.77644,0.18364,0.42503,0.48321,0.52841,0.59196,0.62675,0.42507,0.019981,0.55572,0.67855,0.28713,0.61522,0.39327,0.44912,0.50754,0.38317,0.68203,0.73599,0.44468,0.4583,0.44424,0.49352,0.3384,0.17259,0.36735,0.36409,0.53642,0.39002,0.32271,0.28225,0,0.28222,0.16795,0.1647,0.4767,0.55953,0.59342,0.4601,0.58811,0.47868,0.40481,0.27285,0.39885,0.38998,0.46274,0.3293,0.16108,0.34515,0.58478,0.44482,0.3424,0.03566
0.83636,0.79276,0.76434,0.73935,0.51677,0.23583,0.73179,0.63071,0.45499,0.4972,0.67916,0.73169,0.67121,0.731,0.57661,0.66012,0.32297,0.4885,1,0.84472,0.48418,0.39109,0.75527,0.63733,0.62026,0.3565,0.48688,0.39894,0.49998,0.38112,0.45537,0.47614,0.63565,0.60897,0.48935,0.46822,0.30918,0.35829,0.10681,0.22969,0.38462,0.38897,0.72383,0.64707,0.67414,0.59762,0.6365,0.69621,0.66133,0.69678,0.6596,0.6503,0.66366,0.69768,0.60927,0.63614,0.79358,0.7711,0.71655,0.63026,0.82873,0.52697,0.61507,0.59084,0.60232,0.48592,0.68722,0.66854,0.79481,0.73643,0.45298,0.33498,0.66318,0.60655,0.50964,0.64883,0.77719,0.7842,0.20437,0,0.39261,0.50714,0.41368,0.46658,0.56546,0.67288,0.48472,0.33765,0.667,0.76597,0.75146,0.70891,0.57378,0.71523,0.17861,0.47791,0.4904,0.57572,0.67758,0.7074,0.55888,0.71475,0.617,0.62642,0.4278,0.49559,0.18072,0.40068,0.12531,0.33007,0.58011,0.66441,0.65531,0.6266,0.45382,0
0.81409,0.89801,0.62913,0.82763,0.40009,0.31083,0.65618,0.7615,0.30599,0.59194,0.62247,0.75803,0.53268,0.75116,0.50602,0.75513,0.45654,0.70738,0.84472,1,0.44327,0.4312,0.60725,0.5263,0.59138,0.35461,0.51397,0.41431,0.61229,0.58308,0.59383,0.55367,0.7339,0.7147,0.35609,0.36892,0.21273,0.35023,0.034039,0.16025,0.28584,0.45741,0.69269,0.61274,0.69889,0.67255,0.55344,0.63471,0.73705,0.7938,0.74201,0.73364,0.71522,0.74756,0.61454,0.59787,0.81962,0.85455,0.76473,0.78383,0.80524,0.6969,0.68923,0.79452,0.47951,0.51768,0.70785,0.71334,0.83499,0.76667,0.42562,0.24436,0.66482,0.70987,0.43162,0.69248,0.67025,0.71454,0.24258,0,0.54322,0.60325,0.55666,0.54481,0.55153,0.62617,0.50189,0.29752,0.55795,0.62921,0.73496,0.63552,0.50692,0.52898,0.14714,0.46851,0.40658,0.47491,0.65126,0.73851,0.64839,0.63127,0.68836,0.62466,0.44125,0.3996,0.21017,0.36924,0.26946,0.37134,0.3971,0.59068,0.67189,0.60703,0.41193,0
0.48839,0.43374,0.48965,0.40721,0.5233,0.43556,0.49524,0.37113,0.372,0.42338,0.41576,0.47491,0.48734,0.36533,0.60282,0.5172,0.27794,0.26779,0.48418,0.44327,1,0.74668,0.49182,0.43262,0.55638,0.48361,0.57439,0.46717,0.35399,0.25719,0.46571,0.5101,0.33972,0.33242,0.34025,0.26742,0.37883,0.29802,0.25441,0.25121,0.40493,0.45706,0.56196,0.54883,0.46765,0.48354,0.54784,0.58111,0.48397,0.48795,0.40517,0.46443,0.3667,0.4423,0.49012,0.55854,0.49363,0.37979,0.46814,0.4012,0.43754,0.19581,0.34867,0.27999,0.4022,0.38758,0.52382,0.51448,0.4665,0.44967,0.63588,0.51876,0.54586,0.48604,0.53599,0.48653,0.49755,0.45595,0.28435,0.031715,0.3726,0.44458,0.37481,0.40158,0.5033,0.58625,0.39466,0.44642,0.47951,0.51837,0.40393,0.36314,0.2252,0.50257,0.21939,0.28026,0.42026,0.42726,0.52823,0.55124,0.35169,0.5285,0.34355,0.46065,0.18079,0.26272,0.19342,0.31182,0.13095,0.21221,0.44337,0.47227,0.49472,0.29749,0.20168,0
0.4053,0.41007,0.46594,0.4472,0.48498,0.43209,0.43226,0.39003,0.30579,0.39661,0.37684,0.40974,0.4386,0.34657,0.53968,0.50527,0.3147,0.29991,0.39109,0.4312,0.74668,1,0.41101,0.43477,0.57364,0.56252,0.5203,0.48529,0.35568,0.30945,0.55682,0.58514,0.37937,0.37032,0.25543,0.18727,0.3382,0.39524,0.16264,0.21761,0.33989,0.4719,0.55603,0.59731,0.44389,0.53205,0.4856,0.55404,0.47848,0.52378,0.46355,0.54991,0.45979,0.50154,0.54487,0.58484,0.42266,0.39046,0.49621,0.45095,0.34624,0.28421,0.38117,0.37334,0.34184,0.42511,0.52542,0.55233,0.47123,0.45514,0.50525,0.55623,0.43442,0.55543,0.48879,0.48518,0.42838,0.42488,0.28837,0.068589,0.46986,0.54016,0.43042,0.46325,0.53359,0.58484,0.40041,0.43315,0.43361,0.52937,0.47645,0.40636,0.20773,0.42967,0.076677,0.20266,0.33373,0.38078,0.46995,0.53884,0.31573,0.45616,0.3379,0.43701,0.19446,0.20773,0.2123,0.32646,0.081346,0.20062,0.41454,0.41581,0.458,0.20333,0.15321,0
0.63298,0.55524,0.90243,0.76531,0.63488,0.21714,0.81857,0.62383,0.56368,0.4905,0.52295,0.6495,0.65314,0.72834,0.53144,0.59009,0.1874,0.3019,0.75527,0.60725,0.49182,0.41101,1,0.89855,0.73838,0.54004,0.47126,0.40512,0.36365,0.16878,0.56926,0.62767,0.64866,0.61114,0.76721,0.58631,0.21698,0.2902,0.083956,0.23236,0.34265,0.35009,0.6873,0.56587,0.66356,0.6405,0.55652,0.62134,0.57815,0.55342,0.54557,0.56106,0.47122,0.57135,0.46627,0.58744,0.62116,0.56265,0.51391,0.39086,0.67026,0.35233,0.50748,0.42988,0.80501,0.6235,0.68189,0.65943,0.59964,0.5584,0.41184,0.35975,0.5183,0.51866,0.34367,0.54675,0.60256,0.7619,0.099863,0,0.21073,0.40055,0.26041,0.33696,0.50506,0.70789,0.43162,0.3631,0.54388,0.78479,0.55097,0.63106,0.4849,0.66452,0.13145,0.36586,0.44879,0.52624,0.49084,0.52146,0.33478,0.58444,0.39033,0.47477,0.35068,0.49726,0.05616,0.23475,0.21693,0.3646,0.54187,0.59597,0.47837,0.47308,0.4287,0
0.4532,0.46407,0.84198,0.73482,0.47706,0.19465,0.64981,0.59475,0.40412,0.50687,0.36158,0.5712,0.49443,0.62841,0.40444,0.57243,0.14982,0.30162,0.63733,0.5263,0.43262,0.43477,0.89855,1,0.66283,0.56829,0.36531,0.33857,0.30861,0.20493,0.51375,0.60197,0.5733,0.55222,0.65902,0.50661,0.20335,0.26608,0.087741,0.24746,0.21836,0.36694,0.58648,0.49312,0.56264,0.54997,0.48223,0.54771,0.46567,0.4601,0.48548,0.48919,0.45343,0.53607,0.4233,0.55897,0.47255,0.5492,0.45917,0.37722,0.50685,0.36461,0.41133,0.44477,0.71216,0.60301,0.60912,0.59877,0.51876,0.56109,0.38549,0.3239,0.45696,0.47052,0.26536,0.45345,0.58928,0.67938,0.08634,0,0.23534,0.39931,0.28786,0.39467,0.49028,0.66509,0.4115,0.41009,0.55752,0.75597,0.57846,0.51717,0.55057,0.62045,0.080802,0.33343,0.38873,0.4631,0.48443,0.45727,0.36159,0.49934,0.42082,0.43682,0.36635,0.44973,0.074108,0.27043,0.1256,0.29141,0.49275,0.51452,0.45888,0.38407,0.33775,0
0.58234,0.53281,0.70108,0.58825,0.62093,0.53204,0.5503,0.47428,0.29509,0.57373,0.48932,0.5418,0.48113,0.49475,0.54892,0.55359,0.38815,0.44842,0.62026,0.59138,0.55638,0.57364,0.73838,0.66283,1,0.80417,0.7539,0.68174,0.4877,0.31581,0.7886,0.75259,0.66363,0.5992,0.62906,0.46447,0.31779,0.3337,0.15516,0.21989,0.29604,0.51077,0.67931,0.64696,0.65349,0.67617,0.57551,0.64165,0.59737,0.61019,0.64769,0.66619,0.50417,0.61901,0.62078,0.6655,0.61744,0.63095,0.64038,0.60857,0.5707,0.40292,0.52879,0.45458,0.70061,0.65997,0.81443,0.80595,0.6934,0.6994,0.44463,0.33704,0.56213,0.62254,0.40573,0.59071,0.58153,0.65336,0.31561,0.038603,0.43688,0.58395,0.37136,0.43211,0.62493,0.74322,0.505,0.49165,0.49003,0.66565,0.57458,0.45907,0.27356,0.54085,0.21355,0.33808,0.53195,0.51935,0.59061,0.64027,0.56542,0.67535,0.62084,0.69027,0.3888,0.40523,0.24845,0.46766,0.29114,0.38336,0.57754,0.52273,0.57055,0.49723,0.34877,0
0.33393,0.29145,0.55808,0.41691,0.51343,0.55917,0.39294,0.33471,0.26087,0.5846,0.18922,0.24873,0.29331,0.17901,0.42379,0.40099,0.21833,0.24732,0.3565,0.35461,0.48361,0.56252,0.54004,0.56829,0.80417,1,0.53709,0.54194,0.38563,0.21891,0.61852,0.63238,0.43742,0.37798,0.39727,0.26501,0.24939,0.16633,0.12,0.13755,0.1346,0.41022,0.4436,0.39767,0.34652,0.42135,0.3849,0.43344,0.31693,0.35894,0.36438,0.42731,0.30073,0.42556,0.35376,0.46912,0.39553,0.37282,0.40911,0.35936,0.26899,0.18709,0.30125,0.26314,0.45851,0.47409,0.52563,0.5496,0.38746,0.42896,0.3414,0.2898,0.4418,0.43954,0.30619,0.3538,0.41142,0.40237,0.20561,0,0.30148,0.46308,0.29446,0.36335,0.38005,0.53741,0.32808,0.40282,0.26674,0.50499,0.35717,0.18679,0.18624,0.32539,0.13868,0.16679,0.34709,0.31435,0.43847,0.41639,0.38713,0.47121,0.44508,0.5115,0.24127,0.2674,0.057069,0.245,0.14911,0.21916,0.39168,0.31892,0.41381,0.28293,0.22257,0.0026646
0.56149,0.50679,0.42872,0.41194,0.6739,0.6699,0.43875,0.37174,0.33145,0.48775,0.5132,0.4502,0.44489,0.39184,0.59322,0.48366,0.45502,0.47935,0.48688,0.51397,0.57439,0.5203,0.47126,0.36531,0.7539,0.53709,1,0.90405,0.50033,0.34857,0.63364,0.56008,0.53878,0.47913,0.38666,0.30271,0.2167,0.25088,0.053442,0.084052,0.30461,0.38245,0.54262,0.51617,0.52245,0.55598,0.41988,0.50424,0.49394,0.52603,0.50994,0.5452,0.37776,0.45763,0.49406,0.48421,0.58773,0.55239,0.5005,0.52031,0.51951,0.33802,0.50323,0.3838,0.48824,0.5079,0.60496,0.60496,0.58059,0.5514,0.48821,0.23852,0.59122,0.54073,0.39238,0.4884,0.4792,0.51461,0.37963,0.10962,0.45811,0.52575,0.24492,0.31662,0.50564,0.56241,0.33648,0.29929,0.35467,0.46656,0.42084,0.35059,0.064112,0.38095,0.11152,0.17612,0.368,0.3703,0.45103,0.54212,0.49691,0.59734,0.5592,0.61106,0.35344,0.34305,0.13641,0.37009,0.23095,0.3247,0.47173,0.42484,0.53283,0.44791,0.34565,0.036398
0.42223,0.40963,0.36166,0.36365,0.60637,0.64564,0.34823,0.3112,0.26061,0.44126,0.3455,0.3295,0.28358,0.28841,0.47762,0.3927,0.32382,0.38737,0.39894,0.41431,0.46717,0.48529,0.40512,0.33857,0.68174,0.54194,0.90405,1,0.40304,0.29896,0.56029,0.49046,0.43018,0.3755,0.3928,0.31596,0.20236,0.25662,0.10481,0.13635,0.28387,0.37051,0.44645,0.41742,0.40421,0.44489,0.3598,0.44084,0.34929,0.40404,0.38734,0.42945,0.28719,0.37052,0.38564,0.41369,0.45858,0.45611,0.39718,0.4182,0.38187,0.24914,0.33943,0.27386,0.43933,0.44854,0.53907,0.53485,0.47592,0.46496,0.41076,0.19417,0.52282,0.44794,0.2868,0.37794,0.40565,0.44351,0.30112,0.08951,0.33149,0.4286,0.16903,0.29639,0.41058,0.45962,0.29255,0.2996,0.27233,0.39953,0.35777,0.31529,0.063506,0.32129,0.12194,0.14065,0.36968,0.34569,0.39818,0.45733,0.42961,0.50075,0.46856,0.5102,0.25317,0.2786,0.11991,0.30212,0.1227,0.24699,0.44185,0.38556,0.46182,0.38409,0.26535,0
0.66467,0.55248,0.36371,0.45051,0.28832,0.34195,0.4232,0.43115,0.26534,0.46517,0.614,0.50212,0.51503,0.38035,0.62509,0.60768,0.77156,0.75119,0.49998,0.61229,0.35399,0.35568,0.36365,0.30861,0.4877,0.38563,0.50033,0.40304,1,0.75682,0.54728,0.48292,0.50344,0.5149,0.053352,0,0.1366,0.22852,0.029095,0.077011,0.35169,0.41284,0.56059,0.53817,0.46513,0.50517,0.46519,0.42959,0.43856,0.43902,0.48545,0.46381,0.40327,0.44334,0.3635,0.3862,0.69295,0.61148,0.49812,0.48804,0.53272,0.40492,0.58001,0.54417,0.18255,0.29515,0.4412,0.4856,0.57751,0.58507,0.41816,0.13237,0.66795,0.67438,0.40209,0.59991,0.38786,0.42249,0.65283,0.2994,0.7533,0.74586,0.5552,0.52646,0.52878,0.545,0.40882,0.27502,0.33411,0.43265,0.49037,0.39182,0.23353,0.35561,0.015092,0.18874,0.21183,0.23977,0.47111,0.51185,0.50193,0.5295,0.47581,0.45003,0.19744,0.16481,0.34218,0.30991,0.22015,0.14734,0.2336,0.35855,0.56823,0.41257,0.35372,0
0.42,0.52932,0.16587,0.42915,0.072568,0.29532,0.19195,0.48281,0.024831,0.45499,0.42416,0.51573,0.25115,0.35452,0.48624,0.65783,0.66589,0.79465,0.38112,0.58308,0.25719,0.30945,0.16878,0.20493,0.31581,0.21891,0.34857,0.29896,0.75682,1,0.45326,0.40798,0.3386,0.39793,0,0,0.1231,0.3054,0.096198,0.15446,0.28723,0.45783,0.56889,0.59239,0.46298,0.44826,0.5074,0.4717,0.39475,0.40228,0.48363,0.40906,0.42059,0.4196,0.40068,0.3662,0.46829,0.59792,0.41948,0.53955,0.35564,0.41891,0.37035,0.55243,0.055827,0.2362,0.42907,0.46034,0.5397,0.59666,0.36133,0.14207,0.49863,0.63069,0.28027,0.46245,0.31145,0.31867,0.61222,0.43703,0.81576,0.805,0.55664,0.64905,0.57921,0.54167,0.40015,0.34995,0.4368,0.30573,0.52726,0.33542,0.32983,0.26256,0,0.13932,0.21122,0.19896,0.4652,0.51708,0.49568,0.36209,0.4664,0.35381,0.17896,0.046251,0.51378,0.41077,0.19173,0,0.15655,0.3016,0.50369,0.26697,0.13973,0
0.47297,0.51225,0.50049,0.52652,0.46719,0.40669,0.42365,0.45588,0.16618,0.50334,0.50269,0.50292,0.42169,0.47454,0.49346,0.57079,0.53664,0.52616,0.45537,0.59383,0.46571,0.55682,0.56926,0.51375,0.7886,0.61852,0.63364,0.56029,0.54728,0.45326,1,0.89874,0.73828,0.7151,0.49366,0.32908,0.12721,0.24165,0,0.075448,0.26886,0.43733,0.59327,0.6156,0.70371,0.75063,0.45555,0.52657,0.61587,0.62041,0.64233,0.66576,0.45619,0.54282,0.53821,0.53792,0.58659,0.62546,0.63469,0.62763,0.49538,0.47775,0.61418,0.54958,0.60141,0.70088,0.74451,0.76114,0.60399,0.63,0.39869,0.23362,0.55281,0.68087,0.46771,0.60072,0.33719,0.49579,0.36387,0.17042,0.54715,0.62411,0.42973,0.41312,0.5865,0.68354,0.44425,0.43163,0.325,0.45858,0.50215,0.40442,0.16656,0.4035,0.021341,0.28881,0.3557,0.3675,0.53827,0.6613,0.56565,0.57259,0.58244,0.64447,0.39952,0.3384,0.34154,0.51672,0.43929,0.38161,0.43065,0.46881,0.60045,0.42887,0.28053,0.015724
0.45148,0.50051,0.53169,0.53993,0.49161,0.34972,0.45438,0.49683,0.22681,0.52248,0.50447,0.57043,0.45905,0.49562,0.49753,0.57989,0.48655,0.45777,0.47614,0.55367,0.5101,0.58514,0.62767,0.60197,0.75259,0.63238,0.56008,0.49046,0.48292,0.40798,0.89874,1,0.71558,0.72853,0.5363,0.42083,0.17868,0.24726,0,0.075681,0.26063,0.41585,0.61478,0.64413,0.72505,0.78316,0.46782,0.5526,0.64045,0.64669,0.65093,0.67723,0.47587,0.53608,0.56912,0.57925,0.54462,0.58613,0.64077,0.61399,0.52643,0.4664,0.58812,0.52009,0.64916,0.77372,0.75913,0.788,0.59418,0.60616,0.35819,0.31432,0.57942,0.69217,0.53983,0.59997,0.40611,0.52929,0.29814,0.16805,0.4913,0.59899,0.36787,0.37986,0.5585,0.7275,0.40857,0.43713,0.38539,0.48971,0.53546,0.41469,0.21899,0.49142,0,0.29272,0.35702,0.38663,0.55207,0.6675,0.53576,0.60195,0.58122,0.67343,0.45605,0.41695,0.28749,0.52449,0.40718,0.38176,0.49953,0.53022,0.60853,0.42166,0.26874,0.074973
0.6608,0.71482,0.57666,0.67191,0.45607,0.31079,0.55482,0.65533,0.32226,0.56353,0.59253,0.63749,0.51732,0.61873,0.37266,0.55455,0.47642,0.60001,0.63565,0.7339,0.33972,0.37937,0.64866,0.5733,0.66363,0.43742,0.53878,0.43018,0.50344,0.3386,0.73828,0.71558,1,0.95316,0.53116,0.53934,0,0.125,0,0,0.078912,0.21921,0.51824,0.48321,0.76289,0.75297,0.29179,0.43026,0.73648,0.70057,0.68019,0.69989,0.51554,0.58957,0.44494,0.41536,0.74603,0.77094,0.67133,0.66312,0.76505,0.72456,0.77777,0.77604,0.65124,0.76068,0.68079,0.72647,0.62394,0.61058,0.29987,0.061112,0.5804,0.66894,0.38459,0.67866,0.45495,0.63053,0.19193,0.048849,0.36037,0.48784,0.29274,0.23058,0.38005,0.55069,0.36757,0.16864,0.30749,0.48284,0.49648,0.45943,0.27303,0.39044,0.049076,0.34891,0.2287,0.28139,0.40356,0.56279,0.56346,0.57553,0.60509,0.60314,0.6047,0.50784,0.092312,0.33754,0.50738,0.57369,0.32967,0.45911,0.58081,0.60635,0.50075,0.10015
0.64475,0.72844,0.50634,0.64977,0.41128,0.28252,0.50052,0.66566,0.28743,0.54345,0.63769,0.68644,0.54708,0.61618,0.37507,0.55702,0.54044,0.64688,0.60897,0.7147,0.33242,0.37032,0.61114,0.55222,0.5992,0.37798,0.47913,0.3755,0.5149,0.39793,0.7151,0.72853,0.95316,1,0.47259,0.49805,0,0.06274,0,0,0.077417,0.19757,0.50234,0.49729,0.7621,0.74456,0.25809,0.38688,0.75283,0.69317,0.67726,0.68321,0.49377,0.54429,0.4143,0.36414,0.70718,0.76578,0.65669,0.64852,0.74082,0.72832,0.75566,0.79237,0.58821,0.74294,0.64093,0.68208,0.57361,0.56422,0.3262,0.046021,0.58705,0.68979,0.40771,0.66141,0.44372,0.60045,0.23007,0.12978,0.37899,0.51444,0.27236,0.2159,0.35657,0.53664,0.31843,0.12788,0.314,0.40631,0.48498,0.44907,0.26647,0.37848,0.0092919,0.31113,0.19016,0.21787,0.38732,0.5494,0.55419,0.54925,0.57501,0.56529,0.60519,0.49398,0.15928,0.36331,0.55368,0.57143,0.30438,0.43699,0.58849,0.57681,0.48347,0.15104
0.30532,0.2936,0.65392,0.50396,0.48556,0.077976,0.51309,0.39177,0.2724,0.26524,0.24811,0.43115,0.289,0.4953,0.22534,0.27761,0,0.055348,0.48935,0.35609,0.34025,0.25543,0.76721,0.65902,0.62906,0.39727,0.38666,0.3928,0.053352,0,0.49366,0.5363,0.53116,0.47259,1,0.82901,0.20994,0.25433,0.16565,0.26957,0.27614,0.28339,0.53162,0.42902,0.55101,0.54056,0.41023,0.53176,0.39714,0.37341,0.38074,0.36654,0.27343,0.37108,0.37234,0.48542,0.36662,0.36278,0.3559,0.29977,0.43801,0.24379,0.27454,0.21057,0.8423,0.62778,0.69323,0.66623,0.46918,0.42027,0.23235,0.22476,0.26626,0.2831,0.16288,0.32485,0.42796,0.61571,0,0,0.0021832,0.16043,0.11258,0.15909,0.3903,0.5432,0.41995,0.39875,0.37856,0.51736,0.37663,0.46899,0.33405,0.4616,0.17615,0.38194,0.45365,0.52837,0.30848,0.3791,0.214,0.36546,0.28363,0.39694,0.27621,0.40867,0.069716,0.26736,0.11723,0.3172,0.54129,0.47846,0.27092,0.3523,0.26885,0
0.30969,0.37542,0.5037,0.45473,0.35089,0.045156,0.38495,0.39437,0.14741,0.27214,0.23516,0.43516,0.20269,0.43134,0.011916,0.16633,0,0.054193,0.46822,0.36892,0.26742,0.18727,0.58631,0.50661,0.46447,0.26501,0.30271,0.31596,0,0,0.32908,0.42083,0.53934,0.49805,0.82901,1,0.13188,0.10341,0,0.092382,0.045852,0.12922,0.36266,0.28062,0.49469,0.46827,0.18735,0.39661,0.44169,0.45742,0.38848,0.41329,0.31046,0.37736,0.31806,0.38622,0.36114,0.39542,0.39828,0.38425,0.49023,0.41444,0.33255,0.31142,0.70691,0.62324,0.57791,0.59021,0.40036,0.34587,0.12201,0.09298,0.19739,0.19657,0.11096,0.2876,0.44634,0.57031,0,0,0,0,0.037869,0,0.14521,0.31287,0.31124,0.20251,0.28892,0.38271,0.32257,0.3651,0.29807,0.32703,0.11989,0.4106,0.29155,0.3812,0.23354,0.32746,0.27179,0.31937,0.3443,0.42501,0.39043,0.43431,0,0.24204,0.13885,0.3837,0.44204,0.36757,0.21236,0.40179,0.27535,0.044147
0.16991,0.12571,0.32817,0.21831,0.17688,0.052739,0.22204,0.10904,0.065512,0,0.04694,0.094005,0.088114,0.16519,0.2459,0.18038,0,0,0.30918,0.21273,0.37883,0.3382,0.21698,0.20335,0.31779,0.24939,0.2167,0.20236,0.1366,0.1231,0.12721,0.17868,0,0,0.20994,0.13188,1,0.64023,0.69776,0.64123,0.4835,0.47624,0.35907,0.31865,0.092764,0.17033,0.56703,0.53876,0.09537,0.18729,0.17952,0.16783,0.24145,0.26745,0.60437,0.56452,0.12624,0.14219,0.24175,0.20545,0.1013,0,0,0,0.22104,0.078663,0.36502,0.35788,0.4047,0.35488,0.26215,0.48634,0.16137,0.16495,0.18641,0.19388,0.4385,0.24819,0.10856,0,0.27016,0.21112,0.43415,0.47724,0.51614,0.40223,0.4217,0.51969,0.44771,0.32567,0.36219,0.3372,0.27349,0.37366,0.37363,0.28976,0.61669,0.55521,0.47302,0.39595,0.2318,0.29742,0.21569,0.25728,0,0,0.22117,0.21041,0,0,0.45067,0.31677,0.23653,0.057019,0,0
0.26834,0.31782,0.33301,0.42167,0.18841,0.033498,0.32827,0.33478,0.22779,0.10528,0.20302,0.29752,0.20232,0.43565,0.43073,0.45251,0.063685,0.19153,0.35829,0.35023,0.29802,0.39524,0.2902,0.26608,0.3337,0.16633,0.25088,0.25662,0.22852,0.3054,0.24165,0.24726,0.125,0.06274,0.25433,0.10341,0.64023,1,0.5964,0.70448,0.57808,0.66903,0.47629,0.43806,0.24271,0.25806,0.63539,0.59432,0.21985,0.28111,0.34218,0.27412,0.41815,0.38199,0.5826,0.61732,0.26408,0.30117,0.30643,0.32728,0.2275,0.13982,0.073926,0.15064,0.20381,0.082473,0.42897,0.42558,0.5131,0.46007,0.26712,0.51951,0.2579,0.37814,0.18304,0.4018,0.36337,0.37322,0.059388,0,0.39211,0.35009,0.47084,0.62039,0.6312,0.4922,0.55806,0.56439,0.52187,0.41978,0.44215,0.51576,0.32409,0.3539,0.24651,0.2112,0.53963,0.57715,0.47976,0.46804,0.17678,0.19988,0.099303,0.1391,0,0,0.27979,0.17586,0,0,0.36417,0.37849,0.25376,0.035398,0,0
0.020496,0.022797,0.16536,0.10284,0,0,0.12267,0.081526,0.012703,0,0,0.015452,0,0.054322,0.21808,0.17006,0,0,0.10681,0.034039,0.25441,0.16264,0.083956,0.087741,0.15516,0.12,0.053442,0.10481,0.029095,0.096198,0,0,0,0,0.16565,0,0.69776,0.5964,1,0.91719,0.58616,0.6484,0.18954,0.18008,0,0,0.5763,0.48525,0,0,0,0,0.062033,0.089212,0.40568,0.53325,0,0.015942,0.04748,0.062196,0,0,0,0,0.047482,0,0.24699,0.23348,0.26203,0.2643,0.20999,0.4662,0.096258,0.07966,0.012168,0.078404,0.27762,0.14744,0,0,0.12449,0.077272,0.47059,0.62347,0.45401,0.282,0.53804,0.691,0.4305,0.22843,0.19995,0.21617,0.19712,0.25326,0.54368,0.34417,0.67946,0.65665,0.44638,0.30179,0.11225,0.077103,0,0,0,0,0.38754,0.057823,0,0,0.19287,0.13014,0,0,0,0
0.087852,0.11533,0.2576,0.25216,0.023727,0,0.21602,0.20468,0.070011,0.040642,0,0.15382,0,0.23037,0.25319,0.29272,0,0,0.22969,0.16025,0.25121,0.21761,0.23236,0.24746,0.21989,0.13755,0.084052,0.13635,0.077011,0.15446,0.075448,0.075681,0,0,0.26957,0.092382,0.64123,0.70448,0.91719,1,0.59244,0.69568,0.30639,0.25343,0.00080281,0,0.65373,0.58263,0,0.034374,0.055765,0.020364,0.19766,0.18169,0.471,0.63701,0.053564,0.12553,0.14119,0.16396,0.05139,0,0,0,0.18417,0,0.34459,0.32907,0.37236,0.37514,0.21273,0.48912,0.15231,0.14648,0,0.1618,0.36312,0.28589,0,0,0.15838,0.10612,0.4784,0.69921,0.5077,0.35541,0.60588,0.71541,0.52779,0.34662,0.34678,0.35126,0.32482,0.34082,0.45072,0.32264,0.68786,0.75547,0.47822,0.38088,0.12603,0.13833,0.054029,0.030156,0,0,0.38168,0.10383,0,0,0.33242,0.25466,0.037662,0,0,0
0.34996,0.29571,0.35797,0.32392,0.3958,0.036454,0.40997,0.24624,0.40896,0.042009,0.29,0.31555,0.33798,0.3538,0.58768,0.42591,0.16784,0.14587,0.38462,0.28584,0.40493,0.33989,0.34265,0.21836,0.29604,0.1346,0.30461,0.28387,0.35169,0.28723,0.26886,0.26063,0.078912,0.077417,0.27614,0.045852,0.4835,0.57808,0.58616,0.59244,1,0.58707,0.53066,0.50045,0.30021,0.27,0.68638,0.57706,0.24541,0.22612,0.25655,0.22263,0.30239,0.32163,0.49468,0.5674,0.35159,0.19314,0.23975,0.18157,0.24257,0.0092573,0.12844,0.076305,0.2367,0.078595,0.38377,0.37829,0.44938,0.37163,0.3762,0.50789,0.39611,0.39181,0.38087,0.32048,0.29012,0.35409,0.24543,0,0.41307,0.41754,0.46036,0.55788,0.61732,0.55163,0.59434,0.56054,0.4722,0.402,0.37907,0.51361,0.27315,0.45182,0.26043,0.33186,0.5072,0.56517,0.4938,0.45649,0.18197,0.27589,0.085423,0.11694,0,0,0.34975,0.16524,0,0,0.28649,0.3994,0.28869,0.052878,0,0
0.37851,0.45161,0.38777,0.42757,0.21873,0.24404,0.3005,0.39787,0.091953,0.31648,0.21369,0.41522,0.21126,0.35105,0.54391,0.58061,0.19498,0.36176,0.38897,0.45741,0.45706,0.4719,0.35009,0.36694,0.51077,0.41022,0.38245,0.37051,0.41284,0.45783,0.43733,0.41585,0.21921,0.19757,0.28339,0.12922,0.47624,0.66903,0.6484,0.69568,0.58707,1,0.47116,0.50074,0.29109,0.26604,0.65412,0.60229,0.27376,0.36049,0.41504,0.40239,0.43984,0.4824,0.60137,0.72166,0.40627,0.47497,0.48432,0.50319,0.30827,0.28083,0.21842,0.32033,0.24836,0.26529,0.57215,0.57409,0.58625,0.62221,0.41938,0.54293,0.44172,0.58515,0.33491,0.51511,0.49004,0.45765,0.20598,0,0.53133,0.52476,0.61891,0.76183,0.70679,0.6077,0.69112,0.73515,0.59646,0.47278,0.508,0.36254,0.27,0.38372,0.37617,0.38035,0.61487,0.60404,0.67052,0.60248,0.4632,0.35768,0.38486,0.32559,0,0,0.51055,0.31788,0,0,0.25106,0.26341,0.33631,0.062891,0,0
0.64642,0.62776,0.68354,0.69927,0.57789,0.28405,0.64635,0.56589,0.4493,0.44751,0.56437,0.67909,0.54497,0.68452,0.60124,0.6921,0.41619,0.52884,0.72383,0.69269,0.56196,0.55603,0.6873,0.58648,0.67931,0.4436,0.54262,0.44645,0.56059,0.56889,0.59327,0.61478,0.51824,0.50234,0.53162,0.36266,0.35907,0.47629,0.18954,0.30639,0.53066,0.47116,1,0.89154,0.80327,0.7944,0.80635,0.84102,0.73156,0.7094,0.75963,0.70262,0.70358,0.73744,0.68586,0.71705,0.66672,0.60171,0.63743,0.59749,0.60896,0.38167,0.49285,0.50408,0.59133,0.51964,0.78606,0.76863,0.77361,0.70176,0.4551,0.37848,0.58088,0.64665,0.45737,0.60725,0.53198,0.71237,0.42313,0.17701,0.60031,0.6772,0.47732,0.59479,0.71652,0.82576,0.56567,0.5035,0.5869,0.75791,0.76001,0.80481,0.55975,0.69284,0.073093,0.42236,0.5144,0.62899,0.67689,0.75844,0.44985,0.63211,0.50181,0.58672,0.35219,0.44948,0.34333,0.49232,0.15694,0.25331,0.63297,0.76962,0.6715,0.51208,0.35346,0
0.5723,0.58203,0.57216,0.57102,0.50291,0.25268,0.50607,0.46766,0.34647,0.38617,0.56423,0.60649,0.50844,0.55847,0.62047,0.65769,0.45402,0.53805,0.64707,0.61274,0.54883,0.59731,0.56587,0.49312,0.64696,0.39767,0.51617,0.41742,0.53817,0.59239,0.6156,0.64413,0.48321,0.49729,0.42902,0.28062,0.31865,0.43806,0.18008,0.25343,0.50045,0.50074,0.89154,1,0.77125,0.75762,0.75375,0.82257,0.73187,0.71178,0.74272,0.71193,0.65463,0.71007,0.68509,0.71831,0.57896,0.59772,0.64338,0.60138,0.53143,0.3734,0.45572,0.49273,0.49984,0.48864,0.74369,0.73789,0.71741,0.70054,0.42037,0.42078,0.5635,0.66688,0.52682,0.59954,0.49676,0.60628,0.46424,0.23861,0.65389,0.73516,0.45517,0.58685,0.72825,0.81485,0.54178,0.54674,0.57214,0.66583,0.72558,0.67785,0.46738,0.66367,0.082829,0.35583,0.49585,0.57207,0.67758,0.76307,0.50173,0.60328,0.52639,0.58925,0.33393,0.36003,0.49011,0.62061,0.2005,0.22748,0.57678,0.66563,0.64802,0.4314,0.24556,0
0.6545,0.7234,0.61949,0.69409,0.53259,0.31182,0.58815,0.66559,0.37233,0.53187,0.61899,0.74979,0.55379,0.73592,0.45545,0.67297,0.47525,0.60489,0.67414,0.69889,0.46765,0.44389,0.66356,0.56264,0.65349,0.34652,0.52245,0.40421,0.46513,0.46298,0.70371,0.72505,0.76289,0.7621,0.55101,0.49469,0.092764,0.24271,0,0.00080281,0.30021,0.29109,0.80327,0.77125,1,0.91163,0.57974,0.66935,0.90476,0.8198,0.82646,0.79721,0.67287,0.74538,0.59834,0.5472,0.71341,0.72472,0.69144,0.69447,0.69661,0.63999,0.67215,0.72313,0.61891,0.68345,0.77168,0.77667,0.69599,0.65623,0.40185,0.21173,0.55041,0.63892,0.44514,0.66634,0.4086,0.63244,0.32872,0.21026,0.49353,0.61214,0.33146,0.3777,0.55734,0.71354,0.42828,0.31398,0.44366,0.62106,0.62771,0.66994,0.44026,0.58094,0.059137,0.46553,0.36812,0.44116,0.5809,0.70214,0.55353,0.62669,0.59382,0.63171,0.56649,0.56744,0.25578,0.47355,0.4719,0.5253,0.46506,0.66476,0.69483,0.60317,0.45791,0.0057775
