1,0.83975,0.090513,0.36065,0.0071263,0.0021035,0.34925,0.4259,0.17889,0.096824,0.53923,0.56942,0.26923,0.40624,0.30229,0.17555,0.50815,0.47904,0.64607,0.6356,0,0.11115,0,0,0,0.097356,0.0378,0.076074,0.28358,0.24843,0.28539,0.25042,0.50888,0.52337,0,0,0,0.21723,0.13683,0.055652,0.0899,0,0.18556,0.15435,0.18702,0.20032,0.22306,0.12193,0.2338,0.16724,0.036449,0.10299,0.16106,0.12474,0.32524,0.37546,0.86903,0.76929,0.6836,0.558,0.5446,0.50156,0.39571,0.51409,0,0.06202,0.36485,0.20376,0.46669,0.42988,0.26354,0.25277,0.45175,0.4667,0.36393,0.29122,0.41514,0.5053,0.086894,0.26783,0.32598,0.3884,0.17982,0.11668,0.45034,0.23794,0.15454,0.15372,0.50351,0.48492,0.35756,0.25025,0.20981,0.24218,0.058489,0.27285,0.29929,0.3221,0.52329,0.44772,0.30125,0.20573,0.47878,0.48948,0,0.094383,0,0.26979,0,0,0.039999,0.45229,0.59441,0.3514,0,0
0.83975,1,0.15118,0.479,0.03158,0.021309,0.37344,0.54908,0.048399,0,0.44293,0.6457,0.26888,0.3323,0.24195,0.092321,0.46572,0.53927,0.69734,0.77165,0.12271,0.25692,0,0,0,0.1491,0.051795,0.17229,0.234,0.30305,0.33639,0.2951,0.67308,0.65188,0,0.079717,0,0.36274,0.15589,0.10534,0.05887,0,0.29801,0.27676,0.26641,0.27191,0.34895,0.24049,0.30423,0.23294,0.16774,0.19248,0.27802,0.2828,0.44199,0.47058,0.85781,0.85915,0.65529,0.61309,0.55941,0.52326,0.51742,0.65117,0,0.019891,0.4767,0.31484,0.6321,0.44923,0.3044,0.2491,0.50247,0.57945,0.4943,0.40139,0.55427,0.53685,0.10394,0.39122,0.47228,0.51604,0.28952,0.12638,0.59535,0.39573,0.2937,0.11997,0.56006,0.56537,0.47464,0.24922,0.26943,0.11561,0.16252,0.23488,0.36619,0.36244,0.63997,0.57132,0.38044,0.11855,0.57464,0.48728,0.048909,0.13883,0.032734,0.33169,0.061086,0,0.10263,0.50434,0.54541,0.43897,0.026336,0
0.090513,0.15118,1,0.57486,0.097347,0,0.75394,0.36235,0,0,0.18844,0,0.36557,0.094979,0.31448,0.22291,0.069438,0.053566,0.47516,0.31297,0.022311,0.022913,0.7581,0.65065,0.1554,0.22009,0.04732,0.027938,0,0,0.37988,0.3019,0.28418,0.2497,0.19817,0.13422,0,0,0,0,0,0,0.29359,0.35973,0.30968,0.20597,0.2262,0.3424,0.19684,0.18673,0.25494,0.15148,0.041721,0.3445,0,0.12213,0.032302,0,0.0253,0,0,0,0,0,0.40676,0,0.12717,0.088663,0.17522,0.12456,0.34413,0.24802,0.17848,0.12272,0.26904,0.099513,0.22846,0.17479,0.096107,0.16501,0.29568,0.18616,0.031383,0.033126,0.25777,0.10343,0,0,0,0.045571,0.031483,0.25019,0.053647,0.26777,0.019082,0.039299,0.31154,0.35311,0.20026,0.2298,0,0.090032,0,0,0,0,0,0,0,0.020137,0.24359,0.197,0.15513,0.13763,0.14564,0
0.36065,0.479,0.57486,1,0.29195,0.30231,0.62979,0.78788,0.066073,0.038838,0.28594,0.26476,0.30676,0.31114,0.20284,0.24457,0.22518,0.16796,0.52624,0.63642,0.099668,0.18787,0.50078,0.62395,0.21535,0.40457,0.10424,0.2083,0.013054,0,0.39876,0.42185,0.55618,0.54333,0.15349,0.29809,0,0.23627,0.0093865,0.16363,0.18031,0,0.31429,0.37234,0.35189,0.29511,0.29955,0.40068,0.25533,0.21044,0.33796,0.25681,0.2034,0.34114,0.10859,0.26275,0.46046,0.50296,0.44857,0.38192,0.47192,0.41675,0.30609,0.3943,0.13898,0.26952,0.51052,0.54122,0.4036,0.54236,0.4283,0.29208,0.30891,0.35436,0.47298,0.30212,0.40405,0.45211,0.066962,0.29561,0.54484,0.48632,0.12028,0.18002,0.5465,0.44817,0.17156,0.14188,0.42197,0.35255,0.37213,0.38542,0.49078,0.25849,0.17413,0.26538,0.56902,0.55023,0.42276,0.37982,0.3459,0.27454,0.33525,0.31334,0,0,0,0.16058,0.0096219,0.10759,0.34263,0.37061,0.32436,0.11946,0,0
0.0071263,0.03158,0.097347,0.29195,1,0.82202,0.069691,0.24567,0.62042,0.54752,0.01963,0,0,0,0.18531,0.20419,0,0.056638,0.15227,0.19917,0.36609,0.32837,0.24983,0.27533,0.82419,0.46722,0.28029,0.21129,0,0,0.081353,0.13128,0.25059,0.23655,0.34163,0.34381,0.032059,0.13871,0.044482,0.19166,0.09415,0.13894,0.27655,0.25354,0.28504,0.15815,0.16969,0.30081,0.20434,0.14282,0.34438,0.20513,0.17452,0.18182,0.12952,0.15752,0.10666,0.093339,0.26982,0.20338,0.19565,0.17592,0.093793,0.05516,0.26932,0.34097,0.28315,0.29844,0.32877,0.18746,0.0033991,0.019514,0,0,0.15992,0.15072,0.14205,0.13413,0,0.21255,0.21912,0.25018,0.085499,0.15911,0.16453,0.27509,0.20715,0.051873,0.053986,0.1351,0.13287,0.13197,0.31026,0.19473,0.15565,0,0.30549,0.18017,0.10891,0.14979,0.18446,0.10892,0.13581,0.13711,0,0,0,0.043218,0.0037549,0.11247,0.30507,0.10864,0.03204,0.022982,0.10807,0
0.0021035,0.021309,0,0.30231,0.82202,1,0,0.3278,0.56846,0.60129,0.006492,0.036859,0,0,0,0.13195,0,0.094896,0.15199,0.2242,0.2661,0.28692,0.11749,0.21684,0.71619,0.49108,0.28482,0.4073,0,0,0.13032,0.19615,0.23677,0.27548,0.37428,0.45928,0.15943,0.24611,0,0.20303,0.24028,0.20813,0.22174,0.20562,0.25158,0.13549,0.16303,0.28284,0.14287,0.10105,0.27323,0.14872,0.11145,0.10042,0,0.034044,0.142,0.12806,0.30095,0.23738,0.26975,0.25316,0.10464,0.056971,0.15169,0.43338,0.33258,0.42053,0.27561,0.28423,0.061631,0.17641,0.14621,0.082197,0.18826,0.1979,0.25255,0.30481,0.027424,0.19987,0.27234,0.2614,0.020707,0.13345,0.11434,0.35501,0.11791,0.090637,0.055782,0.14597,0.17518,0.15354,0.33461,0.16714,0.21996,0.048205,0.31658,0.18504,0.056741,0.06664,0.25581,0.18188,0.19735,0.14026,0,0,0,0.02368,0.08962,0.1322,0.40267,0,0.018948,0,0,0
0.34925,0.37344,0.75394,0.62979,0.069691,0,1,0.60397,0,0,0.50857,0.29469,0.64885,0.32655,0.38901,0.11608,0.26628,0.19073,0.56018,0.43579,0,0,0.52659,0.48369,0.047049,0.19949,0,0,0.1873,0,0.36975,0.29422,0.49377,0.4198,0.024449,0.0085342,0,0.11366,0,0,0,0,0.36335,0.40923,0.36316,0.34714,0.33034,0.41675,0.39847,0.33937,0.40556,0.30657,0.32819,0.37776,0.031794,0.16307,0.28186,0.2691,0.31607,0.17911,0.39084,0.22103,0.28291,0.29768,0.22487,0.0578,0.36988,0.28997,0.32226,0.2845,0.32714,0.21329,0.30714,0.18566,0.28326,0.12114,0.29408,0.32622,0.15365,0.22246,0.4123,0.36998,0.093214,0.14868,0.39175,0.22205,0,0,0.18871,0.17416,0.25364,0.34942,0.24296,0.39421,0.046895,0.12686,0.37529,0.47357,0.35286,0.35784,0.1628,0.24698,0.26601,0.27737,0,0.040419,0,0.0064754,0,0.073885,0.24417,0.30575,0.29333,0.30208,0.12072,0
0.4259,0.54908,0.36235,0.78788,0.24567,0.3278,0.60397,1,0.19471,0.22881,0.46865,0.54294,0.44309,0.46805,0.12806,0.17375,0.37649,0.28388,0.56023,0.61,0.044344,0.17642,0.27717,0.41575,0.16549,0.25317,0.11252,0.18183,0.13155,0.17944,0.35522,0.3946,0.62416,0.66305,0.15948,0.31663,0,0.31211,0,0.070967,0.14921,0.087725,0.40609,0.42272,0.40341,0.37893,0.38476,0.42815,0.35783,0.29566,0.38681,0.33282,0.35345,0.33425,0.10503,0.24444,0.49892,0.56074,0.53182,0.45893,0.66435,0.59569,0.42372,0.52435,0.13558,0.39193,0.53508,0.58169,0.49236,0.50135,0.33963,0.19949,0.30809,0.38514,0.33951,0.217,0.43981,0.43355,0.13009,0.35904,0.57896,0.54495,0.14532,0.18113,0.55779,0.50391,0.1169,0.11962,0.40125,0.35938,0.4545,0.33885,0.50951,0.23781,0.19852,0.17156,0.5105,0.51751,0.4386,0.44952,0.34912,0.27447,0.416,0.41679,0,0,0,0.1192,0.035516,0.14568,0.37629,0.43081,0.39198,0.3205,0,0
0.17889,0.048399,0,0.066073,0.62042,0.56846,0,0.19471,1,0.83129,0.1659,0.055315,0,0,0.18435,0.077349,0.028177,0.14297,0.13789,0.084496,0.12917,0.060957,0.044884,0.061871,0.54234,0.31776,0.18971,0.074854,0.0836,0.078944,0.091109,0.16014,0.15014,0.14281,0.16828,0.16726,0,0.036282,0.0021746,0.066179,0.052327,0.092699,0,0,0,0,0,0,0,0,0.062761,0,0.081565,0,0,0,0.12114,0.073531,0.15181,0.048008,0.23408,0.14703,0.15788,0.078213,0.10801,0.21242,0.12316,0.091635,0.085349,0.040872,0.0025992,0.065288,0.03671,0,0,0,0.023933,0.11489,0,0.13962,0.10692,0.16348,0.019182,0.13252,0.017151,0.072896,0,0,0,0,0,0,0.19319,0.11835,0.045188,0.012734,0.098074,0.064346,0,0,0.078268,0.050516,0.07013,0.043758,0,0,0,0,0,0.10604,0.014919,0.060209,0.028019,0.0062573,0.061692,0
0.096824,0,0,0.038838,0.54752,0.60129,0,0.22881,0.83129,1,0.077412,0.10108,0,0.038122,0.070614,0.07606,0.089758,0.12689,0.06591,0.052841,0.10205,0.081243,0.045205,0.10364,0.47783,0.26014,0.11298,0,0.06898,0.10071,0.029322,0.12357,0.1393,0.11143,0.21829,0.25362,0.0054767,0.021453,0,0.065852,0.030108,0.17313,0.066306,0,0.047155,0.028121,0,0.064822,0.046601,0.0077707,0.16943,0.053925,0.12645,0,0,0,0.058033,0.019874,0.16867,0.086708,0.22959,0.19658,0.12124,0.048269,0.17967,0.37458,0.18241,0.19563,0.065587,0.069404,0,0,0,0,0,0,0.031182,0.11052,0.077775,0.13971,0.18409,0.19868,0.042496,0.25334,0.083035,0.1605,0.047877,0.017979,0,0,0.06579,0,0.28953,0.047608,0.11178,0,0.15128,0.101,0,0,0.039746,0.057242,0.034963,0.030279,0,0.035184,0,0,0,0.1112,0.13955,0.080299,0.078487,0.09825,0.15605,0.023532
0.53923,0.44293,0.18844,0.28594,0.01963,0.006492,0.50857,0.46865,0.1659,0.077412,1,0.57547,0.74224,0.44342,0.37457,0.1876,0.39559,0.30366,0.4281,0.39969,0.0045146,0,0.042686,0.032282,0.0080046,0,0.0030971,0.011189,0.41253,0.23716,0.20394,0.15057,0.35365,0.38401,0,0,0.082724,0.22251,0.010572,0.039597,0.075699,0.060384,0.093495,0.11849,0.098093,0.11181,0.11387,0.117,0.29176,0.093558,0.19374,0.17933,0.22291,0.03649,0.046244,0.033749,0.40648,0.3924,0.46068,0.25336,0.64597,0.39474,0.53777,0.52893,0,0.027558,0.22092,0.06413,0.3354,0.19383,0.18549,0.14107,0.35075,0.22411,0.14049,0.086233,0.28035,0.30655,0.079578,0.26794,0.35679,0.31855,0.1437,0.1635,0.28311,0.099562,0,0,0.27622,0.10954,0.19031,0.11239,0.15508,0.40485,0.14423,0.21157,0.16404,0.18555,0.20754,0.18387,0.27021,0.30458,0.311,0.41166,0.0005218,0.0078959,0,0.13011,0.0053978,0.032168,0.013249,0.27474,0.26443,0.20425,0,0
0.56942,0.6457,0,0.26476,0,0.036859,0.29469,0.54294,0.055315,0.10108,0.57547,1,0.36728,0.57247,0.22121,0.16647,0.44426,0.55642,0.39614,0.43785,0.24547,0.30176,0,0,0,0.051757,0.15693,0.12142,0.43897,0.5318,0.17854,0.16799,0.54491,0.48033,0,0,0.13218,0.36436,0.08346,0.029368,0,0.05626,0.21902,0.19494,0.20074,0.27247,0.26695,0.23125,0.30588,0.24657,0.14165,0.21955,0.28065,0.14318,0.31691,0.20421,0.5493,0.65152,0.59427,0.57886,0.67574,0.65143,0.52904,0.66588,0,0.18552,0.32949,0.22764,0.36859,0.28794,0.27001,0.11491,0.38304,0.42401,0.33921,0.19883,0.49866,0.52323,0.10283,0.34854,0.40275,0.43428,0.28655,0.22311,0.40413,0.33779,0.16433,0,0.3148,0.3441,0.4055,0.16718,0.30695,0.10512,0.2259,0.11683,0.27807,0.21353,0.43187,0.48968,0.36915,0.10546,0.42726,0.38508,0.038822,0.055106,0.1215,0.14005,0.018227,0.019136,0.018809,0.43552,0.4378,0.44214,0.05339,0
0.26923,0.26888,0.36557,0.30676,0,0,0.64885,0.44309,0,0,0.74224,0.36728,1,0.38209,0.501,0.12301,0.25294,0.10819,0.34009,0.29657,0,0,0.21707,0.18377,0,0.053123,0,0,0.30892,0.098271,0.1351,0.14643,0.26341,0.27987,0,0,0.057985,0.20301,0.031915,0.023522,0.0032647,0,0.13078,0.17788,0.075105,0.11548,0.12727,0.13893,0.28021,0.11945,0.28453,0.23255,0.29601,0.14697,0.1247,0.12198,0.19888,0.2113,0.27675,0.18609,0.45014,0.18302,0.37586,0.39491,0.0048444,0,0.069252,0,0.35553,0.13314,0.1644,0.11548,0.21004,0.16789,0.13675,0.040547,0.2065,0.19195,0.023358,0.15172,0.22257,0.25737,0.12184,0.07903,0.2743,0.034454,0,0,0.32542,0.064188,0.14178,0.14802,0.11774,0.36312,0.099078,0.20345,0.16798,0.25336,0.19681,0.17342,0.27584,0.22969,0.34644,0.30594,0,0.050983,0.046611,0.14673,0.027575,0.079332,0.003501,0.15277,0.059624,0.20407,0.01726,0.017948
0.40624,0.3323,0.094979,0.31114,0,0,0.32655,0.46805,0,0.038122,0.44342,0.57247,0.38209,1,0.17735,0.36146,0.2754,0.095069,0.18682,0.26059,0.10208,0.18742,0.19168,0.26336,0,0.1655,0.051464,0,0.12282,0.16615,0.30339,0.3688,0.27073,0.27097,0,0,0,0.14948,0.11411,0.12811,0.090039,0.10337,0.26198,0.25058,0.34118,0.32773,0.22204,0.28141,0.37471,0.32256,0.22324,0.28292,0.21469,0.14214,0.1965,0.1405,0.3021,0.32895,0.5843,0.46755,0.44621,0.49164,0.19593,0.33835,0.21099,0.40875,0.38453,0.3265,0.34144,0.35294,0.16606,0.054922,0.017207,0.11382,0.13564,0,0.12228,0.14061,0,0.053754,0.26947,0.28091,0.0018877,0.28008,0.38029,0.30995,0.01235,0.07457,0.30256,0.27916,0.18986,0.034122,0.33781,0.26077,0.072752,0,0.20673,0.23853,0.21802,0.24271,0.26291,0.27122,0.21374,0.34787,0,0,0,0.071031,0,0,0.052329,0.35879,0.32108,0.30244,0.014476,0
0.30229,0.24195,0.31448,0.20284,0.18531,0,0.38901,0.12806,0.18435,0.070614,0.37457,0.22121,0.501,0.17735,1,0.29294,0.20171,0.16455,0.2976,0.18419,0.24016,0.22648,0.27873,0.2253,0.092942,0.23027,0.14455,0.01983,0.3191,0.17838,0.084861,0.12476,0.18392,0.10435,0.042861,0,0,0.04807,0.078316,0,0,0,0,0.00014341,0,0,0.00045055,0.0062975,0.035701,0.015585,0.13415,0.053978,0.12828,0.051493,0.2108,0.15004,0.19159,0.15396,0.22306,0.099424,0.20064,0.12536,0.11713,0.15377,0.19504,0,0.027335,0,0.21208,0,0.18626,0.071893,0.1878,0.076213,0.16852,0.088059,0.18988,0.17998,0,0.14965,0,0.043734,0.39519,0.14215,0.22109,0,0.16151,0,0.21114,0.018145,0,0.026398,0.024563,0.11429,0.10441,0.045006,0.096753,0.087182,0.19327,0.15292,0.12237,0,0.16349,0.066547,0.11146,0.14326,0.1251,0,0.034963,0.032995,0,0.18169,0.22343,0.20136,0.20773,0.081225
0.17555,0.092321,0.22291,0.24457,0.20419,0.13195,0.11608,0.17375,0.077349,0.07606,0.1876,0.16647,0.12301,0.36146,0.29294,1,0.1489,0.15039,0.12181,0.17108,0.38614,0.35436,0.2056,0.23911,0.11429,0.080464,0.029622,0.0038821,0.15928,0.37545,0.16942,0.14067,0.1457,0.1054,0.16823,0.11607,0,0,0.10201,0.075644,0,0.12604,0.066829,0.058717,0.17593,0.14426,0.06314,0.10756,0.1005,0.06456,0.083183,0.086653,0,0,0.099504,0,0.15444,0.14203,0.39488,0.24799,0.2868,0.32569,0.22186,0.24891,0.44875,0.35788,0.22528,0.15953,0.14419,0.12777,0.095775,0.049949,0,0.08518,0.16148,0.0046949,0.13672,0.036282,0.20164,0.24714,0.30185,0.25316,0.39659,0.55084,0.18263,0.2956,0.17721,0.038374,0,0.14841,0,0,0.047265,0.20061,0.31412,0,0.18934,0,0.0066669,0.13715,0.075008,0.16367,0.012441,0.11214,0,0,0,0.10813,0.30164,0.18244,0.097782,0.13709,0.14521,0.06339,0.080949,0.041819
0.50815,0.46572,0.069438,0.22518,0,0,0.26628,0.37649,0.028177,0.089758,0.39559,0.44426,0.25294,0.2754,0.20171,0.1489,1,0.54993,0.49029,0.42228,0,0,0.016906,0.013336,0,0,0.12842,0.18863,0.52795,0.4614,0.15298,0.12697,0.35075,0.33442,0,0.0461,0.10931,0.31467,0.070588,0.12594,0.27227,0,0.28751,0.28082,0.28065,0.32186,0.33464,0.28841,0.31288,0.27229,0.15164,0.23703,0.21916,0.22437,0.084154,0.20348,0.54722,0.42836,0.4064,0.27407,0.40935,0.34173,0.38916,0.35216,0.015668,0.12869,0.24158,0.25812,0.15118,0.33284,0.2183,0.14204,0.49424,0.35615,0.18268,0.011787,0.31684,0.36894,0.51359,0.38865,0.49798,0.48985,0.2786,0.28783,0.37578,0.25782,0,0.22775,0.22322,0.21177,0.28317,0.24244,0.15737,0.056295,0.078441,0.33865,0.40963,0.41473,0.35697,0.37609,0.069566,0.13256,0.17857,0.306,0.023655,0.039503,0.079093,0.2374,0,0.14157,0.20843,0.36466,0.43557,0.31427,0.055594,0
0.47904,0.53927,0.053566,0.16796,0.056638,0.094896,0.19073,0.28388,0.14297,0.12689,0.30366,0.55642,0.10819,0.095069,0.16455,0.15039,0.54993,1,0.50817,0.4441,0.1287,0.1614,0,0,0.051089,0.024349,0.073773,0.12183,0.47711,0.62752,0.089362,0.0078806,0.38018,0.28983,0,0.056176,0.17545,0.33707,0,0,0,0.062957,0.10034,0.082762,0.068921,0.080261,0.18094,0.1167,0.11103,0.045371,0.0082493,0.0097652,0.11284,0.078234,0.064245,0.062704,0.52392,0.51294,0.33656,0.32605,0.48863,0.29258,0.51622,0.48289,0.02044,0,0.12893,0.097287,0.20358,0.15055,0.22592,0.12469,0.55006,0.45652,0.27975,0.16779,0.46177,0.50677,0.33007,0.61406,0.49055,0.53759,0.34577,0.29021,0.26442,0.26295,0.013351,0,0.07803,0.20153,0.20514,0.15349,0.052104,0.12902,0.3135,0.19786,0.32561,0.25145,0.23807,0.35009,0.098359,0.16718,0.1947,0.33933,0,0,0,0.16636,0.13231,0.1084,0.20807,0.27854,0.33456,0.29672,0,0
0.64607,0.69734,0.47516,0.52624,0.15227,0.15199,0.56018,0.56023,0.13789,0.06591,0.4281,0.39614,0.34009,0.18682,0.2976,0.12181,0.49029,0.50817,1,0.80791,0.010972,0.13595,0.31134,0.24792,0.098467,0.19495,0.083431,0.16634,0.14176,0.20102,0.34782,0.29285,0.58129,0.55245,0.1045,0.19312,0.068575,0.41683,0.058508,0.1297,0.21413,0.060262,0.49029,0.43136,0.39279,0.37903,0.51668,0.43305,0.4053,0.33084,0.32777,0.30427,0.33973,0.41088,0.2098,0.38861,0.61584,0.56196,0.51378,0.4279,0.37243,0.20269,0.30753,0.34568,0.15563,0.019792,0.39879,0.35251,0.53848,0.38713,0.30416,0.26027,0.46869,0.50352,0.44491,0.35674,0.59758,0.55024,0.31894,0.45355,0.54004,0.55625,0.21151,0.15503,0.6156,0.40974,0.1259,0.2416,0.43244,0.43665,0.35887,0.34679,0.22061,0.31631,0.21158,0.26685,0.54868,0.55396,0.50319,0.54173,0.25617,0.24504,0.40825,0.40595,0,0.060263,0,0.31082,0.042311,0.019682,0.36208,0.36863,0.47674,0.40198,0.092487,0
0.6356,0.77165,0.31297,0.63642,0.19917,0.2242,0.43579,0.61,0.084496,0.052841,0.39969,0.43785,0.29657,0.26059,0.18419,0.17108,0.42228,0.4441,0.80791,1,0.04436,0.2474,0.20425,0.20794,0.091659,0.28133,0.081937,0.25649,0.090736,0.24262,0.30258,0.29968,0.67383,0.68605,0.14437,0.26583,0.06639,0.49683,0.16731,0.22464,0.291,0.11099,0.40863,0.40896,0.41094,0.40805,0.46031,0.38515,0.38502,0.29742,0.34381,0.32368,0.34076,0.39278,0.31189,0.49322,0.67343,0.6767,0.63195,0.55679,0.49644,0.37893,0.49029,0.58294,0.10942,0.043464,0.58139,0.48232,0.67711,0.55617,0.26664,0.22784,0.50122,0.57457,0.55229,0.43531,0.55325,0.52117,0.2007,0.43378,0.56634,0.64964,0.29866,0.24463,0.64625,0.53365,0.33822,0.34018,0.58256,0.62036,0.44838,0.2767,0.23631,0.2698,0.32703,0.3253,0.50668,0.49556,0.51241,0.53753,0.37614,0.32859,0.54772,0.57862,0,0,0,0.45582,0.19496,0.046746,0.32489,0.29687,0.38673,0.31579,0,0
0,0.12271,0.022311,0.099668,0.36609,0.2661,0,0.044344,0.12917,0.10205,0.0045146,0.24547,0,0.10208,0.24016,0.38614,0,0.1287,0.010972,0.04436,1,0.85346,0.088501,0.17384,0.34932,0.17942,0.39446,0.21893,0,0.19745,0.14351,0.1091,0.22559,0.12441,0.24754,0.26072,0.041131,0.075618,0.17292,0.10751,0,0.084597,0.028153,0.030889,0,0,0,0.072242,0,0,0.11125,0.014327,0.06161,0,0.31449,0.12863,0.084112,0.1531,0.18872,0.2134,0.20221,0.3672,0.10935,0.18119,0.17334,0.25513,0.052406,0,0.30074,0.047614,0.17946,0.033027,0,0.096674,0.29798,0.33418,0.34916,0.23309,0,0.19987,0.068993,0.031264,0.24531,0.11715,0,0.096257,0.23562,0,0,0.070718,0.099912,0.038494,0.23019,0.031449,0.22595,0,0.041056,0,0.13634,0.18661,0.17596,0,0.087868,0,0.14634,0.041179,0.11472,0,0,0,0,0.1592,0.046579,0.025511,0.19293,0.1655
0.11115,0.25692,0.022913,0.18787,0.32837,0.28692,0,0.17642,0.060957,0.081243,0,0.30176,0,0.18742,0.22648,0.35436,0,0.1614,0.13595,0.2474,0.85346,1,0.063546,0.15239,0.28162,0.27989,0.4216,0.33268,0,0.25248,0.20116,0.20748,0.30745,0.24769,0.29454,0.35381,0.10043,0.24552,0.27792,0.21302,0,0.10617,0.14975,0.13758,0.1249,0.099736,0.056956,0.17279,0.081916,0.098921,0.22765,0.15491,0.098971,0.052314,0.43574,0.33334,0.21533,0.29218,0.33269,0.37326,0.26328,0.43647,0.12724,0.26681,0.19518,0.28965,0.21275,0.10728,0.41815,0.18058,0.18267,0.061273,0.044533,0.25998,0.35321,0.37876,0.39107,0.29732,0,0.21596,0.10525,0.15702,0.28897,0.18102,0.2095,0.2508,0.33963,0,0.162,0.29469,0.1528,0.082605,0.20356,0,0.24125,0,0.13814,0,0.24446,0.33524,0.22528,0,0.22373,0,0.1874,0.14314,0.20093,0.11494,0.091676,0,0,0.24777,0.1239,0.10371,0.24684,0.21504
0,0,0.7581,0.50078,0.24983,0.11749,0.52659,0.27717,0.044884,0.045205,0.042686,0,0.21707,0.19168,0.27873,0.2056,0.016906,0,0.31134,0.20425,0.088501,0.063546,1,0.91318,0.29692,0.37848,0.10637,0.021424,0,0,0.38096,0.38721,0.16743,0.12591,0.49806,0.36537,0,0.095721,0,0.14273,0.0871,0.037365,0.28201,0.32344,0.27503,0.10882,0.16136,0.3165,0.14686,0.10912,0.34121,0.13165,0.087275,0.29412,0,0,0,0,0,0,0,0,0,0,0.61143,0.23816,0.13298,0.14365,0.12487,0.13223,0.13235,0.12432,0.0069194,0,0.097578,0,0.086534,0.12107,0.064467,0.22321,0.27978,0.1917,0,0.1239,0.28934,0.21594,0,0.0056733,0,0,0.041438,0.20131,0.27697,0.28434,0.074312,0.076377,0.30545,0.31988,0.051815,0.049568,0,0.047543,0,0,0,0,0,0,0,0.029284,0.30993,0.15129,0.13208,0.13491,0.20787,0
0,0,0.65065,0.62395,0.27533,0.21684,0.48369,0.41575,0.061871,0.10364,0.032282,0,0.18377,0.26336,0.2253,0.23911,0.013336,0,0.24792,0.20794,0.17384,0.15239,0.91318,1,0.32208,0.45598,0.13774,0.066171,0,0,0.38969,0.43216,0.20903,0.16079,0.51423,0.42995,0,0.13727,0.0043626,0.16989,0.093849,0.080133,0.2477,0.28696,0.2427,0.086906,0.12826,0.32921,0.10526,0.079038,0.31334,0.092885,0.051126,0.23516,0,0,0,0,0.048647,0,0.064703,0.075705,0,0,0.55954,0.40938,0.17024,0.22929,0.13601,0.23268,0.18598,0.15004,0,0,0.16061,0.013211,0.095356,0.14861,0.022975,0.20566,0.32711,0.22439,0,0.16512,0.34138,0.29357,0,0,0.020082,0.058566,0.080785,0.23432,0.42026,0.28657,0.11285,0.035532,0.36759,0.32085,0.081549,0.080686,0.015283,0.092369,0,0,0,0,0,0,0,0.078391,0.33887,0.20612,0.128,0.12144,0.16989,0
0,0,0.1554,0.21535,0.82419,0.71619,0.047049,0.16549,0.54234,0.47783,0.0080046,0,0,0,0.092942,0.11429,0,0.051089,0.098467,0.091659,0.34932,0.28162,0.29692,0.32208,1,0.54784,0.38399,0.27874,0,0,0.27328,0.28693,0.2232,0.22177,0.30635,0.29978,0.017959,0.06968,0.1307,0.25152,0.10641,0.15627,0.14095,0.12449,0.1635,0,0,0.17775,0.041431,0,0.17785,0.026587,0.043151,0.034447,0.065568,0.042601,0.024756,0.037935,0.11536,0.069582,0.08595,0.097203,0.020675,0,0.23606,0.26718,0.15386,0.15597,0.19911,0.14827,0.11024,0.087111,0.064576,0,0.076885,0.04641,0.049542,0.12669,0,0.16672,0.23458,0.18918,0,0.00020216,0.054654,0.169,0.020593,0,0,0,0.015551,0.080208,0.18504,0.15113,0.02326,0,0.16712,0.060811,0,0.028578,0.19808,0.088564,0.044978,0,0,0,0,0.0014322,0,0.018434,0.17348,0.08417,0,0,0.034095,0
0.097356,0.1491,0.22009,0.40457,0.46722,0.49108,0.19949,0.25317,0.31776,0.26014,0,0.051757,0.053123,0.1655,0.23027,0.080464,0,0.024349,0.19495,0.28133,0.17942,0.27989,0.37848,0.45598,0.54784,1,0.39091,0.4272,0,0,0.52245,0.5955,0.23129,0.21025,0.28226,0.37281,0,0.22995,0.065399,0.2071,0.13061,0.10201,0.14184,0.16996,0.15862,0.033952,0.07256,0.22979,0.017511,0.026543,0.14164,0.00030029,0.061209,0.094873,0.072852,0.13616,0.15636,0.14227,0.20772,0.14507,0.051471,0.11348,0,0,0.18833,0.25477,0.30186,0.30651,0.24673,0.28398,0.3087,0.39938,0.19114,0.15595,0.18481,0.20304,0.14727,0.25186,0,0.027233,0.17243,0.14982,0,0.029585,0.2666,0.30797,0.094416,0,0.21564,0.26321,0.071913,0.1431,0.29823,0.16994,0.076539,0.037442,0.22837,0.20455,0.10175,0.054118,0.32795,0.14471,0.24178,0.0741,0,0,0,0,0,0,0.1823,0.057625,0,0,0,0
0.0378,0.051795,0.04732,0.10424,0.28029,0.28482,0,0.11252,0.18971,0.11298,0.0030971,0.15693,0,0.051464,0.14455,0.029622,0.12842,0.073773,0.083431,0.081937,0.39446,0.4216,0.10637,0.13774,0.38399,0.39091,1,0.78864,0,0.037399,0.16053,0.20942,0.15906,0.19186,0.13366,0.23551,0.15515,0.2667,0.28977,0.35536,0.22239,0,0.19368,0.16553,0.14404,0.060813,0.10953,0.17371,0.0075322,0.011883,0.12809,0.054745,0.16773,0.15566,0.15306,0.23817,0.15606,0.14171,0.064036,0.06325,0.027537,0.14832,0,0,0,0.073406,0,0.044743,0.17177,0.25442,0.31378,0.30636,0.12998,0.25248,0.14907,0.25693,0.34031,0.4199,0,0,0,0.043523,0,0,0.088024,0.10566,0,0.078234,0.20776,0.12356,0.25584,0.30838,0.20546,0.042654,0,0.27492,0.17496,0.08196,0.25401,0.27493,0.11187,0,0.062582,0,0,0,0.10077,0.13755,0,0.1001,0,0.13998,0.11736,0,0,0
0.076074,0.17229,0.027938,0.2083,0.21129,0.4073,0,0.18183,0.074854,0,0.011189,0.12142,0,0,0.01983,0.0038821,0.18863,0.12183,0.16634,0.25649,0.21893,0.33268,0.021424,0.066171,0.27874,0.4272,0.78864,1,0,0.026239,0.21958,0.26513,0.17242,0.26126,0.15743,0.27791,0.2541,0.36633,0.22905,0.35535,0.36588,0,0.18106,0.2138,0.16387,0.037511,0.1619,0.18147,0,0.0051971,0.096491,0.040551,0.10109,0.1632,0.061373,0.21701,0.26518,0.25073,0.1296,0.13426,0.08701,0.14088,0,0.047322,0,0.0043554,0.12166,0.19755,0.2639,0.35296,0.41952,0.49367,0.34006,0.41384,0.20084,0.32843,0.43182,0.48148,0,0,0.089665,0.13614,0,0,0.12029,0.22534,0.019816,0.16612,0.28012,0.23428,0.30779,0.34562,0.16531,0.0611,0.083491,0.35476,0.23376,0.12312,0.26605,0.25449,0.22413,0.077308,0.20235,0.070037,0,0,0,0.2862,0.11883,0.049181,0.1112,0.006963,0.069233,0,0,0
0.28358,0.234,0,0.013054,0,0,0.1873,0.13155,0.0836,0.06898,0.41253,0.43897,0.30892,0.12282,0.3191,0.15928,0.52795,0.47711,0.14176,0.090736,0,0,0,0,0,0,0,0,1,0.70434,0.054325,0.032195,0.16096,0.038444,0,0,0.14015,0.083857,0,0,0,0,0,0,0,0.05077,0.0062573,0,0.037962,0,0,0,0.073289,0,0,0,0.28166,0.26663,0.20871,0.073525,0.4062,0.23576,0.49656,0.38266,0,0,0.11817,0.059194,0,0.036139,0.097941,0.026614,0.44966,0.10864,0,0,0.24218,0.29327,0.36578,0.42833,0.32453,0.37136,0.53665,0.44324,0.0033292,0.024246,0,0,0,0,0.036404,0.013016,0,0.049586,0.2777,0.20952,0.10924,0.054933,0.051247,0.091234,0.00010234,0.15911,0.050275,0.22422,0.034968,0.016508,0.034947,0,0.16819,0.32849,0.067653,0.096127,0.19102,0.12459,0,0.043293
0.24843,0.30305,0,0,0,0,0,0.17944,0.078944,0.10071,0.23716,0.5318,0.098271,0.16615,0.17838,0.37545,0.4614,0.62752,0.20102,0.24262,0.19745,0.25248,0,0,0,0,0.037399,0.026239,0.70434,1,0,0,0.19061,0.097512,0.019217,0.058162,0.33183,0.28363,0,0,0,0.22088,0.026222,0.011131,0.025973,0.17992,0.17864,0.050943,0.081555,0.053488,0,0.065909,0.049196,0,0,0,0.29168,0.3459,0.30912,0.26443,0.47715,0.32558,0.5241,0.5045,0.10056,0.15123,0.13307,0.14586,0.066835,0.037216,0.013491,0,0.33362,0.31747,0.088998,0.0266,0.38119,0.27443,0.48212,0.62194,0.43638,0.5162,0.7095,0.59355,0.1575,0.28152,0.11189,0,0,0.077599,0.082006,0,0,0,0.52159,0.1325,0.21343,0,0.091203,0.28511,0,0.034388,0.043907,0.19027,0.041395,0.0035923,0.071655,0.068761,0.45409,0.35996,0.17564,0.12354,0.27178,0.24417,0.060574,0.060793
0.28539,0.33639,0.37988,0.39876,0.081353,0.13032,0.36975,0.35522,0.091109,0.029322,0.20394,0.17854,0.1351,0.30339,0.084861,0.16942,0.15298,0.089362,0.34782,0.30258,0.14351,0.20116,0.38096,0.38969,0.27328,0.52245,0.16053,0.21958,0.054325,0,1,0.90978,0.39065,0.39537,0.18218,0.24059,0,0.093337,0,0.089906,0.026025,0.1904,0.12768,0.12156,0.14609,0,0,0.1312,0,0,0.0028717,0,0,0,0,0.008983,0.25617,0.23599,0.23179,0.033114,0.14964,0.1301,0.12533,0.092216,0.25499,0.17795,0.35358,0.27919,0.26181,0.26832,0.4525,0.4629,0.35083,0.2159,0.16833,0.067513,0.17967,0.19938,0.068305,0.22906,0.3774,0.28228,0,0.058283,0.24945,0.33071,0,0,0.059323,0.22135,0,0,0.036971,0.049727,0,0,0.06397,0.10397,0.031395,0.029299,0.17334,0.1388,0.081155,0,0,0,0,0,0,0,0.050668,0.22477,0.029329,0,0,0
0.25042,0.2951,0.3019,0.42185,0.13128,0.19615,0.29422,0.3946,0.16014,0.12357,0.15057,0.16799,0.14643,0.3688,0.12476,0.14067,0.12697,0.0078806,0.29285,0.29968,0.1091,0.20748,0.38721,0.43216,0.28693,0.5955,0.20942,0.26513,0.032195,0,0.90978,1,0.33575,0.38312,0.21936,0.30654,0,0.13182,0.059061,0.17454,0.055739,0.17921,0.1217,0.12977,0.13765,0,0,0.13325,0,0,0.013112,0,0,0,0.047732,0.048179,0.22722,0.20831,0.27193,0.091602,0.12744,0.17197,0.054839,0.051626,0.25051,0.27653,0.38647,0.35077,0.29648,0.35576,0.4158,0.44102,0.2334,0.19963,0.10688,0.064122,0.15904,0.19656,0.0075672,0.19081,0.31375,0.2425,0,0.043431,0.2628,0.33053,0.0038754,0.00091849,0.13509,0.20264,0,0,0.10609,0.054394,0,0,0.11337,0.13177,0.058359,0.019947,0.18626,0.15379,0.066653,0.019362,0,0,0,0,0,0,0.073577,0.18861,0.038105,0,0,0
0.50888,0.67308,0.28418,0.55618,0.25059,0.23677,0.49377,0.62416,0.15014,0.1393,0.35365,0.54491,0.26341,0.27073,0.18392,0.1457,0.35075,0.38018,0.58129,0.67383,0.22559,0.30745,0.16743,0.20903,0.2232,0.23129,0.15906,0.17242,0.16096,0.19061,0.39065,0.33575,1,0.91252,0.12373,0.26189,0,0.22741,0.051193,0.014598,0,0,0.41491,0.38012,0.41679,0.39131,0.37296,0.38939,0.35434,0.2844,0.34954,0.28503,0.33618,0.35274,0.39789,0.45359,0.58272,0.60244,0.49169,0.41984,0.50498,0.53688,0.50439,0.66894,0.048009,0.056101,0.55565,0.41483,0.47866,0.36762,0.25146,0.12259,0.36414,0.39216,0.54439,0.31047,0.36387,0.4196,0.073456,0.34203,0.45594,0.50117,0.22904,0.11963,0.42644,0.40644,0.21542,0.033852,0.30939,0.43691,0.36457,0.17515,0.24587,0.011162,0.0021804,0.1641,0.36934,0.46197,0.49868,0.50256,0.38177,0.064634,0.53957,0.33106,0,0.096301,0.031522,0.16026,0,0.024759,0.071033,0.42313,0.33514,0.40985,0.16093,0
0.52337,0.65188,0.2497,0.54333,0.23655,0.27548,0.4198,0.66305,0.14281,0.11143,0.38401,0.48033,0.27987,0.27097,0.10435,0.1054,0.33442,0.28983,0.55245,0.68605,0.12441,0.24769,0.12591,0.16079,0.22177,0.21025,0.19186,0.26126,0.038444,0.097512,0.39537,0.38312,0.91252,1,0.15476,0.32061,0,0.21345,0.12837,0.080767,0.081485,0,0.39199,0.38335,0.41029,0.36979,0.33066,0.32478,0.29529,0.24189,0.28828,0.27205,0.28501,0.32331,0.40361,0.51064,0.59659,0.58914,0.49173,0.41509,0.47657,0.53754,0.41842,0.61534,0.034458,0.084515,0.52642,0.42446,0.53807,0.43749,0.22215,0.15445,0.3439,0.42279,0.50928,0.3294,0.32101,0.3535,0.046357,0.27201,0.40374,0.43614,0.14233,0.0023518,0.42021,0.38133,0.24952,0.18502,0.42176,0.44262,0.3632,0.15928,0.21072,0.0062536,0,0.23853,0.32368,0.44991,0.45786,0.45919,0.37576,0.088986,0.53771,0.3612,0,0.037574,0.050181,0.25314,0,0.017908,0.038498,0.37333,0.30364,0.32742,0.068057,0
0,0,0.19817,0.15349,0.34163,0.37428,0.024449,0.15948,0.16828,0.21829,0,0,0,0,0.042861,0.16823,0,0,0.1045,0.14437,0.24754,0.29454,0.49806,0.51423,0.30635,0.28226,0.13366,0.15743,0,0.019217,0.18218,0.21936,0.12373,0.15476,1,0.83532,0.18258,0.23547,0.026474,0.13584,0.079766,0.166,0.21477,0.22209,0.19021,0.060994,0.12651,0.15067,0,0,0.23567,0,0.020406,0.092142,0.022996,0,0,0,0.053753,0,0.037188,0.12151,0,0,0.69088,0.50557,0.30377,0.31522,0.26314,0.091973,0,0.035182,0,0.026612,0.062904,0.053496,0.071419,0,0.099877,0.28214,0.14546,0.09883,0.17544,0.11024,0.1419,0.3177,0.077839,0,0,0.10906,0.061011,0.015266,0.22319,0.056435,0.19475,0,0.11323,0.020695,0,0,0,0,0.0049745,0,0.15192,0.13835,0.015757,0,0.16706,0.07652,0.36443,0,0.045929,0.092073,0.15486,0.078412
0,0.079717,0.13422,0.29809,0.34381,0.45928,0.0085342,0.31663,0.16726,0.25362,0,0,0,0,0,0.11607,0.0461,0.056176,0.19312,0.26583,0.26072,0.35381,0.36537,0.42995,0.29978,0.37281,0.23551,0.27791,0,0.058162,0.24059,0.30654,0.26189,0.32061,0.83532,1,0.15887,0.309,0.02906,0.17278,0.15661,0.061214,0.29873,0.30444,0.23412,0.15599,0.26143,0.25557,0.051808,0.075655,0.24309,0.10178,0.11979,0.16538,0.082054,0.1284,0.061977,0.0083878,0.14209,0.098078,0.10719,0.23368,0,0,0.46771,0.53394,0.37997,0.47503,0.33906,0.25908,0,0.049485,0.065761,0.11803,0.18125,0.1356,0.17393,0.097961,0.13809,0.29677,0.17271,0.17838,0.22333,0.069258,0.17776,0.40018,0.16637,0.10033,0.080164,0.15823,0.15927,0.093871,0.25672,0,0.12019,0.087834,0.25605,0.20156,0.10004,0.08666,0.017276,0,0.12053,0.029023,0.063205,0.079659,0,0,0.082347,0.058717,0.36217,0,0.080433,0.097644,0.10924,0.010628
0,0,0,0,0.032059,0.15943,0,0,0,0.0054767,0.082724,0.13218,0.057985,0,0,0,0.10931,0.17545,0.068575,0.06639,0.041131,0.10043,0,0,0.017959,0,0.15515,0.2541,0.14015,0.33183,0,0,0,0,0.18258,0.15887,1,0.58884,0.24923,0.40504,0.40681,0.53129,0.087973,0.062705,0,0.049363,0.15949,0.05843,0.079606,0.0083021,0.07534,0.090021,0.022374,0,0,0,0,0.017072,0.041148,0.059797,0.19484,0,0.057709,0,0.0085521,0.18829,0.0042362,0.12782,0.096033,0,0,0.028581,0.15589,0.18726,0,0.053461,0.32658,0.21213,0.39375,0.33102,0.20231,0.2135,0.23801,0.1938,0.16149,0.34283,0.16143,0.20773,0.11631,0.085345,0.04114,0.022001,0,0.12341,0.45709,0.21916,0.1315,0,0,0.044002,0,0.097324,0,0.026479,0,0,0.056156,0.21536,0.38658,0.10933,0.3682,0,0,0,0,0.13935
0.21723,0.36274,0,0.23627,0.13871,0.24611,0.11366,0.31211,0.036282,0.021453,0.22251,0.36436,0.20301,0.14948,0.04807,0,0.31467,0.33707,0.41683,0.49683,0.075618,0.24552,0.095721,0.13727,0.06968,0.22995,0.2667,0.36633,0.083857,0.28363,0.093337,0.13182,0.22741,0.21345,0.23547,0.309,0.58884,1,0.26898,0.52135,0.52306,0.41511,0.3339,0.30081,0.2432,0.20863,0.37648,0.29328,0.32065,0.1698,0.36208,0.22735,0.37935,0.28486,0.074408,0.16329,0.34201,0.39466,0.36655,0.37261,0.40338,0.21215,0.23832,0.27128,0.084228,0.18262,0.27588,0.34163,0.38118,0.32463,0.039343,0.13808,0.28311,0.39688,0.13985,0.18998,0.45549,0.4993,0.27924,0.47406,0.39001,0.49913,0.2052,0.20521,0.5286,0.50958,0.18061,0.33609,0.47877,0.39427,0.33832,0.24079,0.25562,0.19658,0.39519,0.35612,0.37626,0.2667,0.27061,0.30065,0.22788,0.22039,0.28464,0.25886,0,0,0.043765,0.39887,0.24127,0.083666,0.39369,0.12184,0.21217,0.17056,0,0.0011377
0.13683,0.15589,0,0.0093865,0.044482,0,0,0,0.0021746,0,0.010572,0.08346,0.031915,0.11411,0.078316,0.10201,0.070588,0,0.058508,0.16731,0.17292,0.27792,0,0.0043626,0.1307,0.065399,0.28977,0.22905,0,0,0,0.059061,0.051193,0.12837,0.026474,0.02906,0.24923,0.26898,1,0.8101,0.40332,0.074947,0.053024,0,0.05306,0.0072225,0,0,0,0,0,0.083236,0,0,0.65917,0.49029,0.14023,0.15877,0.15861,0.27206,0,0.069185,0,0,0,0.018666,0,0,0.14565,0.10139,0.0020711,0.00049714,0,0.12161,0.14108,0.15019,0.057634,0.0066169,0,0,0,0,0,0,0.28582,0.13743,0.35075,0.54804,0.56257,0.2209,0.033711,0,0.035629,0,0,0.27173,0.19247,0.049482,0.12143,0.18802,0.080881,0,0.04482,0,0.0012157,0,0.36099,0.58991,0,0,0,0.20883,0,0,0.050106,0.1087
0.055652,0.10534,0,0.16363,0.19166,0.20303,0,0.070967,0.066179,0.065852,0.039597,0.029368,0.023522,0.12811,0,0.075644,0.12594,0,0.1297,0.22464,0.10751,0.21302,0.14273,0.16989,0.25152,0.2071,0.35536,0.35535,0,0,0.089906,0.17454,0.014598,0.080767,0.13584,0.17278,0.40504,0.52135,0.8101,1,0.66105,0.32773,0.202,0.12905,0.17773,0.060284,0.13433,0.13689,0.1486,0.050294,0.16897,0.21217,0.026841,0.13595,0.33851,0.29957,0.13388,0.15588,0.20214,0.24534,0.04717,0.029745,0,0,0.039103,0.16819,0.12046,0.18838,0.18968,0.20591,0.021662,0.09057,0,0.095986,0.0067388,0.04678,0.13874,0.14251,0.056899,0.068575,0.14256,0.14187,0,0,0.37587,0.34986,0.28638,0.63265,0.54717,0.26547,0.10255,0.077196,0.21026,0.016785,0.081795,0.34623,0.30147,0.1848,0.074239,0.095847,0.11989,0.0382,0.02382,0,0,0,0.079532,0.48851,0,0,0.093008,0.15253,0.015405,0,0,0
0.0899,0.05887,0,0.18031,0.09415,0.24028,0,0.14921,0.052327,0.030108,0.075699,0,0.0032647,0.090039,0,0,0.27227,0,0.21413,0.291,0,0,0.0871,0.093849,0.10641,0.13061,0.22239,0.36588,0,0,0.026025,0.055739,0,0.081485,0.079766,0.15661,0.40681,0.52306,0.40332,0.66105,1,0.25472,0.22241,0.20337,0.24284,0.1454,0.2376,0.16146,0.19722,0.11375,0.16671,0.22011,0.1347,0.24917,0,0.10011,0.14609,0.10306,0.14695,0.11556,0.060944,0,0,0,0,0.075829,0.13766,0.28584,0.10605,0.29071,0.0064048,0.20484,0.16765,0.20565,0.038169,0.057255,0.084545,0.14733,0.12794,0.033762,0.19843,0.20462,0,0,0.27929,0.34076,0.062208,0.627,0.46727,0.21652,0.17402,0.13152,0.15155,0.13452,0.11708,0.42052,0.31562,0.28955,0.060809,0.0036641,0.076717,0.23934,0.069688,0.1807,0,0,0,0.41481,0.098005,0.059789,0.29163,0,0.039727,0,0,0
0,0,0,0,0.13894,0.20813,0,0.087725,0.092699,0.17313,0.060384,0.05626,0,0.10337,0,0.12604,0,0.062957,0.060262,0.11099,0.084597,0.10617,0.037365,0.080133,0.15627,0.10201,0,0,0,0.22088,0.1904,0.17921,0,0,0.166,0.061214,0.53129,0.41511,0.074947,0.32773,0.25472,1,0.0041249,0,0,0.0089957,0.015818,0.045078,0.1141,0,0.15206,0.08051,0,0,0,0,0,0.0043503,0.091636,0.045779,0.2212,0,0.19944,0.0040708,0.24173,0.28253,0.11133,0.2005,0.078598,0,0,0,0.027822,0,0,0,0.1259,0,0.33124,0.37676,0.41395,0.30935,0.085586,0.3878,0.24571,0.45857,0.19301,0.13001,0.0020881,0.11583,0,0,0.03533,0.13242,0.51075,0,0,0,0,0,0.076437,0.21503,0,0.0046367,0,0,0,0.009332,0.24931,0,0.31966,0,0,0,0,0
0.18556,0.29801,0.29359,0.31429,0.27655,0.22174,0.36335,0.40609,0,0.066306,0.093495,0.21902,0.13078,0.26198,0,0.066829,0.28751,0.10034,0.49029,0.40863,0.028153,0.14975,0.28201,0.2477,0.14095,0.14184,0.19368,0.18106,0,0.026222,0.12768,0.1217,0.41491,0.39199,0.21477,0.29873,0.087973,0.3339,0.053024,0.202,0.22241,0.0041249,1,0.93039,0.87154,0.81873,0.88752,0.90357,0.83286,0.79741,0.66946,0.72796,0.48725,0.75352,0.29677,0.48717,0.29165,0.24232,0.41455,0.34813,0.14001,0.17932,0.014878,0.13366,0.21217,0.24044,0.47016,0.56837,0.42846,0.45752,0,0,0,0.14264,0.16617,0.10487,0.34741,0.20835,0.20921,0.15638,0.38936,0.46069,0.08872,0.17125,0.50668,0.53758,0.097632,0.29584,0.21418,0.36589,0.48813,0.51497,0.38346,0.22834,0.084976,0.16199,0.63847,0.60872,0.59087,0.65268,0.22941,0.1116,0.30758,0.29756,0.14516,0.24456,0.084766,0.24093,0,0.16479,0.48661,0.35673,0.45768,0.46678,0.33202,0.079428
0.15435,0.27676,0.35973,0.37234,0.25354,0.20562,0.40923,0.42272,0,0,0.11849,0.19494,0.17788,0.25058,0.00014341,0.058717,0.28082,0.082762,0.43136,0.40896,0.030889,0.13758,0.32344,0.28696,0.12449,0.16996,0.16553,0.2138,0,0.011131,0.12156,0.12977,0.38012,0.38335,0.22209,0.30444,0.062705,0.30081,0,0.12905,0.20337,0,0.93039,1,0.84184,0.78892,0.80928,0.90719,0.77554,0.79686,0.63927,0.70142,0.46663,0.74888,0.23686,0.45174,0.2666,0.23032,0.38686,0.31648,0.13416,0.20188,0.016726,0.14646,0.2123,0.21636,0.44458,0.53842,0.44776,0.49695,0.041574,0.033512,0.058987,0.1537,0.18096,0.094822,0.34674,0.2184,0.1735,0.15075,0.38784,0.42097,0.087498,0.14459,0.47089,0.49722,0.092703,0.21943,0.18152,0.3334,0.53332,0.56156,0.38921,0.26991,0.042302,0.11364,0.5716,0.6052,0.58833,0.63172,0.27165,0.14409,0.32622,0.32855,0.14605,0.21414,0.073914,0.19457,0.01659,0.11568,0.51323,0.31826,0.4425,0.44769,0.28521,0.056924
0.18702,0.26641,0.30968,0.35189,0.28504,0.25158,0.36316,0.40341,0,0.047155,0.098093,0.20074,0.075105,0.34118,0,0.17593,0.28065,0.068921,0.39279,0.41094,0,0.1249,0.27503,0.2427,0.1635,0.15862,0.14404,0.16387,0,0.025973,0.14609,0.13765,0.41679,0.41029,0.19021,0.23412,0,0.2432,0.05306,0.17773,0.24284,0,0.87154,0.84184,1,0.87298,0.76766,0.82413,0.79945,0.78684,0.56969,0.65774,0.35463,0.61433,0.24074,0.44811,0.29333,0.22942,0.49344,0.40202,0.17322,0.27425,0.083605,0.16194,0.29741,0.3185,0.57262,0.65799,0.367,0.4948,0.048799,0.013045,0.014994,0.10571,0.22147,0.12185,0.28169,0.20914,0.22147,0.11067,0.43545,0.46311,0.055906,0.24465,0.50732,0.5641,0.098072,0.33028,0.20388,0.3895,0.4395,0.44445,0.36866,0.27767,0.065559,0.14067,0.59701,0.56294,0.51971,0.57465,0.2701,0.24732,0.30364,0.34228,0.017409,0.11505,0,0.23998,0,0.16476,0.4545,0.30468,0.39025,0.38105,0.17789,0
0.20032,0.27191,0.20597,0.29511,0.15815,0.13549,0.34714,0.37893,0,0.028121,0.11181,0.27247,0.11548,0.32773,0,0.14426,0.32186,0.080261,0.37903,0.40805,0,0.099736,0.10882,0.086906,0,0.033952,0.060813,0.037511,0.05077,0.17992,0,0,0.39131,0.36979,0.060994,0.15599,0.049363,0.20863,0.0072225,0.060284,0.1454,0.0089957,0.81873,0.78892,0.87298,1,0.82211,0.80661,0.84245,0.89737,0.62348,0.79654,0.45686,0.63534,0.28308,0.4458,0.26902,0.26089,0.50435,0.44951,0.21451,0.25597,0.12347,0.23752,0.16693,0.26088,0.5561,0.63257,0.34303,0.4365,0,0,0.017071,0.12133,0.22513,0.081311,0.29754,0.16807,0.31703,0.09083,0.38076,0.44919,0.22417,0.34481,0.45435,0.49885,0.13708,0.30149,0.20484,0.32376,0.42833,0.3655,0.26341,0.17559,0.13466,0.16985,0.56319,0.54958,0.51953,0.63752,0.21163,0.15013,0.28623,0.35435,0.077108,0.18422,0.1031,0.24863,0.077811,0.27256,0.37549,0.26614,0.42638,0.40712,0.24876,0.065252
0.22306,0.34895,0.2262,0.29955,0.16969,0.16303,0.33034,0.38476,0,0,0.11387,0.26695,0.12727,0.22204,0.00045055,0.06314,0.33464,0.18094,0.51668,0.46031,0,0.056956,0.16136,0.12826,0,0.07256,0.10953,0.1619,0.0062573,0.17864,0,0,0.37296,0.33066,0.12651,0.26143,0.15949,0.37648,0,0.13433,0.2376,0.015818,0.88752,0.80928,0.76766,0.82211,1,0.85679,0.80288,0.79804,0.59612,0.71308,0.5273,0.74037,0.2409,0.4609,0.32649,0.29672,0.43072,0.3972,0.18973,0.15388,0.097208,0.20292,0.13277,0.16271,0.49335,0.5867,0.41107,0.4181,0,0,0.059522,0.21564,0.16484,0.143,0.4274,0.26213,0.25739,0.17542,0.36626,0.48122,0.26666,0.26381,0.48754,0.51473,0.1315,0.29496,0.2567,0.38975,0.50633,0.49624,0.29705,0.20125,0.256,0.30324,0.6811,0.63222,0.60296,0.66055,0.22368,0.14896,0.33997,0.40516,0.09962,0.21784,0.021454,0.2875,0.13884,0.23432,0.51005,0.23926,0.48972,0.48496,0.23101,0
0.12193,0.24049,0.3424,0.40068,0.30081,0.28284,0.41675,0.42815,0,0.064822,0.117,0.23125,0.13893,0.28141,0.0062975,0.10756,0.28841,0.1167,0.43305,0.38515,0.072242,0.17279,0.3165,0.32921,0.17775,0.22979,0.17371,0.18147,0,0.050943,0.1312,0.13325,0.38939,0.32478,0.15067,0.25557,0.05843,0.29328,0,0.13689,0.16146,0.045078,0.90357,0.90719,0.82413,0.80661,0.85679,1,0.81003,0.83121,0.67066,0.74574,0.47937,0.75138,0.21488,0.41703,0.24636,0.22984,0.42066,0.34689,0.18582,0.20515,0.076267,0.14841,0.20477,0.25298,0.48204,0.578,0.37865,0.48597,0.0058429,0,0.038985,0.12273,0.17304,0.11915,0.35919,0.27213,0.16748,0.16898,0.41241,0.47613,0.096395,0.27903,0.47639,0.52376,0.068445,0.18366,0.12217,0.3275,0.48995,0.55791,0.41287,0.2893,0.14876,0.092694,0.68311,0.65113,0.59641,0.66303,0.27102,0.14308,0.31355,0.33314,0.16114,0.24983,0.020806,0.15951,0,0.20172,0.59483,0.37807,0.47064,0.4657,0.36883,0.057385
