1,0.87801,0.7332,0.82141,0.63719,0.62553,0.81105,0.88213,0.62869,0.76558,0.84934,0.83067,0.86775,0.78455,0.70764,0.76219,0.59602,0.71946,0.86656,0.87436,0.3206,0.43869,0.49954,0.55884,0.57217,0.56242,0.39318,0.43777,0.47936,0.36822,0.35374,0.4257,0.59972,0.65716,0.65192,0.61759,0.6677,0.46321,0.11683,0.034737,0.33017,0.44658,0.68581,0.73633,0.87246,0.86457,0.55702,0.69975,0.77863,0.75237,0.73127,0.73734,0.58068,0.72481,0.59021,0.58551,0.83827,0.86308,0.8897,0.86188,0.87748,0.88729,0.765,0.76226,0.82184,0.84839,0.89387,0.88258,0.82778,0.72244,0.49443,0.7072,0.81385,0.88382,0.81951,0.80834,0.6033,0.65438,0.23706,0.52038,0.41138,0.40246,0.28074,0.29703,0.64938,0.6503,0.30454,0.37274,0.67749,0.76149,0.64361,0.44162,0.4169,0.31552,0,0,0.30964,0.37173,0.70534,0.71247,0.69745,0.71984,0.78817,0.79035,0.6939,0.56139,0.51476,0.47607,0.33394,0.28557,0.63132,0.62402,0.59315,0.78433,0.79146,0.46088
0.87801,1,0.64122,0.77382,0.55848,0.57664,0.70018,0.7941,0.49668,0.63156,0.71567,0.71655,0.73153,0.65627,0.62613,0.67331,0.59054,0.71567,0.80582,0.83188,0.26263,0.36257,0.46233,0.50917,0.48062,0.48314,0.35131,0.40875,0.4094,0.33189,0.26382,0.35656,0.45003,0.54434,0.56887,0.54298,0.55171,0.42868,0.12423,0.061567,0.23005,0.38339,0.66726,0.72216,0.76063,0.79656,0.60619,0.70388,0.65242,0.68868,0.67729,0.6697,0.59534,0.724,0.62253,0.59695,0.91666,0.95829,0.85468,0.8242,0.79052,0.79958,0.70053,0.72728,0.7296,0.7447,0.85106,0.84929,0.86639,0.79627,0.39938,0.58297,0.65609,0.76137,0.66737,0.68227,0.49382,0.55932,0.26093,0.55525,0.45096,0.43198,0.27379,0.31837,0.6994,0.67227,0.33052,0.40892,0.62257,0.73621,0.69357,0.47391,0.44385,0.3326,0,0,0.33745,0.40376,0.72434,0.7038,0.67832,0.68071,0.74363,0.74647,0.68395,0.53914,0.53953,0.52615,0.3511,0.36201,0.68238,0.61154,0.60703,0.82588,0.81019,0.42009
0.7332,0.64122,1,0.91103,0.81311,0.63867,0.93903,0.85758,0.79369,0.65821,0.69336,0.59396,0.80917,0.71477,0.65701,0.61377,0.35556,0.4919,0.81359,0.75378,0.42138,0.46467,0.86859,0.87207,0.7799,0.6689,0.42141,0.33468,0.24675,0.15845,0.2788,0.3233,0.46995,0.51146,0.75723,0.7039,0.61577,0.53401,0.19442,0.07709,0.32374,0.31213,0.67077,0.60839,0.75705,0.76647,0.58232,0.68907,0.65611,0.60866,0.7995,0.69604,0.60722,0.7379,0.62825,0.67401,0.59458,0.58893,0.55721,0.57912,0.5455,0.65319,0.4404,0.49481,0.7565,0.76719,0.79306,0.78369,0.72567,0.62373,0.36696,0.59656,0.68886,0.68659,0.70889,0.74535,0.65298,0.67261,0.045547,0.36158,0.19697,0.2442,0.17023,0.15943,0.62114,0.57598,0.45769,0.43047,0.80893,0.72261,0.7011,0.59941,0.64935,0.57916,0,0,0.38644,0.37199,0.65619,0.67694,0.73738,0.76519,0.62647,0.62975,0.69578,0.63025,0.3365,0.35868,0.35366,0.37686,0.61726,0.56981,0.58317,0.666,0.64966,0.41237
0.82141,0.77382,0.91103,1,0.78208,0.65067,0.9037,0.95118,0.71192,0.70392,0.71129,0.68051,0.77902,0.77336,0.62547,0.67107,0.42932,0.58761,0.88196,0.87384,0.37443,0.48918,0.75707,0.8091,0.72326,0.65403,0.32462,0.29342,0.28658,0.21877,0.23972,0.33324,0.5008,0.57864,0.75088,0.75264,0.60495,0.55008,0.12681,0.038341,0.28367,0.32039,0.70787,0.70145,0.81454,0.84982,0.61773,0.77767,0.65301,0.66574,0.74666,0.72219,0.64042,0.73957,0.63211,0.6809,0.67625,0.71786,0.70754,0.72043,0.64586,0.77662,0.55778,0.61,0.78239,0.8459,0.88712,0.88182,0.82848,0.70773,0.38908,0.62362,0.7323,0.78868,0.76932,0.80028,0.67776,0.74205,0.065065,0.43402,0.24737,0.28375,0.15414,0.16281,0.62172,0.61536,0.37466,0.34266,0.76831,0.7523,0.75204,0.60176,0.68375,0.58313,0,0,0.3745,0.37429,0.70808,0.72134,0.81736,0.79625,0.73568,0.72333,0.7825,0.69606,0.38704,0.38563,0.37571,0.41003,0.69005,0.63984,0.65024,0.79556,0.78943,0.51405
0.63719,0.55848,0.81311,0.78208,1,0.70505,0.75041,0.75244,0.78443,0.69238,0.5755,0.55339,0.6687,0.6097,0.61049,0.59438,0.33372,0.43961,0.71376,0.69422,0.46145,0.43314,0.68798,0.75022,0.71435,0.67675,0.47692,0.38705,0.26714,0.22664,0.25957,0.3035,0.44907,0.47113,0.67195,0.58713,0.53217,0.45571,0.24404,0.12138,0.32695,0.30957,0.67035,0.59937,0.67849,0.69247,0.57918,0.66296,0.57155,0.55881,0.69122,0.65466,0.58832,0.65174,0.56642,0.60253,0.50325,0.51184,0.52873,0.56813,0.45971,0.57292,0.40396,0.46846,0.6161,0.63513,0.71949,0.71148,0.65459,0.5658,0.25093,0.47772,0.60875,0.61813,0.64908,0.71011,0.53641,0.5828,0.10267,0.33316,0.22963,0.30993,0.19998,0.20852,0.48407,0.51775,0.43179,0.32876,0.69452,0.66166,0.64199,0.61736,0.64832,0.58285,0.045194,0.027386,0.44416,0.39392,0.61883,0.63202,0.68136,0.62837,0.57878,0.54288,0.57879,0.52815,0.38048,0.33667,0.36899,0.4114,0.6334,0.61404,0.63582,0.60782,0.5851,0.23983
0.62553,0.57664,0.63867,0.65067,0.70505,1,0.57926,0.6848,0.59391,0.75318,0.4987,0.55014,0.55002,0.57008,0.44031,0.52629,0.37387,0.40218,0.588,0.61667,0.35316,0.27449,0.46788,0.59286,0.49321,0.54825,0.40617,0.5689,0.21372,0.17491,0.14911,0.19414,0.26346,0.33596,0.45244,0.49588,0.46487,0.35729,0.10213,0.0265,0.18695,0.2255,0.55385,0.56119,0.58863,0.63349,0.46012,0.54065,0.53896,0.57377,0.54205,0.61758,0.50077,0.53955,0.52894,0.47779,0.56988,0.5531,0.56612,0.61683,0.53117,0.61168,0.4607,0.51398,0.50978,0.57914,0.64919,0.68586,0.63531,0.59835,0.2425,0.39989,0.46713,0.52394,0.51107,0.58252,0.40239,0.43326,0.14687,0.31709,0.30936,0.26593,0.23406,0.17912,0.42663,0.40612,0.27411,0.23377,0.57386,0.5783,0.55007,0.48707,0.49501,0.38615,0,0,0.27793,0.25818,0.51216,0.52221,0.53018,0.45849,0.48913,0.49228,0.4865,0.46127,0.29264,0.32248,0.21955,0.25248,0.54547,0.51316,0.54933,0.55363,0.52289,0.23599
0.81105,0.70018,0.93903,0.9037,0.75041,0.57926,1,0.90164,0.7842,0.69678,0.82031,0.69794,0.88135,0.77456,0.69864,0.70042,0.45318,0.58864,0.84743,0.79805,0.4221,0.49717,0.78984,0.79128,0.70094,0.62364,0.38721,0.32757,0.37663,0.2438,0.30333,0.36871,0.50808,0.55261,0.75335,0.67754,0.66719,0.54176,0.21216,0.1101,0.38455,0.40682,0.67107,0.62307,0.78561,0.7951,0.58775,0.70014,0.67235,0.62115,0.80267,0.69571,0.62718,0.76802,0.63854,0.68274,0.66061,0.65578,0.63862,0.64408,0.64729,0.74434,0.56652,0.59721,0.85745,0.84032,0.82397,0.81545,0.75951,0.63365,0.4103,0.64012,0.77031,0.77493,0.79004,0.812,0.65303,0.67566,0.11598,0.44321,0.28223,0.33256,0.21644,0.23895,0.6943,0.66562,0.46768,0.48579,0.821,0.80297,0.66377,0.57758,0.59536,0.5571,0.016039,0.010755,0.39039,0.39226,0.65313,0.68328,0.76251,0.79946,0.69463,0.70115,0.71945,0.65123,0.37708,0.40472,0.37625,0.38441,0.60501,0.57057,0.56086,0.69693,0.70911,0.43371
0.88213,0.7941,0.85758,0.95118,0.75244,0.6848,0.90164,1,0.70152,0.79387,0.79875,0.8118,0.83239,0.84418,0.66796,0.75369,0.49779,0.65006,0.88763,0.88648,0.36794,0.48229,0.66031,0.74114,0.66487,0.62347,0.30332,0.34905,0.36487,0.28959,0.27147,0.34939,0.55539,0.6247,0.75899,0.75086,0.62869,0.52218,0.11866,0.052553,0.30795,0.38422,0.72014,0.7349,0.86251,0.89235,0.58634,0.77276,0.71866,0.72209,0.74212,0.74725,0.605,0.74548,0.65333,0.66042,0.71793,0.73772,0.76163,0.8097,0.72761,0.87655,0.65592,0.72519,0.83793,0.90287,0.89881,0.90024,0.82481,0.7044,0.43223,0.63793,0.76516,0.83616,0.80638,0.84459,0.66722,0.7229,0.13172,0.4745,0.3183,0.32992,0.22911,0.22473,0.61976,0.61563,0.39095,0.38759,0.79279,0.78546,0.7325,0.60783,0.64527,0.5577,0,0,0.35416,0.36082,0.719,0.74018,0.84937,0.81494,0.79926,0.77157,0.76188,0.66886,0.502,0.49563,0.37128,0.41846,0.69525,0.63671,0.65202,0.80026,0.81428,0.491
0.62869,0.49668,0.79369,0.71192,0.78443,0.59391,0.7842,0.70152,1,0.78435,0.71048,0.59781,0.75969,0.68939,0.68125,0.60438,0.36917,0.4301,0.61111,0.57717,0.44917,0.51939,0.72025,0.71938,0.65393,0.5991,0.44386,0.34671,0.33005,0.21959,0.32684,0.36241,0.46392,0.49332,0.61195,0.59672,0.63878,0.53418,0.26078,0.12307,0.35139,0.31892,0.56828,0.49984,0.6462,0.64818,0.48504,0.553,0.65838,0.59102,0.69766,0.6417,0.50202,0.63436,0.48178,0.54053,0.48397,0.41533,0.4969,0.542,0.56156,0.62473,0.44725,0.48279,0.65574,0.68046,0.61967,0.62471,0.54589,0.49828,0.35417,0.53062,0.60255,0.5954,0.65976,0.68607,0.53672,0.54367,0.12726,0.33274,0.26872,0.29242,0.18245,0.18757,0.48053,0.45317,0.34056,0.32441,0.68095,0.64845,0.57525,0.54765,0.55322,0.48449,0.064297,0.022425,0.37901,0.34909,0.53278,0.57775,0.65258,0.63359,0.59027,0.57482,0.52583,0.48602,0.24701,0.29522,0.36215,0.4035,0.56928,0.49257,0.47061,0.49642,0.45057,0.2129
0.76558,0.63156,0.65821,0.70392,0.69238,0.75318,0.69678,0.79387,0.78435,1,0.78718,0.76856,0.7599,0.78708,0.66992,0.72934,0.48184,0.55898,0.65482,0.6824,0.42214,0.48822,0.49253,0.56626,0.55421,0.5668,0.38662,0.45701,0.3933,0.32544,0.30925,0.35561,0.47245,0.53222,0.57381,0.60206,0.65798,0.53627,0.22001,0.116,0.36956,0.41171,0.58591,0.61601,0.74705,0.7677,0.46518,0.60612,0.75467,0.70467,0.65088,0.70221,0.4985,0.62407,0.58665,0.54145,0.61689,0.56306,0.70159,0.77552,0.74166,0.80667,0.65193,0.67236,0.66683,0.73594,0.71628,0.7433,0.65686,0.60929,0.43291,0.53767,0.6596,0.72884,0.72705,0.79437,0.55681,0.57122,0.20914,0.44099,0.38715,0.3675,0.25632,0.27384,0.46878,0.4598,0.26686,0.30558,0.68845,0.67213,0.59782,0.54669,0.52057,0.44846,0,0,0.3717,0.33021,0.60949,0.62691,0.69631,0.62311,0.70595,0.68587,0.57837,0.52833,0.46488,0.44737,0.33812,0.38807,0.61013,0.54934,0.53677,0.63296,0.62285,0.21956
0.84934,0.71567,0.69336,0.71129,0.5755,0.4987,0.82031,0.79875,0.71048,0.78718,1,0.87602,0.93066,0.85386,0.80763,0.82514,0.6946,0.76806,0.75582,0.7482,0.41152,0.51756,0.56707,0.57159,0.57489,0.59179,0.41092,0.43353,0.63581,0.50412,0.51903,0.56496,0.646,0.67916,0.64186,0.58704,0.73013,0.53686,0.22933,0.14747,0.48743,0.556,0.64609,0.65729,0.80417,0.78659,0.53797,0.66889,0.78516,0.70295,0.78814,0.71216,0.57892,0.70613,0.54386,0.53719,0.71279,0.66248,0.71911,0.71772,0.79933,0.8292,0.76796,0.7992,0.86253,0.80794,0.73493,0.73846,0.68753,0.58383,0.50753,0.67553,0.80946,0.81125,0.8325,0.78213,0.51693,0.52608,0.39578,0.64509,0.5454,0.55492,0.33182,0.39663,0.70491,0.6638,0.37289,0.48533,0.71417,0.72264,0.56693,0.43522,0.39146,0.32613,0.042939,0.063239,0.36965,0.40329,0.64134,0.67576,0.65898,0.68045,0.73917,0.72506,0.60488,0.52171,0.48171,0.45816,0.38717,0.38678,0.5904,0.58853,0.51766,0.64394,0.6552,0.30398
0.83067,0.71655,0.59396,0.68051,0.55339,0.55014,0.69794,0.8118,0.59781,0.76856,0.87602,1,0.82561,0.87537,0.75829,0.85976,0.74078,0.82886,0.74209,0.78769,0.35509,0.45357,0.46921,0.53468,0.53799,0.61045,0.36687,0.48811,0.65937,0.61244,0.52175,0.55899,0.69514,0.72388,0.60707,0.57,0.66078,0.4725,0.17055,0.14906,0.45126,0.55791,0.66973,0.68349,0.7816,0.76737,0.5037,0.66899,0.74666,0.71967,0.68627,0.70472,0.52937,0.65752,0.53469,0.52549,0.69913,0.64308,0.71668,0.77959,0.76566,0.85741,0.77263,0.88124,0.76416,0.76621,0.70634,0.72309,0.67279,0.55493,0.36142,0.55597,0.76927,0.78928,0.74642,0.74861,0.41989,0.46391,0.47362,0.66599,0.59623,0.62481,0.43792,0.46166,0.61531,0.62334,0.40299,0.44349,0.62057,0.69804,0.59,0.4715,0.43084,0.3002,0.0045074,0.066857,0.32676,0.37651,0.6471,0.67978,0.65441,0.58553,0.71168,0.654,0.54797,0.42941,0.55219,0.50588,0.36275,0.39128,0.60537,0.5929,0.58972,0.62566,0.64609,0.28334
0.86775,0.73153,0.80917,0.77902,0.6687,0.55002,0.88135,0.83239,0.75969,0.7599,0.93066,0.82561,1,0.86405,0.85761,0.8158,0.5961,0.72247,0.80389,0.75595,0.39446,0.49489,0.674,0.68674,0.68543,0.65358,0.47258,0.44338,0.53632,0.43339,0.4846,0.52171,0.64322,0.6659,0.69243,0.61939,0.7132,0.5081,0.24546,0.15954,0.47687,0.53796,0.67831,0.66479,0.83255,0.81052,0.55945,0.67347,0.79625,0.71097,0.84872,0.73995,0.62334,0.77504,0.58588,0.58459,0.72829,0.69241,0.71132,0.70812,0.76801,0.81268,0.68943,0.71434,0.87514,0.82262,0.77802,0.77625,0.7006,0.57885,0.51771,0.69445,0.8223,0.81419,0.84069,0.7838,0.5547,0.57491,0.27908,0.56808,0.45033,0.4644,0.33595,0.35976,0.7383,0.6926,0.43047,0.49886,0.77523,0.75993,0.6017,0.45668,0.42049,0.36564,0.025138,0.080624,0.38809,0.4419,0.65791,0.70232,0.71035,0.73802,0.75655,0.74372,0.66946,0.57404,0.46828,0.44813,0.38373,0.38164,0.60866,0.57384,0.53133,0.69919,0.70051,0.34148
0.78455,0.65627,0.71477,0.77336,0.6097,0.57008,0.77456,0.84418,0.68939,0.78708,0.85386,0.87537,0.86405,1,0.77622,0.84523,0.59089,0.70642,0.71066,0.72214,0.36429,0.48393,0.61152,0.67272,0.62502,0.64895,0.35186,0.36775,0.52499,0.50629,0.45802,0.50156,0.63421,0.67379,0.61554,0.5993,0.65097,0.50974,0.10415,0.082765,0.36419,0.45426,0.68582,0.71551,0.80852,0.80324,0.5278,0.69455,0.78108,0.78471,0.7679,0.79687,0.58101,0.72642,0.51082,0.53652,0.621,0.57132,0.63403,0.70632,0.69737,0.8147,0.63124,0.71739,0.78135,0.7814,0.72618,0.75896,0.62838,0.53394,0.40804,0.56737,0.74548,0.73943,0.76185,0.7423,0.47102,0.53683,0.31172,0.56895,0.44576,0.49739,0.31328,0.32327,0.59709,0.5752,0.32259,0.35657,0.68757,0.66191,0.64907,0.52697,0.54283,0.41467,0,0.022563,0.32045,0.37979,0.65211,0.71128,0.69177,0.62526,0.67934,0.63405,0.62521,0.50084,0.42003,0.41522,0.34048,0.44986,0.66191,0.58389,0.60346,0.65778,0.65371,0.3288
0.70764,0.62613,0.65701,0.62547,0.61049,0.44031,0.69864,0.66796,0.68125,0.66992,0.80763,0.75829,0.85761,0.77622,1,0.90338,0.67265,0.7356,0.69799,0.65533,0.45876,0.59434,0.63691,0.59649,0.7312,0.77774,0.64491,0.62353,0.69305,0.64148,0.66274,0.67914,0.62292,0.62279,0.59271,0.51202,0.70361,0.51955,0.46073,0.42922,0.58348,0.69843,0.70661,0.64817,0.71644,0.68938,0.58447,0.65217,0.70248,0.63831,0.83975,0.71167,0.59305,0.72104,0.55127,0.53375,0.63113,0.5444,0.5838,0.60043,0.61,0.65713,0.60481,0.64801,0.72009,0.64431,0.61396,0.61361,0.58691,0.45975,0.31395,0.48332,0.7128,0.63668,0.70322,0.62543,0.31356,0.34848,0.48596,0.70928,0.64776,0.63272,0.62898,0.636,0.75138,0.72429,0.57202,0.60495,0.7123,0.69707,0.60044,0.52341,0.43041,0.38606,0.27815,0.35986,0.55801,0.62216,0.67199,0.7404,0.6476,0.62389,0.67747,0.64029,0.51419,0.44176,0.55629,0.54464,0.48213,0.45195,0.58129,0.61572,0.57052,0.63166,0.61307,0.089245
0.76219,0.67331,0.61377,0.67107,0.59438,0.52629,0.70042,0.75369,0.60438,0.72934,0.82514,0.85976,0.8158,0.84523,0.90338,1,0.72317,0.78958,0.7395,0.75244,0.45,0.5787,0.55458,0.58342,0.64942,0.74908,0.53048,0.60742,0.73344,0.68925,0.6174,0.65032,0.6153,0.63959,0.56923,0.50567,0.68334,0.52912,0.38663,0.37988,0.55034,0.69558,0.72725,0.69941,0.73789,0.72344,0.6011,0.69783,0.67489,0.68016,0.78126,0.74328,0.6228,0.74012,0.56154,0.56277,0.66314,0.59436,0.64673,0.67339,0.65039,0.73353,0.69158,0.75783,0.73728,0.67275,0.66676,0.68579,0.65768,0.51143,0.32351,0.49735,0.74636,0.70743,0.72507,0.68556,0.33821,0.38503,0.51272,0.70995,0.67462,0.68018,0.58348,0.64769,0.71277,0.73581,0.54782,0.58742,0.67093,0.72852,0.61523,0.54832,0.47031,0.40347,0.18232,0.26453,0.49673,0.55738,0.66821,0.74411,0.65057,0.59744,0.6747,0.63329,0.51014,0.43021,0.553,0.51701,0.41571,0.3998,0.55863,0.63624,0.61326,0.63306,0.65501,0.15553
0.59602,0.59054,0.35556,0.42932,0.33372,0.37387,0.45318,0.49779,0.36917,0.48184,0.6946,0.74078,0.5961,0.59089,0.67265,0.72317,1,0.88741,0.55916,0.61258,0.32689,0.4448,0.37795,0.36978,0.48291,0.64085,0.42688,0.58755,0.83395,0.79879,0.72406,0.76125,0.62131,0.66272,0.38594,0.32204,0.52295,0.32254,0.2783,0.32328,0.55022,0.67609,0.57446,0.57349,0.51612,0.50623,0.47819,0.51624,0.50571,0.46803,0.62453,0.52919,0.47186,0.4992,0.44659,0.4121,0.64294,0.52815,0.55976,0.50066,0.633,0.55033,0.79439,0.78179,0.61344,0.52549,0.47367,0.47466,0.53873,0.36624,0.20662,0.39493,0.65632,0.56795,0.55252,0.46358,0.013136,0.033664,0.83985,0.9195,0.91762,0.8226,0.61067,0.67717,0.68162,0.67337,0.47208,0.59247,0.4402,0.60342,0.39027,0.25201,0.16299,0.067118,0.17702,0.24889,0.349,0.43182,0.50491,0.52071,0.34467,0.32052,0.44871,0.42322,0.30183,0.21569,0.41437,0.4115,0.32854,0.31437,0.42137,0.53083,0.46824,0.46313,0.4388,0.1237
0.71946,0.71567,0.4919,0.58761,0.43961,0.40218,0.58864,0.65006,0.4301,0.55898,0.76806,0.82886,0.72247,0.70642,0.7356,0.78958,0.88741,1,0.71988,0.74404,0.32769,0.45013,0.47022,0.44663,0.56862,0.67546,0.3908,0.48518,0.7736,0.76443,0.6844,0.74169,0.7026,0.74423,0.54712,0.4819,0.61113,0.42031,0.28236,0.26135,0.52052,0.65529,0.62993,0.63806,0.65047,0.65324,0.53446,0.62006,0.58456,0.53434,0.68854,0.58835,0.5208,0.55824,0.53215,0.4907,0.73561,0.67004,0.66214,0.62445,0.7137,0.68055,0.81321,0.82748,0.7395,0.65988,0.64466,0.63475,0.66518,0.48027,0.32098,0.52569,0.75745,0.72156,0.67956,0.6196,0.24235,0.29899,0.65717,0.85238,0.75794,0.75752,0.48939,0.59834,0.72356,0.73926,0.45795,0.59444,0.5454,0.65202,0.47444,0.33089,0.26158,0.19479,0.12338,0.18387,0.40317,0.451,0.58785,0.61345,0.50165,0.49927,0.60139,0.58083,0.49283,0.35715,0.48438,0.4766,0.34787,0.39555,0.54242,0.54804,0.53852,0.60129,0.59453,0.20647
0.86656,0.80582,0.81359,0.88196,0.71376,0.588,0.84743,0.88763,0.61111,0.65482,0.75582,0.74209,0.80389,0.71066,0.69799,0.7395,0.55916,0.71988,1,0.95414,0.38213,0.47522,0.66621,0.68738,0.68638,0.66187,0.35842,0.393,0.43489,0.33732,0.36742,0.43527,0.58859,0.63895,0.77201,0.71184,0.64194,0.50367,0.18973,0.094493,0.37152,0.43529,0.68225,0.66228,0.81028,0.82755,0.56761,0.71054,0.61039,0.59572,0.7329,0.65104,0.58022,0.69546,0.63622,0.64824,0.75538,0.77246,0.74347,0.74056,0.67478,0.76409,0.67194,0.70019,0.8011,0.80334,0.87856,0.84334,0.88065,0.73265,0.42305,0.66071,0.80069,0.83131,0.79518,0.79764,0.65479,0.68738,0.18803,0.54399,0.37729,0.37397,0.29252,0.32262,0.67005,0.68083,0.45386,0.49959,0.72212,0.75273,0.65093,0.56245,0.54231,0.49936,0,0,0.35841,0.36846,0.67852,0.69758,0.75063,0.76784,0.75546,0.73856,0.69337,0.57359,0.51515,0.50741,0.35712,0.32463,0.60167,0.62012,0.63305,0.76225,0.76424,0.41965
0.87436,0.83188,0.75378,0.87384,0.69422,0.61667,0.79805,0.88648,0.57717,0.6824,0.7482,0.78769,0.75595,0.72214,0.65533,0.75244,0.61258,0.74404,0.95414,1,0.36273,0.4644,0.61602,0.66968,0.63786,0.63821,0.32264,0.39275,0.47243,0.39688,0.36116,0.44326,0.60213,0.66642,0.70364,0.65413,0.62227,0.49563,0.13505,0.046753,0.35756,0.4226,0.6655,0.66722,0.78488,0.79963,0.56587,0.71024,0.59324,0.60126,0.68195,0.6445,0.57758,0.65876,0.62036,0.63758,0.76262,0.79086,0.79469,0.78075,0.71731,0.78822,0.72272,0.77341,0.77807,0.78544,0.88149,0.85051,0.92143,0.77516,0.40205,0.6423,0.7928,0.84046,0.77527,0.81377,0.61723,0.67052,0.25123,0.57985,0.43376,0.45022,0.29891,0.32978,0.64523,0.66683,0.42946,0.43384,0.66192,0.73598,0.65839,0.55139,0.53694,0.46848,0,0,0.32536,0.32956,0.68052,0.6805,0.72757,0.71745,0.73788,0.713,0.6625,0.54519,0.50321,0.47595,0.33211,0.3166,0.6035,0.63635,0.62271,0.73782,0.74863,0.42599
0.3206,0.26263,0.42138,0.37443,0.46145,0.35316,0.4221,0.36794,0.44917,0.42214,0.41152,0.35509,0.39446,0.36429,0.45876,0.45,0.32689,0.32769,0.38213,0.36273,1,0.76565,0.51343,0.48473,0.4424,0.53893,0.43487,0.33278,0.35154,0.28357,0.43252,0.4635,0.25815,0.25717,0.36203,0.31585,0.50473,0.56309,0.50335,0.39978,0.52961,0.42161,0.29706,0.20086,0.25881,0.25833,0.39853,0.34581,0.28284,0.23407,0.39653,0.31881,0.3881,0.35994,0.48117,0.3908,0.29293,0.18666,0.22722,0.24761,0.23101,0.30989,0.26023,0.30324,0.35682,0.31994,0.28673,0.30049,0.36156,0.3165,0.34125,0.30348,0.49027,0.39155,0.47702,0.44081,0.35602,0.28789,0.28734,0.29622,0.3244,0.34351,0.242,0.30371,0.37805,0.37377,0.31113,0.35912,0.46231,0.42627,0.36148,0.40555,0.3523,0.34337,0.4049,0.27637,0.46669,0.35892,0.30003,0.3326,0.30657,0.2595,0.2648,0.23708,0.22282,0.21264,0.28946,0.30094,0.49963,0.33121,0.34726,0.31168,0.2612,0.18664,0.19836,0
0.43869,0.36257,0.46467,0.48918,0.43314,0.27449,0.49717,0.48229,0.51939,0.48822,0.51756,0.45357,0.49489,0.48393,0.59434,0.5787,0.4448,0.45013,0.47522,0.4644,0.76565,1,0.53032,0.48311,0.59608,0.63794,0.50835,0.41016,0.48386,0.36469,0.54405,0.59569,0.36758,0.38682,0.426,0.41405,0.61361,0.61813,0.48669,0.46448,0.53789,0.49789,0.40998,0.32173,0.39183,0.39824,0.47663,0.4507,0.38411,0.31999,0.47889,0.38093,0.44529,0.45403,0.48953,0.4924,0.36619,0.29336,0.36528,0.36768,0.37699,0.43495,0.40884,0.4056,0.47505,0.48122,0.40126,0.40651,0.41355,0.32472,0.4093,0.42013,0.54855,0.48628,0.54403,0.49667,0.37832,0.36123,0.3421,0.46779,0.42991,0.34445,0.33966,0.36802,0.4866,0.44597,0.36039,0.39208,0.53266,0.52717,0.42089,0.37743,0.3468,0.318,0.44541,0.40803,0.53847,0.50453,0.41118,0.44868,0.40476,0.39167,0.41116,0.40578,0.35848,0.33226,0.31418,0.32361,0.59159,0.42002,0.41483,0.44279,0.32469,0.3205,0.32979,0.063269
0.49954,0.46233,0.86859,0.75707,0.68798,0.46788,0.78984,0.66031,0.72025,0.49253,0.56707,0.46921,0.674,0.61152,0.63691,0.55458,0.37795,0.47022,0.66621,0.61602,0.51343,0.53032,1,0.94207,0.83589,0.74097,0.40134,0.29981,0.25885,0.23602,0.42895,0.47283,0.4976,0.52797,0.68767,0.6411,0.52126,0.52994,0.25629,0.17064,0.39358,0.33228,0.52366,0.40678,0.50433,0.52836,0.46549,0.53567,0.42513,0.36677,0.6892,0.49557,0.49565,0.59653,0.50535,0.55328,0.45188,0.36558,0.32091,0.33804,0.35044,0.45101,0.33641,0.40155,0.65475,0.60888,0.55538,0.53886,0.5964,0.48341,0.25304,0.48515,0.60007,0.53637,0.5595,0.59994,0.45404,0.47397,0.16329,0.42472,0.26993,0.32462,0.21006,0.20585,0.60277,0.52072,0.48728,0.46016,0.70137,0.58562,0.55017,0.53819,0.56535,0.54185,0.11302,0.069305,0.37244,0.33608,0.48284,0.5219,0.58114,0.59813,0.42191,0.42164,0.53399,0.49072,0.17453,0.23429,0.3625,0.42907,0.48776,0.43318,0.44517,0.49369,0.45693,0.23236
0.55884,0.50917,0.87207,0.8091,0.75022,0.59286,0.79128,0.74114,0.71938,0.56626,0.57159,0.53468,0.68674,0.67272,0.59649,0.58342,0.36978,0.44663,0.68738,0.66968,0.48473,0.48311,0.94207,1,0.80408,0.73052,0.37562,0.32239,0.21826,0.2063,0.35355,0.40441,0.48144,0.53179,0.71521,0.67761,0.508,0.5076,0.18853,0.11945,0.36822,0.30006,0.55438,0.45947,0.55976,0.58653,0.47715,0.56794,0.4602,0.43859,0.67041,0.54473,0.53122,0.64345,0.5179,0.58562,0.49452,0.41729,0.3847,0.41353,0.39348,0.53321,0.3641,0.45333,0.67028,0.66778,0.60418,0.61107,0.63891,0.52862,0.27863,0.52152,0.62759,0.58844,0.59521,0.63822,0.47215,0.50132,0.13496,0.37973,0.25158,0.3026,0.18125,0.15258,0.58371,0.50599,0.48441,0.39571,0.69923,0.62477,0.58153,0.53492,0.59618,0.52658,0.012914,0,0.31981,0.29967,0.51042,0.54169,0.64444,0.61617,0.47145,0.44972,0.56211,0.51651,0.20772,0.25418,0.33264,0.39525,0.51615,0.46827,0.48249,0.54396,0.51974,0.30644
0.57217,0.48062,0.7799,0.72326,0.71435,0.49321,0.70094,0.66487,0.65393,0.55421,0.57489,0.53799,0.68543,0.62502,0.7312,0.64942,0.48291,0.56862,0.68638,0.63786,0.4424,0.59608,0.83589,0.80408,1,0.90574,0.57748,0.48228,0.41771,0.39039,0.60122,0.60341,0.60349,0.61107,0.72674,0.66232,0.60093,0.49666,0.3044,0.25966,0.45382,0.4211,0.63659,0.54006,0.61703,0.61573,0.47103,0.58303,0.51889,0.43536,0.7215,0.5514,0.4895,0.58203,0.47793,0.50916,0.53094,0.43433,0.44369,0.41104,0.45262,0.49102,0.48638,0.47631,0.65832,0.63059,0.62328,0.58681,0.57371,0.39251,0.32742,0.57892,0.6608,0.58754,0.64207,0.59792,0.36769,0.43538,0.28769,0.53222,0.38946,0.37597,0.32144,0.29943,0.59882,0.53726,0.50817,0.46318,0.66952,0.5881,0.49509,0.40709,0.44189,0.39834,0.16765,0.21343,0.43473,0.43475,0.53893,0.58314,0.58813,0.59149,0.51153,0.51678,0.5415,0.517,0.35061,0.34077,0.39512,0.41613,0.49859,0.54703,0.52179,0.58939,0.56318,0.20233
0.56242,0.48314,0.6689,0.65403,0.67675,0.54825,0.62364,0.62347,0.5991,0.5668,0.59179,0.61045,0.65358,0.64895,0.77774,0.74908,0.64085,0.67546,0.66187,0.63821,0.53893,0.63794,0.74097,0.73052,0.90574,1,0.63327,0.61898,0.63134,0.62632,0.73374,0.75165,0.63371,0.64923,0.66575,0.59953,0.6528,0.53586,0.4334,0.39996,0.56138,0.57247,0.67441,0.58911,0.61088,0.60173,0.5637,0.61868,0.53146,0.47525,0.75415,0.62084,0.54922,0.59886,0.48418,0.4925,0.53738,0.42135,0.42935,0.42683,0.4394,0.51562,0.52762,0.56195,0.64245,0.60956,0.56624,0.56267,0.55274,0.35354,0.24961,0.49394,0.68373,0.57177,0.6389,0.57447,0.22922,0.28536,0.50623,0.67018,0.61762,0.61428,0.49834,0.5208,0.67901,0.66372,0.58156,0.54126,0.623,0.62459,0.50335,0.42468,0.41781,0.32745,0.32575,0.35382,0.54118,0.55216,0.54543,0.60088,0.54069,0.47027,0.49453,0.46668,0.45835,0.40329,0.39301,0.3632,0.47356,0.44218,0.52947,0.59901,0.55814,0.54282,0.51587,0.055261
0.39318,0.35131,0.42141,0.32462,0.47692,0.40617,0.38721,0.30332,0.44386,0.38662,0.41092,0.36687,0.47258,0.35186,0.64491,0.53048,0.42688,0.3908,0.35842,0.32264,0.43487,0.50835,0.40134,0.37562,0.57748,0.63327,1,0.82973,0.53063,0.40493,0.56598,0.5483,0.31629,0.29001,0.32298,0.29309,0.51339,0.36264,0.40313,0.36284,0.39799,0.38628,0.45489,0.38119,0.40145,0.36644,0.43148,0.39718,0.44484,0.36495,0.53467,0.448,0.4152,0.43984,0.30408,0.3558,0.42725,0.33793,0.30328,0.22423,0.32438,0.26242,0.33841,0.29562,0.30314,0.26351,0.33848,0.36116,0.30403,0.20776,0.1707,0.29394,0.43821,0.29181,0.40295,0.27916,0.096916,0.079445,0.3917,0.42068,0.48109,0.42966,0.44437,0.43023,0.5115,0.45047,0.35943,0.31902,0.39601,0.45253,0.35817,0.21708,0.18497,0.059321,0.32148,0.35444,0.4706,0.50574,0.43343,0.43053,0.23379,0.24305,0.29315,0.32149,0.24972,0.27681,0.31247,0.28661,0.35603,0.19848,0.35784,0.44061,0.35705,0.29835,0.3191,0
0.43777,0.40875,0.33468,0.29342,0.38705,0.5689,0.32757,0.34905,0.34671,0.45701,0.43353,0.48811,0.44338,0.36775,0.62353,0.60742,0.58755,0.48518,0.393,0.39275,0.33278,0.41016,0.29981,0.32239,0.48228,0.61898,0.82973,1,0.61039,0.50903,0.56064,0.54248,0.29246,0.30378,0.26653,0.27975,0.47873,0.30565,0.38084,0.4224,0.42547,0.5206,0.48663,0.43066,0.40552,0.38753,0.42136,0.41026,0.42842,0.39117,0.52108,0.46947,0.4168,0.44083,0.36158,0.35459,0.48342,0.38182,0.37441,0.35218,0.3869,0.357,0.45149,0.47287,0.30965,0.29923,0.33817,0.38156,0.36057,0.24581,0.09553,0.26297,0.41331,0.31326,0.35635,0.29821,0,0,0.53241,0.56868,0.67773,0.54494,0.64394,0.5867,0.55503,0.50865,0.45847,0.43303,0.40117,0.51987,0.35439,0.23138,0.15271,0.033651,0.23438,0.32532,0.42726,0.48763,0.45201,0.45146,0.25782,0.23899,0.33154,0.35285,0.19338,0.22524,0.38979,0.3789,0.26294,0.13234,0.32371,0.45646,0.40897,0.33332,0.34398,0
0.47936,0.4094,0.24675,0.28658,0.26714,0.21372,0.37663,0.36487,0.33005,0.3933,0.63581,0.65937,0.53632,0.52499,0.69305,0.73344,0.83395,0.7736,0.43489,0.47243,0.35154,0.48386,0.25885,0.21826,0.41771,0.63134,0.53063,0.61039,1,0.90879,0.7785,0.77716,0.54976,0.54953,0.27217,0.216,0.60979,0.40438,0.47603,0.50131,0.59523,0.72464,0.54883,0.51428,0.46313,0.41434,0.54441,0.51417,0.46786,0.41411,0.5775,0.5008,0.4911,0.42763,0.36758,0.35443,0.4582,0.38484,0.43953,0.36997,0.51272,0.4459,0.65377,0.65824,0.47801,0.37971,0.35792,0.37181,0.36118,0.18956,0.13661,0.2919,0.59468,0.45269,0.49248,0.37766,0,0,0.79792,0.79375,0.8612,0.84751,0.65573,0.76255,0.63728,0.68767,0.48971,0.56552,0.37564,0.55593,0.32367,0.17876,0.10478,0,0.42481,0.48443,0.53744,0.59348,0.46848,0.49989,0.26614,0.23349,0.40496,0.38769,0.22438,0.19196,0.3957,0.34524,0.39717,0.29817,0.3716,0.52916,0.42204,0.32669,0.32762,0
0.36822,0.33189,0.15845,0.21877,0.22664,0.17491,0.2438,0.28959,0.21959,0.32544,0.50412,0.61244,0.43339,0.50629,0.64148,0.68925,0.79879,0.76443,0.33732,0.39688,0.28357,0.36469,0.23602,0.2063,0.39039,0.62632,0.40493,0.50903,0.90879,1,0.78227,0.7775,0.58073,0.57373,0.25092,0.18823,0.45853,0.28393,0.38701,0.45482,0.53638,0.70466,0.49952,0.47915,0.3908,0.33667,0.449,0.44824,0.40672,0.36804,0.51872,0.45903,0.38219,0.34473,0.3115,0.26449,0.36873,0.28323,0.34287,0.32435,0.41015,0.37325,0.56729,0.58489,0.41862,0.30249,0.26444,0.27577,0.28866,0.11834,0.013906,0.17892,0.5033,0.38416,0.39162,0.29948,0,0,0.83147,0.80305,0.84639,0.90661,0.6671,0.76789,0.54101,0.62214,0.44635,0.50665,0.2868,0.43468,0.28871,0.17974,0.088693,0,0.38694,0.48033,0.46162,0.52017,0.40886,0.44141,0.21228,0.12659,0.30873,0.25739,0.14009,0.063947,0.35895,0.30286,0.32025,0.34233,0.34644,0.44635,0.39976,0.27634,0.25304,0
0.35374,0.26382,0.2788,0.23972,0.25957,0.14911,0.30333,0.27147,0.32684,0.30925,0.51903,0.52175,0.4846,0.45802,0.66274,0.6174,0.72406,0.6844,0.36742,0.36116,0.43252,0.54405,0.42895,0.35355,0.60122,0.73374,0.56598,0.56064,0.7785,0.78227,1,0.9661,0.71653,0.70172,0.37427,0.36158,0.50107,0.31787,0.33514,0.35367,0.54464,0.58002,0.41359,0.36771,0.38572,0.32336,0.34901,0.35068,0.41936,0.29301,0.53303,0.37803,0.2898,0.29315,0.21249,0.22363,0.37987,0.21057,0.26825,0.19676,0.40092,0.31471,0.57325,0.55191,0.46768,0.35352,0.25579,0.2323,0.22375,0.040081,0.30215,0.40797,0.59366,0.41132,0.47897,0.30954,0,0,0.74196,0.72469,0.72285,0.68976,0.46857,0.52782,0.49644,0.4909,0.36616,0.4463,0.30668,0.36453,0.1771,0.047544,0,0,0.28619,0.3523,0.3741,0.40596,0.31692,0.34515,0.14979,0.13748,0.27328,0.24528,0.10984,0.061164,0.33332,0.26537,0.25072,0.23401,0.27198,0.36447,0.26387,0.19731,0.18894,0
0.4257,0.35656,0.3233,0.33324,0.3035,0.19414,0.36871,0.34939,0.36241,0.35561,0.56496,0.55899,0.52171,0.50156,0.67914,0.65032,0.76125,0.74169,0.43527,0.44326,0.4635,0.59569,0.47283,0.40441,0.60341,0.75165,0.5483,0.54248,0.77716,0.7775,0.9661,1,0.73588,0.75001,0.40629,0.40298,0.52099,0.35641,0.34664,0.34346,0.58907,0.61352,0.43191,0.39517,0.41206,0.37605,0.41137,0.40688,0.42081,0.31314,0.55319,0.40039,0.35975,0.35293,0.26995,0.29504,0.44622,0.29458,0.32826,0.25979,0.44819,0.38335,0.61104,0.58489,0.52172,0.43504,0.32008,0.30272,0.31764,0.1229,0.31133,0.43887,0.66079,0.49793,0.53768,0.3874,0.021482,0.047504,0.73197,0.75989,0.73486,0.71394,0.46365,0.53488,0.57439,0.56723,0.38593,0.46764,0.35549,0.42976,0.23347,0.099678,0.03581,0,0.28416,0.33668,0.40715,0.43424,0.35392,0.38292,0.22341,0.19505,0.33895,0.30722,0.20982,0.13906,0.33194,0.25599,0.29814,0.25446,0.3306,0.3969,0.29398,0.27841,0.26791,0
0.59972,0.45003,0.46995,0.5008,0.44907,0.26346,0.50808,0.55539,0.46392,0.47245,0.646,0.69514,0.64322,0.63421,0.62292,0.6153,0.62131,0.7026,0.58859,0.60213,0.25815,0.36758,0.4976,0.48144,0.60349,0.63371,0.31629,0.29246,0.54976,0.58073,0.71653,0.73588,1,0.97127,0.6418,0.61819,0.43677,0.24748,0.010556,0,0.32892,0.38535,0.43845,0.46696,0.62937,0.58488,0.27398,0.43264,0.5624,0.43615,0.53572,0.4454,0.1939,0.32225,0.24509,0.24395,0.46221,0.38935,0.47658,0.48218,0.59045,0.59286,0.65754,0.69691,0.66977,0.65142,0.51741,0.46932,0.44712,0.25959,0.37957,0.56413,0.73398,0.69093,0.64823,0.57801,0.25747,0.32844,0.42102,0.59084,0.47533,0.50836,0.26385,0.27493,0.43663,0.43389,0.24053,0.28067,0.36941,0.39049,0.27018,0.16662,0.14875,0.067879,0,0.032019,0.15829,0.18237,0.38937,0.39857,0.40507,0.37408,0.48365,0.41988,0.34471,0.19986,0.34426,0.22941,0.28463,0.32442,0.48644,0.41392,0.34027,0.42158,0.39773,0.19431
0.65716,0.54434,0.51146,0.57864,0.47113,0.33596,0.55261,0.6247,0.49332,0.53222,0.67916,0.72388,0.6659,0.67379,0.62279,0.63959,0.66272,0.74423,0.63895,0.66642,0.25717,0.38682,0.52797,0.53179,0.61107,0.64923,0.29001,0.30378,0.54953,0.57373,0.70172,0.75001,0.97127,1,0.64919,0.66381,0.47202,0.29278,0,0,0.32993,0.4078,0.46902,0.51392,0.66555,0.63933,0.32603,0.48105,0.58626,0.48037,0.57062,0.4888,0.274,0.38014,0.28896,0.29442,0.54545,0.47778,0.5518,0.54537,0.66727,0.66359,0.71648,0.75649,0.71458,0.72273,0.58691,0.54614,0.52622,0.33838,0.40995,0.60394,0.77035,0.74839,0.67971,0.62576,0.28855,0.36161,0.42538,0.62685,0.50997,0.52508,0.25368,0.27194,0.50444,0.4901,0.25042,0.29699,0.41382,0.4555,0.33151,0.1896,0.18867,0.090366,0,0,0.16673,0.19511,0.4296,0.43464,0.45534,0.41152,0.53439,0.47735,0.4222,0.26694,0.35009,0.25064,0.26446,0.32747,0.52948,0.44616,0.37379,0.49748,0.47008,0.27606
0.65192,0.56887,0.75723,0.75088,0.67195,0.45244,0.75335,0.75899,0.61195,0.57381,0.64186,0.60707,0.69243,0.61554,0.59271,0.56923,0.38594,0.54712,0.77201,0.70364,0.36203,0.426,0.68767,0.71521,0.72674,0.66575,0.32298,0.26653,0.27217,0.25092,0.37427,0.40629,0.6418,0.64919,1,0.86774,0.54453,0.44403,0.13467,0.050893,0.28796,0.29533,0.54614,0.50261,0.7051,0.71303,0.38391,0.54691,0.54943,0.43837,0.6505,0.50336,0.32878,0.53243,0.47084,0.46981,0.57821,0.51039,0.51317,0.54518,0.50159,0.61512,0.51173,0.53217,0.77316,0.79509,0.69774,0.66563,0.65553,0.50628,0.37082,0.63681,0.66957,0.69939,0.69486,0.67918,0.56933,0.58881,0.13609,0.42256,0.24733,0.30023,0.16584,0.19273,0.52587,0.49683,0.3975,0.40641,0.64552,0.57514,0.47297,0.46524,0.48431,0.47548,0,0,0.26035,0.22206,0.48607,0.4947,0.68571,0.69805,0.60365,0.57616,0.58781,0.48016,0.41024,0.39984,0.34183,0.3465,0.55184,0.44925,0.47368,0.61341,0.63858,0.33661
0.61759,0.54298,0.7039,0.75264,0.58713,0.49588,0.67754,0.75086,0.59672,0.60206,0.58704,0.57,0.61939,0.5993,0.51202,0.50567,0.32204,0.4819,0.71184,0.65413,0.31585,0.41405,0.6411,0.67761,0.66232,0.59953,0.29309,0.27975,0.216,0.18823,0.36158,0.40298,0.61819,0.66381,0.86774,1,0.52321,0.4227,0.057135,0,0.18383,0.21186,0.47844,0.4749,0.68386,0.71775,0.34618,0.52676,0.55491,0.43228,0.56358,0.45846,0.27672,0.42222,0.42218,0.38688,0.50683,0.47374,0.52129,0.56236,0.53765,0.66724,0.49493,0.52986,0.70429,0.80007,0.67805,0.66349,0.61478,0.50881,0.42824,0.6184,0.61756,0.68816,0.64894,0.63412,0.5836,0.60559,0.07923,0.37327,0.20533,0.20285,0.089229,0.074763,0.46339,0.41556,0.22136,0.24475,0.60484,0.51155,0.4646,0.38467,0.45955,0.41089,0,0,0.2326,0.18151,0.4709,0.45133,0.6758,0.65617,0.63282,0.61636,0.63097,0.56769,0.3484,0.36804,0.28109,0.33375,0.55929,0.39914,0.41544,0.60221,0.6059,0.38984
0.6677,0.55171,0.61577,0.60495,0.53217,0.46487,0.66719,0.62869,0.63878,0.65798,0.73013,0.66078,0.7132,0.65097,0.70361,0.68334,0.52295,0.61113,0.64194,0.62227,0.50473,0.61361,0.52126,0.508,0.60093,0.6528,0.51339,0.47873,0.60979,0.45853,0.50107,0.52099,0.43677,0.47202,0.54453,0.52321,1,0.80926,0.51849,0.41811,0.56609,0.57669,0.59514,0.55674,0.6792,0.66087,0.64888,0.63919,0.67257,0.57111,0.69739,0.62937,0.57487,0.6064,0.52605,0.52098,0.58985,0.53134,0.60053,0.56554,0.64743,0.63369,0.5667,0.55993,0.62862,0.61323,0.65364,0.66962,0.61025,0.5365,0.3622,0.53726,0.6475,0.62491,0.69143,0.64111,0.50169,0.49384,0.33119,0.49673,0.48538,0.4833,0.39899,0.47016,0.642,0.62423,0.4474,0.51709,0.63568,0.64306,0.55051,0.42927,0.44402,0.3562,0.3446,0.31038,0.58641,0.56563,0.61393,0.64804,0.57597,0.56379,0.60363,0.61049,0.5223,0.45129,0.44909,0.4527,0.54807,0.40819,0.57159,0.61377,0.54758,0.54285,0.51282,0.072167
0.46321,0.42868,0.53401,0.55008,0.45571,0.35729,0.54176,0.52218,0.53418,0.53627,0.53686,0.4725,0.5081,0.50974,0.51955,0.52912,0.32254,0.42031,0.50367,0.49563,0.56309,0.61813,0.52994,0.5076,0.49666,0.53586,0.36264,0.30565,0.40438,0.28393,0.31787,0.35641,0.24748,0.29278,0.44403,0.4227,0.80926,1,0.50948,0.43066,0.44136,0.43592,0.4247,0.38838,0.45629,0.47335,0.57452,0.56793,0.44211,0.41031,0.48953,0.46955,0.49023,0.51176,0.46075,0.45478,0.40532,0.36299,0.39699,0.39961,0.40958,0.43745,0.32654,0.37978,0.41912,0.43746,0.48514,0.5188,0.5117,0.48526,0.25437,0.36939,0.4701,0.48439,0.50171,0.56685,0.4999,0.49815,0.16327,0.32933,0.30346,0.33606,0.25082,0.35781,0.49025,0.4653,0.34432,0.41217,0.52665,0.52222,0.53053,0.51663,0.54041,0.49548,0.38637,0.26793,0.56717,0.49181,0.48881,0.51727,0.50777,0.47125,0.41831,0.41255,0.39849,0.37115,0.30018,0.25092,0.56908,0.41624,0.53043,0.4942,0.43954,0.41728,0.39261,0.021164
0.11683,0.12423,0.19442,0.12681,0.24404,0.10213,0.21216,0.11866,0.26078,0.22001,0.22933,0.17055,0.24546,0.10415,0.46073,0.38663,0.2783,0.28236,0.18973,0.13505,0.50335,0.48669,0.25629,0.18853,0.3044,0.4334,0.40313,0.38084,0.47603,0.38701,0.33514,0.34664,0.010556,0,0.13467,0.057135,0.51849,0.50948,1,0.91019,0.68885,0.70697,0.35383,0.21619,0.15138,0.15781,0.58602,0.36234,0.18728,0.12299,0.4056,0.28027,0.48055,0.37329,0.53764,0.47025,0.14287,0.098536,0.11558,0.12078,0.057507,0.11877,0.10287,0.11683,0.12037,0.103,0.099628,0.14084,0.15693,0.10314,0,0,0.18579,0.095775,0.1799,0.15272,0.044308,0,0.35322,0.32026,0.42893,0.40609,0.56353,0.66937,0.49727,0.54901,0.67522,0.68274,0.46617,0.46989,0.2523,0.27625,0.21552,0.23092,0.81891,0.77872,0.8488,0.7764,0.36014,0.41127,0.26833,0.23226,0.2399,0.25603,0.16517,0.23731,0.35683,0.35772,0.56066,0.26688,0.1906,0.38965,0.29698,0.16932,0.13086,0
0.034737,0.061567,0.07709,0.038341,0.12138,0.0265,0.1101,0.052553,0.12307,0.116,0.14747,0.14906,0.15954,0.082765,0.42922,0.37988,0.32328,0.26135,0.094493,0.046753,0.39978,0.46448,0.17064,0.11945,0.25966,0.39996,0.36284,0.4224,0.50131,0.45482,0.35367,0.34346,0,0,0.050893,0,0.41811,0.43066,0.91019,1,0.63227,0.74022,0.35767,0.22614,0.08317,0.087758,0.52927,0.32098,0.14035,0.10066,0.35146,0.24731,0.45024,0.34053,0.47888,0.40007,0.086585,0.027857,0.052377,0.067239,0,0.040039,0.087435,0.077749,0.058032,0.030282,0.014271,0.066035,0.060101,0.0092166,0,0,0.097304,0,0.059376,0.025267,0,0,0.46359,0.39213,0.51241,0.43861,0.70627,0.76773,0.46351,0.51251,0.69125,0.68925,0.4073,0.42687,0.22572,0.2507,0.17902,0.19927,0.81577,0.86244,0.79851,0.78661,0.3184,0.3665,0.1983,0.13423,0.13829,0.1428,0.066372,0.15335,0.33918,0.34447,0.50901,0.28466,0.13374,0.35974,0.29662,0.13322,0.10119,0
0.33017,0.23005,0.32374,0.28367,0.32695,0.18695,0.38455,0.30795,0.35139,0.36956,0.48743,0.45126,0.47687,0.36419,0.58348,0.55034,0.55022,0.52052,0.37152,0.35756,0.52961,0.53789,0.39358,0.36822,0.45382,0.56138,0.39799,0.42547,0.59523,0.53638,0.54464,0.58907,0.32892,0.32993,0.28796,0.18383,0.56609,0.44136,0.68885,0.63227,1,0.83076,0.37445,0.2633,0.28534,0.28483,0.48272,0.39258,0.29839,0.21196,0.50801,0.34689,0.48453,0.4148,0.46154,0.40776,0.3118,0.19344,0.22686,0.21305,0.27368,0.29954,0.40694,0.35946,0.3599,0.30784,0.21928,0.24426,0.29302,0.12622,0.1015,0.21997,0.58977,0.42259,0.49781,0.40568,0.10274,0.058113,0.50469,0.51989,0.5602,0.57319,0.53365,0.62118,0.57702,0.64348,0.63651,0.68831,0.49465,0.51076,0.23566,0.21515,0.15353,0.10401,0.52868,0.55571,0.58915,0.5736,0.3473,0.40063,0.29059,0.21359,0.30584,0.25577,0.17434,0.17164,0.30915,0.25341,0.41929,0.15497,0.19951,0.40396,0.30459,0.22014,0.19731,0
0.44658,0.38339,0.31213,0.32039,0.30957,0.2255,0.40682,0.38422,0.31892,0.41171,0.556,0.55791,0.53796,0.45426,0.69843,0.69558,0.67609,0.65529,0.43529,0.4226,0.42161,0.49789,0.33228,0.30006,0.4211,0.57247,0.38628,0.5206,0.72464,0.70466,0.58002,0.61352,0.38535,0.4078,0.29533,0.21186,0.57669,0.43592,0.70697,0.74022,0.83076,1,0.50856,0.44385,0.4186,0.4081,0.59656,0.5017,0.42643,0.35484,0.61633,0.48289,0.55962,0.52172,0.5704,0.48401,0.40662,0.34105,0.38194,0.38838,0.41993,0.42826,0.51252,0.50948,0.44769,0.39408,0.31722,0.35258,0.3615,0.17754,0.071523,0.21541,0.56371,0.47366,0.48101,0.42542,0.026053,0.021918,0.61564,0.68456,0.73653,0.71801,0.74009,0.83483,0.70204,0.77585,0.68226,0.77847,0.56576,0.634,0.34348,0.27642,0.19113,0.13922,0.52852,0.63648,0.66052,0.69446,0.48549,0.53482,0.39258,0.30663,0.42249,0.38576,0.28382,0.23283,0.46655,0.40912,0.43025,0.25396,0.31513,0.48417,0.42345,0.37755,0.3484,0
0.68581,0.66726,0.67077,0.70787,0.67035,0.55385,0.67107,0.72014,0.56828,0.58591,0.64609,0.66973,0.67831,0.68582,0.70661,0.72725,0.57446,0.62993,0.68225,0.6655,0.29706,0.40998,0.52366,0.55438,0.63659,0.67441,0.45489,0.48663,0.54883,0.49952,0.41359,0.43191,0.43845,0.46902,0.54614,0.47844,0.59514,0.4247,0.35383,0.35767,0.37445,0.50856,1,0.94145,0.82801,0.83083,0.78963,0.89522,0.76238,0.82221,0.82501,0.87839,0.72894,0.81292,0.62831,0.68326,0.62846,0.62669,0.61133,0.6552,0.53705,0.64392,0.52771,0.58149,0.60825,0.61838,0.73055,0.76551,0.63175,0.56133,0.15754,0.39858,0.54984,0.52873,0.57687,0.57002,0.29354,0.37446,0.39257,0.56802,0.49962,0.49168,0.48521,0.50608,0.61725,0.63603,0.58972,0.54648,0.68018,0.71658,0.79756,0.62664,0.64226,0.45141,0.2023,0.26369,0.59757,0.69581,0.87304,0.92054,0.67243,0.62158,0.67738,0.63613,0.64569,0.53004,0.54616,0.51331,0.40696,0.56302,0.69062,0.87464,0.89311,0.74283,0.72173,0.23288
0.73633,0.72216,0.60839,0.70145,0.59937,0.56119,0.62307,0.7349,0.49984,0.61601,0.65729,0.68349,0.66479,0.71551,0.64817,0.69941,0.57349,0.63806,0.66228,0.66722,0.20086,0.32173,0.40678,0.45947,0.54006,0.58911,0.38119,0.43066,0.51428,0.47915,0.36771,0.39517,0.46696,0.51392,0.50261,0.4749,0.55674,0.38838,0.21619,0.22614,0.2633,0.44385,0.94145,1,0.86733,0.88065,0.75441,0.89673,0.81442,0.88463,0.78702,0.90562,0.66363,0.75493,0.59695,0.62134,0.65316,0.70012,0.70491,0.7397,0.63749,0.70035,0.58456,0.61326,0.61814,0.65195,0.79247,0.82726,0.64608,0.59632,0.21784,0.42257,0.55077,0.57844,0.59204,0.57422,0.30045,0.38505,0.35281,0.55195,0.47719,0.4545,0.38872,0.42961,0.56696,0.60345,0.42983,0.42989,0.62961,0.68509,0.79082,0.55326,0.5769,0.37399,0.077602,0.14874,0.51399,0.61955,0.86313,0.88156,0.66945,0.62025,0.71326,0.67874,0.64469,0.50909,0.5657,0.50168,0.35954,0.52313,0.74737,0.85406,0.847,0.78512,0.75425,0.2893
