1,0.82987,0.73591,0.75898,0.29839,0.30599,0.67999,0.63728,0.44865,0.15786,0.40422,0.57,0.63371,0.44014,0.72707,0.50741,0.2762,0.2082,0.87855,0.81739,0,0.3399,0.56107,0.57876,0,0.059183,0.25157,0.43812,0.10795,0.0035665,0.33211,0.41803,0.49817,0.53069,0.40311,0.31795,0.33015,0.17981,0.22134,0.24683,0,0.27081,0.68463,0.55996,0.54068,0.51938,0.67608,0.66957,0.56923,0.66186,0.56467,0.55715,0.38554,0.56435,0.51398,0.41723,0.77322,0.67906,0.61484,0.53044,0.57756,0.56247,0.28901,0.2817,0.5129,0.50085,0.52416,0.51923,0.68691,0.68044,0.37068,0.28798,0.35644,0.28168,0.56647,0.42569,0.5934,0.43902,0.1983,0.11744,0.18361,0.29356,0.30147,0.31881,0.62131,0.46093,0.38962,0.36012,0.4807,0.64294,0.35984,0.70221,0.42246,0.54284,0,0,0.17276,0.30759,0.63963,0.57564,0.41532,0.51083,0.42418,0.55141,0.073156,0.30921,0.075483,0.099995,0.18786,0,0.09071,0.52583,0.48595,0.3715,0.29481,0
0.82987,1,0.64573,0.80401,0.26435,0.30882,0.55618,0.63318,0.36439,0.18478,0.35955,0.57485,0.5146,0.48252,0.57,0.51821,0.35463,0.3472,0.78738,0.8682,0.031382,0.34783,0.51963,0.54575,0,0.1049,0.28461,0.40153,0.19098,0.12224,0.41834,0.46315,0.40648,0.47528,0.27632,0.20467,0.30867,0.24703,0.19664,0.21004,0,0.29458,0.62624,0.49838,0.52164,0.54344,0.66321,0.65753,0.59692,0.71477,0.5467,0.57712,0.43295,0.63028,0.46465,0.35868,0.74857,0.84667,0.53753,0.54791,0.48388,0.55109,0.333,0.3676,0.40642,0.41883,0.42753,0.4502,0.73565,0.70739,0.38704,0.26353,0.3707,0.38697,0.5969,0.40682,0.5464,0.4092,0.30954,0.21787,0.29212,0.41385,0.29263,0.2949,0.57887,0.43494,0.30737,0.28233,0.4842,0.52655,0.47818,0.61767,0.44377,0.45292,0,0,0.21512,0.27306,0.68968,0.60013,0.47897,0.41066,0.50107,0.56471,0.035628,0.25595,0.050473,0.067253,0.1523,0,0.15335,0.59522,0.54424,0.36715,0.30496,0
0.73591,0.64573,1,0.75792,0.2684,0.22709,0.80311,0.6285,0.48295,0.062201,0.28634,0.38499,0.60116,0.3337,0.60183,0.22022,0.088496,0.13709,0.84198,0.69048,0.080767,0.31181,0.7662,0.64006,0,0.13566,0.17785,0.3212,0.009312,0,0.41302,0.49203,0.44596,0.41321,0.5071,0.36359,0.23847,0.070476,0.17348,0.19447,0.069046,0.16429,0.60597,0.49559,0.49847,0.46774,0.61254,0.60246,0.47827,0.56014,0.55871,0.50984,0.32626,0.54008,0.45485,0.35788,0.4766,0.40936,0.47698,0.32489,0.51957,0.4149,0.14087,0.057049,0.68452,0.5641,0.51649,0.50903,0.51338,0.47233,0.45432,0.34903,0.36777,0.21772,0.48938,0.44499,0.60341,0.46352,0.094826,0.053249,0,0.048048,0.059206,0.062777,0.4465,0.23291,0.20047,0.18596,0.38234,0.44433,0.35828,0.66639,0.3744,0.61601,0,0,0.10335,0.28254,0.49716,0.43026,0.27608,0.43681,0.29368,0.39212,0.019858,0.21666,0,0.0041902,0.043895,0,0.04457,0.48788,0.30555,0.24046,0.31938,0
0.75898,0.80401,0.75792,1,0.37698,0.40915,0.64184,0.83515,0.51223,0.29107,0.32029,0.64552,0.56074,0.55979,0.60496,0.52651,0.23379,0.26885,0.78107,0.83446,0.077151,0.39896,0.7046,0.79825,0,0.25601,0.30143,0.44775,0.10066,0,0.47577,0.60763,0.54771,0.61684,0.40684,0.36502,0.24162,0.14585,0.092656,0.12553,0,0.20214,0.57596,0.45091,0.50114,0.48186,0.55538,0.57296,0.52568,0.58858,0.49707,0.49677,0.29557,0.48321,0.44013,0.27426,0.64088,0.6793,0.55948,0.55744,0.58728,0.67507,0.32197,0.37124,0.60002,0.71646,0.56264,0.62323,0.70689,0.70294,0.54797,0.44457,0.39826,0.34343,0.57315,0.49687,0.67706,0.57536,0.24961,0.10901,0.11797,0.24792,0.1947,0.21362,0.52647,0.41758,0.27352,0.22647,0.52004,0.6089,0.47855,0.62438,0.55178,0.50158,0,0,0.12982,0.18475,0.53055,0.38083,0.4817,0.42408,0.38148,0.47559,0,0.20415,0,0.060967,0.055054,0,0.10177,0.49218,0.38679,0.29422,0.21477,0
0.29839,0.26435,0.2684,0.37698,1,0.82635,0.26109,0.35912,0.73084,0.69306,0.24899,0.24456,0.33077,0.20203,0.40301,0.32949,0.1403,0.15412,0.33483,0.28217,0.21813,0.3586,0.30708,0.35523,0.32285,0.72437,0.62566,0.62142,0.032914,0,0.42919,0.39757,0.47975,0.42752,0.19561,0.14474,0.14305,0.16384,0.034705,0.1537,0,0.053835,0.19013,0.17827,0.41887,0.39501,0.23502,0.2298,0.39392,0.44165,0.24723,0.3042,0.26564,0.1645,0.23089,0.21441,0.28628,0.28878,0.382,0.39842,0.47425,0.427,0.33042,0.26236,0.27566,0.3385,0.38778,0.38649,0.34364,0.40205,0.4259,0.36067,0.36307,0.30396,0.42027,0.45486,0.50731,0.44441,0.084923,0.039345,0.14461,0.18225,0.12999,0.073354,0.35214,0.23385,0.21487,0.085627,0.437,0.4155,0.21983,0.24985,0.18478,0.13808,0,0,0,0.054765,0.19375,0.18263,0.35124,0.35816,0.16882,0.26384,0,0.02988,0.2588,0.049787,0.066193,0.026512,0.027219,0.15205,0.15094,0.02986,0,0
0.30599,0.30882,0.22709,0.40915,0.82635,1,0.18899,0.38987,0.60307,0.81196,0.14873,0.18496,0.22279,0.23416,0.28612,0.32449,0.064947,0.0426,0.33442,0.35431,0.17922,0.34266,0.25491,0.31521,0.30836,0.67567,0.60309,0.64424,0,0,0.34498,0.32184,0.37405,0.37443,0.035929,0.0069288,0.12576,0.06036,0.027089,0.073385,0,0.034429,0.083776,0.040933,0.2984,0.31578,0.1422,0.18018,0.29291,0.36698,0.18372,0.25458,0.22261,0.20297,0.18472,0.19282,0.29174,0.33085,0.29501,0.36917,0.38887,0.4542,0.29387,0.28886,0.15091,0.30849,0.21248,0.26937,0.3455,0.45294,0.35531,0.3392,0.30856,0.29924,0.36091,0.40814,0.46882,0.41409,0.030473,0,0.13938,0.16489,0.076212,0.088026,0.32404,0.23012,0.22534,0.14677,0.43888,0.42252,0.25328,0.26997,0.203,0.13754,0,0,0,0.0071938,0.21552,0.15484,0.27865,0.24643,0.083654,0.17434,0,0.077102,0.15967,0,0.068625,0.017138,0,0.098439,0.10122,0,0,0
0.67999,0.55618,0.80311,0.64184,0.26109,0.18899,1,0.75009,0.40704,0.083503,0.56482,0.5476,0.74415,0.54294,0.51449,0.32933,0.31634,0.26076,0.67242,0.56857,0.024498,0.20432,0.45284,0.39969,0.026571,0.16784,0.15741,0.18524,0.24537,0.1126,0.40765,0.44192,0.5848,0.50834,0.40019,0.32755,0.23922,0.15628,0.22102,0.23944,0.078792,0.16018,0.61718,0.54867,0.52761,0.41596,0.60383,0.60204,0.49966,0.5045,0.62195,0.56746,0.40937,0.50477,0.48478,0.35358,0.48529,0.32685,0.52165,0.28929,0.63499,0.49731,0.43765,0.27862,0.51958,0.5451,0.64559,0.58669,0.55448,0.46602,0.39416,0.23126,0.33479,0.22495,0.43074,0.29508,0.53214,0.35752,0.21932,0.11551,0.16469,0.21576,0.19132,0.15355,0.46328,0.27986,0.21261,0.21219,0.44419,0.43796,0.40538,0.6708,0.43443,0.59912,0,0,0.24064,0.31818,0.37676,0.44738,0.33454,0.54408,0.32123,0.44788,0.07441,0.26673,0.11451,0.05532,0.17053,0.007081,0.11993,0.39544,0.25906,0.22948,0.33689,0.0078558
0.63728,0.63318,0.6285,0.83515,0.35912,0.38987,0.75009,1,0.39153,0.36083,0.47607,0.73566,0.62295,0.70906,0.47318,0.56014,0.32179,0.26944,0.59898,0.65591,0,0.32471,0.41848,0.5255,0,0.30256,0.25075,0.36396,0.17824,0.076445,0.48747,0.56306,0.66593,0.71047,0.28069,0.31175,0.22574,0.10825,0.11759,0.12687,0,0.1336,0.57517,0.50567,0.56715,0.46898,0.58191,0.58476,0.56567,0.57494,0.59461,0.61034,0.42353,0.49187,0.4948,0.27456,0.57665,0.53632,0.54557,0.53508,0.68109,0.77893,0.47143,0.58386,0.44059,0.73338,0.65441,0.71832,0.67345,0.62454,0.45011,0.32579,0.33925,0.26397,0.49182,0.31627,0.58738,0.49016,0.22316,0.071843,0.20428,0.27377,0.21507,0.22494,0.42983,0.40329,0.2589,0.25238,0.53391,0.59687,0.47861,0.58409,0.5652,0.4774,0,0,0.18203,0.20039,0.47352,0.36506,0.5415,0.51994,0.40343,0.51696,0.019754,0.28339,0.039004,0.10621,0.10074,0.016515,0.19827,0.39514,0.32742,0.20022,0.21273,0
0.44865,0.36439,0.48295,0.51223,0.73084,0.60307,0.40704,0.39153,1,0.49068,0.12328,0.33884,0.42289,0.27799,0.63753,0.32979,0,0.052859,0.50462,0.33592,0.20321,0.25483,0.59329,0.57013,0.23333,0.46907,0.38484,0.39792,0,0,0.21165,0.34925,0.25464,0.22077,0.32938,0.18861,0.1718,0.1678,0.075946,0.17678,0.047528,0.13458,0.23025,0.18471,0.29528,0.32311,0.23286,0.23327,0.29215,0.3596,0.21889,0.24018,0.11752,0.18292,0.2406,0.18703,0.17012,0.17055,0.2878,0.2951,0.4592,0.46079,0.13641,0.034199,0.60635,0.57064,0.22166,0.24175,0.23557,0.31065,0.45289,0.33572,0.25282,0.1873,0.36805,0.42999,0.50284,0.42299,0.022351,0,0,0.082945,0.10521,0.080043,0.51755,0.35041,0.26061,0.17944,0.445,0.44872,0.41393,0.39831,0.44616,0.38953,0,0,0.030467,0.12075,0.23709,0.2346,0.31235,0.32579,0.12721,0.18864,0.025525,0.050311,0.16822,0,0.099916,0,0,0.26196,0.16874,0.12686,0,0
0.15786,0.18478,0.062201,0.29107,0.69306,0.81196,0.083503,0.36083,0.49068,1,0.084883,0.22896,0.19312,0.29155,0.2501,0.44727,0.078682,0.044448,0.18685,0.2799,0.16946,0.4126,0.14555,0.24335,0.25266,0.6771,0.45029,0.53173,0.0088954,0,0.39281,0.34933,0.40748,0.44393,0,0,0.28317,0.14472,0.14071,0.15546,0,0.14331,0.02785,0.055279,0.25942,0.29761,0.089781,0.13534,0.22691,0.32046,0.10904,0.23313,0.21116,0.21347,0.18379,0.20725,0.19982,0.22832,0.19063,0.32753,0.32238,0.43046,0.21371,0.3502,0.044499,0.22569,0.15251,0.23081,0.26084,0.38441,0.38042,0.38173,0.35867,0.41261,0.32413,0.31423,0.44035,0.4633,0.061898,0.02463,0.18919,0.24372,0.13605,0.19381,0.24436,0.26914,0.23472,0.22959,0.33816,0.41437,0.097819,0.19903,0.13941,0.087241,0,0,0,0.046429,0.19758,0.10831,0.24963,0.16864,0.1209,0.13795,0.00049968,0.15647,0.23071,0.098794,0.07292,0.043711,0,0.034644,0.034653,0,0,0.016536
0.40422,0.35955,0.28634,0.32029,0.24899,0.14873,0.56482,0.47607,0.12328,0.084883,1,0.6637,0.80402,0.68449,0.48072,0.60659,0.64629,0.51954,0.30848,0.29195,0.19539,0.40771,0,0.050104,0,0.2378,0.33395,0.23283,0.58304,0.48331,0.43025,0.39759,0.52631,0.48679,0.19974,0.19999,0.36358,0.3314,0.31922,0.33278,0,0.17737,0.51819,0.57259,0.5361,0.43053,0.48758,0.53541,0.60997,0.52838,0.57158,0.59838,0.51969,0.32312,0.5017,0.35137,0.444,0.32307,0.5684,0.4554,0.64466,0.51806,0.66484,0.49044,0.18804,0.33838,0.52716,0.52187,0.44511,0.36405,0.40588,0.30763,0.34377,0.31524,0.45791,0.2392,0.38067,0.30738,0.4433,0.42102,0.54516,0.49916,0.46856,0.33619,0.37675,0.3101,0.25333,0.20794,0.53128,0.42734,0.2083,0.44392,0.25847,0.3358,0.18401,0.17161,0.42464,0.32823,0.32036,0.34025,0.41116,0.53158,0.35356,0.48752,0.052073,0.28646,0.35217,0.13092,0.32023,0.29759,0.22837,0.28584,0.23912,0.17918,0.15143,0.045167
0.57,0.57485,0.38499,0.64552,0.24456,0.18496,0.5476,0.73566,0.33884,0.22896,0.6637,1,0.72034,0.84074,0.6217,0.77783,0.52262,0.56075,0.51729,0.53408,0.15512,0.40061,0.26905,0.47656,0,0.21921,0.28748,0.28664,0.414,0.35792,0.40391,0.54306,0.45787,0.54266,0.37811,0.38755,0.34881,0.3005,0.20166,0.21544,0,0.20828,0.652,0.63217,0.53648,0.4531,0.54251,0.58503,0.61789,0.58589,0.53144,0.57589,0.31771,0.36805,0.48007,0.21895,0.49751,0.49534,0.5314,0.54727,0.57261,0.7212,0.37355,0.47682,0.41542,0.6742,0.50298,0.55997,0.54464,0.50527,0.52523,0.42276,0.34088,0.29206,0.51902,0.2741,0.49202,0.4332,0.42408,0.38047,0.35971,0.45904,0.42334,0.37713,0.43348,0.50598,0.30714,0.28123,0.47282,0.51353,0.45398,0.53682,0.64,0.48051,0.12247,0.063726,0.4016,0.2903,0.43499,0.35639,0.61859,0.60064,0.35997,0.57482,0.00076357,0.23082,0.17798,0.12877,0.2322,0.19975,0.20807,0.45917,0.37363,0.37065,0.12447,0
0.63371,0.5146,0.60116,0.56074,0.33077,0.22279,0.74415,0.62295,0.42289,0.19312,0.80402,0.72034,1,0.72672,0.76917,0.65288,0.43419,0.40656,0.60134,0.48566,0.24661,0.53538,0.38035,0.42149,0,0.2811,0.32262,0.33608,0.40212,0.28386,0.48226,0.55033,0.56354,0.54141,0.5034,0.41877,0.45524,0.24745,0.38579,0.37544,0,0.27303,0.66892,0.68022,0.63188,0.57253,0.65098,0.7092,0.63839,0.64339,0.65382,0.65082,0.4923,0.50072,0.59982,0.44741,0.48614,0.35553,0.60489,0.50301,0.75515,0.62727,0.42089,0.28572,0.54313,0.60584,0.57792,0.60821,0.52727,0.46684,0.5486,0.40511,0.4157,0.33605,0.578,0.4327,0.57861,0.47849,0.398,0.36875,0.31525,0.39734,0.3978,0.31855,0.58092,0.43036,0.34503,0.32558,0.63189,0.64336,0.30077,0.67704,0.44955,0.584,0.055595,0.044358,0.35073,0.36829,0.48744,0.44454,0.45418,0.60315,0.45115,0.59687,0.15205,0.41251,0.26508,0.12121,0.28299,0.16507,0.14161,0.41317,0.27533,0.20702,0.30345,0.0061727
0.44014,0.48252,0.3337,0.55979,0.20203,0.23416,0.54294,0.70906,0.27799,0.29155,0.68449,0.84074,0.72672,1,0.47816,0.74975,0.47798,0.46345,0.43289,0.44673,0.11595,0.34342,0.14773,0.2916,0,0.26669,0.21947,0.18338,0.38852,0.30967,0.3792,0.44477,0.44822,0.49729,0.27013,0.29603,0.39182,0.35712,0.29913,0.29953,0.037116,0.2649,0.54734,0.57935,0.4615,0.41348,0.45556,0.53381,0.5548,0.53282,0.53126,0.60279,0.40875,0.44389,0.45387,0.29101,0.36464,0.36995,0.43825,0.47733,0.56927,0.71705,0.48776,0.51626,0.27929,0.59784,0.40381,0.50503,0.48729,0.43753,0.44788,0.36144,0.36583,0.40063,0.45934,0.27084,0.47397,0.43483,0.34062,0.24047,0.38004,0.3892,0.36206,0.34092,0.41966,0.42644,0.31555,0.33079,0.55176,0.50738,0.47973,0.55973,0.61651,0.48685,0.07374,0.024534,0.33118,0.21786,0.38379,0.36545,0.57952,0.47654,0.38794,0.51483,0.15134,0.32763,0.22393,0.13544,0.22471,0.1907,0.22452,0.36445,0.28829,0.21305,0.17028,0.029677
0.72707,0.57,0.60183,0.60496,0.40301,0.28612,0.51449,0.47318,0.63753,0.2501,0.48072,0.6217,0.76917,0.47816,1,0.68269,0.32444,0.34932,0.66842,0.53389,0.23079,0.55018,0.60811,0.65305,0,0.25363,0.45642,0.52105,0.2823,0.22074,0.39905,0.54906,0.43623,0.45854,0.50301,0.39302,0.48341,0.26862,0.42183,0.42838,0.048556,0.37921,0.6206,0.61373,0.55555,0.56264,0.60124,0.62089,0.56056,0.61669,0.50295,0.52601,0.29006,0.39354,0.55242,0.44032,0.48546,0.39842,0.50633,0.48617,0.61526,0.56346,0.19237,0.14296,0.69209,0.62844,0.42716,0.4844,0.44256,0.47118,0.53946,0.44275,0.39222,0.30383,0.51785,0.47567,0.51717,0.44444,0.36101,0.38357,0.21944,0.40411,0.51135,0.46156,0.70134,0.5672,0.49504,0.4437,0.57413,0.7086,0.25878,0.63091,0.4359,0.53934,0.10498,0.16392,0.38014,0.46595,0.56222,0.45388,0.40357,0.52709,0.39778,0.50802,0.18717,0.37031,0.22009,0.13378,0.31078,0.13755,0,0.44526,0.35365,0.25876,0.22749,0.045774
0.50741,0.51821,0.22022,0.52651,0.32949,0.32449,0.32933,0.56014,0.32979,0.44727,0.60659,0.77783,0.65288,0.74975,0.68269,1,0.5139,0.45219,0.40107,0.48469,0.17542,0.53197,0.19186,0.39327,0,0.37354,0.43721,0.46303,0.47404,0.4423,0.49248,0.58219,0.54711,0.62521,0.24944,0.30958,0.50814,0.40563,0.39152,0.40866,0,0.39332,0.5333,0.58091,0.52219,0.48156,0.48016,0.54478,0.5701,0.53879,0.43751,0.54147,0.34218,0.35997,0.45199,0.38529,0.47449,0.49001,0.42925,0.50806,0.55131,0.67268,0.44662,0.5437,0.29454,0.50751,0.39515,0.49926,0.51727,0.58133,0.45114,0.39584,0.42374,0.46167,0.5135,0.32432,0.41587,0.40599,0.47674,0.42111,0.53023,0.6166,0.61923,0.61553,0.57703,0.63312,0.47499,0.49201,0.51768,0.66854,0.25286,0.47432,0.39403,0.32739,0.19257,0.2023,0.43918,0.34745,0.46994,0.38429,0.55926,0.50873,0.49026,0.57718,0.20281,0.41048,0.41404,0.2644,0.35592,0.30077,0.19288,0.35195,0.28097,0.16336,0.13252,0.12549
0.2762,0.35463,0.088496,0.23379,0.1403,0.064947,0.31634,0.32179,0,0.078682,0.64629,0.52262,0.43419,0.47798,0.32444,0.5139,1,0.76862,0.15349,0.32442,0.19446,0.32352,0,0.059485,0.06612,0.1933,0.38517,0.21764,0.76422,0.66893,0.50218,0.43332,0.43812,0.466,0.1249,0.22492,0.25955,0.36525,0.23379,0.28857,0.082842,0.30713,0.29303,0.41335,0.41063,0.34966,0.31559,0.29625,0.38337,0.37413,0.26046,0.43232,0.17143,0.17598,0.31444,0.26893,0.44163,0.40637,0.24914,0.22405,0.26725,0.26174,0.55401,0.52312,0.0527,0.10694,0.26907,0.27669,0.31155,0.27116,0.36231,0.3269,0.47483,0.50141,0.37565,0.2478,0.17163,0.16011,0.76449,0.63225,0.77498,0.67736,0.53444,0.40057,0.39546,0.38657,0.19056,0.13341,0.18242,0.20133,0.08375,0.17132,0.11501,0.072042,0.28004,0.25937,0.45602,0.35957,0.2588,0.29968,0.30957,0.34827,0.23581,0.38665,0,0.11942,0.22253,0.13027,0.26469,0.33249,0.2507,0.19499,0.24855,0.13954,0.1111,0.070056
0.2082,0.3472,0.13709,0.26885,0.15412,0.0426,0.26076,0.26944,0.052859,0.044448,0.51954,0.56075,0.40656,0.46345,0.34932,0.45219,0.76862,1,0.21284,0.32299,0.27005,0.28895,0.06434,0.17288,0.17279,0.24724,0.44752,0.24957,0.64228,0.63777,0.39414,0.37157,0.22748,0.27365,0.21544,0.29655,0.23318,0.32702,0.24146,0.25989,0.15223,0.26275,0.34974,0.44754,0.35336,0.34561,0.31012,0.30059,0.35103,0.35543,0.25022,0.37071,0.1206,0.1985,0.27087,0.22028,0.31383,0.39268,0.18867,0.21058,0.13299,0.22404,0.32264,0.31386,0.14385,0.20288,0.20304,0.227,0.23504,0.17906,0.38232,0.35519,0.38941,0.46746,0.29164,0.27082,0.16324,0.17588,0.66797,0.71212,0.56776,0.59198,0.44741,0.3284,0.32681,0.3622,0.1462,0.095716,0.14865,0.16376,0.16774,0.19055,0.2859,0.15728,0.27502,0.28572,0.41728,0.34839,0.23218,0.27343,0.32762,0.32176,0.17559,0.35243,0,0.063012,0.18112,0.082193,0.25099,0.27017,0.083734,0.23309,0.2413,0.2086,0.081068,0
0.87855,0.78738,0.84198,0.78107,0.33483,0.33442,0.67242,0.59898,0.50462,0.18685,0.30848,0.51729,0.60134,0.43289,0.66842,0.40107,0.15349,0.21284,1,0.84492,0.048788,0.31393,0.66274,0.61923,0,0.11909,0.23624,0.42531,0.037791,0,0.37296,0.43977,0.4131,0.41909,0.49814,0.35908,0.30128,0.17218,0.16204,0.19242,0.019175,0.23599,0.66467,0.52143,0.49718,0.49515,0.62976,0.63915,0.54196,0.63646,0.54204,0.51499,0.38428,0.60004,0.44191,0.37591,0.59362,0.5826,0.52843,0.42634,0.47847,0.48163,0.14997,0.12295,0.56075,0.51129,0.44928,0.44124,0.64944,0.6271,0.42806,0.30888,0.41718,0.32711,0.61715,0.48848,0.65801,0.48353,0.12026,0.07431,0.02717,0.15399,0.14661,0.16775,0.54408,0.34376,0.29178,0.27445,0.42987,0.52351,0.41917,0.72128,0.47271,0.62265,0,0,0.065192,0.21962,0.5831,0.52832,0.40372,0.48126,0.3669,0.49037,0.04151,0.23453,0.012673,0.01184,0.076699,0,0.056294,0.57326,0.42918,0.39561,0.29272,0
0.81739,0.8682,0.69048,0.83446,0.28217,0.35431,0.56857,0.65591,0.33592,0.2799,0.29195,0.53408,0.48566,0.44673,0.53389,0.48469,0.32442,0.32299,0.84492,1,0,0.36933,0.57733,0.60341,0,0.14846,0.26977,0.47805,0.14041,0.028109,0.51614,0.54185,0.51024,0.59474,0.36258,0.27569,0.27827,0.18442,0.12124,0.1681,0,0.31296,0.58305,0.46425,0.49771,0.52533,0.59374,0.59817,0.49385,0.62131,0.4361,0.47683,0.37455,0.60416,0.44546,0.36938,0.75656,0.76721,0.5703,0.50231,0.47168,0.53102,0.28584,0.37571,0.39672,0.41584,0.47942,0.47853,0.78318,0.75708,0.48342,0.39327,0.47555,0.50208,0.61769,0.53028,0.63924,0.5211,0.2507,0.15766,0.22559,0.34832,0.22789,0.26766,0.49669,0.39334,0.30311,0.2836,0.42164,0.55386,0.3353,0.61351,0.36812,0.44054,0,0,0.060455,0.19377,0.60188,0.50348,0.42516,0.36409,0.42446,0.49405,0,0.2506,0.027224,0.10598,0.052041,0,0.1126,0.48117,0.39756,0.3148,0.28444,0
0,0.031382,0.080767,0.077151,0.21813,0.17922,0.024498,0,0.20321,0.16946,0.19539,0.15512,0.24661,0.11595,0.23079,0.17542,0.19446,0.27005,0.048788,0,1,0.63335,0.23297,0.29004,0.17547,0.3988,0.44394,0.17172,0.34242,0.24385,0.27222,0.32287,0.048905,0.001011,0.18754,0.06418,0.1083,0.0083112,0.036728,0.006373,0.11774,0.10021,0.051506,0.068421,0.1236,0.09602,0.036726,0.15368,0.16864,0.10562,0.092505,0.04785,0,0,0,0.029263,0,0,0,0,0.023172,0,0.011689,0,0.24251,0.094016,0.002409,0,0,0,0.56158,0.47815,0.29373,0.14458,0.2868,0.19176,0.21611,0.22918,0.3588,0.32153,0.04025,0.047979,0.017813,0,0.079145,0.028039,0,0,0,0,0.0029484,0.043059,0.062109,0.1205,0.25603,0.19006,0.16707,0.15749,0,0,0,0.066011,0,0,0,0,0,0,0.024112,0.34203,0.07178,0.19749,0.0026884,0.048507,0,0
0.3399,0.34783,0.31181,0.39896,0.3586,0.34266,0.20432,0.32471,0.25483,0.4126,0.40771,0.40061,0.53538,0.34342,0.55018,0.53197,0.32352,0.28895,0.31393,0.36933,0.63335,1,0.3411,0.47699,0,0.41352,0.48624,0.57037,0.25173,0.18895,0.61557,0.64094,0.48816,0.53193,0.31847,0.28005,0.47391,0.12193,0.3088,0.30253,0,0.34644,0.35613,0.41607,0.48453,0.43701,0.43704,0.51082,0.47575,0.50639,0.39401,0.41869,0.24651,0.26302,0.44587,0.37188,0.37283,0.34426,0.36607,0.42598,0.45618,0.409,0.17923,0.21534,0.41302,0.35766,0.3684,0.44577,0.30241,0.3503,0.69959,0.68146,0.56897,0.44158,0.63673,0.51236,0.58861,0.64639,0.39593,0.35334,0.2075,0.27882,0.20812,0.14788,0.38768,0.26906,0.13764,0.11633,0.37855,0.50305,0,0.35573,0.085005,0.25493,0.031501,0.037423,0.15388,0.28725,0.49095,0.23669,0.23317,0.28634,0.384,0.37149,0,0.34405,0.045584,0.11346,0.031177,0.10777,0.15678,0.28581,0.18213,0,0.12744,0
0.56107,0.51963,0.7662,0.7046,0.30708,0.25491,0.45284,0.41848,0.59329,0.14555,0,0.26905,0.38035,0.14773,0.60811,0.19186,0,0.06434,0.66274,0.57733,0.23297,0.3411,1,0.88006,0.091022,0.23959,0.24819,0.32558,0,0,0.32943,0.48449,0.28697,0.30565,0.50421,0.35982,0.10971,0,0.069877,0.065461,0.062933,0.17208,0.34228,0.25649,0.28408,0.35772,0.33747,0.32636,0.2218,0.36906,0.18832,0.24056,0,0.33746,0.22297,0.2359,0.32897,0.33278,0.24418,0.1928,0.33127,0.26699,0,0,0.70735,0.5024,0.24782,0.27631,0.3114,0.32499,0.54396,0.46645,0.27848,0.19985,0.36235,0.45957,0.47603,0.42554,0.085481,0.03152,0,0,0.041837,0.063284,0.40619,0.28958,0.1538,0.12794,0.20032,0.37728,0.20506,0.37729,0.28289,0.36018,0,0,0.032472,0.2546,0.31267,0.21028,0.075267,0.18462,0.06423,0.12044,0,0.040852,0,0,0.041308,0,0,0.3256,0.21336,0.14998,0.11218,0
0.57876,0.54575,0.64006,0.79825,0.35523,0.31521,0.39969,0.5255,0.57013,0.24335,0.050104,0.47656,0.42149,0.2916,0.65305,0.39327,0.059485,0.17288,0.61923,0.60341,0.29004,0.47699,0.88006,1,0,0.30766,0.36357,0.45287,0.014141,0,0.40483,0.63033,0.38537,0.46123,0.59607,0.51514,0.21139,0.049712,0.073862,0.11287,0,0.21362,0.43258,0.35,0.36701,0.37873,0.39611,0.41866,0.32754,0.39833,0.26543,0.26192,0,0.26502,0.29567,0.2041,0.41881,0.43486,0.34033,0.35021,0.37546,0.40824,0,0,0.73438,0.67111,0.39794,0.46339,0.41925,0.47782,0.60398,0.53509,0.31439,0.23561,0.43584,0.49487,0.56885,0.52251,0.24204,0.15452,0,0.10305,0.13425,0.14424,0.46269,0.39285,0.22002,0.15852,0.30432,0.48199,0.25126,0.4372,0.41798,0.3737,0,0,0.094052,0.21865,0.35523,0.19587,0.26583,0.27249,0.18255,0.26354,0,0.10783,0,0,0.031964,0,0,0.36325,0.25826,0.21991,0.12114,0
0,0,0,0,0.32285,0.30836,0.026571,0,0.23333,0.25266,0,0,0,0,0,0,0.06612,0.17279,0,0,0.17547,0,0.091022,0,1,0.59633,0.33001,0.012092,0.19661,0.13413,0,0,0,0,0,0,0,0.11296,0.039853,0.050006,0.38623,0.00082165,0,0,0,0,0,0,0,0,0,0,0,0,0,0.10803,0,0,0,0,0,0,0.14987,0,0,0,0,0,0,0,0.069339,0.091192,0.11217,0.12415,0,0,0,0,0.073316,0,0.079093,0,0.0065846,0,0.068557,0.072435,0,0,0,0,0.088471,0,0,0,0.13156,0.26183,0.050583,0.083035,0,0,0,0,0,0,0,0,0.11652,0,0.10943,0.05843,0,0,0,0,0,0.11663
0.059183,0.1049,0.13566,0.25601,0.72437,0.67567,0.16784,0.30256,0.46907,0.6771,0.2378,0.21921,0.2811,0.26669,0.25363,0.37354,0.1933,0.24724,0.11909,0.14846,0.3988,0.41352,0.23959,0.30766,0.59633,1,0.70216,0.51499,0.28161,0.21139,0.46234,0.46833,0.39875,0.3837,0.13896,0.16472,0.20641,0.19146,0.19248,0.24932,0.035922,0.13004,0.1242,0.20102,0.34123,0.35198,0.18195,0.1648,0.24475,0.2642,0.15084,0.25307,0.10434,0.12139,0.16389,0.28486,0.04812,0.069096,0.070973,0.13106,0.24246,0.27253,0.24507,0.1702,0.15345,0.28451,0.22087,0.29134,0.15319,0.22429,0.38288,0.37889,0.33855,0.35411,0.2666,0.30371,0.31077,0.33238,0.25976,0.18272,0.26792,0.26883,0.21431,0.19228,0.31254,0.26831,0.12301,0.090763,0.23273,0.27293,0.073025,0.090771,0.10974,0.0095338,0.13711,0.21439,0.16409,0.18357,0.014399,0.070848,0.14288,0.16423,0.04091,0.098292,0.0021343,0.092326,0.33286,0,0.25172,0.23054,0,0.0070335,0,0,0,0.074369
0.25157,0.28461,0.17785,0.30143,0.62566,0.60309,0.15741,0.25075,0.38484,0.45029,0.33395,0.28748,0.32262,0.21947,0.45642,0.43721,0.38517,0.44752,0.23624,0.26977,0.44394,0.48624,0.24819,0.36357,0.33001,0.70216,1,0.73186,0.40344,0.36005,0.43962,0.46231,0.33854,0.34235,0.11949,0.13357,0.24073,0.21359,0.33594,0.36302,0,0.19214,0.23452,0.24846,0.34396,0.33851,0.25325,0.27053,0.35352,0.35528,0.22325,0.26683,0.10967,0.13395,0.26547,0.29551,0.2691,0.28568,0.27122,0.28809,0.27868,0.27936,0.24941,0.17927,0.22543,0.25116,0.25314,0.27742,0.24432,0.27139,0.39778,0.42155,0.30811,0.31981,0.26421,0.37037,0.27266,0.27203,0.42532,0.39331,0.38733,0.39206,0.45186,0.34884,0.38118,0.29604,0.29219,0.16067,0.34135,0.374,0.054933,0.20305,0.082183,0.053729,0.26575,0.38917,0.31677,0.35718,0.18108,0.17755,0.15346,0.22694,0.093708,0.18652,0,0.091663,0.22919,0.05963,0.27505,0.29344,0,0.067459,0.11413,0.0080722,0,0.017869
0.43812,0.40153,0.3212,0.44775,0.62142,0.64424,0.18524,0.36396,0.39792,0.53173,0.23283,0.28664,0.33608,0.18338,0.52105,0.46303,0.21764,0.24957,0.42531,0.47805,0.17172,0.57037,0.32558,0.45287,0.012092,0.51499,0.73186,1,0.089677,0.10475,0.52788,0.52976,0.49142,0.56257,0.22537,0.20305,0.25181,0.050263,0.25415,0.26219,0,0.14988,0.29611,0.32171,0.47117,0.46312,0.41756,0.38648,0.4465,0.50713,0.29803,0.33334,0.21955,0.21378,0.46348,0.31064,0.46909,0.46905,0.46549,0.52658,0.45355,0.47464,0.17809,0.26431,0.28588,0.36748,0.41246,0.4469,0.3855,0.48183,0.39715,0.40007,0.38131,0.37924,0.47918,0.48803,0.48576,0.43199,0.225,0.29707,0.17306,0.30955,0.34373,0.3303,0.36178,0.30392,0.48124,0.33688,0.49414,0.58489,0,0.3081,0.094961,0.12016,0.032157,0.069338,0.075808,0.2264,0.44211,0.17366,0.33726,0.25977,0.31426,0.30433,0,0.29398,0.08491,0.30974,0.097722,0,0,0.082226,0.15397,0,0.0090918,0
0.10795,0.19098,0.009312,0.10066,0.032914,0,0.24537,0.17824,0,0.0088954,0.58304,0.414,0.40212,0.38852,0.2823,0.47404,0.76422,0.64228,0.037791,0.14041,0.34242,0.25173,0,0.014141,0.19661,0.28161,0.40344,0.089677,1,0.90923,0.31979,0.28666,0.2612,0.25749,0.044525,0.11458,0.19473,0.30337,0.26362,0.23295,0.071075,0.22952,0.23166,0.29879,0.24043,0.19959,0.21426,0.21514,0.24889,0.15236,0.1823,0.23578,0.085837,0.035204,0.14571,0.15423,0.21501,0.1893,0.07251,0,0.090619,0.022196,0.38454,0.25042,0,0,0.1593,0.13755,0.18888,0.079385,0.23247,0.18536,0.23558,0.30721,0.1529,0.01858,0,0,0.78206,0.737,0.76799,0.69247,0.69026,0.51668,0.27699,0.3002,0.17413,0.11132,0.03705,0.032752,0.028553,0.077463,0.04183,0.033399,0.60619,0.57038,0.65169,0.38727,0,0.12922,0.016818,0.17565,0.04028,0.16941,0.089373,0.10836,0.25159,0.068391,0.48838,0.59644,0.091248,0.16058,0.11583,0.13338,0.21624,0.23073
0.0035665,0.12224,0,0,0,0,0.1126,0.076445,0,0,0.48331,0.35792,0.28386,0.30967,0.22074,0.4423,0.66893,0.63777,0,0.028109,0.24385,0.18895,0,0,0.13413,0.21139,0.36005,0.10475,0.90923,1,0.22628,0.19684,0.13833,0.17178,0,0.059576,0.2015,0.28522,0.35411,0.25113,0.084051,0.216,0.21987,0.30829,0.21002,0.21396,0.23036,0.19252,0.19621,0.14695,0.12101,0.21227,0.064163,0.01653,0.16405,0.14048,0.10969,0.12478,0,0,0,0,0.2336,0.18854,0,0,0.063617,0.060998,0.076903,0.0042123,0.046605,0.040119,0.094655,0.26046,0,0,0,0,0.71384,0.78421,0.73572,0.73732,0.75298,0.62369,0.22415,0.31254,0.23574,0.20787,0,0.0035102,0,0.027711,0.018905,0,0.65855,0.6514,0.709,0.42529,0.037776,0.12465,0,0.096292,0.068053,0.12772,0.2005,0.17725,0.28396,0.13215,0.54689,0.57926,0.017841,0.073996,0.09473,0.060625,0.27552,0.29199
0.33211,0.41834,0.41302,0.47577,0.42919,0.34498,0.40765,0.48747,0.21165,0.39281,0.43025,0.40391,0.48226,0.3792,0.39905,0.49248,0.50218,0.39414,0.37296,0.51614,0.27222,0.61557,0.32943,0.40483,0,0.46234,0.43962,0.52788,0.31979,0.22628,1,0.91075,0.7291,0.73776,0.41732,0.41413,0.37054,0.24632,0.23517,0.35503,0,0.25962,0.42891,0.48105,0.61488,0.5395,0.49762,0.53007,0.5496,0.58479,0.42419,0.52269,0.33147,0.39749,0.43555,0.40621,0.50126,0.4755,0.45682,0.43794,0.49273,0.45528,0.33879,0.40829,0.36649,0.34036,0.58449,0.60334,0.52884,0.58861,0.55392,0.47663,0.59404,0.55857,0.59456,0.50907,0.58509,0.57076,0.45405,0.34651,0.36446,0.37719,0.22224,0.19582,0.31387,0.22625,0.21478,0.18956,0.37165,0.43376,0.084287,0.37368,0.13207,0.24325,0,0,0.17349,0.32027,0.49208,0.40904,0.47746,0.47635,0.5273,0.52814,0,0.2525,0.22309,0.21691,0.045056,0.088129,0.33569,0.31195,0.30618,0.08031,0.13214,0
0.41803,0.46315,0.49203,0.60763,0.39757,0.32184,0.44192,0.56306,0.34925,0.34933,0.39759,0.54306,0.55033,0.44477,0.54906,0.58219,0.43332,0.37157,0.43977,0.54185,0.32287,0.64094,0.48449,0.63033,0,0.46833,0.46231,0.52976,0.28666,0.19684,0.91075,1,0.68633,0.7354,0.5622,0.55036,0.38113,0.23899,0.22976,0.35551,0,0.26525,0.49661,0.54501,0.61589,0.55095,0.53397,0.56908,0.54926,0.56591,0.43377,0.50235,0.19193,0.35198,0.44606,0.39796,0.48016,0.45294,0.46483,0.45423,0.52812,0.53857,0.2375,0.30507,0.57272,0.56556,0.59895,0.6516,0.51679,0.58063,0.62032,0.54231,0.52976,0.45486,0.57108,0.50846,0.61875,0.60348,0.48021,0.34666,0.27608,0.34831,0.2572,0.24013,0.4182,0.33559,0.26166,0.22736,0.39002,0.49349,0.14812,0.41656,0.25907,0.30032,0.0045912,0.015881,0.23622,0.35222,0.47798,0.38507,0.50107,0.48367,0.5022,0.52534,0,0.24779,0.16521,0.22576,0.062158,0.10805,0.26332,0.33983,0.26777,0.12146,0.15447,0
0.49817,0.40648,0.44596,0.54771,0.47975,0.37405,0.5848,0.66593,0.25464,0.40748,0.52631,0.45787,0.56354,0.44822,0.43623,0.54711,0.43812,0.22748,0.4131,0.51024,0.048905,0.48816,0.28697,0.38537,0,0.39875,0.33854,0.49142,0.2612,0.13833,0.7291,0.68633,1,0.94026,0.37268,0.44186,0.3187,0.17242,0.23706,0.30679,0,0.22124,0.50178,0.56447,0.70268,0.58582,0.58242,0.58455,0.58734,0.56503,0.54998,0.6114,0.43815,0.41222,0.52401,0.48875,0.60432,0.43979,0.52486,0.42647,0.6909,0.5611,0.59228,0.54658,0.35327,0.44953,0.79277,0.80888,0.63439,0.63767,0.46576,0.36834,0.50797,0.42218,0.53192,0.39091,0.59707,0.51812,0.29845,0.10174,0.34619,0.33211,0.29874,0.31546,0.42305,0.38273,0.33509,0.33284,0.44391,0.60704,0.027495,0.43562,0.10761,0.26473,0,0,0.20096,0.29608,0.43643,0.39494,0.4218,0.49067,0.52514,0.4817,0.098916,0.4204,0.26738,0.34545,0.12322,0.09714,0.30693,0.23336,0.25507,0,0.19833,0.098743
0.53069,0.47528,0.41321,0.61684,0.42752,0.37443,0.50834,0.71047,0.22077,0.44393,0.48679,0.54266,0.54141,0.49729,0.45854,0.62521,0.466,0.27365,0.41909,0.59474,0.001011,0.53193,0.30565,0.46123,0,0.3837,0.34235,0.56257,0.25749,0.17178,0.73776,0.7354,0.94026,1,0.37908,0.47474,0.33728,0.17525,0.21627,0.27608,0,0.25777,0.49929,0.57164,0.67786,0.5967,0.59688,0.57917,0.55259,0.58027,0.4844,0.59054,0.36831,0.38624,0.5405,0.44764,0.65147,0.54328,0.5436,0.52049,0.66107,0.631,0.52557,0.61525,0.33288,0.48922,0.7355,0.7924,0.63572,0.67038,0.47304,0.40848,0.49729,0.47252,0.55438,0.42883,0.60122,0.55907,0.35034,0.18671,0.38783,0.42013,0.33846,0.37732,0.44053,0.44688,0.35868,0.35329,0.44375,0.65438,0,0.40569,0.13905,0.20664,0,0,0.184,0.27187,0.49139,0.3601,0.46504,0.43488,0.52375,0.49934,0.063355,0.40746,0.22302,0.33869,0.12388,0.054047,0.2652,0.22408,0.26192,0,0.21574,0.069676
0.40311,0.27632,0.5071,0.40684,0.19561,0.035929,0.40019,0.28069,0.32938,0,0.19974,0.37811,0.5034,0.27013,0.50301,0.24944,0.1249,0.21544,0.49814,0.36258,0.18754,0.31847,0.50421,0.59607,0,0.13896,0.11949,0.22537,0.044525,0,0.41732,0.5622,0.37268,0.37908,1,0.85031,0.26799,0.11332,0.082997,0.16509,0.05088,0.13697,0.56404,0.56425,0.48762,0.41471,0.50068,0.51486,0.35985,0.33807,0.38422,0.28889,0.063263,0.27509,0.25673,0.16306,0.25403,0.19101,0.29751,0.18956,0.30768,0.25751,0,0,0.65726,0.53254,0.48399,0.48557,0.31918,0.33657,0.35676,0.21436,0.31075,0.1596,0.43717,0.42038,0.46381,0.31884,0.21416,0.19866,0,0.064804,0.021998,0.040004,0.26929,0.18256,0.16861,0.17631,0.18782,0.29889,0.11938,0.40808,0.37444,0.42026,0,0,0.10335,0.18771,0.33716,0.27508,0.33916,0.38644,0.36731,0.39179,0.10203,0.24588,0,0.11706,0.062283,0,0.20599,0.37957,0.28979,0.36767,0.39623,0
0.31795,0.20467,0.36359,0.36502,0.14474,0.0069288,0.32755,0.31175,0.18861,0,0.19999,0.38755,0.41877,0.29603,0.39302,0.30958,0.22492,0.29655,0.35908,0.27569,0.06418,0.28005,0.35982,0.51514,0,0.16472,0.13357,0.20305,0.11458,0.059576,0.41413,0.55036,0.44186,0.47474,0.85031,1,0.29908,0.17527,0.11395,0.23443,0.04502,0.14424,0.50071,0.55317,0.44098,0.35509,0.45552,0.45397,0.3064,0.25351,0.35451,0.28829,0.016522,0.2187,0.22148,0.18483,0.22018,0.17225,0.17378,0.14851,0.21097,0.24257,0,0,0.5079,0.50338,0.46637,0.5446,0.28597,0.31864,0.24837,0.16771,0.26143,0.18384,0.33678,0.32527,0.37467,0.308,0.30195,0.23531,0.040356,0.11303,0.067217,0.10149,0.29327,0.2379,0.11395,0.1589,0.098327,0.28408,0.063015,0.33162,0.33296,0.30785,0,0,0.11138,0.18029,0.29448,0.26365,0.33562,0.37369,0.3896,0.41235,0.10533,0.24334,0.079937,0.14706,0.023983,0,0.24077,0.27351,0.20936,0.20088,0.38327,0
0.33015,0.30867,0.23847,0.24162,0.14305,0.12576,0.23922,0.22574,0.1718,0.28317,0.36358,0.34881,0.45524,0.39182,0.48341,0.50814,0.25955,0.23318,0.30128,0.27827,0.1083,0.47391,0.10971,0.21139,0,0.20641,0.24073,0.25181,0.19473,0.2015,0.37054,0.38113,0.3187,0.33728,0.26799,0.29908,1,0.71015,0.72318,0.78916,0.34963,0.65978,0.52122,0.54854,0.48616,0.48029,0.53506,0.58095,0.49362,0.48756,0.48541,0.49798,0.41543,0.50991,0.53265,0.59611,0.22059,0.23468,0.28211,0.34508,0.27455,0.31555,0.051969,0.17938,0.30543,0.27652,0.27932,0.38903,0.30543,0.42445,0.24068,0.28136,0.46854,0.51806,0.37018,0.39528,0.41657,0.42551,0.1695,0.21759,0.28876,0.37303,0.29874,0.38508,0.47915,0.36774,0.31378,0.47224,0.35232,0.50756,0.19179,0.56942,0.3464,0.54402,0,0.18571,0.38568,0.53194,0.61881,0.60222,0.34762,0.4906,0.51692,0.59009,0.44752,0.56858,0.48024,0.16004,0.37703,0.16964,0.2046,0.45529,0.34353,0.11769,0.34382,0.16974
0.17981,0.24703,0.070476,0.14585,0.16384,0.06036,0.15628,0.10825,0.1678,0.14472,0.3314,0.3005,0.24745,0.35712,0.26862,0.40563,0.36525,0.32702,0.17218,0.18442,0.0083112,0.12193,0,0.049712,0.11296,0.19146,0.21359,0.050263,0.30337,0.28522,0.24632,0.23899,0.17242,0.17525,0.11332,0.17527,0.71015,1,0.45673,0.69769,0.30234,0.52891,0.37135,0.38515,0.31399,0.32329,0.319,0.33686,0.38358,0.32502,0.27635,0.3106,0.28178,0.31401,0.28626,0.45548,0.13023,0.21492,0.19006,0.22559,0.083747,0.15959,0.20644,0.20625,0.086564,0.084267,0.15475,0.19995,0.21849,0.28431,0.11823,0.15698,0.2324,0.43334,0.15069,0.20718,0.24729,0.2813,0.18781,0.1996,0.41189,0.40992,0.30954,0.32044,0.40304,0.32998,0.17367,0.26818,0.19004,0.19981,0.35713,0.3514,0.33869,0.36422,0,0.18568,0.35986,0.34753,0.32367,0.48782,0.37219,0.41591,0.31741,0.453,0.30296,0.2457,0.55543,0.062351,0.34928,0.16978,0.2374,0.38591,0.29942,0.20545,0.12342,0.12485
0.22134,0.19664,0.17348,0.092656,0.034705,0.027089,0.22102,0.11759,0.075946,0.14071,0.31922,0.20166,0.38579,0.29913,0.42183,0.39152,0.23379,0.24146,0.16204,0.12124,0.036728,0.3088,0.069877,0.073862,0.039853,0.19248,0.33594,0.25415,0.26362,0.35411,0.23517,0.22976,0.23706,0.21627,0.082997,0.11395,0.72318,0.45673,1,0.83059,0.46886,0.59143,0.37837,0.42828,0.36106,0.38889,0.42325,0.38693,0.36479,0.38705,0.38807,0.45986,0.35892,0.39171,0.60722,0.6491,0.079913,0.078238,0.14373,0.1787,0.18612,0.18541,0.075148,0.10839,0.1754,0.16351,0.16341,0.25203,0.10855,0.17242,0.087824,0.15149,0.31799,0.3893,0.062345,0.16127,0.10411,0.13076,0.17539,0.22112,0.31499,0.36581,0.51548,0.61369,0.44346,0.33308,0.54554,0.65294,0.36224,0.44901,0,0.41373,0.13326,0.3218,0.26538,0.53095,0.58977,0.76958,0.51321,0.53712,0.13284,0.25344,0.38251,0.32562,0.51285,0.57027,0.49105,0.26879,0.55969,0.23984,0,0.17215,0.25685,0,0.25811,0.34141
0.24683,0.21004,0.19447,0.12553,0.1537,0.073385,0.23944,0.12687,0.17678,0.15546,0.33278,0.21544,0.37544,0.29953,0.42838,0.40866,0.28857,0.25989,0.19242,0.1681,0.006373,0.30253,0.065461,0.11287,0.050006,0.24932,0.36302,0.26219,0.23295,0.25113,0.35503,0.35551,0.30679,0.27608,0.16509,0.23443,0.78916,0.69769,0.83059,1,0.43892,0.64653,0.39659,0.47141,0.37782,0.38302,0.43886,0.43495,0.38609,0.39563,0.4063,0.44881,0.35645,0.4023,0.57622,0.69212,0.11845,0.12994,0.23203,0.25783,0.22845,0.21219,0.12328,0.13508,0.25893,0.18982,0.24046,0.32477,0.16312,0.25947,0.14977,0.21554,0.32458,0.47169,0.16773,0.30488,0.24155,0.27744,0.19495,0.18729,0.30303,0.31628,0.40489,0.46218,0.46171,0.31471,0.45615,0.53428,0.39118,0.43107,0.087656,0.44213,0.2074,0.38913,0.08149,0.36443,0.47946,0.6805,0.50821,0.58144,0.31342,0.38528,0.46195,0.45748,0.41529,0.49323,0.55249,0.2997,0.39378,0.14878,0.070851,0.2415,0.27874,0,0.20272,0.2072
0,0,0.069046,0,0,0,0.078792,0,0.047528,0,0,0,0,0.037116,0.048556,0,0.082842,0.15223,0.019175,0,0.11774,0,0.062933,0,0.38623,0.035922,0,0,0.071075,0.084051,0,0,0,0,0.05088,0.04502,0.34963,0.30234,0.46886,0.43892,1,0.48032,0.048848,0.1445,0.069489,0.11692,0.092991,0.039497,0,0,0.052697,0.10105,0.0010501,0.16375,0.099442,0.32819,0,0,0,0,0,0,0,0,0.1551,0,0,0,0,0,0,0,0.3392,0.33187,0,0.086549,0,0,0.028517,0,0,0.0027002,0.051259,0.11339,0.2728,0.19193,0.073269,0.22949,0,0,0.075272,0.081867,0.10461,0.16826,0.032476,0.21157,0.18283,0.31419,0.081627,0.26408,0,0.022431,0.084913,0,0.34546,0.19865,0.17888,0,0.21196,0.012273,0,0.049857,0,0,0.14288,0.1927
0.27081,0.29458,0.16429,0.20214,0.053835,0.034429,0.16018,0.1336,0.13458,0.14331,0.17737,0.20828,0.27303,0.2649,0.37921,0.39332,0.30713,0.26275,0.23599,0.31296,0.10021,0.34644,0.17208,0.21362,0.00082165,0.13004,0.19214,0.14988,0.22952,0.216,0.25962,0.26525,0.22124,0.25777,0.13697,0.14424,0.65978,0.52891,0.59143,0.64653,0.48032,1,0.28279,0.35776,0.30284,0.37296,0.35161,0.3441,0.21534,0.3024,0.20713,0.34482,0.24159,0.36359,0.34866,0.54917,0.17833,0.2362,0.10839,0.12396,0.12451,0.15283,0.10082,0.17033,0.19557,0.13952,0.078444,0.15985,0.21358,0.29678,0.24066,0.23814,0.4711,0.57047,0.26505,0.43956,0.16413,0.19759,0.2072,0.164,0.32676,0.39091,0.34751,0.41261,0.52988,0.43489,0.23036,0.38075,0.18723,0.33959,0.1109,0.34631,0.22691,0.28204,0,0.2248,0.31432,0.47561,0.47383,0.49537,0.21189,0.26961,0.38493,0.39517,0.38725,0.40882,0.34277,0.069722,0.34972,0.094016,0,0.33337,0.23566,0.01628,0.22099,0.162
0.68463,0.62624,0.60597,0.57596,0.19013,0.083776,0.61718,0.57517,0.23025,0.02785,0.51819,0.652,0.66892,0.54734,0.6206,0.5333,0.29303,0.34974,0.66467,0.58305,0.051506,0.35613,0.34228,0.43258,0,0.1242,0.23452,0.29611,0.23166,0.21987,0.42891,0.49661,0.50178,0.49929,0.56404,0.50071,0.52122,0.37135,0.37837,0.39659,0.048848,0.28279,1,0.90554,0.76852,0.64354,0.85989,0.88527,0.80005,0.7394,0.80415,0.70263,0.5148,0.62799,0.58998,0.46391,0.54429,0.48651,0.57735,0.47736,0.51133,0.52559,0.16838,0.2143,0.48886,0.5241,0.67018,0.67662,0.65432,0.57338,0.30261,0.22526,0.31901,0.24308,0.44377,0.28599,0.47181,0.33862,0.24639,0.23655,0.23276,0.37314,0.3618,0.39327,0.48727,0.39814,0.37871,0.43536,0.43893,0.5407,0.40184,0.75832,0.51994,0.65008,0.0085514,0.044922,0.40663,0.39301,0.68235,0.67342,0.52654,0.65956,0.59662,0.71673,0.31611,0.52576,0.27855,0.21034,0.29446,0.11021,0.29255,0.68988,0.62313,0.48088,0.47029,0.082736
0.55996,0.49838,0.49559,0.45091,0.17827,0.040933,0.54867,0.50567,0.18471,0.055279,0.57259,0.63217,0.68022,0.57935,0.61373,0.58091,0.41335,0.44754,0.52143,0.46425,0.068421,0.41607,0.25649,0.35,0,0.20102,0.24846,0.32171,0.29879,0.30829,0.48105,0.54501,0.56447,0.57164,0.56425,0.55317,0.54854,0.38515,0.42828,0.47141,0.1445,0.35776,0.90554,1,0.80042,0.69911,0.85596,0.85765,0.76174,0.73855,0.75505,0.77945,0.47609,0.58956,0.6229,0.57729,0.44207,0.38424,0.46953,0.41009,0.52831,0.52629,0.24478,0.26849,0.48566,0.52028,0.6131,0.66199,0.48643,0.42224,0.3334,0.26663,0.43227,0.32852,0.44467,0.28737,0.40723,0.31566,0.3286,0.32765,0.27953,0.41099,0.40354,0.43619,0.50271,0.49294,0.40372,0.46936,0.3991,0.53874,0.20056,0.61067,0.39071,0.50955,0.067961,0.084947,0.43171,0.4305,0.63848,0.61785,0.52954,0.6124,0.60285,0.68519,0.3409,0.58581,0.31161,0.35298,0.2841,0.14537,0.26542,0.53017,0.47494,0.29884,0.46147,0.15594
0.54068,0.52164,0.49847,0.50114,0.41887,0.2984,0.52761,0.56715,0.29528,0.25942,0.5361,0.53648,0.63188,0.4615,0.55555,0.52219,0.41063,0.35336,0.49718,0.49771,0.1236,0.48453,0.28408,0.36701,0,0.34123,0.34396,0.47117,0.24043,0.21002,0.61488,0.61589,0.70268,0.67786,0.48762,0.44098,0.48616,0.31399,0.36106,0.37782,0.069489,0.30284,0.76852,0.80042,1,0.89339,0.82726,0.79303,0.85805,0.80999,0.73099,0.78489,0.5711,0.62269,0.61641,0.56942,0.5643,0.47949,0.49522,0.4467,0.6114,0.55786,0.35945,0.37583,0.46046,0.51902,0.67794,0.73537,0.5804,0.5602,0.39796,0.30822,0.52918,0.36669,0.47698,0.39598,0.50335,0.41504,0.28973,0.243,0.30127,0.45327,0.33717,0.37553,0.5278,0.52749,0.38044,0.42102,0.42071,0.60115,0.2625,0.54311,0.33377,0.44853,0.011249,0.02483,0.30092,0.38257,0.6727,0.58565,0.52892,0.67774,0.59938,0.68246,0.24516,0.51299,0.32956,0.26256,0.29896,0.12557,0.23013,0.50497,0.44473,0.18764,0.29085,0.10548
0.51938,0.54344,0.46774,0.48186,0.39501,0.31578,0.41596,0.46898,0.32311,0.29761,0.43053,0.4531,0.57253,0.41348,0.56264,0.48156,0.34966,0.34561,0.49515,0.52533,0.09602,0.43701,0.35772,0.37873,0,0.35198,0.33851,0.46312,0.19959,0.21396,0.5395,0.55095,0.58582,0.5967,0.41471,0.35509,0.48029,0.32329,0.38889,0.38302,0.11692,0.37296,0.64354,0.69911,0.89339,1,0.7563,0.70654,0.70811,0.81775,0.5487,0.72438,0.49268,0.66353,0.54228,0.61607,0.52872,0.49709,0.41382,0.4293,0.54954,0.52275,0.31787,0.31242,0.38183,0.43621,0.46094,0.56394,0.51785,0.52232,0.35262,0.289,0.48666,0.42728,0.40221,0.43458,0.44258,0.40944,0.23392,0.24056,0.29516,0.4846,0.38164,0.43844,0.58945,0.62329,0.37438,0.44342,0.37763,0.61695,0.22606,0.48285,0.30007,0.39011,0.0098326,0.07688,0.27045,0.40883,0.63987,0.57581,0.40685,0.54974,0.50385,0.55381,0.29078,0.46564,0.34442,0.17306,0.35411,0.081149,0.049011,0.38587,0.34986,0.086732,0.25635,0.13928
