1,0.81615,0.56472,0.4816,0,0.17297,0.6242,0.64011,0.13359,0.44077,0.63969,0.6409,0.45572,0.41057,0.40722,0.49624,0.3184,0.45517,0.75274,0.71202,0.43007,0.42991,0.52095,0.44018,0.23089,0.20885,0.070511,0.09935,0.35351,0.28167,0.43101,0.34396,0.66204,0.74471,0.37193,0.34273,0.33417,0.33607,0.13584,0.13517,0.2456,0.32581,0.55931,0.5905,0.29623,0.48659,0.56285,0.72905,0.53429,0.52651,0.54997,0.41088,0.61472,0.41039,0.44519,0.50137,0.86314,0.77934,0.70951,0.27917,0.69352,0.50475,0.63357,0.54117,0.38236,0.30247,0.6705,0.52819,0.70067,0.71489,0.42611,0,0.62151,0.63119,0.65121,0.62416,0.39683,0.49011,0.2702,0.33637,0.56776,0.52505,0.40581,0.4922,0.59797,0.3558,0.027511,0,0.35338,0.4758,0.67899,0.34345,0.58697,0.29457,0,0.020955,0.36941,0.51351,0.69136,0.82999,0.41203,0.39206,0.63612,0.54659,0.52693,0.49966,0.58329,0.40516,0.019835,0.26749,0.56908,0.57685,0.58025,0.69739,0.66268,0.20111
0.81615,1,0.47385,0.4768,0,0.18111,0.49725,0.65738,0.15685,0.40544,0.48254,0.64726,0.40285,0.45961,0.24232,0.37289,0.12484,0.47027,0.66561,0.67392,0.43358,0.43733,0.42438,0.36816,0.1285,0.12286,0,0.007478,0.13202,0.18647,0.23739,0.11186,0.58395,0.67835,0.28227,0.29152,0.24515,0.33411,0,0.072411,0.1276,0.22449,0.48687,0.49061,0.2551,0.50275,0.44957,0.66696,0.52679,0.58515,0.53677,0.46891,0.58941,0.43396,0.4242,0.47321,0.74838,0.859,0.72209,0.39113,0.63714,0.54844,0.57142,0.57618,0.33953,0.28129,0.66307,0.5701,0.72426,0.73341,0.38295,0,0.57183,0.60271,0.69208,0.6225,0.5357,0.57065,0.12726,0.27769,0.48918,0.50888,0.24839,0.49088,0.44217,0.24016,0,0,0.31913,0.45314,0.71197,0.39203,0.59465,0.27908,0,0,0.25802,0.40539,0.70393,0.80953,0.38619,0.31386,0.63515,0.47827,0.54377,0.4379,0.48649,0.33802,0.05183,0.25285,0.51433,0.65356,0.64662,0.72825,0.65537,0.2243
0.56472,0.47385,1,0.76391,0.088855,0.34731,0.83577,0.65767,0.21191,0.37405,0.59988,0.44862,0.49702,0.33776,0.30023,0.32592,0,0.14887,0.6638,0.56529,0.50323,0.43579,0.88855,0.7934,0.4962,0.42601,0.20941,0.1502,0.009165,0,0.39559,0.35509,0.48903,0.51994,0.59548,0.50328,0.18618,0.18499,0.14777,0.12914,0,0.015771,0.5841,0.44001,0.40516,0.39019,0.44193,0.56166,0.30987,0.35768,0.60849,0.39967,0.55242,0.52475,0.3462,0.38871,0.48796,0.38442,0.45622,0.022392,0.44506,0.29927,0.41985,0.19935,0.54178,0.40873,0.6238,0.48461,0.55416,0.59096,0.26279,0.13489,0.17714,0.24791,0.4487,0.44945,0.40852,0.50594,0,0.10652,0.23695,0.27856,0.22351,0.33545,0.53528,0.3559,0,0,0.47564,0.63691,0.55884,0.60294,0.60565,0.54282,0.070504,0.053928,0.1314,0.22062,0.38402,0.53347,0.085399,0.056579,0.19844,0.1648,0.44179,0.4444,0.16978,0.0017125,0.063418,0.38391,0.39981,0.53069,0.43806,0.45217,0.44817,0
0.4816,0.4768,0.76391,1,0.19563,0.3425,0.64899,0.80759,0.39294,0.44392,0.42863,0.44883,0.30068,0.39729,0.22349,0.34057,0,0.16705,0.59571,0.65956,0.46466,0.33508,0.81429,0.83916,0.61413,0.57734,0.18175,0.090695,0,0,0.29168,0.27655,0.40929,0.50582,0.63196,0.59416,0.25684,0.23877,0.14905,0.1638,0,0.12137,0.63381,0.49051,0.51067,0.54019,0.48126,0.57352,0.35095,0.43155,0.60307,0.45697,0.48985,0.48819,0.39197,0.35057,0.47998,0.43295,0.49907,0.26423,0.34882,0.41497,0.22148,0.22817,0.50497,0.58384,0.67603,0.62924,0.62484,0.59455,0.19996,0,0.24083,0.34784,0.51778,0.56724,0.45195,0.50694,0,0.015854,0.20422,0.25326,0.17027,0.29196,0.52954,0.40689,0,0,0.43658,0.53754,0.63408,0.51887,0.65155,0.34578,0.055814,0,0.21324,0.20945,0.46484,0.54045,0.12812,0,0.26154,0.1705,0.46192,0.44252,0.20052,0,0.054629,0.30952,0.54098,0.60474,0.50543,0.58203,0.56715,0.11969
0,0,0.088855,0.19563,1,0.35068,0.088733,0.10724,0.69097,0.23929,0.064211,0.060144,0.18736,0.16004,0.38879,0.11092,0,0,0,0.067482,0.20375,0.092613,0.10115,0.15123,0.4114,0.44039,0.3799,0.27419,0,0.0062226,0.027465,0,0.031799,0.05644,0,0,0.13408,0,0.21108,0.18667,0,0.10248,0.11536,0.1748,0.13721,0.21654,0.097876,0.15048,0.16698,0.25737,0.25839,0.24289,0.10306,0.14048,0.13728,0.164,0,0,0.26136,0.34325,0.14408,0.15905,0,0.044568,0.16542,0.23766,0.058223,0.13529,0.012784,0,0,0.038516,0,0,0,0.16027,0,0,0.041808,0.0050624,0.031363,0.0051143,0.15715,0.10112,0.091214,0.084177,0.30555,0.21437,0.10229,0.1291,0,0.033537,0,0,0.18514,0.20004,0.058165,0.1534,0,0.11455,0,0,0.04462,0,0.025638,0.0073636,0,0,0.11726,0.18087,0.10828,0.036015,0.093342,0.14187,0,0.023818
0.17297,0.18111,0.34731,0.3425,0.35068,1,0.37145,0.42876,0.38114,0.41307,0.10546,0.2135,0.12141,0.28457,0.20257,0.11054,0,0.099572,0.18802,0.14874,0.12289,0.21647,0.34847,0.38055,0.1967,0.27825,0.1764,0.37209,0,0,0.025302,0.05862,0.1056,0.21816,0.13551,0.14345,0.067838,0.02877,0.038854,0.020076,0,0.022226,0.26334,0.22649,0.23933,0.35209,0.079054,0.23935,0.28355,0.34864,0.36729,0.35854,0.27617,0.33183,0.02264,0.09808,0.13069,0.15264,0.29321,0.13143,0.18041,0.19957,0.083856,0.18578,0.2077,0.37856,0.30419,0.38832,0.25314,0.25972,0,0,0,0.056973,0,0.077542,0.052536,0.11017,0.0073205,0.0050078,0.10082,0.12403,0.031801,0.13311,0.11849,0.14724,0,0,0.1206,0.33655,0.27175,0.45762,0.35327,0.34776,0.08055,0.046489,0,0.0044473,0.17612,0.28449,0.048443,0.034887,0.071343,0.091901,0.21953,0.31356,0,0,0.083748,0.30589,0.16342,0.38565,0.3587,0.26078,0.14713,0.054571
0.6242,0.49725,0.83577,0.64899,0.088733,0.37145,1,0.68963,0.30821,0.39788,0.65863,0.48014,0.6066,0.44406,0.50248,0.53313,0.10363,0.21781,0.7093,0.51452,0.36236,0.33617,0.7065,0.64418,0.22493,0.27094,0,0.037324,0.1622,0.06402,0.31765,0.30126,0.51727,0.56344,0.34857,0.31255,0.18419,0.3018,0.17942,0.17079,0.022146,0.067469,0.55862,0.50178,0.32823,0.47979,0.4486,0.57435,0.38778,0.4509,0.54445,0.42114,0.55277,0.56011,0.30878,0.38132,0.56785,0.4579,0.54075,0.13195,0.57838,0.46748,0.59593,0.41169,0.51648,0.43059,0.56963,0.4464,0.57191,0.56482,0.19861,0.065567,0.26472,0.25839,0.43823,0.41376,0.36793,0.47087,0.11782,0.12147,0.38003,0.34583,0.41389,0.44651,0.56128,0.30012,0,0,0.46088,0.65536,0.54007,0.58008,0.53178,0.53411,0.083867,0.10576,0.11513,0.25341,0.39159,0.54838,0.16012,0.22129,0.25268,0.30162,0.32697,0.41293,0.3087,0.050587,0.10808,0.33435,0.40603,0.47413,0.46413,0.48461,0.49114,0
0.64011,0.65738,0.65767,0.80759,0.10724,0.42876,0.68963,1,0.42952,0.60944,0.501,0.67032,0.40669,0.60621,0.35216,0.5467,0.036219,0.28437,0.65732,0.64511,0.41246,0.32494,0.68542,0.72324,0.29981,0.38113,0,0.016207,0.046662,0.097336,0.27286,0.22041,0.48199,0.60439,0.4456,0.44492,0.2019,0.26985,0.0061776,0.054647,0.0099829,0.20121,0.58931,0.55004,0.32638,0.62872,0.46876,0.64361,0.43082,0.59165,0.58274,0.52448,0.58351,0.53536,0.41121,0.3707,0.57394,0.62278,0.70478,0.4594,0.53858,0.70802,0.4151,0.55139,0.56255,0.72855,0.7152,0.69632,0.76163,0.75468,0.16435,0,0.34018,0.47093,0.56015,0.58985,0.47721,0.51171,0.083426,0.090269,0.40374,0.38809,0.2894,0.42501,0.5789,0.33848,0,0,0.51522,0.58844,0.80788,0.63287,0.76378,0.41005,0.069174,0.02742,0.23474,0.25514,0.60158,0.70757,0.32015,0.15365,0.47172,0.31838,0.55538,0.47072,0.38251,0.10785,0.16044,0.31804,0.59485,0.72744,0.68512,0.71669,0.69173,0.15263
0.13359,0.15685,0.21191,0.39294,0.69097,0.38114,0.30821,0.42952,1,0.40022,0.054149,0.23617,0.19889,0.31207,0.35515,0.17504,0,0,0.076032,0.27071,0.20789,0.09386,0.21972,0.28507,0.35358,0.43777,0.056721,0.055682,0,0,0,0,0.12167,0.18077,0.084862,0.12838,0.069386,0.00038972,0.0062659,0.029108,0,0.060621,0.19196,0.22394,0.15359,0.39255,0.11168,0.20037,0.27959,0.41476,0.35617,0.36276,0.2582,0.32496,0.13655,0.084852,0.072548,0.1564,0.44531,0.48358,0.23817,0.46062,0,0.30313,0.31668,0.48881,0.25808,0.35059,0.30014,0.18919,0,0,0,0.074221,0.16668,0.2495,0.14705,0.13915,0,0,0.038303,0.030827,0.062562,0.09459,0.11807,0,0.1194,0,0.13965,0.15295,0.28957,0.25873,0.18053,0.026026,0.038773,0,0,0,0.17462,0.26154,0,0,0.18884,0.099279,0.18984,0.15219,0.084005,0,0.036068,0.049152,0.25481,0.32788,0.38665,0.34058,0.19892,0.0019019
0.44077,0.40544,0.37405,0.44392,0.23929,0.41307,0.39788,0.60944,0.40022,1,0.35947,0.58771,0.27608,0.52565,0.37249,0.57474,0.16522,0.35354,0.35676,0.44203,0.41442,0.29575,0.38142,0.45806,0.1264,0.22262,0.073797,0.15367,0.14559,0.25436,0.33168,0.24395,0.36869,0.43965,0.045229,0.037108,0.081282,0.096948,0,0,0.044753,0.17224,0.29698,0.42891,0.085813,0.44158,0.20169,0.36942,0.38395,0.42729,0.40697,0.32005,0.38009,0.34426,0.19964,0.17446,0.40914,0.36902,0.51063,0.38263,0.4362,0.52891,0.37562,0.54607,0.37732,0.47465,0.31798,0.36433,0.38227,0.46145,0.084952,0.038639,0.27198,0.35999,0.27291,0.38768,0.16757,0.15291,0.24613,0.26385,0.41802,0.42782,0.27426,0.4502,0.33542,0.13901,0.162,0,0.18172,0.31892,0.49546,0.48498,0.41359,0.34396,0.18257,0.15373,0.091823,0.1583,0.36779,0.48041,0.14557,0.12989,0.40541,0.16766,0.38087,0.2037,0.17363,0,0.21898,0.13679,0.24573,0.45585,0.43369,0.43928,0.44113,0.1201
0.63969,0.48254,0.59988,0.42863,0.064211,0.10546,0.65863,0.501,0.054149,0.35947,1,0.60607,0.75892,0.54597,0.59747,0.59941,0.46249,0.3792,0.64913,0.40474,0.32732,0.26743,0.49078,0.42908,0.16021,0.18331,0.051927,0.11171,0.42434,0.39492,0.43074,0.32626,0.63194,0.63007,0.26371,0.16978,0.20892,0.3426,0.28418,0.33775,0.1443,0.32012,0.52288,0.54063,0.29398,0.44785,0.44302,0.51955,0.47977,0.37387,0.53293,0.35105,0.49944,0.27395,0.46029,0.50352,0.52691,0.43685,0.49808,0.21438,0.7049,0.46008,0.71866,0.42398,0.46617,0.34058,0.49386,0.37754,0.45068,0.53958,0.30972,0,0.40212,0.43725,0.45331,0.4216,0.11523,0.20442,0.37983,0.44414,0.60312,0.48627,0.62174,0.54378,0.7273,0.4839,0.32244,0.20347,0.63075,0.56162,0.44645,0.3074,0.43262,0.24138,0.22159,0.3182,0.29284,0.40241,0.40244,0.53583,0.21396,0.078291,0.35823,0.12834,0.24479,0.08691,0.36408,0.15095,0.19179,0.22367,0.27996,0.27484,0.28115,0.40735,0.40295,0.086855
0.6409,0.64726,0.44862,0.44883,0.060144,0.2135,0.48014,0.67032,0.23617,0.58771,0.60607,1,0.51766,0.78253,0.40197,0.62094,0.32981,0.51177,0.49901,0.45334,0.34943,0.23389,0.37882,0.37401,0.13363,0.19316,0.017052,0,0.23203,0.39158,0.31586,0.21271,0.56415,0.62739,0.20821,0.19295,0.26743,0.228,0.08778,0.10496,0.13268,0.31738,0.52037,0.54192,0.25541,0.6256,0.48156,0.57795,0.58942,0.59813,0.58857,0.5301,0.58187,0.39312,0.46015,0.4319,0.51218,0.57036,0.60249,0.32362,0.68345,0.68431,0.60597,0.69492,0.45164,0.51126,0.46941,0.45732,0.47725,0.59082,0.31192,0,0.44704,0.59023,0.50847,0.50793,0.16684,0.21924,0.35111,0.393,0.62004,0.61019,0.35582,0.61759,0.53404,0.32954,0.22573,0.087552,0.44098,0.52554,0.60415,0.36043,0.47912,0.21228,0.16396,0.19577,0.35728,0.39703,0.59802,0.61279,0.23742,0.11896,0.45653,0.1505,0.34266,0.19423,0.26416,0.116,0.2691,0.3014,0.43294,0.45685,0.38094,0.5506,0.5253,0.29539
0.45572,0.40285,0.49702,0.30068,0.18736,0.12141,0.6066,0.40669,0.19889,0.27608,0.75892,0.51766,1,0.61007,0.68308,0.59488,0.29985,0.30531,0.42812,0.22671,0.21588,0.14779,0.3133,0.27834,0.048144,0.1401,0,0.0135,0.29384,0.37543,0.25588,0.16711,0.55096,0.5469,0.10807,0.031846,0.084316,0.21808,0.14911,0.21234,0.056894,0.22652,0.45888,0.49104,0.27117,0.42531,0.31296,0.42572,0.482,0.34508,0.48561,0.37245,0.42443,0.38009,0.29082,0.32475,0.30618,0.39766,0.50237,0.21564,0.73192,0.47771,0.75239,0.53247,0.58315,0.31956,0.40278,0.27003,0.32912,0.42119,0.17532,0,0.18097,0.27287,0.33487,0.28805,0.029183,0.064034,0.32327,0.42291,0.51631,0.49737,0.5739,0.53159,0.56226,0.37616,0.33705,0.15249,0.55925,0.46969,0.29113,0.32513,0.21001,0.216,0.32131,0.34122,0.27096,0.21851,0.26077,0.42789,0.053318,0.034489,0.27175,0.047715,0.23964,0.055027,0.20353,0,0.26737,0.2344,0.2155,0.27597,0.27941,0.25407,0.24018,0.039589
0.41057,0.45961,0.33776,0.39729,0.16004,0.28457,0.44406,0.60621,0.31207,0.52565,0.54597,0.78253,0.61007,1,0.41842,0.719,0.37194,0.45767,0.34628,0.21688,0.1773,0.049235,0.28352,0.37555,0.07644,0.26046,0,0,0.2429,0.46838,0.13656,0.11597,0.50481,0.56886,0.048939,0.049449,0.085618,0.21002,0.071223,0.22067,0.037587,0.28409,0.52612,0.58371,0.26805,0.65094,0.38859,0.52768,0.52683,0.58799,0.52858,0.51501,0.48307,0.44054,0.36534,0.41648,0.3144,0.39163,0.48609,0.30071,0.59926,0.65414,0.54436,0.69014,0.42044,0.53519,0.31312,0.35539,0.3216,0.39324,0.074672,0,0.15754,0.34158,0.2579,0.28029,0,0,0.49008,0.41825,0.61943,0.60505,0.43805,0.60986,0.56199,0.41349,0.34151,0.10392,0.45198,0.59005,0.43691,0.3492,0.31626,0.098359,0.34131,0.37787,0.27468,0.30686,0.44895,0.51423,0.0093291,0,0.31018,0,0.23603,0,0.083511,0,0.39817,0.27933,0.35691,0.41453,0.34714,0.43355,0.3737,0.13408
0.40722,0.24232,0.30023,0.22349,0.38879,0.20257,0.50248,0.35216,0.35515,0.37249,0.59747,0.40197,0.68308,0.41842,1,0.59541,0.46126,0.33746,0.43845,0.24935,0.21926,0.10839,0.25695,0.23455,0.0062762,0.16003,0.17945,0.28646,0.49102,0.43837,0.40784,0.32164,0.49365,0.47246,0,0,0.080646,0.29039,0.17113,0.20862,0.24829,0.38248,0.31144,0.49893,0.17101,0.40875,0.2432,0.3244,0.36048,0.27528,0.30665,0.18858,0.21405,0.19622,0.19467,0.1661,0.37769,0.31573,0.45122,0.32752,0.60222,0.51021,0.62359,0.51492,0.53758,0.40414,0.28213,0.18414,0.29653,0.3175,0.13098,0.036042,0.24871,0.25105,0.19223,0.1805,0,0.050876,0.44876,0.40619,0.52752,0.44461,0.75863,0.48259,0.51727,0.28558,0.42133,0.1172,0.34445,0.25277,0.16362,0.23477,0.13807,0.20828,0.36684,0.36656,0.27277,0.17394,0.17282,0.34899,0.21404,0.24492,0.38376,0.27805,0.16343,0.072171,0.27517,0.012323,0.23279,0.11562,0.14641,0.18907,0.21329,0.2377,0.23152,0.046135
0.49624,0.37289,0.32592,0.34057,0.11092,0.11054,0.53313,0.5467,0.17504,0.57474,0.59941,0.62094,0.59488,0.719,0.59541,1,0.56814,0.49574,0.50991,0.25892,0.18285,0.073279,0.31467,0.40692,0,0.19881,0,0.06503,0.52134,0.58547,0.3785,0.38988,0.56586,0.57555,0,0,0.21167,0.35216,0.20874,0.30904,0.26233,0.43961,0.51539,0.64197,0.22117,0.56422,0.46568,0.51434,0.39511,0.40126,0.36424,0.29086,0.35432,0.27632,0.37089,0.40315,0.47437,0.3631,0.40586,0.25576,0.55364,0.59751,0.63049,0.64646,0.41804,0.438,0.25259,0.18929,0.29159,0.40647,0.14387,0,0.33522,0.38146,0.25901,0.33539,0,0.030193,0.57365,0.46493,0.71274,0.65882,0.68884,0.72877,0.66471,0.40945,0.44826,0.22255,0.43997,0.51566,0.37378,0.29387,0.24468,0.22009,0.32739,0.42113,0.29165,0.31923,0.37876,0.47322,0.12418,0.20612,0.4042,0.17596,0.15099,0.0061043,0.29755,0.064539,0.35567,0.14735,0.29678,0.28176,0.21287,0.34426,0.38897,0.03044
0.3184,0.12484,0,0,0,0,0.10363,0.036219,0,0.16522,0.46249,0.32981,0.29985,0.37194,0.46126,0.56814,1,0.57502,0.27504,0.12691,0,0,0,0.033655,0,0.093751,0.13161,0.25388,0.87233,0.78074,0.43144,0.43623,0.47869,0.40329,0,0,0.11893,0.29575,0.27005,0.35384,0.39262,0.61068,0.27568,0.43871,0.18056,0.32933,0.27908,0.27526,0.32383,0.10921,0.11762,0,0.051809,0,0.25355,0.28949,0.38115,0.17042,0.046887,0,0.28554,0.17487,0.40601,0.36089,0.024145,0.039485,0,0,0.0079643,0.085732,0.11806,0,0.34785,0.34319,0.0075685,0.056154,0,0,0.8523,0.68056,0.73645,0.58016,0.71243,0.56145,0.45639,0.4318,0.56801,0.30655,0.14866,0.21142,0,0,0,0,0.30592,0.41437,0.27846,0.25321,0.17749,0.23937,0.11329,0.14886,0.28691,0.14359,0.0062575,0,0.24008,0.13907,0.33664,0,0.0060316,0,0,0.099804,0.17657,0.2375
0.45517,0.47027,0.14887,0.16705,0,0.099572,0.21781,0.28437,0,0.35354,0.3792,0.51177,0.30531,0.45767,0.33746,0.49574,0.57502,1,0.43777,0.31669,0.217,0.16317,0.15564,0.18879,0,0.098825,0.015355,0.18667,0.5696,0.65901,0.38377,0.36167,0.56855,0.54729,0.065774,0.055249,0.24264,0.41277,0.18632,0.28294,0.42827,0.49288,0.42746,0.52933,0.27816,0.48852,0.37658,0.42906,0.44458,0.28815,0.29011,0.15181,0.27362,0.16207,0.28596,0.30758,0.55915,0.4489,0.27046,0.096038,0.30119,0.22988,0.43569,0.46718,0.092438,0.069715,0.25909,0.18145,0.23343,0.30109,0.27154,0.058512,0.47303,0.56143,0.22436,0.25045,0.026268,0.1411,0.6394,0.70254,0.72346,0.76574,0.47904,0.68929,0.38133,0.38238,0.27942,0.071859,0.065509,0.30954,0.24853,0.12458,0.11843,0.11788,0.21951,0.307,0.33769,0.31991,0.42083,0.46472,0.19337,0.29334,0.48505,0.29788,0.267,0.022018,0.24106,0.10819,0.21166,0.12194,0.2365,0.28847,0.14188,0.28359,0.25364,0.22409
0.75274,0.66561,0.6638,0.59571,0,0.18802,0.7093,0.65732,0.076032,0.35676,0.64913,0.49901,0.42812,0.34628,0.43845,0.50991,0.27504,0.43777,1,0.70443,0.41536,0.40596,0.64245,0.56194,0.18007,0.21207,0.00073496,0.11987,0.32498,0.20344,0.42808,0.4065,0.59446,0.64343,0.36899,0.29495,0.28984,0.38835,0.16977,0.24372,0.21311,0.27104,0.51366,0.49424,0.24653,0.42073,0.52344,0.62368,0.35276,0.38636,0.41533,0.2957,0.48348,0.33049,0.46351,0.50252,0.77328,0.65551,0.54339,0.25543,0.52117,0.43936,0.50237,0.39869,0.38853,0.31556,0.61727,0.43766,0.68542,0.69149,0.36847,0.012062,0.55344,0.5196,0.59435,0.55271,0.45908,0.55279,0.20752,0.24078,0.4772,0.42172,0.461,0.47906,0.59863,0.33819,0,0.019177,0.44538,0.5382,0.60172,0.37485,0.56999,0.40268,0.0066436,0.1217,0.30074,0.4413,0.57244,0.68509,0.3604,0.3626,0.50661,0.49416,0.40832,0.39774,0.52551,0.32791,0.070239,0.2889,0.45546,0.48166,0.43831,0.62117,0.62639,0.17379
0.71202,0.67392,0.56529,0.65956,0.067482,0.14874,0.51452,0.64511,0.27071,0.44203,0.40474,0.45334,0.22671,0.21688,0.24935,0.25892,0.12691,0.31669,0.70443,1,0.53136,0.45975,0.66352,0.58979,0.42741,0.33928,0.16693,0.086317,0.16615,0.094094,0.43341,0.36241,0.57296,0.65821,0.41893,0.40295,0.21084,0.22,0.033932,0.041989,0.10079,0.1811,0.44788,0.45042,0.27748,0.42965,0.3965,0.56151,0.38994,0.44232,0.47716,0.32345,0.46251,0.34675,0.35085,0.29544,0.72145,0.64772,0.59295,0.28719,0.41449,0.41105,0.30004,0.37036,0.34351,0.37814,0.61564,0.52618,0.68702,0.68341,0.31041,0.038311,0.46717,0.53113,0.60699,0.62744,0.49317,0.53753,0.12062,0.17178,0.35198,0.30187,0.23382,0.31179,0.41688,0.23595,0,0,0.25004,0.35442,0.59899,0.46704,0.56756,0.38227,0,0.012331,0.22116,0.30508,0.53003,0.67827,0.24365,0.18942,0.50596,0.42853,0.59315,0.48299,0.39704,0.23278,0.057143,0.30848,0.4671,0.61357,0.56112,0.68935,0.63414,0.29583
0.43007,0.43358,0.50323,0.46466,0.20375,0.12289,0.36236,0.41246,0.20789,0.41442,0.32732,0.34943,0.21588,0.1773,0.21926,0.18285,0,0.217,0.41536,0.53136,1,0.77987,0.48913,0.43117,0.37936,0.34237,0.25318,0.23372,0.036298,0,0.4905,0.3297,0.44703,0.44489,0.37672,0.33393,0.073683,0.047802,0,0,0,0.023541,0.22616,0.33612,0.16758,0.26618,0.16761,0.33476,0.25099,0.32836,0.33433,0.28275,0.2812,0.24493,0.20374,0.18164,0.46635,0.38967,0.42707,0.28542,0.33155,0.29008,0.23356,0.21522,0.32532,0.27388,0.42133,0.3319,0.37677,0.31802,0.52245,0.41265,0.40247,0.39084,0.56696,0.46138,0.45294,0.5108,0,0.1211,0.17475,0.15349,0.086427,0.12382,0.19758,0.097769,0,0,0.10913,0.16561,0.34214,0.25712,0.27715,0.11756,0.12978,0.1561,0.1429,0.26608,0.26691,0.39282,0,0.005076,0.26788,0.17904,0.47122,0.37697,0.1214,0.10181,0.023836,0.3426,0.27406,0.43477,0.3433,0.33473,0.31762,0.092767
0.42991,0.43733,0.43579,0.33508,0.092613,0.21647,0.33617,0.32494,0.09386,0.29575,0.26743,0.23389,0.14779,0.049235,0.10839,0.073279,0,0.16317,0.40596,0.45975,0.77987,1,0.4119,0.30209,0.22381,0.19552,0.20709,0.33534,0,0,0.44554,0.30659,0.3889,0.39069,0.31093,0.24051,0.060871,0.0823,0,0,0,0,0.075869,0.15358,0.032422,0.10443,0.02455,0.20996,0.14843,0.22353,0.16424,0.11946,0.18654,0.15393,0.15342,0.13627,0.46318,0.3912,0.35064,0.21599,0.24285,0.20846,0.24184,0.18111,0.24702,0.16471,0.34812,0.25097,0.38028,0.3303,0.5888,0.57327,0.42628,0.44407,0.53054,0.42586,0.47032,0.54927,0,0.074454,0.091537,0.087848,0.019389,0.069728,0.14214,0.0013741,0,0,0.042727,0.11368,0.27045,0.13908,0.2528,0.10903,0.0091815,0.033344,0.017905,0.16467,0.16813,0.29939,0.10585,0.10648,0.32441,0.25857,0.48062,0.48934,0.21188,0.21595,0,0.28947,0.14267,0.35561,0.28023,0.30118,0.31318,0
0.52095,0.42438,0.88855,0.81429,0.10115,0.34847,0.7065,0.68542,0.21972,0.38142,0.49078,0.37882,0.3133,0.28352,0.25695,0.31467,0,0.15564,0.64245,0.66352,0.48913,0.4119,1,0.93763,0.58686,0.5291,0.32827,0.23886,0.048634,0,0.50334,0.50559,0.51668,0.53374,0.65095,0.5446,0.15634,0.088046,0.12285,0.084948,0,0.060459,0.57033,0.44913,0.46052,0.40316,0.37269,0.5054,0.2653,0.30576,0.54669,0.28449,0.40259,0.39212,0.28334,0.30696,0.50386,0.31683,0.3786,0.0080747,0.31497,0.27426,0.28674,0.13264,0.55545,0.51602,0.61085,0.50861,0.5386,0.59952,0.24588,0.10574,0.16412,0.2778,0.40333,0.45407,0.35765,0.47304,0.040404,0.098705,0.20471,0.24626,0.20309,0.25897,0.55442,0.41172,0,0,0.39437,0.54651,0.50854,0.60799,0.65651,0.54015,0.078687,0.064634,0.11692,0.16462,0.3407,0.52009,0.096327,0.013856,0.24187,0.16534,0.49238,0.44124,0.15346,0,0.11095,0.3321,0.38512,0.57277,0.4757,0.50601,0.47227,0.026872
0.44018,0.36816,0.7934,0.83916,0.15123,0.38055,0.64418,0.72324,0.28507,0.45806,0.42908,0.37401,0.27834,0.37555,0.23455,0.40692,0.033655,0.18879,0.56194,0.58979,0.43117,0.30209,0.93763,1,0.59899,0.64181,0.33485,0.26312,0.07629,0.076748,0.45347,0.48993,0.48323,0.51224,0.58847,0.50996,0.13899,0.11801,0.12152,0.14879,0,0.17178,0.59057,0.48643,0.491,0.47513,0.36802,0.49437,0.26493,0.31627,0.53061,0.28942,0.35616,0.38396,0.28972,0.32621,0.45209,0.27796,0.35903,0.065204,0.26586,0.29214,0.2454,0.14882,0.53873,0.5786,0.565,0.52335,0.51644,0.57101,0.11923,0.026317,0.11314,0.27288,0.33256,0.44571,0.26418,0.37084,0.13016,0.13744,0.24994,0.29815,0.23649,0.29225,0.55595,0.4726,0.060744,0,0.40123,0.56073,0.49437,0.60927,0.6403,0.49729,0.18071,0.13598,0.14657,0.12622,0.30825,0.49712,0.073615,0,0.23395,0.10829,0.49516,0.3482,0.13548,0,0.17894,0.29498,0.40289,0.59376,0.46798,0.47686,0.44781,0.029478
0.23089,0.1285,0.4962,0.61413,0.4114,0.1967,0.22493,0.29981,0.35358,0.1264,0.16021,0.13363,0.048144,0.07644,0.0062762,0,0,0,0.18007,0.42741,0.37936,0.22381,0.58686,0.59899,1,0.85185,0.56109,0.27094,0,0,0.31924,0.27853,0.30277,0.32542,0.61031,0.55362,0.2994,0.021287,0.35129,0.27999,0,0.18257,0.47774,0.3148,0.59724,0.36293,0.36815,0.38823,0.30607,0.30743,0.56889,0.36063,0.2677,0.31359,0.27283,0.31366,0.20032,0.14038,0.23388,0.037017,0.078336,0,0,0,0.26215,0.29519,0.46877,0.47765,0.26213,0.31993,0.16141,0.0408,0,0.13897,0.21937,0.35902,0.05413,0.15908,0.018935,0.12679,0.017536,0.12392,0,0.026697,0.32964,0.4661,0.16885,0.070023,0.1861,0.32483,0.28093,0.2408,0.35641,0.12017,0.02775,0.045133,0.19669,0.22571,0.24057,0.32031,0,0,0.10051,0.038774,0.3411,0.28861,0.016355,0,0.002026,0.23286,0.39864,0.30536,0.2511,0.31707,0.20269,0.12069
0.20885,0.12286,0.42601,0.57734,0.44039,0.27825,0.27094,0.38113,0.43777,0.22262,0.18331,0.19316,0.1401,0.26046,0.16003,0.19881,0.093751,0.098825,0.21207,0.33928,0.34237,0.19552,0.5291,0.64181,0.85185,1,0.53462,0.36512,0.039248,0.15553,0.39375,0.3955,0.39542,0.4014,0.46208,0.41443,0.20867,0.092379,0.29038,0.36253,0.021794,0.31011,0.49516,0.40657,0.61254,0.4674,0.34387,0.36261,0.29737,0.32053,0.48935,0.3124,0.19143,0.27766,0.29556,0.34873,0.22242,0.17573,0.27315,0.13307,0.14402,0.10882,0,0,0.32841,0.39261,0.44229,0.4727,0.28747,0.33396,0.092909,0.036145,0,0.19887,0.19225,0.34452,0,0.10725,0.19955,0.2224,0.17964,0.25375,0.15321,0.11969,0.38695,0.49352,0.25767,0.045772,0.2275,0.37135,0.23745,0.23674,0.31777,0.081316,0.25925,0.24104,0.31427,0.20528,0.191,0.31509,0,0,0.15878,0.057085,0.39042,0.20574,0.055688,0,0.14577,0.19177,0.39976,0.3666,0.23948,0.27154,0.18529,0.12054
0.070511,0,0.20941,0.18175,0.3799,0.1764,0,0,0.056721,0.073797,0.051927,0.017052,0,0,0.17945,0,0.13161,0.015355,0.00073496,0.16693,0.25318,0.20709,0.32827,0.33485,0.56109,0.53462,1,0.7389,0.14975,0.13898,0.49848,0.4631,0.21921,0.16127,0.3239,0.20304,0.13531,0.049155,0.29068,0.29442,0.11984,0.33812,0.19128,0.14975,0.39734,0.11654,0.097399,0.11923,0.065302,0,0.21153,0,0,0,0.15732,0.14813,0.078197,0,0.025067,0,0,0,0,0,0.24383,0.13666,0.17427,0.15527,0,0.11787,0.11875,0.22794,0.011218,0.078924,0,0.079158,0,0,0.1636,0.25646,0.04731,0.10418,0.19321,0.045462,0.1124,0.34808,0.28666,0.09055,0.075056,0.082944,0,0.063242,0.11439,0.094553,0.30295,0.3007,0.31662,0.11655,0,0.084476,0.10999,0,0.17533,0.05322,0.20361,0.13982,0,0.038675,0.13116,0.18429,0.093836,0.05625,0,0,0,0.10197
0.09935,0.007478,0.1502,0.090695,0.27419,0.37209,0.037324,0.016207,0.055682,0.15367,0.11171,0,0.0135,0,0.28646,0.06503,0.25388,0.18667,0.11987,0.086317,0.23372,0.33534,0.23886,0.26312,0.27094,0.36512,0.7389,1,0.29543,0.19367,0.47346,0.46377,0.26538,0.21957,0.2136,0.09757,0.012351,0.1451,0.16802,0.25626,0.21158,0.37064,0.096714,0.14178,0.2911,0.14809,0,0.045229,0.088547,0,0.11166,0,0,0,0.074181,0.10326,0.19403,0.063252,0.04411,0.00080563,0.0064021,0,0.07435,0,0.20211,0.16442,0.16157,0.12799,0.057615,0.13556,0.13693,0.32833,0.12426,0.10827,0,0,0,0,0.27981,0.33273,0.12475,0.16004,0.31937,0.079098,0.085446,0.30798,0.15668,0,0,0.088803,0,0.061349,0.041682,0.081646,0.32202,0.3351,0.13785,0.0088101,0,0.054633,0.12483,0.080852,0.17632,0.1273,0.20075,0.077906,0.0049945,0,0.11263,0.10483,0,0.040342,0,0,0,0
0.35351,0.13202,0.009165,0,0,0,0.1622,0.046662,0,0.14559,0.42434,0.23203,0.29384,0.2429,0.49102,0.52134,0.87233,0.5696,0.32498,0.16615,0.036298,0,0.048634,0.07629,0,0.039248,0.14975,0.29543,1,0.74485,0.50786,0.52446,0.47982,0.39169,0,0,0.052149,0.33275,0.16743,0.25985,0.35693,0.49756,0.21209,0.41624,0.13877,0.22559,0.19248,0.23398,0.2226,0.0043646,0.033305,0,0,0,0.11733,0.14598,0.43225,0.18862,0.054871,0,0.28186,0.12161,0.44037,0.32423,0.075969,0,0.031286,0,0.055403,0.098045,0.15447,0.031213,0.46146,0.35751,0.057556,0.043688,0,0,0.77517,0.62482,0.69602,0.50992,0.72992,0.48104,0.38215,0.33558,0.42774,0.13875,0.048211,0.11922,0,0,0,0.028259,0.33716,0.44956,0.26053,0.19678,0.12171,0.22155,0.22305,0.28721,0.35095,0.27653,0.11366,0,0.30527,0.18078,0.3975,0,0,0.010589,0,0.071974,0.20005,0.22924
0.28167,0.18647,0,0,0.0062226,0,0.06402,0.097336,0,0.25436,0.39492,0.39158,0.37543,0.46838,0.43837,0.58547,0.78074,0.65901,0.20344,0.094094,0,0,0,0.076748,0,0.15553,0.13898,0.19367,0.74485,1,0.39649,0.39892,0.55369,0.4878,0,0,0.15573,0.30445,0.26184,0.38869,0.3128,0.67261,0.42255,0.55549,0.27449,0.44588,0.31321,0.31799,0.42596,0.21318,0.23721,0.077989,0.18699,0.082671,0.30789,0.32125,0.31272,0.24723,0.14049,0.050009,0.36171,0.16241,0.42796,0.41803,0.075997,0.043192,0.026432,0.028957,0.03151,0.11885,0,0,0.25804,0.44169,0,0.10067,0,0,0.87095,0.82518,0.83456,0.76465,0.68683,0.65535,0.49143,0.46856,0.68034,0.32672,0.22419,0.28911,0.042244,0.073055,0,0.010179,0.42342,0.52062,0.2866,0.23331,0.22242,0.31215,0.053373,0.043383,0.35285,0.048334,0.092409,0,0.15862,0.010967,0.42853,0.01925,0.057046,0.075826,0.072901,0.12853,0.11155,0.17922
0.43101,0.23739,0.39559,0.29168,0.027465,0.025302,0.31765,0.27286,0,0.33168,0.43074,0.31586,0.25588,0.13656,0.40784,0.3785,0.43144,0.38377,0.42808,0.43341,0.4905,0.44554,0.50334,0.45347,0.31924,0.39375,0.49848,0.47346,0.50786,0.39649,1,0.89424,0.6641,0.54845,0.37142,0.2025,0.041177,0.093582,0.079836,0.086419,0.19114,0.31135,0.26429,0.42561,0.3628,0.31657,0.13735,0.22505,0.22136,0.13656,0.22948,0.015578,0.003135,0,0.15946,0.15534,0.49714,0.323,0.21855,0.057615,0.28656,0.24634,0.36656,0.20005,0.47564,0.34326,0.34804,0.23921,0.20551,0.37451,0.49961,0.39202,0.44912,0.39575,0.32381,0.29611,0.010965,0.1799,0.41846,0.51341,0.38702,0.36479,0.446,0.27602,0.43407,0.38732,0.25497,0,0.11995,0.1302,0.097299,0.10464,0.20263,0.15638,0.22515,0.26408,0.20866,0.16643,0.085936,0.28726,0.21208,0.1517,0.36626,0.23159,0.34056,0.19173,0.24307,0.18451,0.12238,0.055874,0.09129,0.21321,0.11111,0.17696,0.29134,0.20765
0.34396,0.11186,0.35509,0.27655,0,0.05862,0.30126,0.22041,0,0.24395,0.32626,0.21271,0.16711,0.11597,0.32164,0.38988,0.43623,0.36167,0.4065,0.36241,0.3297,0.30659,0.50559,0.48993,0.27853,0.3955,0.4631,0.46377,0.52446,0.39892,0.89424,1,0.6003,0.48767,0.34281,0.17363,0.075824,0.052831,0.13909,0.12645,0.20775,0.30338,0.32023,0.45668,0.38564,0.26595,0.16191,0.23887,0.1095,0.062211,0.13866,0,0,0,0.073174,0.15795,0.45789,0.24153,0.11082,0,0.18062,0.12063,0.29822,0.12434,0.37731,0.27948,0.29405,0.1845,0.13573,0.30248,0.32394,0.3653,0.34086,0.32533,0.17685,0.21825,0,0.12219,0.44905,0.45324,0.35081,0.34383,0.42861,0.27046,0.38572,0.4263,0.20503,0,0.071357,0.16969,0.018096,0.13091,0.14859,0.22047,0.27175,0.31786,0.18991,0.1541,0.018904,0.22834,0.11507,0.18565,0.25042,0.19698,0.28004,0.14858,0.17821,0.15333,0.1746,0.13786,0.10594,0.1638,0.028748,0.12307,0.22824,0.12378
0.66204,0.58395,0.48903,0.40929,0.031799,0.1056,0.51727,0.48199,0.12167,0.36869,0.63194,0.56415,0.55096,0.50481,0.49365,0.56586,0.47869,0.56855,0.59446,0.57296,0.44703,0.3889,0.51668,0.48323,0.30277,0.39542,0.21921,0.26538,0.47982,0.55369,0.6641,0.6003,1,0.92741,0.38713,0.29009,0.2013,0.2818,0.18067,0.2446,0.20551,0.44908,0.60705,0.69896,0.53155,0.63442,0.39438,0.56173,0.57214,0.44375,0.52511,0.28212,0.39391,0.26202,0.32,0.35315,0.6768,0.62269,0.55289,0.21507,0.66258,0.44399,0.59637,0.48606,0.46662,0.32518,0.59498,0.49246,0.4779,0.57489,0.44732,0.12526,0.46844,0.56669,0.50833,0.46976,0.10105,0.26004,0.57535,0.64273,0.70628,0.66578,0.56785,0.57306,0.68318,0.58378,0.3268,0.020504,0.30584,0.42962,0.37032,0.28536,0.3157,0.14305,0.21159,0.2997,0.27105,0.30364,0.36984,0.60058,0.10733,0.11259,0.52872,0.28611,0.46152,0.18554,0.33837,0.13357,0.1976,0.18263,0.32826,0.46869,0.36565,0.45397,0.47001,0.14562
0.74471,0.67835,0.51994,0.50582,0.05644,0.21816,0.56344,0.60439,0.18077,0.43965,0.63007,0.62739,0.5469,0.56886,0.47246,0.57555,0.40329,0.54729,0.64343,0.65821,0.44489,0.39069,0.53374,0.51224,0.32542,0.4014,0.16127,0.21957,0.39169,0.4878,0.54845,0.48767,0.92741,1,0.41867,0.36183,0.24082,0.33067,0.18218,0.2439,0.21947,0.43316,0.66784,0.70726,0.52973,0.69165,0.48203,0.63893,0.61077,0.52853,0.59409,0.38061,0.52869,0.37953,0.37345,0.3865,0.74152,0.74807,0.65736,0.28101,0.69256,0.48385,0.58621,0.55166,0.45004,0.35863,0.67781,0.58706,0.61904,0.67343,0.37449,0.030388,0.47228,0.61511,0.54145,0.5499,0.20509,0.35045,0.5045,0.56777,0.7009,0.68262,0.52189,0.57128,0.70773,0.58753,0.20919,0,0.36861,0.53563,0.52692,0.38701,0.43659,0.21416,0.16134,0.21899,0.31708,0.34347,0.49582,0.69733,0.15028,0.13335,0.54644,0.32995,0.50639,0.26005,0.39401,0.1347,0.16021,0.2609,0.44129,0.58118,0.47505,0.56281,0.53936,0.12769
0.37193,0.28227,0.59548,0.63196,0,0.13551,0.34857,0.4456,0.084862,0.045229,0.26371,0.20821,0.10807,0.048939,0,0,0,0.065774,0.36899,0.41893,0.37672,0.31093,0.65095,0.58847,0.61031,0.46208,0.3239,0.2136,0,0,0.37142,0.34281,0.38713,0.41867,1,0.91728,0.30932,0.071234,0.17539,0.045767,0.041606,0.019179,0.42737,0.2462,0.54075,0.26106,0.31684,0.37939,0.11044,0.11421,0.4022,0.17489,0.21406,0.19182,0.17433,0.14062,0.36649,0.32893,0.32549,0.10064,0.16062,0.10377,0.023271,0,0.3899,0.37278,0.72086,0.6388,0.4923,0.50254,0.37097,0,0.25554,0.27143,0.47673,0.40297,0.44296,0.54949,0,0,0,0.060642,0,0.041652,0.37345,0.45225,0,0,0.1878,0.27239,0.43238,0.22957,0.49038,0.19192,0,0,0.16662,0.077355,0.26046,0.31991,0.17202,0.1044,0.23522,0.2671,0.45181,0.47679,0.26309,0.1953,0,0.16258,0.40317,0.45234,0.33304,0.36858,0.37186,0.042331
0.34273,0.29152,0.50328,0.59416,0,0.14345,0.31255,0.44492,0.12838,0.037108,0.16978,0.19295,0.031846,0.049449,0,0,0,0.055249,0.29495,0.40295,0.33393,0.24051,0.5446,0.50996,0.55362,0.41443,0.20304,0.09757,0,0,0.2025,0.17363,0.29009,0.36183,0.91728,1,0.31492,0.099962,0.14908,0.0084801,0.049519,0,0.36025,0.14592,0.45977,0.2167,0.30224,0.35271,0.065133,0.088737,0.34149,0.15383,0.21132,0.19433,0.14001,0.11485,0.34326,0.34082,0.3481,0.16764,0.11153,0.11131,0,0,0.26949,0.34559,0.69691,0.63681,0.49072,0.46124,0.30403,0,0.23711,0.24953,0.45851,0.38631,0.51354,0.58477,0,0,0,0.038898,0,0,0.26807,0.36198,0,0,0.091978,0.23457,0.46845,0.21182,0.52941,0.15374,0,0,0.15671,0.063804,0.26261,0.29983,0.24487,0.13028,0.22921,0.29112,0.44228,0.48116,0.3004,0.19538,0,0.13698,0.43797,0.43335,0.38545,0.36213,0.33107,0.018673
0.33417,0.24515,0.18618,0.25684,0.13408,0.067838,0.18419,0.2019,0.069386,0.081282,0.20892,0.26743,0.084316,0.085618,0.080646,0.21167,0.11893,0.24264,0.28984,0.21084,0.073683,0.060871,0.15634,0.13899,0.2994,0.20867,0.13531,0.012351,0.052149,0.15573,0.041177,0.075824,0.2013,0.24082,0.30932,0.31492,1,0.42124,0.73892,0.50974,0.4881,0.36402,0.49042,0.32312,0.29322,0.27133,0.65344,0.57516,0.18571,0.20931,0.31282,0.18848,0.36138,0.17256,0.51694,0.4436,0.32716,0.32226,0.28162,0.16172,0.16158,0.050762,0.036895,0.0097788,0,0.036817,0.41297,0.36339,0.29774,0.33126,0.10546,0,0.30531,0.37231,0.23489,0.34771,0.1345,0.19726,0.083832,0.18432,0.27953,0.36745,0.14819,0.4746,0.31047,0.40001,0.19932,0.55308,0.28749,0.40229,0.43142,0.063213,0.23819,0.15787,0,0.023347,0.35611,0.49009,0.43428,0.35899,0.14033,0.29713,0.31678,0.36316,0.069832,0.30656,0.37165,0.43335,0,0.33109,0.58206,0.050684,0.064862,0.32168,0.19734,0.09923
0.33607,0.33411,0.18499,0.23877,0,0.02877,0.3018,0.26985,0.00038972,0.096948,0.3426,0.228,0.21808,0.21002,0.29039,0.35216,0.29575,0.41277,0.38835,0.22,0.047802,0.0823,0.088046,0.11801,0.021287,0.092379,0.049155,0.1451,0.33275,0.30445,0.093582,0.052831,0.2818,0.33067,0.071234,0.099962,0.42124,1,0.40083,0.62293,0.52056,0.46851,0.33312,0.26918,0.22238,0.3157,0.42356,0.41905,0.14528,0.17865,0.14234,0.066001,0.26034,0.13212,0.41538,0.34629,0.38422,0.37584,0.28808,0.26533,0.23423,0.192,0.33721,0.24121,0,0.0054599,0.29391,0.18958,0.34162,0.28545,0.10145,0.01437,0.44024,0.37041,0.30695,0.23499,0.18457,0.27865,0.30796,0.3329,0.45863,0.445,0.52128,0.47529,0.31087,0.29517,0.19795,0.22258,0.26448,0.32852,0.30839,0.03145,0.2204,0.031659,0.18811,0.28744,0.31072,0.26536,0.31605,0.29074,0.28551,0.34054,0.35288,0.3859,0.086772,0.041843,0.37376,0.23211,0.13021,0.1335,0.31219,0.12796,0.10769,0.24856,0.2493,0
0.13584,0,0.14777,0.14905,0.21108,0.038854,0.17942,0.0061776,0.0062659,0,0.28418,0.08778,0.14911,0.071223,0.17113,0.20874,0.27005,0.18632,0.16977,0.033932,0,0,0.12285,0.12152,0.35129,0.29038,0.29068,0.16802,0.16743,0.26184,0.079836,0.13909,0.18067,0.18218,0.17539,0.14908,0.73892,0.40083,1,0.78852,0.36057,0.35496,0.48873,0.31336,0.42277,0.25349,0.60209,0.45575,0.17443,0.092972,0.29418,0.12154,0.18991,0.071136,0.50873,0.51233,0.13413,0.061134,0.045056,0,0.050229,0,0.014376,0,0,0,0.21864,0.19872,0.050474,0.12562,0,0,0.093684,0.10812,0,0.111,0,0,0.25237,0.36168,0.31051,0.36348,0.27376,0.46041,0.37494,0.527,0.44294,0.7417,0.36082,0.47385,0.12174,0,0.066427,0.027556,0.0041271,0.21909,0.28957,0.44995,0.21692,0.16108,0.021539,0.10481,0.11718,0.16582,0,0.0066896,0.20809,0.25474,0.033037,0.23754,0.37641,0,0,0.089811,0,0
0.13517,0.072411,0.12914,0.1638,0.18667,0.020076,0.17079,0.054647,0.029108,0,0.33775,0.10496,0.21234,0.22067,0.20862,0.30904,0.35384,0.28294,0.24372,0.041989,0,0,0.084948,0.14879,0.27999,0.36253,0.29442,0.25626,0.25985,0.38869,0.086419,0.12645,0.2446,0.2439,0.045767,0.0084801,0.50974,0.62293,0.78852,1,0.3733,0.49824,0.44313,0.3146,0.37347,0.27912,0.50158,0.43168,0.15039,0.12812,0.24284,0.10822,0.17384,0.071069,0.55526,0.60837,0.18579,0.14081,0.09749,0.066445,0.11164,0,0.12801,0,0,0,0.17927,0.15835,0.11933,0.14954,0,0,0.13382,0.17439,0.023898,0.13487,0,0,0.37333,0.42738,0.39101,0.40174,0.45423,0.46283,0.39459,0.49229,0.50313,0.59478,0.4298,0.49445,0.11237,0,0.076875,0,0.21296,0.41992,0.31336,0.41025,0.23647,0.19524,0.044715,0.046832,0.15876,0.13485,0,0,0.22788,0.16918,0.14308,0.18644,0.2906,0,0,0.097226,0,0
0.2456,0.1276,0,0,0,0,0.022146,0.0099829,0,0.044753,0.1443,0.13268,0.056894,0.037587,0.24829,0.26233,0.39262,0.42827,0.21311,0.10079,0,0,0,0,0,0.021794,0.11984,0.21158,0.35693,0.3128,0.19114,0.20775,0.20551,0.21947,0.041606,0.049519,0.4881,0.52056,0.36057,0.3733,1,0.51688,0.23472,0.26692,0.20156,0.19179,0.41804,0.27466,0.15523,0.060873,0.043491,0,0.046753,0,0.24401,0.17442,0.3331,0.30253,0.14542,0.19507,0.11507,0.055242,0.17643,0.1065,0,0,0.16801,0.089371,0.11787,0.11697,0.13138,0,0.4786,0.35597,0.22279,0.14945,0,0.027962,0.36355,0.35306,0.32519,0.39135,0.37324,0.34765,0.16719,0.33879,0.2048,0.22036,0,0.10422,0.11486,0,0,0,0.10448,0.21903,0.43439,0.29787,0.28659,0.19361,0.20188,0.38488,0.31017,0.33343,0,0.041808,0.22119,0.17275,0.060684,0.043655,0.28262,0,0,0.082342,0.071575,0.097558
0.32581,0.22449,0.015771,0.12137,0.10248,0.022226,0.067469,0.20121,0.060621,0.17224,0.32012,0.31738,0.22652,0.28409,0.38248,0.43961,0.61068,0.49288,0.27104,0.1811,0.023541,0,0.060459,0.17178,0.18257,0.31011,0.33812,0.37064,0.49756,0.67261,0.31135,0.30338,0.44908,0.43316,0.019179,0,0.36402,0.46851,0.35496,0.49824,0.51688,1,0.41932,0.47184,0.27607,0.39397,0.40085,0.36739,0.34524,0.18381,0.24767,0.09433,0.16755,0.036982,0.3969,0.35162,0.37557,0.35108,0.22259,0.19852,0.23133,0.17207,0.27492,0.24329,0.088404,0.14617,0.2037,0.16527,0.23104,0.23745,0,0,0.26098,0.47747,0.10639,0.26869,0,0,0.62574,0.58872,0.62085,0.59657,0.59696,0.4558,0.43079,0.50653,0.48384,0.24581,0.27841,0.24536,0.19515,0.064607,0.14936,0.015663,0.34563,0.35532,0.41492,0.21324,0.28779,0.33409,0.21324,0.11752,0.38524,0.21581,0.17534,0,0.2838,0.129,0.2159,0.11092,0.24269,0.11933,0.074059,0.1908,0.17474,0.13171
0.55931,0.48687,0.5841,0.63381,0.11536,0.26334,0.55862,0.58931,0.19196,0.29698,0.52288,0.52037,0.45888,0.52612,0.31144,0.51539,0.27568,0.42746,0.51366,0.44788,0.22616,0.075869,0.57033,0.59057,0.47774,0.49516,0.19128,0.096714,0.21209,0.42255,0.26429,0.32023,0.60705,0.66784,0.42737,0.36025,0.49042,0.33312,0.48873,0.44313,0.23472,0.41932,1,0.84114,0.70636,0.73003,0.77668,0.80312,0.56214,0.56219,0.71653,0.54618,0.66513,0.53841,0.54487,0.58445,0.53627,0.51517,0.51471,0.11405,0.48349,0.27681,0.39956,0.2875,0.29534,0.32007,0.63832,0.60586,0.48354,0.55088,0.088394,0,0.1872,0.40372,0.3229,0.45399,0.085634,0.19608,0.3941,0.46749,0.59111,0.64901,0.39893,0.65094,0.70342,0.71526,0.33027,0.31341,0.52121,0.75718,0.58484,0.49886,0.46434,0.30931,0.13396,0.23492,0.38483,0.48461,0.62629,0.67797,0.013038,0.040763,0.31786,0.15247,0.30581,0.21977,0.23643,0.055129,0.18742,0.37551,0.65494,0.5268,0.41405,0.48763,0.40939,0.14525
0.5905,0.49061,0.44001,0.49051,0.1748,0.22649,0.50178,0.55004,0.22394,0.42891,0.54063,0.54192,0.49104,0.58371,0.49893,0.64197,0.43871,0.52933,0.49424,0.45042,0.33612,0.15358,0.44913,0.48643,0.3148,0.40657,0.14975,0.14178,0.41624,0.55549,0.42561,0.45668,0.69896,0.70726,0.2462,0.14592,0.32312,0.26918,0.31336,0.3146,0.26692,0.47184,0.84114,1,0.55904,0.76227,0.61485,0.74565,0.58687,0.61794,0.63442,0.50059,0.54629,0.4584,0.40909,0.47195,0.59115,0.55037,0.58375,0.24845,0.59484,0.42924,0.53585,0.47578,0.37433,0.3878,0.53989,0.51448,0.42114,0.50532,0.14406,0,0.25923,0.43415,0.31646,0.44554,0.024166,0.14185,0.55982,0.57216,0.71464,0.67556,0.55307,0.6788,0.68949,0.63109,0.39944,0.20352,0.39776,0.59572,0.47761,0.45323,0.32155,0.25084,0.25367,0.34585,0.33447,0.48792,0.55809,0.69302,0,0.12713,0.39189,0.19269,0.3149,0.15738,0.23922,0.013593,0.30743,0.36522,0.55635,0.52239,0.41597,0.47001,0.44095,0.20399
0.29623,0.2551,0.40516,0.51067,0.13721,0.23933,0.32823,0.32638,0.15359,0.085813,0.29398,0.25541,0.27117,0.26805,0.17101,0.22117,0.18056,0.27816,0.24653,0.27748,0.16758,0.032422,0.46052,0.491,0.59724,0.61254,0.39734,0.2911,0.13877,0.27449,0.3628,0.38564,0.53155,0.52973,0.54075,0.45977,0.29322,0.22238,0.42277,0.37347,0.20156,0.27607,0.70636,0.55904,1,0.71388,0.45667,0.47584,0.53077,0.37497,0.61819,0.40533,0.26998,0.21031,0.29584,0.30168,0.29446,0.27761,0.27676,0.0061756,0.28728,0.068555,0.18592,0,0.34593,0.25802,0.6038,0.60743,0.23519,0.37909,0.21185,0.038572,0.11972,0.16582,0.25814,0.25269,0,0.15487,0.30935,0.41212,0.32499,0.41206,0.23514,0.34478,0.50639,0.74696,0.29904,0.19703,0.25629,0.44876,0.23049,0.20097,0.25554,0.067538,0.094064,0.15685,0.273,0.24707,0.2708,0.37646,0.0084101,0,0.16487,0.074954,0.19357,0.12255,0.061916,0,0.12821,0.10207,0.40385,0.35738,0.1927,0.23152,0.19162,0.094443
0.48659,0.50275,0.39019,0.54019,0.21654,0.35209,0.47979,0.62872,0.39255,0.44158,0.44785,0.6256,0.42531,0.65094,0.40875,0.56422,0.32933,0.48852,0.42073,0.42965,0.26618,0.10443,0.40316,0.47513,0.36293,0.4674,0.11654,0.14809,0.22559,0.44588,0.31657,0.26595,0.63442,0.69165,0.26106,0.2167,0.27133,0.3157,0.25349,0.27912,0.19179,0.39397,0.73003,0.76227,0.71388,1,0.52537,0.63385,0.78159,0.79004,0.7502,0.67848,0.56087,0.45194,0.40993,0.40138,0.4643,0.50664,0.58757,0.33362,0.58818,0.54713,0.44272,0.5435,0.44724,0.51551,0.59264,0.63773,0.41021,0.55124,0.1342,0,0.2036,0.31328,0.31164,0.3663,0,0.13401,0.47537,0.49151,0.61916,0.62489,0.4322,0.60441,0.61373,0.6264,0.35642,0.17368,0.40613,0.59983,0.50422,0.43129,0.34218,0.18907,0.20565,0.28034,0.32204,0.398,0.52228,0.62444,0.029142,0.013793,0.36403,0.13627,0.27801,0.10797,0.16896,0,0.27154,0.28711,0.5281,0.51995,0.39321,0.47809,0.41958,0.23077
