1,0.75176,0.52493,0.54893,0.4572,0.4765,0.44014,0.45938,0.45625,0.45195,0.50769,0.44405,0.54562,0.59891,0.49346,0.70857,0.3853,0.60597,0.72707,0.70536,0.26725,0.38526,0.39475,0.48781,0.41873,0.3136,0.3857,0.45861,0.05979,0.079208,0.50749,0.51829,0.57896,0.55844,0.46414,0.35298,0.0073359,0,0.070661,0.020972,0.00030453,0,0.36768,0.22482,0.49696,0.46543,0.3116,0.25776,0.5696,0.46775,0.59772,0.61894,0.43176,0.52932,0.24047,0.39809,0.77408,0.65613,0.61839,0.52014,0.7623,0.60643,0.52894,0.69339,0.55428,0.50866,0.65065,0.60558,0.66682,0.67599,0.39871,0.30578,0.45038,0.26048,0.47023,0.37501,0.46597,0.45416,0.20199,0.14397,0.25451,0.29124,0.34342,0.47439,0.4937,0.53527,0.42431,0.44419,0.389,0.49352,0.022013,0.38099,0.41891,0.52207,0,0.0039175,0.079514,0.14515,0.25473,0.18516,0.30046,0.40739,0.31973,0.36174,0.086412,0.068213,0.12089,0,0,0.050469,0.08595,0,0.1643,0.010101,0,0
0.75176,1,0.45679,0.56911,0.50309,0.54703,0.33893,0.49913,0.49038,0.40017,0.34823,0.44227,0.39678,0.49235,0.42054,0.58233,0.3844,0.69418,0.64273,0.79377,0.23285,0.30699,0.37117,0.45777,0.44392,0.31552,0.41265,0.47368,0.0044841,0.1489,0.53936,0.5539,0.66961,0.68254,0.42319,0.28248,0,0,0.067495,0,0.044691,0,0.38084,0.29207,0.50914,0.53424,0.32098,0.28003,0.60494,0.52012,0.58948,0.53564,0.44061,0.47626,0.28361,0.34151,0.84786,0.90445,0.71797,0.68242,0.79617,0.72389,0.58375,0.77612,0.51023,0.49947,0.76171,0.70648,0.81532,0.80059,0.34758,0.14558,0.48976,0.32997,0.58382,0.4023,0.51155,0.46223,0.2222,0.2376,0.29565,0.42282,0.38572,0.51512,0.51496,0.52848,0.53302,0.52224,0.49296,0.33566,0.11866,0.3653,0.39164,0.37306,0,0,0.070783,0.085074,0.36687,0.2576,0.4452,0.33728,0.46138,0.35542,0.18607,0.13344,0.20282,0.095216,0,0,0.02187,0,0.13084,0,0,0
0.52493,0.45679,1,0.86879,0.3802,0.46974,0.89424,0.72315,0.49025,0.20446,0.3679,0.51524,0.46474,0.62738,0.20897,0.38936,0.40236,0.22649,0.6341,0.54643,0.27411,0.34897,0.94372,0.90869,0.68618,0.66539,0.36386,0.39873,0.0054931,0.092019,0.54475,0.58373,0.59874,0.54838,0.61058,0.51844,0.046284,0,0.07746,0,0,0,0.10038,0.086104,0.22934,0.3513,0.21276,0.22943,0.29964,0.46634,0.61978,0.55742,0.48448,0.392,0.33777,0.34525,0.37894,0.39114,0.12704,0.082966,0.53359,0.4948,0.40705,0.59756,0.71527,0.56585,0.6356,0.64915,0.56043,0.51835,0.34548,0.48187,0.23358,0.12303,0.37864,0.20838,0.60112,0.58101,0.26979,0.069319,0.15725,0.2267,0.24645,0.19794,0.45125,0.46724,0.086214,0.13727,0.43006,0.62321,0.081413,0.31864,0.28986,0.30673,0.023258,0,0.078349,0.0045263,0.11427,0.024829,0,0,0,0,0,0,0,0,0.1192,0.14703,0.14752,0.18562,0.17475,0.0010037,0,0
0.54893,0.56911,0.86879,1,0.46602,0.5966,0.79635,0.8821,0.55703,0.34475,0.38312,0.48386,0.52787,0.72668,0.34317,0.46422,0.34674,0.40239,0.70408,0.67309,0.30635,0.38505,0.80113,0.86297,0.64048,0.60312,0.44912,0.49795,0.050838,0.1533,0.60172,0.6114,0.58514,0.56151,0.63839,0.56582,0,0,0.10078,0,0,0,0.17251,0.062877,0.30169,0.36697,0.2408,0.21341,0.37767,0.40375,0.58399,0.5471,0.41976,0.38265,0.2886,0.24448,0.46393,0.47219,0.16746,0.18469,0.57147,0.5951,0.44215,0.62875,0.70709,0.69297,0.65287,0.66429,0.60928,0.58881,0.42733,0.3701,0.36103,0.17123,0.4683,0.20827,0.6682,0.59959,0.27287,0.10334,0.21385,0.27962,0.28528,0.33865,0.62403,0.50561,0.24393,0.2466,0.59631,0.53285,0.14707,0.3939,0.5134,0.4416,0.042835,0.016883,0.14184,0.0038659,0.095282,0,0.058664,0.0071974,0,0,0,0,0,0,0.018517,0.11162,0.093932,0.13314,0.23314,0.10879,0,0
0.4572,0.50309,0.3802,0.46602,1,0.84931,0.17857,0.26922,0.92043,0.85139,0.24955,0,0.32809,0.29551,0.63296,0.50815,0.01355,0.47079,0.56952,0.49303,0.30479,0.38074,0.25555,0.31918,0.59249,0.36163,0.70274,0.73362,0.035198,0.057231,0.45974,0.31633,0.42813,0.35878,0.65689,0.56232,0,0,0.00042872,0,0,0,0.27138,0.041533,0.53528,0.46451,0.23352,0.15347,0.47835,0.32842,0.44263,0.51496,0.27704,0.35778,0.027215,0.1306,0.6045,0.56302,0.61644,0.65443,0.39925,0.44611,0.23269,0.59558,0.50154,0.62135,0.69149,0.68941,0.53243,0.50845,0.48598,0.28018,0.40855,0.23744,0.50102,0.3408,0.35092,0.2815,0.15829,0.11058,0.15997,0.33777,0.34979,0.39997,0.60166,0.6238,0.52352,0.2735,0.33285,0.39113,0,0.27228,0.30953,0.39487,0,0,0.098377,0,0.14218,0.034383,0.26055,0.36248,0.33592,0.41189,0,0,0,0,0,0,0.3293,0.0088886,0.28534,0.24319,0,0
0.4765,0.54703,0.46974,0.5966,0.84931,1,0.29953,0.49084,0.78448,0.7652,0.33423,0.064953,0.36049,0.44832,0.60839,0.60109,0.20985,0.53831,0.63104,0.54387,0.36752,0.43713,0.36978,0.45527,0.5813,0.41956,0.72386,0.83439,0.079041,0.14164,0.56394,0.45917,0.52871,0.44967,0.63907,0.53402,0,0,0.12397,0.037113,0,0,0.30251,0.15718,0.50505,0.51074,0.29477,0.24439,0.51138,0.40283,0.48758,0.52759,0.35419,0.37239,0.15309,0.11152,0.61974,0.58282,0.53262,0.55318,0.52737,0.54972,0.34998,0.66405,0.58573,0.6669,0.697,0.72481,0.60833,0.58754,0.44097,0.20721,0.44941,0.23134,0.4608,0.21866,0.39784,0.30492,0.22836,0.13538,0.24036,0.39594,0.31523,0.45871,0.6307,0.54508,0.42718,0.31056,0.4462,0.36715,0.10202,0.35109,0.33767,0.33796,0.044705,0,0.1994,0.038242,0.20613,0.064516,0.2668,0.22941,0.26871,0.29492,0,0,0,0,0,0.077951,0.30798,0.1643,0.29378,0.20873,0,0
0.44014,0.33893,0.89424,0.79635,0.17857,0.29953,1,0.76512,0.33784,0.074655,0.42594,0.59468,0.55513,0.65915,0.067189,0.30036,0.45342,0.20638,0.50414,0.47802,0.13513,0.23138,0.81145,0.77706,0.44622,0.53529,0.12513,0.18977,0.021631,0.052006,0.34123,0.41667,0.50676,0.48766,0.42382,0.40163,0.043525,0,0.020157,0,0.093328,0,0.13892,0.15732,0.1579,0.27348,0.23146,0.25005,0.25431,0.3711,0.50569,0.44522,0.43585,0.34543,0.36283,0.37231,0.21643,0.18943,0,0,0.48299,0.44092,0.38909,0.46304,0.63122,0.48642,0.4366,0.48948,0.41607,0.3359,0.23865,0.44788,0.18822,0.14093,0.30485,0.17278,0.545,0.56693,0.1689,0.060402,0.16303,0.17546,0.20568,0.22766,0.33896,0.42725,0,0.11634,0.34898,0.62451,0.12521,0.31161,0.22509,0.19198,0,0,0.041703,0.006394,0.11515,0.077732,0,0,0,0,0.020705,0.015223,0,0,0.13859,0.10851,0.035463,0.23721,0.1696,0,0,0
0.45938,0.49913,0.72315,0.8821,0.26922,0.49084,0.76512,1,0.41456,0.26779,0.36943,0.55916,0.53599,0.81147,0.22408,0.41547,0.32872,0.4226,0.58481,0.5357,0.16681,0.26566,0.64437,0.70003,0.41025,0.5032,0.25155,0.35425,0,0.080287,0.43514,0.48437,0.51831,0.51273,0.48556,0.45332,0.0030703,0,0.12331,0,0,0,0.21946,0.15251,0.21388,0.29596,0.25878,0.23061,0.37554,0.36446,0.53538,0.46435,0.39032,0.29476,0.36782,0.21328,0.34687,0.3584,0.0737,0.10821,0.583,0.69708,0.36392,0.55747,0.69046,0.72626,0.49621,0.54025,0.48535,0.45893,0.33061,0.27486,0.37286,0.16418,0.40534,0.1355,0.61687,0.55261,0.16994,0.055502,0.15631,0.21601,0.19624,0.31268,0.52254,0.37852,0.18334,0.25277,0.62281,0.42026,0.30877,0.4456,0.48867,0.31826,0,0,0.10288,0,0.1468,0.035718,0.095486,0,0,0,0.069104,0.037953,0,0,0.029647,0.020676,0.026557,0.27628,0.24464,0.11009,0.063226,0
0.45625,0.49038,0.49025,0.55703,0.92043,0.78448,0.33784,0.41456,1,0.82515,0.2725,0,0.40798,0.38878,0.60764,0.47785,0.059065,0.44765,0.60817,0.50955,0.248,0.35026,0.33581,0.37725,0.59467,0.43641,0.61798,0.6507,0.036512,0.048445,0.4321,0.29507,0.42862,0.36136,0.68099,0.58936,0,0,0.044894,0,0,0,0.25004,0.012476,0.48887,0.43182,0.23026,0.14518,0.4553,0.33472,0.46702,0.54291,0.30333,0.34821,0.070928,0.1649,0.54802,0.51905,0.49552,0.53987,0.38601,0.49468,0.22299,0.59669,0.58935,0.70302,0.65494,0.67228,0.524,0.49622,0.47649,0.34142,0.32386,0.22479,0.47343,0.35088,0.38654,0.3511,0.20723,0.13596,0.18535,0.35638,0.4159,0.41878,0.61706,0.65336,0.50638,0.26562,0.34702,0.46226,0,0.31205,0.35335,0.39849,0,0,0.10133,0,0.11558,0.019113,0.22064,0.29327,0.27005,0.29532,0.020892,0,0.00030461,0,0,0.0013245,0.29666,0.047508,0.35934,0.25158,0,0.03206
0.45195,0.40017,0.20446,0.34475,0.85139,0.7652,0.074655,0.26779,0.82515,1,0.22767,0,0.29504,0.29828,0.58931,0.59315,0,0.49641,0.5256,0.44091,0.18685,0.29255,0.042195,0.17515,0.38726,0.21513,0.5378,0.59557,0.059673,0.050482,0.33438,0.20246,0.27726,0.21329,0.48751,0.44666,0,0,0.072506,0.023724,0,0,0.3822,0.12532,0.53997,0.40584,0.31507,0.21244,0.52652,0.24899,0.3511,0.44518,0.23546,0.33726,0.042506,0.16242,0.52014,0.43875,0.58594,0.60908,0.32258,0.40559,0.15295,0.45911,0.42184,0.61263,0.5222,0.53372,0.40557,0.37692,0.44715,0.19868,0.36834,0.24998,0.48465,0.43289,0.27621,0.21985,0.11911,0.10223,0.16947,0.30677,0.38254,0.53138,0.53627,0.57868,0.59097,0.39757,0.30891,0.37079,0.073855,0.40644,0.31944,0.39713,0.004657,0,0.13398,0.05193,0.17895,0.097114,0.28789,0.39511,0.35833,0.4814,0.021049,0.0063037,0,0,0,0,0.31643,0.023635,0.3137,0.35786,0,0
0.50769,0.34823,0.3679,0.38312,0.24955,0.33423,0.42594,0.36943,0.2725,0.22767,1,0.38517,0.7731,0.54502,0.4645,0.49358,0.37886,0.39472,0.47491,0.35948,0.18873,0.30998,0.33824,0.36038,0.24173,0.17485,0.25218,0.31541,0.24928,0.1422,0.36149,0.33742,0.36125,0.30454,0.38324,0.24458,0.028402,0,0,0,0.038116,0,0.1916,0.095107,0.24827,0.22795,0.14006,0.084252,0.31802,0.23662,0.32321,0.34645,0.28728,0.26826,0,0.047673,0.25561,0.14663,0.18323,0.11274,0.4002,0.31856,0.25673,0.27021,0.49602,0.3916,0.30701,0.29123,0.19469,0.21581,0.32111,0.26273,0.26855,0.15056,0.26598,0.10567,0.27596,0.29697,0.10134,0.14078,0.15115,0.12608,0.4271,0.29052,0.27118,0.20691,0.16476,0.060634,0.055083,0.15719,0,0.15246,0.23114,0.24122,0,0,0,0,0.04604,0.019571,0.23526,0.18016,0.16043,0.13669,0.020791,0.0050057,0.058818,0,0.097275,0.13086,0.00045329,0.02778,0.05968,0,0,0
0.44405,0.44227,0.51524,0.48386,0,0.064953,0.59468,0.55916,0,0,0.38517,1,0.45813,0.65127,0,0.38093,0.41477,0.28654,0.24884,0.34883,0.099739,0.2028,0.57366,0.56126,0.25979,0.43948,0,0.024617,0,0.080393,0.23571,0.39765,0.43943,0.51263,0.068875,0.062048,0.097016,0.04601,0,0,0.27532,0.25202,0.17064,0.32244,0.077197,0.25932,0.20694,0.24858,0.2406,0.4441,0.4695,0.31306,0.37936,0.19415,0.41949,0.33442,0.18753,0.23201,0.072897,0,0.57379,0.47388,0.4228,0.38593,0.4499,0.28631,0.29313,0.32313,0.30791,0.24556,0.076446,0.23132,0.23364,0.18002,0.27048,0.13245,0.39257,0.36505,0.067787,0.11189,0.063866,0.029936,0.10832,0.066457,0.072512,0.13516,0,0.029253,0.27765,0.28159,0.2086,0.153,0,0,0,0,0,0,0.18769,0.24504,0,0,0,0,0.049926,0.042582,0,0,0.25029,0.0081931,0,0.1727,0,0,0,0
0.54562,0.39678,0.46474,0.52787,0.32809,0.36049,0.55513,0.53599,0.40798,0.29504,0.7731,0.45813,1,0.72744,0.48892,0.53267,0.31935,0.46132,0.58197,0.45863,0.094618,0.27872,0.39915,0.42424,0.26804,0.25127,0.22954,0.30726,0.14337,0.074853,0.29774,0.27176,0.38787,0.34786,0.45218,0.3907,0,0,0,0,0,0,0.24761,0.11398,0.23944,0.22651,0.16491,0.11257,0.36217,0.22596,0.42867,0.39311,0.30316,0.30533,0.13038,0.15593,0.30236,0.20681,0.18501,0.13691,0.48842,0.43743,0.27603,0.36854,0.57236,0.48217,0.36876,0.39977,0.30328,0.26696,0.3348,0.30375,0.30638,0.1589,0.33477,0.15747,0.41347,0.41994,0.099509,0.18209,0.19413,0.19882,0.39046,0.38507,0.44484,0.39165,0.24044,0.20584,0.31288,0.33508,0.066708,0.2372,0.33921,0.27771,0,0,0,0,0.061419,0.012501,0.19875,0.10382,0.13768,0.043641,0.060067,0.030193,0.025725,0,0.082229,0.057606,0.031825,0.051113,0.086821,0,0,0
0.59891,0.49235,0.62738,0.72668,0.29551,0.44832,0.65915,0.81147,0.38878,0.29828,0.54502,0.65127,0.72744,1,0.38653,0.61853,0.38773,0.52703,0.60535,0.51586,0.1719,0.30072,0.56421,0.61204,0.37007,0.43535,0.27181,0.40913,0,0.022605,0.40809,0.44821,0.56275,0.52039,0.47487,0.4412,0,0,0.04331,0,0,0,0.17619,0.11692,0.1926,0.24919,0.15188,0.13477,0.34621,0.32775,0.54333,0.48284,0.33684,0.28685,0.31478,0.19749,0.41047,0.34026,0.2071,0.157,0.654,0.67195,0.42095,0.54045,0.68383,0.65656,0.48216,0.50177,0.48314,0.44839,0.31384,0.32116,0.43247,0.27294,0.41652,0.22939,0.56618,0.55758,0.11466,0.10404,0.15004,0.18535,0.21805,0.35221,0.4494,0.3816,0.1958,0.27311,0.53031,0.41349,0.19592,0.3303,0.41689,0.27778,0,0,0.038127,0,0.10165,0.012032,0.12201,0,0.059969,0,0.15127,0.11197,0,0,0.047396,0,0.063367,0.15497,0.1123,0,0,0
0.49346,0.42054,0.20897,0.34317,0.63296,0.60839,0.067189,0.22408,0.60764,0.58931,0.4645,0,0.48892,0.38653,1,0.66315,0.25227,0.50846,0.60121,0.46619,0.54697,0.57838,0.15932,0.26527,0.4916,0.30919,0.65112,0.6361,0.42089,0.39655,0.59344,0.41009,0.36387,0.30882,0.5202,0.31562,0.093675,0.15511,0.28397,0.26707,0,0,0.31219,0.070237,0.46808,0.40252,0.24423,0.17177,0.42587,0.25001,0.37253,0.44597,0.19685,0.30117,0,0.017287,0.46484,0.44294,0.46094,0.49925,0.33703,0.35007,0.33606,0.47496,0.40217,0.43968,0.55355,0.52711,0.45287,0.44229,0.37586,0.10282,0.36941,0.25398,0.46228,0.2595,0.29234,0.21715,0.40613,0.31771,0.42361,0.51063,0.69128,0.53602,0.59778,0.41006,0.61597,0.34888,0.27644,0.079251,0,0.26493,0.37845,0.43714,0.27973,0.24812,0.36165,0.2063,0.07548,0,0.45934,0.41588,0.44551,0.4474,0,0,0.037601,0,0.0039367,0.2783,0.16272,0,0.1636,0.16262,0,0
0.70857,0.58233,0.38936,0.46422,0.50815,0.60109,0.30036,0.41547,0.47785,0.59315,0.49358,0.38093,0.53267,0.61853,0.66315,1,0.43673,0.67932,0.61814,0.59877,0.36046,0.49051,0.30698,0.44601,0.47175,0.42295,0.49465,0.54698,0.25933,0.34311,0.51569,0.50879,0.50536,0.47935,0.38491,0.21485,0.10648,0.074205,0.18704,0.074339,0,0,0.43729,0.34827,0.53232,0.54167,0.37226,0.32745,0.57899,0.49254,0.58159,0.57844,0.39608,0.41968,0.26927,0.33683,0.60376,0.5488,0.59721,0.53105,0.63925,0.55311,0.51453,0.59169,0.54662,0.53841,0.62334,0.6176,0.56144,0.48797,0.30757,0.16854,0.41811,0.33738,0.6022,0.4912,0.40801,0.36539,0.3506,0.39284,0.39967,0.48482,0.54104,0.65158,0.50608,0.50774,0.4847,0.47913,0.4207,0.37746,0.16598,0.39318,0.28854,0.35452,0.12382,0.093165,0.21271,0.17946,0.23874,0.19263,0.28843,0.29051,0.23345,0.30392,0,0,0,0,0.19184,0.13118,0.12818,0.067398,0.093587,0,0,0
0.3853,0.3844,0.40236,0.34674,0.01355,0.20985,0.45342,0.32872,0.059065,0,0.37886,0.41477,0.31935,0.38773,0.25227,0.43673,1,0.4742,0.35483,0.43799,0.41127,0.41986,0.3822,0.43838,0.36478,0.40984,0.23004,0.24362,0.54417,0.53479,0.38474,0.38521,0.50877,0.52664,0.24475,0.16345,0.39359,0.27129,0.32283,0.18217,0.18031,0.10416,0.27305,0.36496,0.22962,0.38203,0.38005,0.40483,0.2854,0.40058,0.43435,0.32552,0.40888,0.37008,0.37422,0.29187,0.37794,0.36509,0.16206,0.012258,0.52083,0.3678,0.76986,0.51219,0.36803,0.19561,0.38909,0.40465,0.48113,0.34125,0,0.023125,0.31192,0.42054,0.32093,0.21781,0.44052,0.42295,0.63844,0.48491,0.66488,0.62049,0.43424,0.39091,0.39093,0.33018,0.0078551,0.20582,0.17832,0.2672,0.15854,0.21264,0.01536,0,0.36221,0.33477,0.438,0.41033,0.37066,0.3016,0,0,0,0,0.027374,0.034553,0.058077,0,0.27442,0.43563,0.11783,0.21215,0.080374,0,0,0
0.60597,0.69418,0.22649,0.40239,0.47079,0.53831,0.20638,0.4226,0.44765,0.49641,0.39472,0.28654,0.46132,0.52703,0.50846,0.67932,0.4742,1,0.4989,0.60592,0.29865,0.43695,0.11981,0.28132,0.335,0.23562,0.45612,0.54127,0.23477,0.32189,0.41011,0.41716,0.49511,0.49023,0.43063,0.30057,0.086318,0.15935,0.12432,0.15857,0,0,0.50543,0.33984,0.59485,0.56502,0.40931,0.33822,0.63636,0.44031,0.54055,0.5632,0.38698,0.49329,0.19717,0.31165,0.73246,0.69717,0.58533,0.55498,0.67913,0.64661,0.59822,0.67481,0.43426,0.55593,0.59211,0.5653,0.59939,0.55597,0.31463,0.12142,0.43042,0.34562,0.49553,0.30331,0.44961,0.43225,0.33042,0.44758,0.47117,0.56734,0.42477,0.64088,0.59609,0.62136,0.49761,0.48771,0.40037,0.35617,0.14073,0.39422,0.44473,0.40231,0.10836,0.087273,0.25081,0.223,0.39345,0.2977,0.44285,0.38432,0.45874,0.45032,0.051656,0.0049976,0.086795,0.019794,0.052532,0.15029,0.074374,0.1044,0.26356,0.0525,0,0
0.72707,0.64273,0.6341,0.70408,0.56952,0.63104,0.50414,0.58481,0.60817,0.5256,0.47491,0.24884,0.58197,0.60535,0.60121,0.61814,0.35483,0.4989,1,0.81514,0.21821,0.35539,0.54904,0.60963,0.4357,0.28731,0.43431,0.49859,0.031761,0.13366,0.58648,0.51796,0.64343,0.55752,0.6233,0.4848,0,0,0.1321,0,0,0,0.30193,0.11117,0.43343,0.41086,0.29024,0.20408,0.46,0.30413,0.5145,0.49528,0.37922,0.40248,0.25433,0.22369,0.6378,0.60275,0.43622,0.41136,0.5397,0.50583,0.34922,0.64905,0.59952,0.55117,0.69282,0.683,0.69358,0.6394,0.54422,0.3834,0.44568,0.2119,0.56173,0.35758,0.49622,0.47611,0.24204,0.095581,0.25867,0.42099,0.47672,0.56404,0.67857,0.53698,0.54942,0.47116,0.5719,0.44553,0.18954,0.47104,0.48609,0.45539,0,0,0.053791,0,0.18337,0.036074,0.32132,0.16123,0.25047,0.18026,0,0,0.04313,0,0.035402,0.0061126,0.28384,0.09858,0.20266,0.10566,0,0
0.70536,0.79377,0.54643,0.67309,0.49303,0.54387,0.47802,0.5357,0.50955,0.44091,0.35948,0.34883,0.45863,0.51586,0.46619,0.59877,0.43799,0.60592,0.81514,1,0.22974,0.32226,0.46551,0.58174,0.42889,0.2902,0.34513,0.38631,0.09258,0.22652,0.56711,0.55444,0.64331,0.64951,0.44587,0.35494,0,0,0.043647,0,0,0,0.35777,0.20614,0.49779,0.46151,0.33227,0.26817,0.49887,0.34706,0.4793,0.44275,0.33451,0.44302,0.16789,0.28177,0.7336,0.72783,0.53559,0.47809,0.64853,0.54839,0.54937,0.66751,0.50394,0.46048,0.68983,0.63967,0.82353,0.73122,0.44545,0.27252,0.45346,0.35995,0.62222,0.48844,0.55993,0.53703,0.28295,0.22861,0.36447,0.48015,0.46976,0.64751,0.62298,0.56906,0.51698,0.53745,0.47107,0.41823,0.069497,0.41872,0.42429,0.40476,0,0,0.094977,0.073075,0.22374,0.12389,0.30685,0.20973,0.31465,0.25672,0.047908,0.019501,0.092062,0.022192,0,0.043622,0.081973,0,0.14693,0.024264,0,0
0.26725,0.23285,0.27411,0.30635,0.30479,0.36752,0.13513,0.16681,0.248,0.18685,0.18873,0.099739,0.094618,0.1719,0.54697,0.36046,0.41127,0.29865,0.21821,0.22974,1,0.84298,0.29529,0.3881,0.66985,0.57007,0.66475,0.53152,0.67049,0.64519,0.67611,0.56959,0.32195,0.32413,0.40648,0.23143,0.51663,0.48682,0.50046,0.51919,0,0,0.1136,0.015385,0.25106,0.32719,0.21306,0.24676,0.19837,0.2591,0.29909,0.3481,0.20029,0.2746,0.029016,0.056045,0.28218,0.29307,0.15493,0.17254,0.23849,0.21487,0.52989,0.43115,0.24791,0.2574,0.41917,0.40287,0.35633,0.34154,0.19636,0.045745,0.31815,0.33937,0.3365,0.11794,0.45335,0.34742,0.63995,0.29345,0.50517,0.47243,0.36654,0.18128,0.41321,0.27813,0.096658,0.091323,0.095115,0.080391,0,0.12192,0.17113,0.28918,0.59065,0.52147,0.63303,0.51263,0.075535,0,0.067752,0.24513,0.10183,0.18688,0,0,0,0,0.1099,0.67192,0.060323,0,0.23018,0.1338,0,0
0.38526,0.30699,0.34897,0.38505,0.38074,0.43713,0.23138,0.26566,0.35026,0.29255,0.30998,0.2028,0.27872,0.30072,0.57838,0.49051,0.41986,0.43695,0.35539,0.32226,0.84298,1,0.36524,0.47011,0.68078,0.59947,0.68218,0.59603,0.60958,0.58615,0.67768,0.65657,0.46109,0.46304,0.5436,0.37706,0.4639,0.4414,0.43172,0.4812,0.12617,0.053731,0.1276,0.017562,0.28703,0.35327,0.22355,0.20788,0.21768,0.2635,0.35795,0.37051,0.2433,0.2742,0.055379,0.11986,0.37509,0.3503,0.18064,0.1703,0.31731,0.28931,0.51605,0.50252,0.42594,0.37768,0.48646,0.45081,0.39176,0.33901,0.40161,0.30597,0.44168,0.41011,0.49363,0.25404,0.57422,0.51225,0.55442,0.37618,0.49717,0.45319,0.38063,0.27161,0.47916,0.41465,0.096355,0.073483,0.1624,0.19317,0,0.075594,0.16098,0.3183,0.52679,0.44762,0.54585,0.47784,0.056452,0,0.08343,0.26983,0.048165,0.16695,0,0,0,0,0.25158,0.61755,0.021459,0,0.20615,0.012485,0,0
0.39475,0.37117,0.94372,0.80113,0.25555,0.36978,0.81145,0.64437,0.33581,0.042195,0.33824,0.57366,0.39915,0.56421,0.15932,0.30698,0.3822,0.11981,0.54904,0.46551,0.29529,0.36524,1,0.94631,0.6904,0.69441,0.32865,0.33858,0.022839,0.12197,0.55489,0.63108,0.57473,0.53061,0.53583,0.45702,0.094286,0,0.097688,0,0.029471,0,0,0.056213,0.11382,0.27337,0.13449,0.18361,0.17773,0.41999,0.56669,0.44407,0.43152,0.2709,0.31873,0.26885,0.26027,0.31786,0.01289,0,0.45568,0.42178,0.36167,0.50437,0.65397,0.45122,0.56993,0.56722,0.49781,0.46305,0.28899,0.4276,0.19584,0.065939,0.32111,0.11392,0.59051,0.55379,0.25011,0.060026,0.10278,0.15937,0.19989,0.071981,0.3599,0.32171,0,0.042774,0.39318,0.49344,0.11479,0.22489,0.20082,0.21485,0.040074,0,0.068245,0,0.051534,0,0,0,0,0,0,0,0,0,0.18758,0.17639,0.1062,0.16072,0.059066,0,0,0
0.48781,0.45777,0.90869,0.86297,0.31918,0.45527,0.77706,0.70003,0.37725,0.17515,0.36038,0.56126,0.42424,0.61204,0.26527,0.44601,0.43838,0.28132,0.60963,0.58174,0.3881,0.47011,0.94631,1,0.74516,0.72235,0.43012,0.42355,0.15708,0.24691,0.6478,0.73768,0.59217,0.5688,0.57184,0.50084,0.13093,0.066891,0.18424,0.068396,0,0,0.10702,0.10529,0.21407,0.34378,0.23464,0.27061,0.26575,0.42533,0.58666,0.48611,0.43356,0.33747,0.3054,0.29988,0.36704,0.39606,0.094368,0.072609,0.53305,0.48653,0.47685,0.57792,0.67223,0.52693,0.62957,0.61977,0.57482,0.53266,0.34681,0.39216,0.26035,0.13166,0.42359,0.19081,0.66962,0.60282,0.35147,0.14264,0.22886,0.25623,0.28849,0.23419,0.48087,0.41214,0.098734,0.19238,0.47372,0.5166,0.13207,0.31985,0.32257,0.33231,0.15797,0.11332,0.20659,0.10691,0.072685,0,0,0,0,0,0,0,0,0,0.21681,0.28377,0.094911,0.090593,0.066613,0,0,0
0.41873,0.44392,0.68618,0.64048,0.59249,0.5813,0.44622,0.41025,0.59467,0.38726,0.24173,0.25979,0.26804,0.37007,0.4916,0.47175,0.36478,0.335,0.4357,0.42889,0.66985,0.68078,0.6904,0.74516,1,0.88003,0.74372,0.65593,0.36292,0.41167,0.75543,0.72345,0.51434,0.4992,0.71706,0.58479,0.32426,0.21019,0.31657,0.25645,0,0,0.11992,0.054631,0.35826,0.4556,0.22948,0.2625,0.33594,0.48404,0.58705,0.55858,0.35253,0.35654,0.15246,0.21189,0.48126,0.50172,0.3152,0.3437,0.45922,0.47952,0.51046,0.62056,0.63604,0.58651,0.73952,0.71271,0.57604,0.55301,0.25274,0.19636,0.29682,0.27423,0.44031,0.23258,0.61165,0.48543,0.53321,0.29964,0.34381,0.38551,0.35796,0.16693,0.52219,0.46835,0.21717,0.12589,0.29042,0.38184,0,0.22569,0.27372,0.41031,0.32066,0.27685,0.3916,0.28189,0.10477,0.0064756,0.024822,0.23568,0.012786,0.094969,0,0,0,0,0.10538,0.43113,0.19089,0,0.20455,0.1153,0,0
0.3136,0.31552,0.66539,0.60312,0.36163,0.41956,0.53529,0.5032,0.43641,0.21513,0.17485,0.43948,0.25127,0.43535,0.30919,0.42295,0.40984,0.23562,0.28731,0.2902,0.57007,0.59947,0.69441,0.72235,0.88003,1,0.55136,0.4972,0.30692,0.3663,0.61476,0.66522,0.44929,0.47938,0.51793,0.43196,0.33642,0.22267,0.33428,0.18504,0.075443,0,0.037291,0.08403,0.17018,0.33828,0.17279,0.23032,0.21999,0.46373,0.53106,0.44517,0.33252,0.23828,0.25597,0.19174,0.30867,0.34481,0.12837,0.15377,0.44461,0.52231,0.50647,0.54808,0.62561,0.56694,0.56446,0.58667,0.46457,0.41874,0.054111,0.12103,0.2729,0.28195,0.37888,0.19808,0.59085,0.47578,0.49854,0.30662,0.29383,0.30217,0.23851,0.054739,0.36402,0.32055,0,0.022185,0.28247,0.33353,0.066237,0.19003,0.14396,0.24326,0.31316,0.25319,0.35109,0.25109,0.070425,0.028011,0,0.06351,0,0,0,0,0,0,0.15732,0.38189,0.081054,0.067468,0.13216,0,0,0
0.3857,0.41265,0.36386,0.44912,0.70274,0.72386,0.12513,0.25155,0.61798,0.5378,0.25218,0,0.22954,0.27181,0.65112,0.49465,0.23004,0.45612,0.43431,0.34513,0.66475,0.68218,0.32865,0.43012,0.74372,0.55136,1,0.91341,0.39612,0.42332,0.75064,0.62621,0.49179,0.41949,0.7005,0.53244,0.17349,0.19788,0.26372,0.30044,0,0,0.11131,0,0.36066,0.40512,0.16919,0.14118,0.31225,0.32974,0.38073,0.44805,0.23549,0.28651,0,0,0.54783,0.50723,0.41426,0.45649,0.3957,0.42451,0.43694,0.55674,0.48907,0.51449,0.65403,0.63701,0.48794,0.50088,0.36748,0.15546,0.43208,0.3089,0.38479,0.17814,0.47585,0.35548,0.45756,0.36671,0.37937,0.45818,0.30375,0.30602,0.54261,0.43082,0.30522,0.14533,0.24841,0.16794,0,0.12366,0.26485,0.3845,0.35044,0.31562,0.41871,0.28581,0.041366,0,0.22182,0.37845,0.23004,0.28462,0,0,0,0,0.033688,0.3917,0.1559,0,0.20754,0.17069,0,0.000278
0.45861,0.47368,0.39873,0.49795,0.73362,0.83439,0.18977,0.35425,0.6507,0.59557,0.31541,0.024617,0.30726,0.40913,0.6361,0.54698,0.24362,0.54127,0.49859,0.38631,0.53152,0.59603,0.33858,0.42355,0.65593,0.4972,0.91341,1,0.21526,0.23344,0.68059,0.57542,0.54107,0.44405,0.70615,0.55518,0.031653,0.065098,0.14406,0.19041,0,0,0.11818,0,0.36742,0.38415,0.12018,0.093091,0.34385,0.31987,0.40364,0.46585,0.24337,0.2914,0.005689,0,0.6159,0.55508,0.45159,0.46515,0.5003,0.52728,0.43788,0.64108,0.5502,0.58411,0.66031,0.63625,0.53631,0.56895,0.40278,0.1967,0.47764,0.28186,0.36092,0.11839,0.44929,0.35674,0.32931,0.31453,0.31065,0.38879,0.2376,0.33761,0.56629,0.45644,0.32695,0.17581,0.34023,0.22262,0,0.12457,0.30901,0.35128,0.20902,0.17118,0.31927,0.19136,0.05262,0,0.26028,0.32088,0.27125,0.27187,0,0,0,0,0,0.24709,0.15208,0,0.2387,0.15635,0,0.025948
0.05979,0.0044841,0.0054931,0.050838,0.035198,0.079041,0.021631,0,0.036512,0.059673,0.24928,0,0.14337,0,0.42089,0.25933,0.54417,0.23477,0.031761,0.09258,0.67049,0.60958,0.022839,0.15708,0.36292,0.30692,0.39612,0.21526,1,0.87092,0.3516,0.27301,0.051362,0.080988,0.12107,0.031942,0.53141,0.51474,0.5049,0.48133,0,0,0.19857,0.16169,0.15239,0.23307,0.33363,0.35489,0.076348,0.10849,0.042703,0.074571,0.11202,0.21129,0,0.068269,0.027636,0.010027,0,0,0.031555,0,0.48444,0.12466,0.021031,0,0.097406,0.097486,0.043407,0,0,0,0.1107,0.3243,0.19465,0.097507,0.28581,0.18014,0.78942,0.55471,0.75416,0.59822,0.54602,0.30384,0.30833,0.16551,0,0.040461,0,0,0,0.047476,0,0.058161,0.79398,0.76006,0.74496,0.65579,0.080175,0.062242,0,0.12361,0,0.084107,0,0,0,0,0.27378,0.78195,0.024627,0,0.050984,0.078998,0,0
0.079208,0.1489,0.092019,0.1533,0.057231,0.14164,0.052006,0.080287,0.048445,0.050482,0.1422,0.080393,0.074853,0.022605,0.39655,0.34311,0.53479,0.32189,0.13366,0.22652,0.64519,0.58615,0.12197,0.24691,0.41167,0.3663,0.42332,0.23344,0.87092,1,0.42905,0.36061,0.15543,0.20888,0.13551,0.024032,0.43919,0.45138,0.4768,0.3708,0,0,0.25106,0.23308,0.2242,0.33952,0.40983,0.41198,0.15622,0.21893,0.13122,0.11297,0.16367,0.24276,0.058845,0.1136,0.12187,0.17839,0.038088,0.05032,0.11714,0.066893,0.48434,0.20131,0.077983,0.031833,0.22346,0.23268,0.17658,0.077055,0,0,0.17696,0.39617,0.31297,0.19391,0.33743,0.18702,0.84364,0.65532,0.78298,0.73055,0.5659,0.38055,0.38242,0.19034,0.068051,0.1112,0,0,0,0.1484,0,0.050007,0.7496,0.70045,0.70572,0.56476,0.15738,0.10542,0,0.0505,0.0096003,0.041623,0,0,0,0,0.34553,0.69341,0.073883,0,0.024415,0.036469,0,0
0.50749,0.53936,0.54475,0.60172,0.45974,0.56394,0.34123,0.43514,0.4321,0.33438,0.36149,0.23571,0.29774,0.40809,0.59344,0.51569,0.38474,0.41011,0.58648,0.56711,0.67611,0.67768,0.55489,0.6478,0.75543,0.61476,0.75064,0.68059,0.3516,0.42905,1,0.89705,0.65393,0.60322,0.67192,0.47637,0.22147,0.21891,0.23012,0.25764,0,0,0.1437,0.0053303,0.3388,0.39517,0.19578,0.1698,0.33402,0.35462,0.48096,0.45227,0.2916,0.30248,0.038984,0.011564,0.54566,0.56429,0.35095,0.36513,0.48756,0.49799,0.51908,0.63707,0.59458,0.52109,0.71692,0.6556,0.60624,0.60369,0.43881,0.21175,0.49946,0.32748,0.49796,0.23151,0.59683,0.49984,0.4429,0.24536,0.305,0.37619,0.31599,0.25821,0.46559,0.31351,0.31281,0.1942,0.33069,0.13076,0,0.25192,0.38671,0.47261,0.22536,0.18891,0.29531,0.17008,0.074664,0,0.28575,0.35969,0.24528,0.24714,0,0,0,0,0.022393,0.3471,0.068492,0,0.11494,0.086537,0,0
0.51829,0.5539,0.58373,0.6114,0.31633,0.45917,0.41667,0.48437,0.29507,0.20246,0.33742,0.39765,0.27176,0.44821,0.41009,0.50879,0.38521,0.41716,0.51796,0.55444,0.56959,0.65657,0.63108,0.73768,0.72345,0.66522,0.62621,0.57542,0.27301,0.36061,0.89705,1,0.6684,0.65477,0.58387,0.43796,0.22421,0.20285,0.19935,0.23869,0.012647,0,0.097682,0.036047,0.26578,0.35508,0.15326,0.16781,0.27002,0.35026,0.46518,0.40248,0.29047,0.28938,0.054348,0.096103,0.54321,0.55621,0.29127,0.27666,0.54047,0.52147,0.53005,0.62946,0.59871,0.49127,0.66357,0.58893,0.60087,0.59216,0.3379,0.22005,0.4293,0.28308,0.47058,0.22538,0.66056,0.5926,0.37548,0.26282,0.23846,0.26903,0.19953,0.19466,0.35584,0.27105,0.17403,0.18402,0.3183,0.19232,0,0.20726,0.39426,0.47632,0.1705,0.13736,0.20718,0.14045,0.0041105,0,0.218,0.31464,0.10571,0.12758,0,0,0,0,0.045261,0.30852,0,0,0.024055,0,0,0
0.57896,0.66961,0.59874,0.58514,0.42813,0.52871,0.50676,0.51831,0.42862,0.27726,0.36125,0.43943,0.38787,0.56275,0.36387,0.50536,0.50877,0.49511,0.64343,0.64331,0.32195,0.46109,0.57473,0.59217,0.51434,0.44929,0.49179,0.54107,0.051362,0.15543,0.65393,0.6684,1,0.94507,0.55697,0.43045,0.084882,0.044086,0.049187,0.019423,0.078558,0,0.20828,0.183,0.3367,0.43743,0.24164,0.21985,0.39575,0.41299,0.58167,0.45328,0.45029,0.35981,0.29878,0.26736,0.66273,0.66317,0.49341,0.37801,0.67011,0.60137,0.54661,0.7534,0.56596,0.45052,0.74484,0.71306,0.70027,0.59806,0.45099,0.38191,0.56732,0.4603,0.55649,0.41297,0.63749,0.64081,0.21355,0.18212,0.23755,0.37581,0.19844,0.34779,0.40228,0.43872,0.21355,0.26216,0.42345,0.37326,0.053443,0.19142,0.19127,0.23435,0,0,0.015749,0,0.2128,0.075409,0.16871,0.11234,0.12584,0.051729,0,0,0,0,0.0038316,0.018074,0.10606,0.031618,0.062468,0,0,0
0.55844,0.68254,0.54838,0.56151,0.35878,0.44967,0.48766,0.51273,0.36136,0.21329,0.30454,0.51263,0.34786,0.52039,0.30882,0.47935,0.52664,0.49023,0.55752,0.64951,0.32413,0.46304,0.53061,0.5688,0.4992,0.47938,0.41949,0.44405,0.080988,0.20888,0.60322,0.65477,0.94507,1,0.45363,0.34483,0.1031,0.04682,0.042066,0,0.14395,0.010441,0.2231,0.21251,0.33258,0.45858,0.27272,0.24519,0.40046,0.45989,0.56979,0.43867,0.44379,0.37311,0.28843,0.2751,0.63676,0.64745,0.44969,0.35881,0.66254,0.58473,0.58128,0.71643,0.5386,0.43028,0.68571,0.66329,0.68828,0.5748,0.37527,0.30396,0.53382,0.46807,0.5581,0.45323,0.61722,0.60697,0.25124,0.24232,0.28204,0.38801,0.1944,0.31973,0.38152,0.40624,0.14156,0.22681,0.36454,0.31648,0.05096,0.18792,0.14425,0.21816,0,0,0.027132,0.038545,0.23005,0.12165,0.14523,0.12457,0.11714,0.063755,0,0,0,0,0.032509,0.053597,0.045919,0.038024,0.061447,0,0,0
0.46414,0.42319,0.61058,0.63839,0.65689,0.63907,0.42382,0.48556,0.68099,0.48751,0.38324,0.068875,0.45218,0.47487,0.5202,0.38491,0.24475,0.43063,0.6233,0.44587,0.40648,0.5436,0.53583,0.57184,0.71706,0.51793,0.7005,0.70615,0.12107,0.13551,0.67192,0.58387,0.55697,0.45363,1,0.86373,0.12786,0.016531,0.083887,0.14792,0,0,0.089683,0,0.33349,0.3255,0.11218,0.047524,0.29742,0.25171,0.48477,0.492,0.24025,0.27595,0.029487,0.056658,0.52527,0.47417,0.27282,0.3136,0.41196,0.49479,0.29835,0.60853,0.7066,0.71419,0.69448,0.67345,0.50077,0.49746,0.46716,0.35613,0.4098,0.22512,0.40478,0.14975,0.55686,0.53062,0.2402,0.11135,0.13689,0.27407,0.2494,0.17569,0.57658,0.53696,0.33596,0.09517,0.34529,0.40725,0,0.17936,0.47477,0.49292,0.011446,0,0.12423,0.0074962,0.035866,0,0.23542,0.29119,0.19576,0.1795,0,0,0,0,0,0.18158,0.28381,0.060571,0.26442,0.242,0,0
0.35298,0.28248,0.51844,0.56582,0.56232,0.53402,0.40163,0.45332,0.58936,0.44666,0.24458,0.062048,0.3907,0.4412,0.31562,0.21485,0.16345,0.30057,0.4848,0.35494,0.23143,0.37706,0.45702,0.50084,0.58479,0.43196,0.53244,0.55518,0.031942,0.024032,0.47637,0.43796,0.43045,0.34483,0.86373,1,0.075454,0,0.037033,0.094845,0,0,0,0,0.13061,0.10728,0.0081412,0,0.13087,0.068623,0.31159,0.28723,0.10262,0.14528,0,0.024649,0.41288,0.30776,0.13345,0.15814,0.3409,0.41323,0.21472,0.45819,0.58689,0.61583,0.50887,0.51028,0.38718,0.36747,0.39233,0.3622,0.38321,0.25635,0.2891,0.10105,0.56842,0.53771,0.13808,0,0.044432,0.12567,0.05901,0.058448,0.46382,0.43127,0.18162,0.042265,0.28502,0.40191,0,0.094637,0.36794,0.33855,0,0,0.078466,0,0,0,0.02021,0.12687,0.021957,0.032882,0,0,0,0,0,0.11528,0.29035,0.033724,0.16393,0.19143,0,0
0.0073359,0,0.046284,0,0,0,0.043525,0.0030703,0,0,0.028402,0.097016,0,0,0.093675,0.10648,0.39359,0.086318,0,0,0.51663,0.4639,0.094286,0.13093,0.32426,0.33642,0.17349,0.031653,0.53141,0.43919,0.22147,0.22421,0.084882,0.1031,0.12786,0.075454,1,0.78876,0.70075,0.70626,0.4752,0.33766,0.23476,0.32019,0.099998,0.23199,0.33667,0.43301,0.11166,0.19625,0.22964,0.15325,0.23354,0.14918,0.36867,0.30247,0,0.009278,0,0,0.072668,0.059126,0.34511,0.15115,0.07513,0.02277,0.1303,0.14657,0.078565,0,0,0,0.13732,0.32081,0.18659,0.10603,0.32736,0.27586,0.38545,0.091029,0.31475,0.30623,0.19364,0.044593,0.094325,0.13714,0,0.12173,0.011171,0.10232,0.18616,0.18426,0,0,0.41677,0.36657,0.51786,0.55626,0.3341,0.32311,0,0.027342,0,0,0,0.019254,0,0,0.27473,0.52687,0.19235,0.17163,0.18308,0.14579,0,0
0,0,0,0,0,0,0,0,0,0,0,0.04601,0,0,0.15511,0.074205,0.27129,0.15935,0,0,0.48682,0.4414,0,0.066891,0.21019,0.22267,0.19788,0.065098,0.51474,0.45138,0.21891,0.20285,0.044086,0.04682,0.016531,0,0.78876,1,0.68141,0.83794,0.34672,0.50463,0.26726,0.34906,0.12282,0.20104,0.30478,0.39865,0.10971,0.077771,0.14008,0.070215,0.14568,0.081664,0.29592,0.23794,0,0.023477,0,0,0.010831,0,0.27855,0.077374,0,0,0.050835,0.058703,0.047962,0,0,0,0.18722,0.31515,0.19959,0.040993,0.29877,0.25125,0.27691,0.15151,0.31605,0.32362,0.16162,0.13078,0.10448,0.1269,0,0.23658,0.12682,0,0.20242,0.13721,0,0,0.43995,0.36525,0.53898,0.52141,0.30615,0.26369,0,0,0,0,0,0,0,0,0.27367,0.48067,0.041808,0.03655,0.14827,0.085906,0,0
0.070661,0.067495,0.07746,0.10078,0.00042872,0.12397,0.020157,0.12331,0.044894,0.072506,0,0,0,0.04331,0.28397,0.18704,0.32283,0.12432,0.1321,0.043647,0.50046,0.43172,0.097688,0.18424,0.31657,0.33428,0.26372,0.14406,0.5049,0.4768,0.23012,0.19935,0.049187,0.042066,0.083887,0.037033,0.70075,0.68141,1,0.77158,0.17781,0.15521,0.1991,0.28015,0.084381,0.19844,0.31561,0.43293,0.096706,0.13666,0.19645,0.13626,0.18809,0.14646,0.47985,0.35283,0.084304,0.12838,0.036764,0.074841,0.082829,0.13479,0.29862,0.1904,0.037908,0.05456,0.18617,0.22626,0.23877,0.14974,0,0,0.095054,0.22603,0.19784,0.093309,0.28958,0.17761,0.53591,0.10948,0.47242,0.47745,0.33544,0.26187,0.32453,0.22086,0.17572,0.46809,0.31802,0.15158,0.352,0.2987,0.069734,0.078936,0.64634,0.58118,0.74568,0.6574,0.26579,0.24546,0,0,0,0,0,0.022028,0.060633,0,0.34079,0.56738,0.22507,0.087196,0.15001,0.084082,0,0
0.020972,0,0,0,0,0.037113,0,0,0,0.023724,0,0,0,0,0.26707,0.074339,0.18217,0.15857,0,0,0.51919,0.4812,0,0.068396,0.25645,0.18504,0.30044,0.19041,0.48133,0.3708,0.25764,0.23869,0.019423,0,0.14792,0.094845,0.70626,0.83794,0.77158,1,0.23642,0.36539,0.19588,0.18073,0.13597,0.14161,0.2009,0.30588,0.085047,0,0.11863,0.094269,0.060526,0.13016,0.17789,0.18366,0.050443,0.080353,0,0,0,0.0085427,0.21408,0.087574,0,0,0.10666,0.063192,0.12996,0.094426,0,0,0.094955,0.17077,0.069352,0,0.28021,0.21142,0.31553,0.13733,0.34729,0.31225,0.16976,0.19912,0.23372,0.22845,0.12253,0.35353,0.16157,0.026954,0.073584,0.13693,0.16319,0.1623,0.53779,0.49338,0.64387,0.62447,0.15657,0.086068,0.054917,0.12193,0.078581,0.116,0,0,0.013424,0,0.1413,0.55808,0,0,0.23467,0.20878,0,0
0.00030453,0.044691,0,0,0,0,0.093328,0,0,0,0.038116,0.27532,0,0,0,0,0.18031,0,0,0,0,0.12617,0.029471,0,0,0.075443,0,0,0,0,0,0.012647,0.078558,0.14395,0,0,0.4752,0.34672,0.17781,0.23642,1,0.67224,0,0.15414,0,0.0074932,0,0.0338,0,0.08636,0.04544,0,0.10433,0,0.23195,0.19752,0,0,0,0,0.11568,0.054015,0.16664,0.041039,0,0,0,0,0.061804,0,0,0,0.093891,0.14691,0.018975,0.076901,0.11132,0.21569,0,0,0,0,0,0,0,0.012409,0,0,0,0.12127,0.12002,0,0,0,0,0,0,0.17746,0.17291,0.25921,0,0,0,0,0.1468,0.19523,0.10977,0.1655,0.171,0.0012044,0,0.14652,0.10122,0,0,0
0,0,0,0,0,0,0,0,0,0,0,0.25202,0,0,0,0,0.10416,0,0,0,0,0.053731,0,0,0,0,0,0,0,0,0,0,0,0.010441,0,0,0.33766,0.50463,0.15521,0.36539,0.67224,1,0.0069719,0.2121,0,0,0,0.031974,0,0,0,0,0,0,0.2037,0.032027,0,0,0,0,0,0,0.023966,0,0,0,0,0,0,0,0,0,0.04207,0.0041477,0,0,0,0,0,0,0,0,0,0,0,0,0,0,0.060131,0,0.1963,0,0,0,0,0,0.0080231,0.087269,0.12282,0.12659,0,0,0,0,0.013047,0.0097616,0,0,0.21393,0,0,0.12782,0,0,0,0
0.36768,0.38084,0.10038,0.17251,0.27138,0.30251,0.13892,0.21946,0.25004,0.3822,0.1916,0.17064,0.24761,0.17619,0.31219,0.43729,0.27305,0.50543,0.30193,0.35777,0.1136,0.1276,0,0.10702,0.11992,0.037291,0.11131,0.11818,0.19857,0.25106,0.1437,0.097682,0.20828,0.2231,0.089683,0,0.23476,0.26726,0.1991,0.19588,0,0.0069719,1,0.85795,0.84572,0.82675,0.90833,0.84493,0.85026,0.61034,0.61178,0.60736,0.65626,0.69456,0.48116,0.60442,0.26645,0.3462,0.46986,0.45995,0.35248,0.28263,0.289,0.37732,0.18076,0.25387,0.39523,0.44926,0.29875,0.2112,0.14569,0,0.19821,0.065803,0.42145,0.23381,0.12785,0.052064,0.15722,0.21118,0.33267,0.44625,0.43874,0.58651,0.40214,0.45849,0.44322,0.49768,0.37185,0.30848,0.43828,0.70174,0.26078,0.27368,0.061446,0.041367,0.24686,0.26127,0.73354,0.70251,0.31995,0.26883,0.40102,0.41779,0.011517,0,0,0.019363,0.10277,0.043553,0.29962,0.32585,0.33988,0.35837,0,0
0.22482,0.29207,0.086104,0.062877,0.041533,0.15718,0.15732,0.15251,0.012476,0.12532,0.095107,0.32244,0.11398,0.11692,0.070237,0.34827,0.36496,0.33984,0.11117,0.20614,0.015385,0.017562,0.056213,0.10529,0.054631,0.08403,0,0,0.16169,0.23308,0.0053303,0.036047,0.183,0.21251,0,0,0.32019,0.34906,0.28015,0.18073,0.15414,0.2121,0.85795,1,0.63081,0.7446,0.83343,0.87162,0.69741,0.64892,0.57711,0.47953,0.6525,0.565,0.65871,0.66638,0.12786,0.24788,0.3843,0.30869,0.34844,0.24392,0.29613,0.27677,0.1264,0.083818,0.26814,0.3509,0.23616,0.089005,0,0,0.1438,0.096401,0.33451,0.22316,0.090008,0.022287,0.13043,0.19409,0.28891,0.37378,0.30084,0.41148,0.15322,0.27364,0.1834,0.43008,0.28769,0.2383,0.55634,0.59491,0,0.011184,0.060442,0.02471,0.22783,0.2761,0.77853,0.82112,0.10049,0.043437,0.15338,0.18526,0.069856,0.054689,0,0,0.23784,0.024593,0.27613,0.41954,0.12941,0.12773,0,0
0.49696,0.50914,0.22934,0.30169,0.53528,0.50505,0.1579,0.21388,0.48887,0.53997,0.24827,0.077197,0.23944,0.1926,0.46808,0.53232,0.22962,0.59485,0.43343,0.49779,0.25106,0.28703,0.11382,0.21407,0.35826,0.17018,0.36066,0.36742,0.15239,0.2242,0.3388,0.26578,0.3367,0.33258,0.33349,0.13061,0.099998,0.12282,0.084381,0.13597,0,0,0.84572,0.63081,1,0.90216,0.74386,0.65733,0.90172,0.6892,0.69295,0.78354,0.64226,0.74049,0.2856,0.53816,0.5084,0.55257,0.63038,0.63426,0.40234,0.3614,0.31822,0.50452,0.3123,0.4299,0.61455,0.61935,0.49798,0.47091,0.27174,0.082123,0.17878,0.064449,0.4453,0.28333,0.16722,0.10626,0.20087,0.27863,0.32067,0.47994,0.48512,0.60532,0.53728,0.61237,0.57992,0.47517,0.35649,0.41428,0.23801,0.59702,0.40424,0.46441,0.013041,0,0.18555,0.18477,0.6098,0.53662,0.43345,0.42755,0.51221,0.54317,0,0,0,0.0084608,0,0.038051,0.28106,0.23013,0.43863,0.35567,0,0
0.46543,0.53424,0.3513,0.36697,0.46451,0.51074,0.27348,0.29596,0.43182,0.40584,0.22795,0.25932,0.22651,0.24919,0.40252,0.54167,0.38203,0.56502,0.41086,0.46151,0.32719,0.35327,0.27337,0.34378,0.4556,0.33828,0.40512,0.38415,0.23307,0.33952,0.39517,0.35508,0.43743,0.45858,0.3255,0.10728,0.23199,0.20104,0.19844,0.14161,0.0074932,0,0.82675,0.7446,0.90216,1,0.8124,0.76355,0.87397,0.85575,0.769,0.81321,0.75376,0.74209,0.46337,0.60844,0.4707,0.56319,0.58335,0.57767,0.49114,0.42608,0.43977,0.56995,0.40722,0.45376,0.6624,0.70813,0.52383,0.45422,0.19275,0.074074,0.20984,0.11012,0.48263,0.27518,0.23752,0.15353,0.31521,0.32323,0.38363,0.53088,0.47368,0.53515,0.48556,0.55779,0.41215,0.40243,0.36215,0.41404,0.34372,0.62698,0.27003,0.36041,0.094223,0.053413,0.26258,0.25645,0.70277,0.6513,0.3031,0.31734,0.35771,0.39708,0,0,0,0,0.13999,0.13414,0.32461,0.3288,0.35356,0.2341,0,0
0.3116,0.32098,0.21276,0.2408,0.23352,0.29477,0.23146,0.25878,0.23026,0.31507,0.14006,0.20694,0.16491,0.15188,0.24423,0.37226,0.38005,0.40931,0.29024,0.33227,0.21306,0.22355,0.13449,0.23464,0.22948,0.17279,0.16919,0.12018,0.33363,0.40983,0.19578,0.15326,0.24164,0.27272,0.11218,0.0081412,0.33667,0.30478,0.31561,0.2009,0,0,0.90833,0.83343,0.74386,0.8124,1,0.94908,0.75936,0.65783,0.59896,0.58015,0.72501,0.71955,0.57305,0.67258,0.21216,0.30093,0.34026,0.34903,0.34129,0.26337,0.36394,0.38772,0.20766,0.2326,0.38625,0.46203,0.28754,0.17729,0.12397,0.058554,0.20153,0.15076,0.42941,0.2486,0.24659,0.13778,0.33058,0.22827,0.42431,0.50195,0.45198,0.51905,0.40288,0.41094,0.28325,0.37761,0.33282,0.34026,0.46788,0.72656,0.14237,0.19447,0.23363,0.20646,0.40346,0.3794,0.76964,0.74049,0.11851,0.12351,0.21637,0.25338,0,0,0,0,0.19815,0.21077,0.40448,0.4205,0.31568,0.33412,0,0
0.25776,0.28003,0.22943,0.21341,0.15347,0.24439,0.25005,0.23061,0.14518,0.21244,0.084252,0.24858,0.11257,0.13477,0.17177,0.32745,0.40483,0.33822,0.20408,0.26817,0.24676,0.20788,0.18361,0.27061,0.2625,0.23032,0.14118,0.093091,0.35489,0.41198,0.1698,0.16781,0.21985,0.24519,0.047524,0,0.43301,0.39865,0.43293,0.30588,0.0338,0.031974,0.84493,0.87162,0.65733,0.76355,0.94908,1,0.68517,0.64751,0.59714,0.54558,0.72851,0.71003,0.64615,0.72605,0.16445,0.26076,0.29085,0.2736,0.34314,0.24752,0.39295,0.36448,0.17626,0.15059,0.34364,0.42138,0.28639,0.16629,0,0,0.12748,0.15094,0.35956,0.18885,0.2641,0.15176,0.36025,0.20442,0.43171,0.47946,0.40147,0.45166,0.3302,0.35826,0.20123,0.41714,0.32115,0.3406,0.47204,0.68951,0.092314,0.1316,0.29651,0.26492,0.47763,0.46012,0.75546,0.75261,0.033041,0.047136,0.13288,0.16155,0,0,0,0,0.21049,0.27621,0.3888,0.38471,0.25255,0.2624,0,0
