1,0.62577,0.32308,0.29533,0.3644,0.32066,0.49354,0.36236,0.36067,0.10601,0.57815,0.51793,0.7343,0.55076,0.57881,0.34818,0.50488,0.48733,0.7091,0.65139,0.29705,0.21694,0.23815,0.078578,0.32862,0.20433,0.063763,0.22754,0.38002,0.070174,0.40672,0.30649,0.47237,0.50624,0.16382,0,0.29184,0.38082,0.21967,0.35046,0.41275,0.48138,0.19728,0.20506,0.41045,0.53078,0.17585,0.34639,0.63673,0.57946,0.59129,0.52765,0.4398,0.38929,0.15468,0.09486,0.62677,0.46624,0.45808,0.441,0.54479,0.50058,0.53694,0.58519,0.6951,0.59268,0.38084,0.40301,0.53887,0.49921,0.12995,0,0.52599,0.3217,0.50027,0.54538,0.4978,0.38728,0.31078,0,0.35757,0.291,0.38798,0.24585,0.47335,0.15083,0.061509,0.044155,0.15016,0,0.32982,0.44618,0.35195,0.56449,0,0.15078,0.18441,0.25405,0.39133,0.47035,0.31963,0.4257,0.52262,0.64508,0.42738,0.38248,0.13841,0.21249,0,0.17002,0.45786,0.58033,0.49557,0.50543,0.16501,0.047261
0.62577,1,0,0.46809,0.3872,0.45858,0.13849,0.5435,0.37545,0.22999,0.13817,0.61598,0.31594,0.54108,0.52182,0.44011,0.67713,0.65055,0.30175,0.7542,0.43074,0.36992,0.066871,0.15199,0.36319,0.31625,0.25177,0.355,0.40645,0.35731,0.46134,0.40113,0.70067,0.71657,0.045439,0,0.46431,0.42792,0.13895,0.34322,0.37692,0.53488,0,0.17066,0.2676,0.60872,0.024523,0.26771,0.5825,0.69522,0.3445,0.63776,0.36549,0.33603,0.18222,0.0077549,0.70078,0.65765,0.69195,0.67298,0.61053,0.67598,0.65101,0.6912,0.65159,0.74198,0.68934,0.67304,0.75643,0.77109,0.19496,0,0.66829,0.48704,0.566,0.53099,0.61921,0.47776,0.29095,0.13747,0.54902,0.5763,0.5095,0.42532,0.402,0.16974,0.055947,0.01314,0.04345,0,0.47486,0.41977,0.40312,0.50415,0,0.1925,0.17795,0.23631,0.26558,0.24815,0.48403,0.4133,0.60022,0.54938,0.51118,0.54529,0.15604,0.31167,0.043233,0.31976,0.51018,0.45782,0.45195,0.47459,0.31388,0.15803
0.32308,0,1,0.36396,0.00072911,0,0.45181,0.18052,0,0,0.38581,0.41302,0.22404,0.41665,0.040209,0,0,0,0.58606,0.2959,0,0,0.81936,0.35716,0.32708,0,0,0,0.049689,0,0.34356,0.42123,0.15128,0.19625,0.30149,0.39204,0,0,0,0,0,0.0099279,0.42072,0.34398,0.195,0.13661,0.36082,0.32279,0,0,0.44569,0.087059,0.213,0.12428,0,0,0,0,0,0,0,0,0,0,0,0,0,0,0,0,0,0.00016398,0,0.026348,0.13543,0.18418,0.13783,0,0.10824,0,0,0,0,0,0.3166,0.14098,0,0,0.26497,0.10446,0,0.1302,0.11315,0.18033,0,0,0,0,0.16502,0.26897,0,0,0,0.087535,0,0,0,0,0,0,0.15833,0.31568,0.11721,0.22332,0,0.049898
0.29533,0.46809,0.36396,1,0.47003,0.43176,0.58971,0.81185,0.49325,0.29323,0.20522,0.48496,0.18575,0.43597,0.23652,0.4725,0.24648,0.3682,0.3932,0.59133,0.2468,0.2364,0.61213,0.74733,0.6604,0.46296,0.301,0.37395,0.24921,0.30762,0.64171,0.69409,0.36506,0.50951,0.52595,0.47844,0.29862,0.32701,0.18204,0.19832,0.16383,0.24908,0.32855,0.59754,0.54736,0.5848,0.2727,0.37341,0.33498,0.29444,0.5436,0.54873,0.37152,0.26017,0.11966,0.057586,0.23717,0.1925,0.23151,0.15651,0.21956,0.14578,0.25866,0.2106,0.26066,0.38482,0.37959,0.45217,0.29199,0.32495,0.31689,0.19792,0.41554,0.28042,0.47843,0.37838,0.37295,0.35775,0.26528,0.051724,0.25317,0.20757,0.38312,0.37366,0.47488,0.5582,0.16786,0.058326,0.34133,0.21372,0.2726,0.30885,0.38239,0.34888,0.013642,0.10893,0.24847,0.30239,0.29532,0.26759,0.35208,0.18461,0.39122,0.34906,0.25749,0.24719,0.17321,0.18526,0,0.085786,0.44688,0.42316,0.4132,0.33744,0.09899,0.070286
0.3644,0.3872,0.00072911,0.47003,1,0.76415,0.36545,0.55568,0.87438,0.58809,0.22063,0.15504,0.31436,0.16222,0.65294,0.5441,0.3841,0.39809,0.38945,0.42365,0.71127,0.62167,0.18253,0.35826,0.53697,0.69812,0.59455,0.67479,0.26856,0.29968,0.45523,0.37166,0.24882,0.40024,0.27419,0.025974,0.33991,0.41377,0.13981,0.29839,0.11225,0.35666,0.16847,0.41988,0.42746,0.48421,0.14297,0.13539,0.43326,0.44085,0.36663,0.49858,0.15636,0.096105,0.14863,0.20382,0.35882,0.419,0.30617,0.39186,0.29419,0.4067,0.35162,0.33207,0.43676,0.50012,0.31481,0.39963,0.37185,0.37605,0.36102,0.12972,0.50213,0.3488,0.49297,0.37009,0.31861,0.47055,0.1612,0.19008,0.22389,0.28807,0.55749,0.33929,0.35454,0.37701,0.31063,0.23495,0.36012,0.078141,0.33629,0.26767,0.38587,0.26366,0,0.14152,0.15978,0.23283,0.18711,0.18143,0.52273,0.25772,0.53152,0.37946,0.5186,0.37581,0.26736,0.45792,0,0,0.29499,0.23095,0.37318,0.1775,0.11959,0.0056139
0.32066,0.45858,0,0.43176,0.76415,1,0.29617,0.57231,0.66905,0.76811,0.0086717,0.10915,0.2226,0.071573,0.44292,0.69994,0.55073,0.50059,0.21392,0.3818,0.72713,0.69266,0,0.30113,0.45787,0.83288,0.73081,0.77595,0.30415,0.40551,0.36878,0.24871,0.23677,0.33649,0.21433,0,0.49939,0.5391,0.26459,0.52657,0.16952,0.36084,0.13526,0.33393,0.42791,0.52377,0.10141,0.1214,0.57458,0.57813,0.28475,0.59308,0.19717,0.1817,0.30931,0.31159,0.46027,0.60148,0.47652,0.49869,0.42449,0.54189,0.50552,0.4797,0.59408,0.6269,0.47226,0.50754,0.5239,0.48146,0.28203,0.090218,0.54513,0.38778,0.4449,0.3811,0.32928,0.55153,0.24869,0.37686,0.45109,0.53266,0.69356,0.59937,0.24382,0.36565,0.4133,0.47405,0.22296,0.13023,0.47416,0.28702,0.43907,0.38643,0.14431,0.42537,0.34958,0.41601,0.20574,0.11049,0.72691,0.45364,0.71869,0.4623,0.62525,0.53224,0.45046,0.59807,0.05028,0.13541,0.31593,0.23588,0.40512,0.20618,0.20397,0.079052
0.49354,0.13849,0.45181,0.58971,0.36545,0.29617,1,0.60391,0.45921,0.31561,0.39678,0.24203,0.45477,0.26406,0.23473,0.34658,0.18543,0.28571,0.47504,0.35417,0.20543,0.15146,0.54799,0.52953,0.38375,0.4084,0.085544,0.17792,0.27513,0.14503,0.3485,0.32375,0.099195,0.27137,0.52379,0.34885,0.27112,0.33143,0.14848,0.12776,0.21231,0.22855,0.33571,0.55252,0.63067,0.53269,0.34641,0.36163,0.4541,0.31275,0.62324,0.4381,0.40227,0.35163,0.0069792,0.14431,0.25377,0.1328,0.089288,0.04223,0.1738,0.08374,0.31399,0.20206,0.30961,0.27779,0.21527,0.29965,0.13702,0.14747,0.13002,0.16869,0.34108,0.19424,0.34618,0.35616,0.15413,0.29157,0.17576,0.057497,0.16601,0.10656,0.25605,0.19425,0.26372,0.45315,0.082073,0.093303,0.22675,0.2508,0.20348,0.39816,0.32949,0.35511,0,0.033571,0.22254,0.25809,0.35548,0.34753,0.22,0.17683,0.28077,0.29455,0.23171,0.14316,0.065968,0.17319,0,0,0.39217,0.41084,0.32521,0.2867,0.093602,0.11126
0.36236,0.5435,0.18052,0.81185,0.55568,0.57231,0.60391,1,0.59208,0.50982,0.21278,0.52455,0.36363,0.56758,0.32201,0.49961,0.42099,0.51388,0.30917,0.51744,0.35731,0.32829,0.41655,0.57798,0.46135,0.57671,0.27896,0.39942,0.35131,0.50787,0.55546,0.59106,0.41669,0.55319,0.45178,0.35591,0.42437,0.41551,0.17584,0.26228,0.27073,0.32715,0.28227,0.55203,0.48276,0.65172,0.30317,0.35823,0.49643,0.54392,0.50651,0.75119,0.38054,0.34429,0.19402,0.15361,0.32055,0.33395,0.35615,0.32117,0.32762,0.31783,0.38911,0.35155,0.46518,0.6719,0.47419,0.56505,0.38775,0.42415,0.30555,0.19978,0.50078,0.46258,0.59026,0.44618,0.40698,0.41341,0.28376,0.19484,0.36275,0.40112,0.48391,0.51847,0.49777,0.60699,0.14736,0.096316,0.3426,0.21936,0.42155,0.42244,0.45703,0.39787,0.028132,0.16833,0.2575,0.35574,0.35097,0.31016,0.48014,0.26457,0.50398,0.37263,0.37387,0.36452,0.23115,0.26949,0,0.062371,0.33026,0.35855,0.35973,0.33623,0.15023,0.17926
0.36067,0.37545,0,0.49325,0.87438,0.66905,0.45921,0.59208,1,0.6711,0.2242,0.10329,0.34184,0.17323,0.67944,0.52205,0.4221,0.51102,0.39081,0.45234,0.70162,0.5861,0.1531,0.30487,0.44729,0.63001,0.43972,0.55846,0.2894,0.29231,0.43481,0.31509,0.23628,0.38513,0.27647,0,0.39288,0.45062,0.15851,0.29991,0.14641,0.39726,0.12506,0.44559,0.47822,0.55046,0.072402,0.16617,0.47408,0.48329,0.42892,0.56105,0.2026,0.18351,0.13504,0.2171,0.39562,0.45271,0.26112,0.34448,0.25166,0.38374,0.42787,0.35878,0.43486,0.50871,0.30826,0.37996,0.39467,0.38639,0.30022,0.081718,0.50289,0.27954,0.4772,0.36506,0.33508,0.43845,0.14956,0.27436,0.24861,0.34115,0.57965,0.35509,0.3285,0.48692,0.33345,0.25744,0.35986,0.17154,0.35103,0.31152,0.39604,0.26478,0.012005,0.14825,0.16567,0.22403,0.23503,0.22608,0.47512,0.2008,0.4924,0.29608,0.50297,0.36556,0.25285,0.35358,0,0,0.26162,0.23575,0.38473,0.15686,0.1642,0.040965
0.10601,0.22999,0,0.29323,0.58809,0.76811,0.31561,0.50982,0.6711,1,0,0,0.047465,0,0.25145,0.46943,0.38432,0.48928,0.061444,0.1488,0.59027,0.55614,0,0.23553,0.15742,0.66791,0.473,0.53071,0.18981,0.42369,0.15551,0.017136,0.019319,0.11451,0.24282,0.020846,0.46835,0.4726,0.16786,0.42595,0.093688,0.24516,0.1227,0.35086,0.37429,0.43262,0.068133,0.064634,0.44404,0.43707,0.28045,0.48229,0.15556,0.16034,0.19947,0.30724,0.28245,0.47585,0.22662,0.28506,0.17732,0.33553,0.40365,0.2942,0.40539,0.44756,0.27877,0.32715,0.26486,0.23684,0.15014,0.036624,0.3903,0.21474,0.29677,0.21959,0.17851,0.43314,0.16636,0.50349,0.28226,0.49535,0.5409,0.46164,0.092807,0.43887,0.36008,0.44375,0.25531,0.2123,0.41412,0.21276,0.40702,0.23778,0.19004,0.38867,0.25245,0.3152,0.09475,0,0.6063,0.29417,0.49381,0.199,0.46784,0.38728,0.34363,0.46148,0.14904,0.083371,0.12178,0.020866,0.21408,0.064291,0.21527,0.12219
0.57815,0.13817,0.38581,0.20522,0.22063,0.0086717,0.39678,0.21278,0.2242,0,1,0.47781,0.7205,0.45935,0.34268,0.14145,0.14622,0.11892,0.58623,0.19657,0.017597,0,0.33842,0.17415,0.16441,0.083781,0,0,0.34646,0.11052,0.27613,0.3057,0,0.039815,0.32096,0.13483,0,0.044767,0.24648,0.090575,0.1745,0.17402,0.22638,0.14323,0.22498,0.1575,0.094962,0.12087,0.12728,0.064074,0.38027,0.24895,0.1723,0.068542,0.0149,0.04967,0.034567,0,0,0,0,0,0.016646,0.011798,0.21414,0.15904,0,0,0,0,0.11916,0.093378,0.24346,0.20479,0.26533,0.26283,0.13373,0.078311,0.18959,0,0,0,0.16571,0.12066,0.41264,0.17558,0.12474,0.083873,0.32959,0.096213,0.044377,0.1878,0.15328,0.21506,0.071884,0.067784,0.05013,0.10621,0.17886,0.34067,0.029225,0.095102,0.11836,0.20254,0.032279,0,0,0,0,0,0.077595,0.28859,0.28289,0.22961,0,0
0.51793,0.61598,0.41302,0.48496,0.15504,0.10915,0.24203,0.52455,0.10329,0,0.47781,1,0.45547,0.82573,0.33807,0.26152,0.25726,0.34035,0.38582,0.43053,0,0,0.43543,0.2799,0.31673,0.058401,0.019615,0.10527,0.44988,0.45305,0.48512,0.57182,0.37707,0.39075,0.23746,0.20642,0.16435,0.20599,0.34871,0.26977,0.37342,0.34474,0.33487,0.29021,0.28286,0.41111,0.37283,0.49038,0.27272,0.31534,0.47142,0.55584,0.49259,0.38845,0.27787,0.096767,0.16061,0.11063,0.16834,0.13122,0.14348,0.13529,0.10043,0.18383,0.30552,0.42868,0.24143,0.26788,0.18952,0.25867,0.072189,0,0.27409,0.41303,0.35512,0.36577,0.33165,0.025018,0.46501,0,0.36555,0.20806,0.3229,0.43941,0.72453,0.32821,0.14755,0,0.30733,0.14509,0.29134,0.3847,0.34859,0.4235,0.14087,0.204,0.29195,0.34666,0.43245,0.46564,0.26917,0.27974,0.35629,0.35908,0.11965,0.10581,0.12376,0.019285,0,0,0.26361,0.5233,0.44162,0.37776,0,0
0.7343,0.31594,0.22404,0.18575,0.31436,0.2226,0.45477,0.36363,0.34184,0.047465,0.7205,0.45547,1,0.62218,0.55606,0.25467,0.4319,0.38826,0.50676,0.27898,0.26367,0.15313,0.088348,0,0.13457,0.14308,0.04196,0.182,0.41713,0.16977,0.24294,0.188,0.20908,0.22698,0.18931,0,0.18687,0.24338,0.27621,0.23108,0.35821,0.34478,0.25484,0.19758,0.29114,0.37874,0.23383,0.29316,0.41008,0.41218,0.45477,0.46435,0.34671,0.32995,0.22547,0.14837,0.30911,0.22602,0.22716,0.23429,0.31126,0.23899,0.32555,0.33337,0.6162,0.48568,0.18703,0.22141,0.27078,0.26526,0.13747,0.061095,0.35576,0.33967,0.3424,0.43824,0.3087,0.19788,0.31363,0,0.32721,0.21844,0.31928,0.26225,0.53953,0.24503,0.10684,0.056092,0.18712,0.11546,0.26885,0.38695,0.21373,0.36097,0.013859,0.09004,0.20011,0.25574,0.37766,0.49271,0.1955,0.26271,0.38219,0.42377,0.22637,0.17772,0.23193,0.06865,0,0,0.17627,0.39659,0.37339,0.32014,0,0
0.55076,0.54108,0.41665,0.43597,0.16222,0.071573,0.26406,0.56758,0.17323,0,0.45935,0.82573,0.62218,1,0.43298,0.19476,0.35504,0.46129,0.36813,0.43492,0,0,0.32785,0.087023,0.27103,0,0,0.07181,0.46293,0.37805,0.4507,0.48171,0.5231,0.47799,0.072233,0.081424,0.16454,0.20721,0.26966,0.20237,0.39846,0.35648,0.33447,0.29208,0.26145,0.48835,0.33229,0.46512,0.32253,0.42051,0.41335,0.60593,0.3978,0.43526,0.23311,0.020574,0.26048,0.18915,0.30494,0.26421,0.3147,0.21266,0.23321,0.31284,0.46705,0.56468,0.30371,0.35758,0.30848,0.36205,0.061272,0,0.26423,0.48117,0.35236,0.46691,0.38748,0.024719,0.4652,0,0.42582,0.30734,0.31151,0.37004,0.72981,0.38149,0.034374,0,0.19814,0.11647,0.28496,0.42474,0.28049,0.44059,0.089149,0.10503,0.2412,0.29857,0.43457,0.54924,0.18242,0.28408,0.34199,0.42378,0.13294,0.16926,0.081834,0,0,0,0.20405,0.47498,0.39591,0.4435,0,0
0.57881,0.52182,0.040209,0.23652,0.65294,0.44292,0.23473,0.32201,0.67944,0.25145,0.34268,0.33807,0.55606,0.43298,1,0.43209,0.47856,0.51923,0.37659,0.47633,0.58176,0.35739,0.025118,0,0.38735,0.32429,0.31769,0.44863,0.40236,0.21813,0.44666,0.31809,0.48167,0.52502,0,0,0.35682,0.42981,0.26494,0.38137,0.34253,0.5208,0.13674,0.26424,0.39466,0.53342,0.16213,0.35452,0.52456,0.55959,0.40428,0.54829,0.26724,0.34172,0.26202,0.1849,0.51375,0.50456,0.43088,0.49128,0.40927,0.49666,0.45656,0.51275,0.53274,0.56207,0.41207,0.44528,0.53155,0.53297,0.11696,0,0.46209,0.38421,0.42714,0.48197,0.45677,0.28534,0.27621,0.086804,0.46184,0.41086,0.57893,0.3543,0.50845,0.2325,0.2659,0.10066,0.18196,0.044468,0.33484,0.35211,0.3297,0.40006,0.028198,0.18717,0.26994,0.25193,0.39808,0.47466,0.41561,0.3486,0.56349,0.46031,0.47551,0.35616,0.272,0.22303,0,0.063882,0.36763,0.42084,0.46467,0.33068,0.027846,0
0.34818,0.44011,0,0.4725,0.5441,0.69994,0.34658,0.49961,0.52205,0.46943,0.14145,0.26152,0.25467,0.19476,0.43209,1,0.41072,0.40604,0.19065,0.36994,0.54391,0.56056,0.079395,0.40176,0.50729,0.61841,0.57765,0.54808,0.24453,0.34448,0.38153,0.3148,0.17451,0.25573,0.20075,0.030625,0.45023,0.4706,0.22122,0.38852,0.060547,0.27527,0.10071,0.22634,0.37913,0.38349,0.10764,0.16233,0.42531,0.42585,0.28646,0.50715,0.23994,0.18942,0.22619,0.28575,0.38402,0.44046,0.38781,0.37173,0.31482,0.40204,0.44075,0.37364,0.47144,0.5168,0.42787,0.42461,0.44331,0.42233,0.25144,0.12195,0.46953,0.31541,0.3731,0.41938,0.23355,0.52335,0.13259,0.17864,0.38667,0.43293,0.6587,0.66524,0.29696,0.4991,0.43932,0.49712,0.1962,0.24141,0.33601,0.22335,0.36093,0.37084,0.11874,0.30227,0.36251,0.37374,0.22356,0.15391,0.53264,0.39073,0.60647,0.48491,0.50936,0.43887,0.40277,0.50819,0.013417,0.15855,0.4229,0.3867,0.46042,0.23165,0.15577,0.0029063
0.50488,0.67713,0,0.24648,0.3841,0.55073,0.18543,0.42099,0.4221,0.38432,0.14622,0.25726,0.4319,0.35504,0.47856,0.41072,1,0.77688,0.067072,0.4531,0.52613,0.4857,0,0,0.17146,0.37876,0.278,0.3927,0.44374,0.35069,0.24623,0.088736,0.45244,0.43999,0,0,0.5517,0.47485,0.15573,0.328,0.44273,0.53472,0,0.16735,0.2934,0.57198,0,0.1718,0.6426,0.71146,0.2407,0.55431,0.28839,0.34455,0.22696,0.10706,0.74867,0.72959,0.67679,0.61708,0.65917,0.64525,0.80895,0.70393,0.77559,0.68342,0.56106,0.55047,0.70031,0.65781,0.19989,0.0088389,0.68084,0.43117,0.43013,0.46994,0.45233,0.48144,0.41166,0.40556,0.68538,0.71655,0.50977,0.36196,0.26678,0.20737,0.063301,0.08078,0,0,0.5446,0.48136,0.3562,0.41795,0,0.20641,0.22381,0.27139,0.28497,0.2369,0.4833,0.33243,0.5887,0.45204,0.53191,0.60426,0.26424,0.28708,0.051372,0.27072,0.38684,0.34289,0.42455,0.40129,0.28028,0.018253
0.48733,0.65055,0,0.3682,0.39809,0.50059,0.28571,0.51388,0.51102,0.48928,0.11892,0.34035,0.38826,0.46129,0.51923,0.40604,0.77688,1,0.16172,0.49795,0.49845,0.39614,0,0,0.21591,0.34551,0.18444,0.36057,0.35169,0.44556,0.35736,0.16786,0.4538,0.47284,0.098209,0,0.54835,0.58936,0.21503,0.46177,0.52014,0.58749,0.14507,0.39087,0.36186,0.6599,0.13058,0.37459,0.6088,0.71881,0.37862,0.65189,0.30371,0.42074,0.20477,0.17879,0.67562,0.79592,0.58992,0.60521,0.55913,0.62462,0.73376,0.74171,0.71639,0.7315,0.52626,0.57086,0.64871,0.65453,0.15254,0,0.5966,0.48865,0.4338,0.54965,0.44125,0.43339,0.45506,0.54124,0.64481,0.80134,0.55493,0.40003,0.35287,0.43113,0.14241,0.14506,0.025175,0.087092,0.50848,0.50172,0.44245,0.55502,0.081919,0.31042,0.33618,0.37816,0.35597,0.35199,0.55798,0.43502,0.63896,0.47989,0.54899,0.54001,0.22908,0.20054,0,0.21616,0.39196,0.44026,0.52403,0.4786,0.23012,0.0071627
0.7091,0.30175,0.58606,0.3932,0.38945,0.21392,0.47504,0.30917,0.39081,0.061444,0.58623,0.38582,0.50676,0.36813,0.37659,0.19065,0.067072,0.16172,1,0.64795,0.12786,0.097104,0.50213,0.26326,0.36722,0.1503,0.0056991,0.12098,0.18025,0,0.39163,0.37818,0.22731,0.32267,0.33532,0.16752,0,0.15646,0.051342,0.15248,0.059722,0.22631,0.29254,0.31774,0.34276,0.32675,0.099594,0.16398,0.33879,0.22794,0.54985,0.35694,0.19434,0.10109,0,0,0.18498,0.12335,0,0.060232,0.091943,0.10675,0.080441,0.17755,0.27394,0.25081,0.008723,0.084643,0.14314,0.14855,0.10993,0.039578,0.23359,0.15718,0.34189,0.34776,0.31801,0.22281,0.14387,0,0,0,0.17061,0.052107,0.35059,0.12478,0.057563,0.025853,0.26959,0.0014046,0.086185,0.19383,0.26655,0.34238,0,0.075353,0,0.084918,0.19979,0.28997,0.16551,0.23206,0.27055,0.3796,0.16602,0.012698,0,0.10237,0,0.057165,0.26911,0.37742,0.35156,0.30955,0.053747,0.012609
0.65139,0.7542,0.2959,0.59133,0.42365,0.3818,0.35417,0.51744,0.45234,0.1488,0.19657,0.43053,0.27898,0.43492,0.47633,0.36994,0.4531,0.49795,0.64795,1,0.32743,0.25372,0.3787,0.28489,0.54075,0.28679,0.10912,0.22822,0.29991,0.083568,0.55925,0.50284,0.70515,0.77391,0.18858,0.068554,0.32184,0.35804,0.047819,0.21641,0.25247,0.44634,0.072749,0.32283,0.35352,0.58339,0.0022099,0.23342,0.51782,0.54434,0.40224,0.50481,0.25114,0.1934,0,0,0.66024,0.50951,0.5506,0.51596,0.55008,0.51512,0.52413,0.58196,0.47111,0.54721,0.55913,0.59812,0.67891,0.6891,0.1618,0,0.56568,0.35023,0.54732,0.55096,0.58793,0.44919,0.20923,0.0075744,0.31559,0.31523,0.34814,0.22207,0.3264,0.21234,0,0,0.069582,0,0.2888,0.38135,0.37319,0.48781,0,0.1242,0.095844,0.13115,0.2535,0.26564,0.32871,0.32895,0.46515,0.52081,0.41159,0.39811,0,0.18582,0.022031,0.28857,0.55076,0.48112,0.48247,0.50634,0.35529,0.22561
0.29705,0.43074,0,0.2468,0.71127,0.72713,0.20543,0.35731,0.70162,0.59027,0.017597,0,0.26367,0,0.58176,0.54391,0.52613,0.49845,0.12786,0.32743,1,0.89051,0,0.1329,0.34852,0.6951,0.66765,0.72694,0.26443,0.34311,0.30026,0.11888,0.25593,0.36162,0.061492,0,0.50604,0.46499,0.16582,0.40342,0.17547,0.40725,0,0.23579,0.29903,0.39826,0.022063,0.091508,0.45351,0.48754,0.21175,0.35222,0.14306,0.13084,0.18049,0.22515,0.49464,0.55472,0.46217,0.48726,0.41743,0.52245,0.55154,0.49699,0.53908,0.48482,0.44337,0.41723,0.52971,0.47804,0.50786,0.2893,0.61375,0.34914,0.4937,0.33344,0.31022,0.61435,0.13336,0.31083,0.34948,0.48917,0.60076,0.33622,0.14349,0.2129,0.2991,0.31166,0.12704,0,0.44865,0.22929,0.34076,0.21442,0,0.17855,0.17234,0.24097,0.11945,0.10265,0.54898,0.28987,0.55495,0.34107,0.56704,0.57352,0.34356,0.54939,0.026137,0,0.23266,0.1579,0.31957,0.12544,0.23324,0.051979
0.21694,0.36992,0,0.2364,0.62167,0.69266,0.15146,0.32829,0.5861,0.55614,0,0,0.15313,0,0.35739,0.56056,0.4857,0.39614,0.097104,0.25372,0.89051,1,0,0.18512,0.22289,0.64407,0.64724,0.6822,0.067064,0.23446,0.19141,0.054302,0.12266,0.24409,0.11691,0,0.41438,0.38995,0,0.28057,0.023267,0.25663,0,0.085179,0.18093,0.25834,0,0,0.36396,0.36992,0.094307,0.22909,0.015111,0,0.054856,0.10967,0.40001,0.49583,0.39282,0.42125,0.34738,0.45047,0.513,0.40859,0.48934,0.41471,0.3547,0.32155,0.44489,0.38434,0.57332,0.45214,0.58129,0.25848,0.45157,0.21394,0.23497,0.68664,0,0.31067,0.19198,0.40446,0.47127,0.2233,0,0.10975,0.20811,0.30013,0.082022,0,0.32276,0.06035,0.21743,0.096694,0,0.056492,0.010834,0.11891,0,0,0.4865,0.17786,0.46784,0.25536,0.51799,0.5404,0.31261,0.59012,0.1612,0.11266,0.25103,0.04003,0.1617,0.048261,0.25281,0.063484
0.23815,0.066871,0.81936,0.61213,0.18253,0,0.54799,0.41655,0.1531,0,0.33842,0.43543,0.088348,0.32785,0.025118,0.079395,0,0,0.50213,0.3787,0,0,1,0.7205,0.55157,0.076321,0,0,0.070592,0.039216,0.50787,0.62312,0.17746,0.30194,0.49596,0.5577,0,0.058484,0.064264,0,0.053395,0.050887,0.4654,0.49207,0.31263,0.24914,0.40638,0.40991,0,0,0.50296,0.22302,0.32598,0.17081,0,0.00035939,0,0,0,0,0,0,0,0,0,0,0,0.087649,0,0,0.059759,0.060517,0.0012475,0.12788,0.25913,0.24942,0.13573,0,0.17021,0,0,0,0,0.05287,0.3682,0.37897,0,0,0.4032,0.26257,0,0.18506,0.26223,0.23626,0.03871,0.0075968,0.10492,0.11441,0.21949,0.24032,0.028479,0.039128,0.041407,0.16737,0,0,0,0,0,0,0.33241,0.40845,0.25755,0.29893,0,0.070665
0.078578,0.15199,0.35716,0.74733,0.35826,0.30113,0.52953,0.57798,0.30487,0.23553,0.17415,0.2799,0,0.087023,0,0.40176,0,0,0.26326,0.28489,0.1329,0.18512,0.7205,1,0.58352,0.47234,0.23122,0.22597,0,0.16987,0.40427,0.54249,0.069416,0.22313,0.55105,0.55653,0.099204,0.07865,0.01592,0,0,0,0.26757,0.41252,0.28624,0.18095,0.25138,0.1997,0.059907,0.0022207,0.40921,0.27074,0.27811,0.077106,0,0.023121,0,0,0,0,0,0,0.01861,0,0,0.048151,0.14043,0.19345,0,0.0072171,0.28233,0.30053,0.18588,0.11356,0.3766,0.20401,0.13305,0.3239,0.030509,0,0,0,0.15427,0.25886,0.22534,0.43171,0.083027,0.11527,0.36154,0.23026,0.10227,0.086628,0.26623,0.12212,0,0.01132,0.078904,0.12436,0.044091,0.0048488,0.22872,0.041441,0.15225,0.16644,0.068344,0.077334,0.023021,0.22458,0.097719,0.10493,0.36332,0.22676,0.15394,0.19216,0.080272,0.10686
0.32862,0.36319,0.32708,0.6604,0.53697,0.45787,0.38375,0.46135,0.44729,0.15742,0.16441,0.31673,0.13457,0.27103,0.38735,0.50729,0.17146,0.21591,0.36722,0.54075,0.34852,0.22289,0.55157,0.58352,1,0.55849,0.39734,0.41498,0.26289,0.19634,0.73617,0.70142,0.40308,0.45717,0.30389,0.23598,0.16903,0.21957,0.29807,0.24846,0.10215,0.27622,0.3797,0.50628,0.51878,0.49755,0.33842,0.3913,0.29798,0.2712,0.43874,0.43058,0.32612,0.23005,0.19755,0.1965,0.30572,0.15924,0.26745,0.17035,0.27349,0.1567,0.20907,0.22905,0.21236,0.27606,0.33452,0.36835,0.34226,0.30643,0.35606,0.12695,0.3306,0.19951,0.37519,0.36926,0.29641,0.31988,0.3677,0,0.26088,0.1309,0.40893,0.36563,0.44102,0.47424,0.23867,0.17439,0.33139,0.25797,0.26401,0.33653,0.32962,0.35853,0.11029,0.20435,0.33116,0.31569,0.33251,0.32251,0.35292,0.30065,0.44104,0.48764,0.3281,0.3174,0.15878,0.27051,0,0.006357,0.4701,0.53597,0.54893,0.34921,0.12126,0.045634
0.20433,0.31625,0,0.46296,0.69812,0.83288,0.4084,0.57671,0.63001,0.66791,0.083781,0.058401,0.14308,0,0.32429,0.61841,0.37876,0.34551,0.1503,0.28679,0.6951,0.64407,0.076321,0.47234,0.55849,1,0.67318,0.67218,0.30036,0.45367,0.42546,0.35462,0.13358,0.25488,0.33507,0.12726,0.41027,0.3604,0.29031,0.3665,0.13384,0.26281,0.16576,0.40828,0.45274,0.45026,0.16293,0.11309,0.48253,0.45351,0.27593,0.50585,0.15536,0.12805,0.20651,0.30392,0.32203,0.37004,0.32697,0.2925,0.27914,0.336,0.38027,0.31666,0.41507,0.47841,0.39384,0.41177,0.38873,0.31851,0.37501,0.24193,0.50089,0.27948,0.44169,0.27623,0.16239,0.52782,0.21233,0.29781,0.29383,0.37046,0.58563,0.51368,0.13585,0.39227,0.37228,0.48517,0.25187,0.183,0.44376,0.27889,0.42049,0.30293,0.13011,0.35278,0.30363,0.38399,0.16325,0.064571,0.64014,0.39927,0.55459,0.3505,0.48263,0.49717,0.33506,0.60913,0.067166,0,0.22903,0.20175,0.38802,0.083442,0.24164,0.1436
0.063763,0.25177,0,0.301,0.59455,0.73081,0.085544,0.27896,0.43972,0.473,0,0.019615,0.04196,0,0.31769,0.57765,0.278,0.18444,0.0056991,0.10912,0.66765,0.64724,0,0.23122,0.39734,0.67318,1,0.86797,0.26512,0.43178,0.27295,0.15911,0.068299,0.15813,0.030692,0,0.39825,0.39248,0.30161,0.4288,0.07485,0.29877,0.12543,0.20908,0.30015,0.26298,0.13546,0.083263,0.27152,0.246,0.095681,0.23286,0.16079,0.1131,0.31295,0.328,0.16692,0.32688,0.301,0.33084,0.22587,0.31414,0.22102,0.20122,0.31062,0.29985,0.31363,0.29141,0.3317,0.26119,0.25242,0.070228,0.36289,0.29372,0.28732,0.094218,0.12764,0.31164,0.097029,0.26404,0.32325,0.35907,0.62911,0.45335,0.16779,0.20438,0.49829,0.4236,0.23597,0.17644,0.39453,0.16132,0.38198,0.21762,0.26165,0.36897,0.36282,0.40249,0.13775,0.008775,0.56754,0.33531,0.50749,0.2977,0.47832,0.46314,0.51922,0.62908,0,0,0.060253,0.11767,0.26563,0,0.12083,0.080585
0.22754,0.355,0,0.37395,0.67479,0.77595,0.17792,0.39942,0.55846,0.53071,0,0.10527,0.182,0.07181,0.44863,0.54808,0.3927,0.36057,0.12098,0.22822,0.72694,0.6822,0,0.22597,0.41498,0.67218,0.86797,1,0.27159,0.38931,0.38356,0.24877,0.23975,0.31873,0.071782,0,0.41654,0.45451,0.29072,0.44771,0.17255,0.33863,0.17652,0.28661,0.3919,0.41413,0.18579,0.16706,0.41612,0.3835,0.22755,0.37663,0.23623,0.19977,0.31457,0.22288,0.31671,0.42868,0.39021,0.41849,0.35399,0.40605,0.35361,0.3445,0.46492,0.43922,0.36858,0.38274,0.43549,0.37476,0.32094,0.11421,0.40582,0.33331,0.36412,0.22563,0.18631,0.38996,0.21435,0.17018,0.38726,0.41562,0.64166,0.46747,0.29678,0.26399,0.41642,0.34717,0.20028,0.11877,0.41045,0.21757,0.35209,0.26396,0.09069,0.26089,0.28735,0.38755,0.18073,0.10725,0.57139,0.35124,0.58436,0.37268,0.49797,0.48713,0.45966,0.56805,0,0,0.14578,0.19985,0.31187,0.045476,0.069076,0.032631
0.38002,0.40645,0.049689,0.24921,0.26856,0.30415,0.27513,0.35131,0.2894,0.18981,0.34646,0.44988,0.41713,0.46293,0.40236,0.24453,0.44374,0.35169,0.18025,0.29991,0.26443,0.067064,0.070592,0,0.26289,0.30036,0.26512,0.27159,1,0.60291,0.36274,0.34972,0.34224,0.33799,0.097135,0,0.40707,0.44315,0.51497,0.34209,0.49176,0.44011,0.20676,0.30999,0.44719,0.51542,0.19804,0.29504,0.3961,0.36589,0.24941,0.43421,0.325,0.34011,0.34602,0.22218,0.27802,0.30127,0.33965,0.33876,0.28611,0.26664,0.31188,0.28719,0.41703,0.41853,0.384,0.4321,0.34442,0.37477,0.058669,0,0.53929,0.54989,0.34167,0.35835,0.30349,0.052332,0.60218,0.16463,0.6592,0.43795,0.61238,0.48595,0.52,0.33982,0.36187,0.19203,0.15093,0.14228,0.42325,0.52698,0.40008,0.40379,0.22147,0.27174,0.32897,0.34103,0.37864,0.39153,0.3593,0.3614,0.40699,0.29483,0.41294,0.36348,0.24232,0.2223,0,0,0.11638,0.31166,0.43341,0.302,0.13377,0.060013
0.070174,0.35731,0,0.30762,0.29968,0.40551,0.14503,0.50787,0.29231,0.42369,0.11052,0.45305,0.16977,0.37805,0.21813,0.34448,0.35069,0.44556,0,0.083568,0.34311,0.23446,0.039216,0.16987,0.19634,0.45367,0.43178,0.38931,0.60291,1,0.29191,0.26753,0.13618,0.16549,0.13113,0.10103,0.49737,0.48607,0.48987,0.47543,0.42262,0.44314,0.35376,0.43882,0.33221,0.43279,0.38857,0.41181,0.31662,0.37385,0.26054,0.48344,0.42961,0.42056,0.4535,0.48255,0.098393,0.30671,0.23401,0.24239,0.13049,0.18501,0.19004,0.17912,0.34266,0.43132,0.34615,0.34237,0.24147,0.26636,0.090109,0,0.41926,0.60929,0.34064,0.19412,0.12837,0.040751,0.48016,0.48535,0.55063,0.5553,0.67709,0.661,0.4732,0.49679,0.47879,0.39283,0.3653,0.4188,0.63468,0.50685,0.62751,0.39836,0.47111,0.50174,0.49377,0.58154,0.40507,0.31323,0.60373,0.39458,0.5155,0.3241,0.42194,0.45689,0.44275,0.35598,0,0,0,0.30182,0.43484,0.17227,0.10749,0
0.40672,0.46134,0.34356,0.64171,0.45523,0.36878,0.3485,0.55546,0.43481,0.15551,0.27613,0.48512,0.24294,0.4507,0.44666,0.38153,0.24623,0.35736,0.39163,0.55925,0.30026,0.19141,0.50787,0.40427,0.73617,0.42546,0.27295,0.38356,0.36274,0.29191,1,0.86624,0.53131,0.60764,0.40784,0.26998,0.2685,0.29659,0.36238,0.34315,0.2885,0.38206,0.37576,0.49551,0.6093,0.64411,0.34921,0.45222,0.40482,0.35588,0.45317,0.50117,0.36495,0.28169,0.23333,0.14155,0.31177,0.2416,0.31122,0.27417,0.28003,0.20794,0.24505,0.31497,0.28418,0.41713,0.4016,0.47518,0.35769,0.35194,0.3768,0.069449,0.40687,0.30249,0.44283,0.34272,0.3192,0.2111,0.42281,0,0.32581,0.2551,0.44642,0.31285,0.5303,0.45557,0.19384,0.045264,0.31462,0.15815,0.21213,0.36601,0.31914,0.41679,0.12008,0.22911,0.32259,0.32077,0.32298,0.34653,0.33866,0.29786,0.42109,0.3773,0.35086,0.34539,0.14766,0.18785,0,0,0.40787,0.53916,0.51003,0.32961,0.14921,0.13478
0.30649,0.40113,0.42123,0.69409,0.37166,0.24871,0.32375,0.59106,0.31509,0.017136,0.3057,0.57182,0.188,0.48171,0.31809,0.3148,0.088736,0.16786,0.37818,0.50284,0.11888,0.054302,0.62312,0.54249,0.70142,0.35462,0.15911,0.24877,0.34972,0.26753,0.86624,1,0.44271,0.54648,0.39579,0.35291,0.11652,0.14303,0.25337,0.1567,0.15758,0.16504,0.29727,0.41317,0.44729,0.46303,0.28766,0.36665,0.20456,0.16708,0.35787,0.42518,0.27561,0.15762,0.12109,0,0.14114,0.041951,0.1566,0.10542,0.12977,0.050117,0.048831,0.1077,0.091215,0.28871,0.28592,0.37202,0.1946,0.23309,0.32734,0.12493,0.28396,0.2688,0.41798,0.2867,0.25439,0.11619,0.3613,0,0.20917,0.050822,0.29997,0.30354,0.56032,0.4184,0.10568,0,0.31809,0.099305,0.077277,0.2358,0.20597,0.28381,0.066576,0.095747,0.18953,0.17272,0.24361,0.27367,0.23099,0.1797,0.30977,0.30198,0.21057,0.16433,0.066383,0.11911,0,0.040888,0.40902,0.43775,0.3814,0.30256,0.036646,0.092348
0.47237,0.70067,0.15128,0.36506,0.24882,0.23677,0.099195,0.41669,0.23628,0.019319,0,0.37707,0.20908,0.5231,0.48167,0.17451,0.45244,0.4538,0.22731,0.70515,0.25593,0.12266,0.17746,0.069416,0.40308,0.13358,0.068299,0.23975,0.34224,0.13618,0.53131,0.44271,1,0.91879,0,0,0.38103,0.31427,0.094071,0.17073,0.39308,0.43524,0.077805,0.21257,0.24823,0.58639,0.11588,0.3239,0.47995,0.56593,0.21585,0.44445,0.26586,0.35592,0.09974,0,0.66101,0.4966,0.74656,0.68338,0.67638,0.57646,0.55163,0.63377,0.47926,0.58437,0.72416,0.73375,0.74209,0.76517,0.12402,0,0.47252,0.44853,0.50494,0.53607,0.59685,0.34099,0.27596,0,0.49163,0.4356,0.3539,0.21439,0.3394,0.13518,0,0,0,0,0.30484,0.42534,0.25751,0.46534,0,0.050486,0.12466,0.14044,0.25599,0.30019,0.22665,0.34293,0.41706,0.49577,0.40617,0.49293,0,0.11804,0,0.26446,0.46265,0.42863,0.34969,0.55104,0.34375,0.3672
0.50624,0.71657,0.19625,0.50951,0.40024,0.33649,0.27137,0.55319,0.38513,0.11451,0.039815,0.39075,0.22698,0.47799,0.52502,0.25573,0.43999,0.47284,0.32267,0.77391,0.36162,0.24409,0.30194,0.22313,0.45717,0.25488,0.15813,0.31873,0.33799,0.16549,0.60764,0.54648,0.91879,1,0.085807,0.044731,0.44749,0.38487,0.092604,0.19861,0.37664,0.45503,0.072905,0.32707,0.33961,0.63223,0.14242,0.35745,0.50158,0.56012,0.2903,0.47409,0.27702,0.29933,0.089135,0,0.66838,0.53514,0.69691,0.66523,0.64663,0.61666,0.55492,0.6331,0.46164,0.59892,0.71182,0.7568,0.72207,0.76357,0.17502,0,0.55203,0.47648,0.59299,0.52031,0.5837,0.38176,0.26374,0,0.45049,0.41164,0.37358,0.2061,0.3653,0.18776,0,0,0,0,0.28111,0.39473,0.32262,0.45068,0,0.055362,0.13065,0.15574,0.27028,0.30711,0.31415,0.3048,0.48391,0.50983,0.48664,0.49808,0.015104,0.17893,0,0.24876,0.54465,0.4522,0.37438,0.52724,0.34003,0.36029
0.16382,0.045439,0.30149,0.52595,0.27419,0.21433,0.52379,0.45178,0.27647,0.24282,0.32096,0.23746,0.18931,0.072233,0,0.20075,0,0.098209,0.33532,0.18858,0.061492,0.11691,0.49596,0.55105,0.30389,0.33507,0.030692,0.071782,0.097135,0.13113,0.40784,0.39579,0,0.085807,1,0.7559,0.096801,0.098682,0.13111,0.067835,0.066757,0.010141,0.31469,0.44456,0.45898,0.29751,0.26893,0.15479,0.16353,0.029511,0.47988,0.24129,0.2036,0.021856,0.0014606,0.095908,0,0,0,0,0,0,0,0,0.032223,0.072386,0,0.080929,0,0,0.23678,0.26443,0.20405,0.046543,0.26061,0.079898,0.016232,0.24376,0.18539,0.05356,0,0,0.09124,0.052944,0.20276,0.40166,0.038867,0.13704,0.31449,0.17214,0.034115,0.13341,0.14666,0.1109,0,0.032939,0.068318,0.12543,0.1003,0.021221,0.16046,0,0.09641,0.0076337,0.037858,0,0.007991,0.13561,0.028399,0.013029,0.26102,0.21773,0.21206,0.11995,0,0
0,0,0.39204,0.47844,0.025974,0,0.34885,0.35591,0,0.020846,0.13483,0.20642,0,0.081424,0,0.030625,0,0,0.16752,0.068554,0,0,0.5577,0.55653,0.23598,0.12726,0,0,0,0.10103,0.26998,0.35291,0,0.044731,0.7559,1,0,0,0,0,0,0,0.26474,0.37691,0.21973,0.11215,0.21169,0.093752,0,0,0.27318,0.099343,0.02832,0,0,0,0,0,0,0,0,0,0,0,0,0,0,0,0,0,0.23826,0.37017,0.056148,0.059197,0.13894,0,0,0.1065,0.085682,0,0,0,0,0,0.091381,0.30578,0,0,0.20349,0.10201,0,0,0.059863,0,0,0,0,0.010045,0,0,0,0,0,0,0,0,0,0.036641,0.090293,0.034386,0.1312,0.065389,0.023916,0.15117,0.056991,0.061223
0.29184,0.46431,0,0.29862,0.33991,0.49939,0.27112,0.42437,0.39288,0.46835,0,0.16435,0.18687,0.16454,0.35682,0.45023,0.5517,0.54835,0,0.32184,0.50604,0.41438,0,0.099204,0.16903,0.41027,0.39825,0.41654,0.40707,0.49737,0.2685,0.11652,0.38103,0.44749,0.096801,0,1,0.71287,0.448,0.56164,0.60806,0.57868,0.11019,0.27162,0.39044,0.54536,0.26523,0.40827,0.49827,0.56626,0.21994,0.39629,0.49341,0.45639,0.48076,0.42467,0.60376,0.60976,0.65705,0.5811,0.5969,0.53377,0.65066,0.5516,0.55051,0.5433,0.68589,0.65792,0.65057,0.62671,0.022402,0,0.57486,0.41816,0.3526,0.32231,0.35157,0.29964,0.2746,0.4064,0.68905,0.70879,0.65363,0.55144,0.3267,0.43499,0.36038,0.29226,0.15047,0.27409,0.5526,0.54155,0.55489,0.47513,0.19728,0.43049,0.52921,0.51162,0.44198,0.28491,0.52701,0.35973,0.54642,0.42639,0.58654,0.67398,0.47526,0.30949,0,0.027763,0.30863,0.42843,0.47669,0.29011,0.2736,0.20123
0.38082,0.42792,0,0.32701,0.41377,0.5391,0.33143,0.41551,0.45062,0.4726,0.044767,0.20599,0.24338,0.20721,0.42981,0.4706,0.47485,0.58936,0.15646,0.35804,0.46499,0.38995,0.058484,0.07865,0.21957,0.3604,0.39248,0.45451,0.44315,0.48607,0.29659,0.14303,0.31427,0.38487,0.098682,0,0.71287,1,0.46255,0.72511,0.55917,0.70001,0.31435,0.36616,0.46323,0.60218,0.29456,0.42585,0.51542,0.56875,0.34981,0.47948,0.41888,0.45599,0.46093,0.4839,0.48093,0.71977,0.51341,0.62059,0.46519,0.59049,0.53189,0.59396,0.56055,0.57605,0.51775,0.55281,0.55746,0.59341,0.075789,0,0.55742,0.44041,0.34426,0.37883,0.33364,0.26086,0.37277,0.48867,0.63572,0.7127,0.73626,0.57593,0.40695,0.48483,0.54872,0.42738,0.3096,0.33533,0.53113,0.55456,0.62919,0.62687,0.28717,0.45249,0.57523,0.59133,0.48812,0.4031,0.60467,0.49641,0.68255,0.4904,0.74092,0.56675,0.5565,0.39938,0,0,0.27292,0.45298,0.53338,0.38843,0.14864,0
0.21967,0.13895,0,0.18204,0.13981,0.26459,0.14848,0.17584,0.15851,0.16786,0.24648,0.34871,0.27621,0.26966,0.26494,0.22122,0.15573,0.21503,0.051342,0.047819,0.16582,0,0.064264,0.01592,0.29807,0.29031,0.30161,0.29072,0.51497,0.48987,0.36238,0.25337,0.094071,0.092604,0.13111,0,0.448,0.46255,1,0.70796,0.58083,0.49562,0.56998,0.34504,0.44461,0.39691,0.53927,0.55192,0.30518,0.25852,0.30003,0.34545,0.51129,0.44587,0.81599,0.65303,0.12613,0.18561,0.18597,0.11133,0.16703,0.090442,0.067291,0.14341,0.24928,0.22946,0.22566,0.18491,0.23727,0.19039,0.032126,0,0.22906,0.11346,0.1154,0.011188,0.07926,0,0.61912,0.16346,0.54681,0.33184,0.59475,0.5799,0.60395,0.43509,0.68974,0.49216,0.46642,0.51906,0.47848,0.5204,0.48212,0.45585,0.55417,0.60877,0.74982,0.76022,0.64522,0.63691,0.41393,0.39802,0.46769,0.3621,0.32172,0.32236,0.56169,0.068325,0,0,0,0.52252,0.64363,0.17798,0,0
0.35046,0.34322,0,0.19832,0.29839,0.52657,0.12776,0.26228,0.29991,0.42595,0.090575,0.26977,0.23108,0.20237,0.38137,0.38852,0.328,0.46177,0.15248,0.21641,0.40342,0.28057,0,0,0.24846,0.3665,0.4288,0.44771,0.34209,0.47543,0.34315,0.1567,0.17073,0.19861,0.067835,0,0.56164,0.72511,0.70796,1,0.47575,0.6475,0.44795,0.31489,0.43253,0.51453,0.364,0.48164,0.49579,0.50865,0.36928,0.4906,0.45237,0.4648,0.72151,0.69361,0.32828,0.55905,0.37854,0.40979,0.33401,0.4244,0.31704,0.42578,0.48859,0.48795,0.38085,0.37145,0.42945,0.40031,0.065165,0,0.37298,0.30093,0.23776,0.20637,0.27659,0.12017,0.46436,0.43068,0.56684,0.60075,0.72458,0.65295,0.46629,0.39796,0.67142,0.575,0.40522,0.4165,0.53976,0.48497,0.61699,0.62119,0.50933,0.71616,0.70699,0.74967,0.55969,0.50474,0.65645,0.58962,0.70345,0.50759,0.60378,0.51253,0.65592,0.31958,0,0,0.092943,0.49325,0.61952,0.2918,0.016802,0
0.41275,0.37692,0,0.16383,0.11225,0.16952,0.21231,0.27073,0.14641,0.093688,0.1745,0.37342,0.35821,0.39846,0.34253,0.060547,0.44273,0.52014,0.059722,0.25247,0.17547,0.023267,0.053395,0,0.10215,0.13384,0.07485,0.17255,0.49176,0.42262,0.2885,0.15758,0.39308,0.37664,0.066757,0,0.60806,0.55917,0.58083,0.47575,1,0.67856,0.42413,0.36345,0.39457,0.54414,0.52803,0.62596,0.49505,0.52889,0.38436,0.40208,0.52891,0.59624,0.49176,0.43248,0.44791,0.44442,0.47166,0.42521,0.49078,0.37449,0.44178,0.49807,0.49521,0.45861,0.44113,0.41474,0.49036,0.48439,0,0,0.42599,0.31065,0.32068,0.26861,0.23219,0,0.52678,0.22812,0.6176,0.524,0.48335,0.30989,0.48346,0.31108,0.32482,0.071655,0.25331,0.27896,0.53118,0.60091,0.47391,0.51348,0.30719,0.38973,0.56151,0.60889,0.62699,0.57479,0.33328,0.39954,0.4532,0.42942,0.41172,0.46323,0.34235,0.068736,0,0,0.10284,0.5835,0.53939,0.375,0.06327,0
0.48138,0.53488,0.0099279,0.24908,0.35666,0.36084,0.22855,0.32715,0.39726,0.24516,0.17402,0.34474,0.34478,0.35648,0.5208,0.27527,0.53472,0.58749,0.22631,0.44634,0.40725,0.25663,0.050887,0,0.27622,0.26281,0.29877,0.33863,0.44011,0.44314,0.38206,0.16504,0.43524,0.45503,0.010141,0,0.57868,0.70001,0.49562,0.6475,0.67856,1,0.32586,0.37921,0.46355,0.66033,0.32965,0.51695,0.57929,0.67207,0.44203,0.5232,0.50481,0.57189,0.48067,0.48356,0.54033,0.62318,0.51936,0.57323,0.49918,0.5443,0.5363,0.60429,0.58875,0.57357,0.51834,0.51503,0.59545,0.59429,0.032391,0,0.53983,0.42453,0.39315,0.3468,0.39423,0.17229,0.42466,0.37229,0.60631,0.61507,0.64458,0.37727,0.44354,0.31437,0.40926,0.18263,0.31265,0.24078,0.63522,0.63328,0.62501,0.63554,0.30644,0.45276,0.55034,0.59072,0.61318,0.52809,0.52182,0.48261,0.64143,0.53091,0.639,0.56488,0.41485,0.29194,0,0,0.19796,0.58724,0.64612,0.37314,0.20783,0.059472
0.19728,0,0.42072,0.32855,0.16847,0.13526,0.33571,0.28227,0.12506,0.1227,0.22638,0.33487,0.25484,0.33447,0.13674,0.10071,0,0.14507,0.29254,0.072749,0,0,0.4654,0.26757,0.3797,0.16576,0.12543,0.17652,0.20676,0.35376,0.37576,0.29727,0.077805,0.072905,0.31469,0.26474,0.11019,0.31435,0.56998,0.44795,0.42413,0.32586,1,0.73205,0.54332,0.4475,0.80314,0.71639,0.29999,0.23147,0.62033,0.38433,0.56735,0.56312,0.49786,0.59274,0,0.051499,0,0,0,0,0,0.028955,0.13431,0.15489,0.04473,0.093945,0,0.012449,0,0,0,0.046813,0.12557,0.096788,0,0,0.48941,0.036056,0.22139,0.14733,0.40382,0.36104,0.55786,0.51414,0.49608,0.29625,0.61837,0.61508,0.42831,0.51704,0.56647,0.54924,0.53926,0.49364,0.63028,0.72117,0.6222,0.60287,0.37419,0.47934,0.38145,0.41011,0.21171,0.11725,0.42094,0.11404,0,0,0,0.59014,0.57104,0.30583,0,0
0.20506,0.17066,0.34398,0.59754,0.41988,0.33393,0.55252,0.55203,0.44559,0.35086,0.14323,0.29021,0.19758,0.29208,0.26424,0.22634,0.16735,0.39087,0.31774,0.32283,0.23579,0.085179,0.49207,0.41252,0.50628,0.40828,0.20908,0.28661,0.30999,0.43882,0.49551,0.41317,0.21257,0.32707,0.44456,0.37691,0.27162,0.36616,0.34504,0.31489,0.36345,0.37921,0.73205,1,0.66787,0.66745,0.6253,0.67688,0.41639,0.36456,0.6457,0.52977,0.4707,0.48394,0.30152,0.39578,0.11369,0.22855,0.095289,0.11566,0.068693,0.07961,0.11676,0.15954,0.20647,0.28107,0.23065,0.31797,0.16756,0.20099,0.070758,0,0.26692,0.21284,0.31478,0.2576,0.10164,0.060209,0.47062,0.2351,0.32841,0.31555,0.42647,0.30583,0.49354,0.62451,0.29627,0.13653,0.48237,0.46621,0.45979,0.54583,0.57493,0.47069,0.29973,0.34051,0.47535,0.5508,0.53935,0.50863,0.45283,0.34134,0.43978,0.36419,0.30517,0.21394,0.27542,0.20594,0,0,0.23501,0.53714,0.57081,0.33121,0,0
0.41045,0.2676,0.195,0.54736,0.42746,0.42791,0.63067,0.48276,0.47822,0.37429,0.22498,0.28286,0.29114,0.26145,0.39466,0.37913,0.2934,0.36186,0.34276,0.35352,0.29903,0.18093,0.31263,0.28624,0.51878,0.45274,0.30015,0.3919,0.44719,0.33221,0.6093,0.44729,0.24823,0.33961,0.45898,0.21973,0.39044,0.46323,0.44461,0.43253,0.39457,0.46355,0.54332,0.66787,1,0.81385,0.42213,0.5186,0.66568,0.4609,0.68866,0.51663,0.56221,0.54796,0.37695,0.4156,0.26997,0.30815,0.22183,0.19889,0.21842,0.17709,0.34169,0.29406,0.42255,0.37394,0.3747,0.4262,0.28717,0.24482,0.1392,0,0.34957,0.12989,0.21475,0.17345,0.069669,0.11225,0.44969,0.13304,0.44245,0.38168,0.5619,0.37105,0.43374,0.49021,0.38565,0.26702,0.37194,0.34279,0.42026,0.47766,0.44861,0.46974,0.23744,0.34394,0.49495,0.54706,0.54081,0.45675,0.42672,0.38134,0.51478,0.39201,0.41638,0.30089,0.42277,0.29522,0,0,0.33193,0.56974,0.59153,0.26529,0.002067,0
0.53078,0.60872,0.13661,0.5848,0.48421,0.52377,0.53269,0.65172,0.55046,0.43262,0.1575,0.41111,0.37874,0.48835,0.53342,0.38349,0.57198,0.6599,0.32675,0.58339,0.39826,0.25834,0.24914,0.18095,0.49755,0.45026,0.26298,0.41413,0.51542,0.43279,0.64411,0.46303,0.58639,0.63223,0.29751,0.11215,0.54536,0.60218,0.39691,0.51453,0.54414,0.66033,0.4475,0.66745,0.81385,1,0.39402,0.58337,0.78855,0.77736,0.65065,0.75836,0.55283,0.64036,0.38086,0.34393,0.55403,0.60946,0.54946,0.54556,0.49249,0.47884,0.5963,0.59813,0.64606,0.69007,0.64062,0.71711,0.60032,0.6121,0.1411,0,0.56125,0.37818,0.42314,0.4362,0.37691,0.28009,0.5133,0.28722,0.64183,0.65346,0.65519,0.45532,0.51368,0.49678,0.27952,0.15349,0.27265,0.21811,0.59688,0.67279,0.57915,0.66853,0.19891,0.38728,0.501,0.55562,0.5773,0.52658,0.56077,0.53031,0.68521,0.55965,0.59132,0.52432,0.35417,0.32127,0,0.083781,0.46425,0.65094,0.68347,0.52647,0.22184,0.11521
