1,0.72774,0.47927,0.43484,0.16935,0.22333,0.41611,0.34866,0.050666,0.25248,0.44721,0.52855,0.37197,0.48107,0.32615,0.40163,0.50717,0.3644,0.62788,0.43362,0,0,0.33629,0.35601,0.137,0.18536,0.23018,0.27851,0.50377,0.36141,0.15769,0.19523,0.53771,0.54978,0.31298,0.3082,0.0061456,0.18855,0.26374,0.11487,0.23317,0.26734,0.27856,0.39204,0.30934,0.24347,0.38632,0.36746,0.19187,0.064899,0.3127,0.20237,0.2134,0.14712,0.13129,0.36138,0.69763,0.53863,0.55438,0.16553,0.76311,0.42803,0.4756,0.47166,0.43664,0.33934,0.45103,0.39597,0.5819,0.34818,0,0.052201,0.22434,0.058621,0,0.29615,0.12123,0.20782,0.3781,0.11919,0.44581,0.41237,0.60386,0.56664,0.42863,0.5012,0.38761,0.31801,0.24057,0.5656,0.25455,0.42965,0.19113,0.39574,0.074874,0.17107,0.48986,0.37493,0.29707,0.38365,0.2408,0.25866,0.23166,0.37681,0.39842,0.47997,0.10748,0.36126,0.026683,0.22419,0.38594,0.31287,0.24067,0.37374,0.38074,0.1276
0.72774,1,0.22335,0.52288,0.30773,0.40545,0.20263,0.56753,0.23468,0.41217,0.35126,0.58376,0.12771,0.51238,0.50501,0.53238,0.43697,0.29991,0.55223,0.5836,0,0,0.1729,0.19601,0.16888,0.27062,0.34833,0.37779,0.37086,0.38353,0.06978,0.090495,0.63278,0.61906,0.31369,0.26289,0.10184,0.25031,0.2209,0.11466,0.21939,0.30438,0.28977,0.38068,0.40602,0.38546,0.43924,0.39867,0.27065,0.2083,0.25865,0.13386,0.19745,0.19088,0.12173,0.23041,0.44615,0.54934,0.53608,0.33424,0.5929,0.58636,0.49062,0.58173,0.37416,0.29319,0.45409,0.39168,0.54287,0.31984,0,0.051023,0.15408,0.24329,0,0.23164,0.31732,0.3786,0.1987,0.18257,0.39304,0.42982,0.47086,0.49167,0.29433,0.3742,0.29549,0.15218,0.24984,0.38591,0.32096,0.37966,0.33077,0.32253,0.060049,0.11818,0.45945,0.38795,0.32564,0.38887,0.37141,0.22206,0.31567,0.36982,0.5238,0.47428,0.13383,0.20356,0.019273,0.30621,0.45259,0.39849,0.37239,0.40655,0.4118,0.067101
0.47927,0.22335,1,0.52309,0.0020375,0.0070363,0.85713,0.30882,0,0.019948,0.13856,0.18763,0.51062,0.27435,0,0.040481,0.0036299,0.060838,0.51934,0.24558,0.083747,0,0.79896,0.69388,0.01199,0.10415,0.10552,0.054856,0.28247,0.063947,0.43283,0.49191,0.35134,0.34784,0.27774,0.28748,0,0,0,0,0.11075,0.0078355,0.25263,0.2606,0.34848,0.28043,0.21448,0.22426,0.13551,0.047977,0.25994,0.086525,0.15639,0.1311,0.0096478,0.30215,0.30901,0.19101,0.26643,0.075491,0.34892,0.17909,0.057823,0.17083,0.42176,0.28308,0.38026,0.37407,0.38027,0.18882,0,0.17661,0.17737,0,0,0.15628,0,0,0.11568,0,0.075761,0.14966,0.42378,0.27001,0.27927,0.3941,0.23837,0.2262,0.18569,0.47403,0.15096,0.39164,0.12817,0.35934,0.20061,0.23552,0.31586,0.24911,0.24454,0.21706,0.16112,0.24543,0.20132,0.27119,0.14903,0.29476,0.12961,0.053563,0.14403,0.12866,0.29603,0.25809,0.10959,0.31246,0.23901,0.15639
0.43484,0.52288,0.52309,1,0.37529,0.36398,0.57647,0.8238,0.37839,0.44486,0.14279,0.26323,0.25847,0.32568,0.36673,0.42603,0.1752,0.12406,0.71451,0.69335,0,0,0.42509,0.53978,0.24305,0.33225,0.17051,0.15722,0.39696,0.37876,0.076311,0.068581,0.68974,0.65344,0.53723,0.48256,0.22125,0.26807,0.13195,0.055104,0.3543,0.33194,0.53147,0.51732,0.61705,0.55199,0.5997,0.58169,0.31621,0.28425,0.46916,0.19209,0.46024,0.43955,0.2807,0.38699,0.13618,0.30344,0.36418,0.30439,0.37285,0.42127,0.27499,0.35571,0.56152,0.23516,0.6643,0.62409,0.48562,0.31081,0,0.2833,0.34984,0.26652,0.054378,0.26431,0.33347,0.35837,0.15002,0.13496,0.29938,0.45647,0.55643,0.47073,0.35799,0.53486,0.25551,0.1277,0.39298,0.40697,0.49247,0.52256,0.54131,0.53939,0.16347,0.25002,0.51267,0.47987,0.52364,0.33864,0.53473,0.51016,0.51732,0.47386,0.51081,0.51725,0.15813,0.12184,0.069501,0.24878,0.61651,0.52733,0.40863,0.59675,0.44187,0.19861
0.16935,0.30773,0.0020375,0.37529,1,0.92609,0,0.38632,0.56763,0.86192,0,0.067803,0,0.25597,0.70216,0.60641,0.14132,0,0.077062,0.24916,0,0,0,0.043683,0.74034,0.84824,0.68463,0.67562,0.028446,0,0,0,0.23155,0.11091,0.32916,0.42369,0.16685,0.079899,0.062233,0.028107,0.039728,0,0.28794,0.20249,0.33909,0.30849,0.288,0.30754,0.27399,0.28081,0.23381,0.14178,0.16658,0.23192,0.067047,0,0,0.13865,0.40242,0.37879,0.02293,0.19245,0.082823,0.092784,0.27846,0.13739,0.41996,0.38135,0.24184,0.18024,0,0,0,0,0,0,0.27318,0.27027,0,0.073535,0.056409,0.20372,0.1135,0.064829,0.07046,0.21146,0,0,0.044649,0,0.35024,0.24375,0.40297,0.32144,0,0,0.18081,0.2012,0.20211,0.12989,0.28547,0.24821,0.10739,0.19436,0.32291,0.22414,0.037789,0,0,0.21847,0.36948,0.26262,0.37883,0.31362,0.24052,0.026759
0.22333,0.40545,0.0070363,0.36398,0.92609,1,0,0.41213,0.56339,0.91321,0,0.15427,0,0.29668,0.75651,0.691,0.1408,0,0.12785,0.27668,0,0,0,0.073875,0.67244,0.81479,0.67226,0.76164,0.013054,0,0,0,0.23095,0.1255,0.30448,0.40703,0.17804,0.088142,0.042491,0.0023252,0.049516,0,0.26449,0.2032,0.32178,0.31948,0.26779,0.30103,0.30952,0.34348,0.24916,0.18318,0.19752,0.25231,0.055194,0,0,0.15894,0.45971,0.4286,0.039085,0.24407,0.095159,0.11641,0.22984,0.17198,0.39838,0.39258,0.22375,0.1926,0,0,0,0,0,0,0.28966,0.28591,0,0.0060526,0.027815,0.15315,0.10369,0.076722,0.017793,0.1644,0,0,0,0,0.36792,0.30505,0.43776,0.34552,0,0,0.18319,0.19991,0.19944,0.19809,0.34651,0.2511,0.14949,0.24255,0.31294,0.20716,0.063716,0,0,0.27101,0.36416,0.27174,0.38724,0.27747,0.22344,0.0054517
0.41611,0.20263,0.85713,0.57647,0,0,1,0.45034,0.073013,0,0.10674,0.19254,0.56243,0.25024,0,0.00072392,0,0.062823,0.50832,0.30574,0.014205,0,0.69143,0.61282,0.020749,0.075853,0,0,0.34777,0.10437,0.38359,0.4173,0.44405,0.4111,0.29735,0.28865,0,0,0,0,0.23568,0.054415,0.28333,0.31617,0.43663,0.41322,0.281,0.28674,0.18069,0.12362,0.31292,0.111,0.23186,0.22319,0.078569,0.3324,0.23686,0.084574,0.26018,0.064716,0.39863,0.25317,0.19068,0.27426,0.46299,0.29573,0.47401,0.45125,0.33643,0.18994,0,0.24118,0.24738,0,0,0.23355,0,0.024916,0.11675,0,0.14132,0.24483,0.40472,0.29185,0.24451,0.44974,0.15372,0.15971,0.13348,0.53433,0.15687,0.4214,0.13815,0.42186,0.20699,0.26197,0.31481,0.28769,0.34437,0.24726,0.20548,0.31174,0.31383,0.35147,0.2678,0.41807,0.06737,0.075232,0.14886,0.13902,0.33747,0.37639,0.15141,0.42016,0.36017,0.24085
0.34866,0.56753,0.30882,0.8238,0.38632,0.41213,0.45034,1,0.49022,0.48723,0.27811,0.38645,0.30573,0.44592,0.44013,0.52108,0.18518,0.1107,0.64005,0.54898,0,0,0.31862,0.40663,0.19909,0.31382,0.11872,0.17753,0.27417,0.32494,0,0,0.6249,0.59113,0.53915,0.52829,0.17843,0.15347,0.07902,0,0.29986,0.23415,0.39148,0.37173,0.51756,0.53398,0.51037,0.49096,0.26959,0.2569,0.42712,0.2054,0.31871,0.29105,0.19768,0.14009,0,0.28726,0.38506,0.39036,0.3596,0.6781,0.20174,0.35897,0.60654,0.51351,0.64392,0.59747,0.44881,0.27113,0,0.28777,0.22474,0.27245,0.066459,0.22778,0.48305,0.47206,0.032228,0.14932,0.20506,0.36982,0.44278,0.38636,0.27655,0.37415,0.16214,0.033569,0.38503,0.23484,0.41179,0.42568,0.48017,0.46734,0.10957,0.17796,0.45627,0.38993,0.4359,0.26915,0.54122,0.49813,0.56808,0.46341,0.58859,0.49848,0.19737,0.054261,0.047782,0.23624,0.60343,0.52825,0.34394,0.52743,0.44465,0.17743
0.050666,0.23468,0,0.37839,0.56763,0.56339,0.073013,0.49022,1,0.70389,0.02799,0.13426,0,0.19321,0.53756,0.59973,0.071931,0,0.018529,0.13427,0,0,0,0,0.20327,0.28949,0.13145,0.24126,0.025438,0.028124,0,0,0.24132,0.11644,0.26126,0.28185,0.14195,0.016541,0.073811,0,0.045208,0,0.27994,0.2678,0.31814,0.38714,0.34403,0.33217,0.29364,0.31496,0.24617,0.11957,0.2203,0.2589,0.077456,0,0,0.067705,0.357,0.44922,0.017358,0.3581,0.040751,0.16976,0.21488,0.19386,0.3832,0.37275,0.17481,0.074235,0,0,0,0.019709,0,0,0.36542,0.35242,0,0.038853,0.0073905,0.22678,0.055956,0.11302,0.031804,0.13944,0,0,0.12404,0,0.41485,0.30455,0.42955,0.28942,0,0,0.19384,0.24567,0.25882,0.21569,0.36132,0.16251,0.25487,0.2232,0.36941,0.23536,0.017545,0,0,0.26816,0.3937,0.32074,0.34992,0.28276,0.25793,0.037794
0.25248,0.41217,0.019948,0.44486,0.86192,0.91321,0,0.48723,0.70389,1,0,0.15529,0,0.27049,0.78124,0.81436,0.19517,0,0.12899,0.27411,0,0,0,0.029411,0.46429,0.63836,0.4807,0.58579,0.074745,0.0056949,0,0,0.23679,0.15715,0.30482,0.39545,0.18556,0.13131,0.097662,0.063372,0.10939,0,0.27357,0.24799,0.31738,0.30988,0.32921,0.35238,0.26676,0.29695,0.25296,0.18505,0.18432,0.24348,0.053384,0.031196,0,0.19971,0.45737,0.43295,0.11652,0.31868,0.11753,0.17317,0.26456,0.19999,0.4024,0.38599,0.25747,0.18783,0,0,0,0,0,0,0.31528,0.3049,0,0.060779,0.10284,0.20419,0.14673,0.17069,0.047488,0.199,0.0033062,0,0.021757,0,0.38287,0.3338,0.43136,0.36495,0,0,0.21271,0.24701,0.22977,0.23326,0.35162,0.26128,0.17729,0.24485,0.33828,0.25908,0.037113,0,0,0.23534,0.38118,0.26885,0.34562,0.25756,0.21182,0
0.44721,0.35126,0.13856,0.14279,0,0,0.10674,0.27811,0.02799,0,1,0.46626,0.46024,0.35756,0.12363,0.14211,0.41607,0.25462,0.36601,0.081721,0,0,0.32776,0.27278,0,0,0.032858,0.1444,0.19115,0.2633,0.27797,0.32108,0.21495,0.27115,0.36461,0.23606,0,0.003413,0.099125,0.018799,0.022615,0.14951,0.050469,0.019067,0.059262,0.0032975,0.090741,0,0,0,0.055391,0,0,0,0,0,0.15852,0.29633,0.042012,0,0.28667,0.30728,0.091301,0.20877,0.49478,0.47064,0.12155,0.036367,0.23346,6.4033e-05,0.16909,0.14004,0.11013,0.15518,0.10326,0.18144,0.21554,0.2541,0.12364,0.13951,0.16981,0.11239,0.27853,0.16798,0.3653,0.16772,0.19498,0.037685,0.34497,0.23705,0,0,0,0.011557,0,0,0.12187,0,0,0,0,0.034555,0.0057416,0.085349,0.21341,0.13847,0,0.032221,0,0.10083,0.1509,0.063829,0.041305,0.066341,0.011366,0
0.52855,0.58376,0.18763,0.26323,0.067803,0.15427,0.19254,0.38645,0.13426,0.15529,0.46626,1,0.33879,0.7763,0.25013,0.36345,0.44493,0.38154,0.38691,0.22623,0,0,0.20957,0.24516,0.018534,0.084267,0.11003,0.20628,0.36113,0.33119,0.12622,0.17172,0.37503,0.4305,0.25478,0.23323,0.067822,0.067691,0.14455,0.02263,0.21741,0.18878,0.16946,0.27295,0.23266,0.28773,0.27004,0.25177,0.1914,0.1608,0.25605,0.18955,0.13019,0.041228,0,0.02536,0.29798,0.23788,0.3442,0.056244,0.32694,0.39008,0.29286,0.44096,0.26035,0.396,0.25714,0.28109,0.27675,0.075584,0.056751,0.18609,0.25898,0.24165,0.085747,0.32456,0.17784,0.37853,0.21471,0.08156,0.28022,0.282,0.39471,0.35585,0.25394,0.35669,0.16676,0.067787,0.082832,0.37171,0.15154,0.28744,0.18454,0.31296,0.03239,0.063398,0.29134,0.19722,0.16094,0.29018,0.20313,0.16733,0.15046,0.31529,0.30835,0.30765,0.011118,0.25454,0,0.23174,0.24016,0.2285,0.16575,0.15033,0.25973,0.085262
0.37197,0.12771,0.51062,0.25847,0,0,0.56243,0.30573,0,0,0.46024,0.33879,1,0.4274,0,0,0.23532,0.28316,0.33903,0.055183,0.10822,0.081147,0.57458,0.52058,0,0,0,0,0.23462,0.2523,0.3733,0.40286,0.25834,0.32889,0.27312,0.25769,0,0.015705,0.099865,0.023108,0.17601,0.24951,0.034453,0.037234,0.063251,0.043881,0.034317,0,0,0,0.2171,0.1026,0.067831,0,0.072291,0.12655,0.2825,0.2707,0.07447,0,0.47131,0.31793,0.1389,0.22175,0.45214,0.47114,0.25212,0.17341,0.25186,0.15285,0.11303,0.39791,0.25144,0.13203,0.26863,0.36961,0.037448,0.062655,0.17178,0.16346,0.14296,0.14332,0.32943,0.1799,0.35346,0.31249,0.20578,0.11256,0.3531,0.39312,0.020578,0.13001,0,0.12435,0.056792,0.029169,0.18431,0,0.0086434,0,0.033688,0.090508,0.14571,0.078123,0.11118,0.20371,0.027897,0.063952,0,0.013199,0.089283,0.0059581,0,0.15052,0.14721,0.1004
0.48107,0.51238,0.27435,0.32568,0.25597,0.29668,0.25024,0.44592,0.19321,0.27049,0.35756,0.7763,0.4274,1,0.28136,0.33025,0.41357,0.27416,0.33105,0.26445,0.040162,0.018357,0.29072,0.3355,0.20319,0.25839,0.25772,0.32463,0.27848,0.24978,0.022073,0.10306,0.44889,0.46556,0.34569,0.35155,0.1433,0.11984,0.086053,0,0.14257,0.12025,0.13091,0.21891,0.24981,0.31022,0.24653,0.2384,0.20027,0.15504,0.27145,0.20015,0.11447,0.082567,0,0.033293,0.31752,0.34133,0.47998,0.23815,0.3812,0.44531,0.29656,0.411,0.28552,0.43807,0.39762,0.39355,0.40182,0.20821,0.054676,0.095208,0.2428,0.18984,0.15391,0.32263,0.36615,0.45012,0.32988,0.12116,0.27367,0.29498,0.29327,0.24562,0.24791,0.33221,0.13114,0.046638,0.17937,0.28721,0.23684,0.362,0.24895,0.39588,0.086412,0.053737,0.33623,0.18282,0.16461,0.29054,0.23182,0.27613,0.13804,0.29259,0.31876,0.24698,0.16953,0.11717,0.03113,0.25844,0.28983,0.22437,0.15409,0.20299,0.30392,0.077667
0.32615,0.50501,0,0.36673,0.70216,0.75651,0,0.44013,0.53756,0.78124,0.12363,0.25013,0,0.28136,1,0.78771,0.39546,0.18087,0.23692,0.32466,0,0,0,0,0.32501,0.54334,0.56527,0.71995,0.16904,0.17401,0,0,0.31176,0.24165,0.2682,0.30493,0.27441,0.25822,0.19662,0.15605,0.14242,0.13391,0.34794,0.28892,0.30726,0.27227,0.39839,0.40539,0.3629,0.33854,0.37638,0.25351,0.26322,0.2531,0.075166,0,0.064629,0.30199,0.47113,0.43856,0.18699,0.37089,0.1796,0.20271,0.2577,0.23234,0.40949,0.39786,0.38353,0.2304,0,0,0.026106,0.13563,0,0,0.28306,0.31086,0.12153,0.18658,0.22611,0.28609,0.27726,0.25699,0.16863,0.20826,0.054955,0,0.14627,0,0.41878,0.27719,0.40759,0.27446,0.084209,0.13296,0.36107,0.35979,0.28081,0.31422,0.35715,0.22206,0.2066,0.2577,0.38302,0.28146,0.14242,0.083068,0.054823,0.34448,0.4049,0.31843,0.37832,0.24726,0.2975,0.058707
0.40163,0.53238,0.040481,0.42603,0.60641,0.691,0.00072392,0.52108,0.59973,0.81436,0.14211,0.36345,0,0.33025,0.78771,1,0.33453,0.12982,0.27946,0.30354,0,0,0,0.0037474,0.1717,0.4112,0.358,0.53943,0.24622,0.25088,0,0,0.32052,0.29621,0.23038,0.28702,0.21519,0.12301,0.22913,0.095732,0.25288,0.083962,0.2921,0.33554,0.34476,0.35749,0.40204,0.40798,0.29006,0.33549,0.31021,0.24862,0.2435,0.21351,0.1153,0.074998,0.079709,0.24778,0.4634,0.37827,0.24042,0.39652,0.25802,0.28273,0.25074,0.22213,0.40607,0.40876,0.33222,0.18385,0,0,0.013779,0.11452,0,0,0.27844,0.36741,0.10129,0.11219,0.25756,0.32555,0.34192,0.43674,0.1226,0.26432,0.13158,0.019055,0.018326,0.072417,0.34737,0.35365,0.37934,0.38478,0,0.047426,0.37981,0.35115,0.34131,0.32621,0.37909,0.28988,0.2862,0.33505,0.38587,0.33277,0.036418,0.13685,0,0.25667,0.44102,0.36453,0.33834,0.25928,0.25717,0.015105
0.50717,0.43697,0.0036299,0.1752,0.14132,0.1408,0,0.18518,0.071931,0.19517,0.41607,0.44493,0.23532,0.41357,0.39546,0.33453,1,0.64415,0.2488,0.33834,0,0,0.0085644,0,0.095283,0.10199,0.14248,0.27272,0.5932,0.54484,0.15095,0.16893,0.36941,0.4492,0.08405,0.047144,0.26669,0.34943,0.31221,0.24679,0.23353,0.31253,0.14332,0.23916,0.11879,0.083874,0.26162,0.23605,0.017116,0,0.083108,0.0025484,0.15741,0.037255,0.046818,0.17714,0.5469,0.56366,0.1842,0.029772,0.4707,0.27017,0.49737,0.46645,0.24126,0.11942,0.12196,0.093571,0.42196,0.31274,0,0,0.34541,0.34611,0.18454,0.36246,0.097411,0.23664,0.63263,0.51312,0.66442,0.54343,0.43638,0.37017,0.50011,0.36881,0.13708,0.067665,0.2942,0.2705,0.098142,0.049613,0.038847,0.031534,0.13343,0.13612,0.22163,0.18106,0.043556,0.12474,0,0.019734,0,0.042,0.37223,0.34445,0,0.15474,0.1026,0.235,0.10286,0.03223,0.073918,0.11691,0.31031,0.1867
0.3644,0.29991,0.060838,0.12406,0,0,0.062823,0.1107,0,0,0.25462,0.38154,0.28316,0.27416,0.18087,0.12982,0.64415,1,0.20947,0.27877,0,0.027397,0.053689,0.00058726,0,0,0,0.028349,0.57213,0.68117,0.25784,0.21304,0.37871,0.43015,0.058365,0,0.29831,0.27254,0.361,0.25472,0.26493,0.30379,0.31657,0.37392,0.19291,0.10941,0.33525,0.28406,0.16503,0.071612,0.20482,0.084489,0.29822,0.081287,0.1704,0.27962,0.49918,0.55348,0.073374,0,0.43845,0.19384,0.3703,0.37142,0.14881,0.05647,0.13137,0.09467,0.36539,0.28523,0,0.0053692,0.48686,0.42066,0.30451,0.31706,0,0.14971,0.66919,0.70049,0.67438,0.64678,0.39263,0.40167,0.56613,0.43022,0.043419,0.0079361,0.33747,0.34651,0.19398,0.062668,0.14568,0,0.2445,0.25648,0.33575,0.27823,0.16828,0.17216,0.00077429,0,0.0019218,0,0.29405,0.34706,0,0.23856,0.15741,0.27039,0.12952,0.098178,0.11848,0.17243,0.31225,0.29075
0.62788,0.55223,0.51934,0.71451,0.077062,0.12785,0.50832,0.64005,0.018529,0.12899,0.36601,0.38691,0.33903,0.33105,0.23692,0.27946,0.2488,0.20947,1,0.7331,0,0,0.44301,0.55569,0.11,0.15595,0.12457,0.14386,0.44773,0.39446,0.1848,0.17019,0.60911,0.61995,0.44467,0.37903,0.066713,0.21351,0.14229,0.029349,0.32376,0.28253,0.37838,0.41005,0.42105,0.34336,0.42542,0.43004,0.12143,0.06795,0.31041,0.084446,0.29702,0.24192,0.2376,0.32159,0.3476,0.31681,0.24471,0.074453,0.45983,0.39758,0.23308,0.20312,0.58275,0.32011,0.47902,0.43789,0.53121,0.34342,0,0.40211,0.34009,0.18077,0.11435,0.23999,0.23347,0.24925,0.20233,0.095427,0.28729,0.36013,0.66827,0.54211,0.37053,0.4555,0.31931,0.26117,0.3749,0.48215,0.24219,0.39886,0.29118,0.43692,0.16623,0.26433,0.47932,0.39261,0.37052,0.30725,0.41874,0.43384,0.48722,0.46463,0.4179,0.45201,0.24144,0.27261,0.092583,0.16673,0.51664,0.48303,0.31971,0.51893,0.3673,0.17406
0.43362,0.5836,0.24558,0.69335,0.24916,0.27668,0.30574,0.54898,0.13427,0.27411,0.081721,0.22623,0.055183,0.26445,0.32466,0.30354,0.33834,0.27877,0.7331,1,0,0,0.15545,0.25202,0.22907,0.26768,0.20095,0.17791,0.45462,0.42246,0.12924,0.085513,0.63491,0.61256,0.30179,0.22883,0.24817,0.34969,0.19696,0.12057,0.30829,0.35606,0.31836,0.38057,0.42957,0.36118,0.39418,0.40978,0.15548,0.13622,0.18561,0,0.33596,0.29759,0.25526,0.33545,0.36568,0.37791,0.19945,0.11402,0.37898,0.25182,0.45412,0.30769,0.36263,0,0.36895,0.31287,0.44943,0.3829,0,0.16124,0.45462,0.2731,0.10297,0.27632,0.27493,0.29783,0.33706,0.27634,0.44155,0.55372,0.46444,0.43884,0.32171,0.415,0.13305,0.052548,0.29117,0.34952,0.31358,0.31659,0.34018,0.31471,0.16308,0.17573,0.31767,0.3257,0.31723,0.26703,0.30465,0.30374,0.29553,0.26139,0.41585,0.39794,0.055066,0.095816,0.10961,0.18604,0.39192,0.35818,0.37051,0.48241,0.42425,0.17438
0,0,0.083747,0,0,0,0.014205,0,0,0,0,0,0.10822,0.040162,0,0,0,0,0,0,1,0.77665,0.1407,0.037523,0,0,0,0,0,0,0.29478,0.34607,0,0,0,0,0,0,0,0,0,0,0,0,0,0,0,0,0,0,0,0,0,0,0,0,0.089795,0,0,0,0,0,0.052031,0.097837,0,0,0,0,0,0,0.39289,0.1126,0,0,0.23325,0.036341,0,0,0,0,0,0,0,0,0,0,0,0,0,0,0,0,0,0,0.1898,0,0,0,0,0,0,0,0,0,0,0,0,0,0.20526,0.12939,0,0,0,0,0,0.18872
0,0,0,0,0,0,0,0,0,0,0,0,0.081147,0.018357,0,0,0,0.027397,0,0,0.77665,1,0.078062,0,0,0,0,0,0,0,0.28548,0.31607,0,0,0,0,0,0,0,0,0,0,0,0,0,0,0,0,0,0,0,0,0,0,0,0,0,0,0,0,0,0,0.015868,0.08925,0,0,0,0,0,0,0.3519,0.056931,0,0.057643,0.24042,0.055246,0,0,0,0.020931,0,0,0,0,0,0,0,0,0,0,0,0,0,0,0.11911,0,0,0,0,0,0,0,0,0,0,0,0,0,0.14184,0.23933,0,0,0,0,0,0.12372
0.33629,0.1729,0.79896,0.42509,0,0,0.69143,0.31862,0,0,0.32776,0.20957,0.57458,0.29072,0,0,0.0085644,0.053689,0.44301,0.15545,0.1407,0.078062,1,0.80465,0,0.040292,0.073905,0.083265,0.11988,0.036494,0.55196,0.62824,0.29246,0.36855,0.36853,0.32694,0,0,0,0,0,0.064231,0.11045,0.078145,0.17299,0.11823,0.048773,0.012101,0,0,0.15738,0,0,0,0,0.10647,0.2058,0.20839,0.073571,0,0.21691,0.13838,0.035657,0.067205,0.42482,0.33382,0.20338,0.18633,0.29516,0.11105,0.14391,0.3021,0.14593,0.078182,0.042453,0.19225,0.0089818,0,0.058583,0,0,0.0050111,0.25835,0.07511,0.22994,0.21349,0.18155,0.12816,0.19808,0.26559,0,0.12285,0.024301,0.14817,0.12656,0.090224,0.156,0.017644,0.0085463,0,0.04522,0.099979,0.067361,0.077207,0.016935,0.075308,0.12227,0,0.089,0.039182,0.12256,0.052484,0,0.088755,0,0.047629
0.35601,0.19601,0.69388,0.53978,0.043683,0.073875,0.61282,0.40663,0,0.029411,0.27278,0.24516,0.52058,0.3355,0,0.0037474,0,0.00058726,0.55569,0.25202,0.037523,0,0.80465,1,0.13809,0.20046,0.086554,0.10361,0.10821,0.034645,0.22604,0.30516,0.33266,0.37696,0.50852,0.55232,0,0,0,0,0.069866,0.045539,0.19127,0.1979,0.25765,0.21609,0.1444,0.12259,0.030316,0,0.3009,0.083321,0.12573,0.064718,0.084153,0.16296,0.19708,0.18382,0.11441,0,0.22322,0.10202,0,0.01606,0.48189,0.34472,0.37008,0.35933,0.31746,0.2022,0.098516,0.45481,0.15589,0.043093,0.12666,0.21039,0.089041,0.039743,0.016989,0.020631,0,0.061182,0.3519,0.077848,0.28296,0.38126,0.23456,0.11648,0.26674,0.3424,0.11058,0.24884,0.14668,0.27663,0.14558,0.083244,0.2504,0.081168,0.1002,0.06176,0.20602,0.17961,0.21164,0.16297,0.16669,0.16347,0.22652,0.0035555,0.054327,0.073993,0.25774,0.13948,0.00080567,0.19973,0.11316,0.14244
0.137,0.16888,0.01199,0.24305,0.74034,0.67244,0.020749,0.19909,0.20327,0.46429,0,0.018534,0,0.20319,0.32501,0.1717,0.095283,0,0.11,0.22907,0,0,0,0.13809,1,0.88154,0.67564,0.56328,0.14392,0.078301,0,0,0.23934,0.12556,0.35145,0.42012,0.1046,0.051094,0.033199,0,0.084136,0,0.30135,0.23332,0.30405,0.28413,0.22352,0.27071,0.20443,0.21336,0.15355,0.061824,0.14678,0.18394,0.1117,0.0078414,0,0.083986,0.26584,0.16141,0,0,0.049788,0.026128,0.18906,0.010333,0.33525,0.3133,0.15993,0.14517,0,0,0.081594,0,0.043319,0,0.16353,0.1619,0.049716,0.096529,0.11937,0.22768,0.17509,0.054581,0.17597,0.28812,0,0,0.021863,0.075365,0.19387,0.1912,0.30865,0.26417,0,0.0095845,0.19054,0.15872,0.15695,0.092821,0.2133,0.22615,0.10174,0.16676,0.28983,0.23739,0.02056,0.010045,0,0.16955,0.32886,0.24508,0.36292,0.34213,0.25273,0.12049
0.18536,0.27062,0.10415,0.33225,0.84824,0.81479,0.075853,0.31382,0.28949,0.63836,0,0.084267,0,0.25839,0.54334,0.4112,0.10199,0,0.15595,0.26768,0,0,0.040292,0.20046,0.88154,1,0.741,0.66888,0.12769,0.077838,0,0,0.26817,0.1605,0.3722,0.45994,0.18858,0.074258,0.060532,0,0.14093,0,0.34105,0.27809,0.40144,0.37691,0.28628,0.35701,0.32187,0.35028,0.28049,0.16024,0.21146,0.25084,0.10628,0.018207,0,0.11954,0.36438,0.28933,0,0.061695,0.1088,0.085054,0.24843,0.066311,0.42984,0.42727,0.21725,0.1363,0,0,0.072501,0.01092,0.0012102,0,0.20462,0.2203,0.028331,0.09046,0.090228,0.23794,0.20517,0.086307,0.15018,0.30104,0,0,0.013036,0.037584,0.31117,0.29674,0.40102,0.34511,0.047114,0.063391,0.29234,0.25924,0.25602,0.22462,0.31391,0.3017,0.18831,0.26984,0.35948,0.30218,0.053628,0.024103,0.035431,0.24297,0.41029,0.32934,0.41243,0.37027,0.31365,0.13804
0.23018,0.34833,0.10552,0.17051,0.68463,0.67226,0,0.11872,0.13145,0.4807,0.032858,0.11003,0,0.25772,0.56527,0.358,0.14248,0,0.12457,0.20095,0,0,0.073905,0.086554,0.67564,0.741,1,0.82275,0.065519,0,0,0,0.19057,0.11979,0.20409,0.26754,0.012837,0.11037,0,0,0,0,0.16844,0.1136,0.18606,0.17003,0.14989,0.21321,0.23095,0.21016,0.16243,0.087756,0.053771,0.13347,0,0,0.060471,0.13729,0.37964,0.31,0,0.046211,0.025223,0.048219,0.11791,0.033455,0.27931,0.29149,0.28758,0.11788,0,0,0,0,0,0,0.1043,0.12105,0.00015097,0,0.018921,0.078635,0.16669,0.021591,0.085877,0.088761,0,0,0.053883,0,0.19387,0.1345,0.22347,0.22763,0.13888,0.097558,0.20321,0.16161,0.083719,0.17022,0.16423,0.22955,0,0.1779,0.23293,0.13114,0.17222,0,0.1452,0.28796,0.28183,0.21466,0.35883,0.20412,0.22987,0.093508
0.27851,0.37779,0.054856,0.15722,0.67562,0.76164,0,0.17753,0.24126,0.58579,0.1444,0.20628,0,0.32463,0.71995,0.53943,0.27272,0.028349,0.14386,0.17791,0,0,0.083265,0.10361,0.56328,0.66888,0.82275,1,0.087441,0.06305,0,0,0.19692,0.15701,0.18233,0.24876,0.10472,0.14507,0.02904,0.014691,0,0,0.18939,0.098867,0.15577,0.14199,0.1381,0.16001,0.23159,0.21881,0.1978,0.12584,0.15755,0.11794,0,0,0.1387,0.29616,0.37636,0.35066,0.05036,0.14094,0.058632,0.055162,0.12269,0.11539,0.22202,0.23822,0.32633,0.25189,0,0,0,0,0,0,0.1012,0.11904,0.069703,0.038073,0.098001,0.14086,0.17065,0.090606,0.16484,0.10201,0,0,0.14586,0,0.2438,0.11648,0.26113,0.14197,0.10294,0.078192,0.17426,0.12287,0.065012,0.1124,0.19745,0.10448,0,0.090671,0.21014,0.092235,0.18381,0,0.11744,0.31931,0.19765,0.11327,0.26913,0.094344,0.1739,0.0731
0.50377,0.37086,0.28247,0.39696,0.028446,0.013054,0.34777,0.27417,0.025438,0.074745,0.19115,0.36113,0.23462,0.27848,0.16904,0.24622,0.5932,0.57213,0.44773,0.45462,0,0,0.11988,0.10821,0.14392,0.12769,0.065519,0.087441,1,0.71779,0.33764,0.28226,0.5063,0.5062,0.16788,0.10751,0.23169,0.3216,0.36516,0.14638,0.44307,0.29289,0.48832,0.5925,0.42839,0.4033,0.56182,0.58246,0.23424,0.20714,0.24396,0.11281,0.4204,0.2744,0.21978,0.42506,0.43023,0.37048,0.25092,0.0042514,0.43795,0.17802,0.34651,0.4733,0.19294,0.018556,0.35282,0.35029,0.42002,0.24765,0,0.059027,0.5435,0.3372,0.17956,0.40355,0,0.078412,0.6656,0.39895,0.7616,0.70387,0.7754,0.62005,0.5707,0.6075,0.16089,0.045051,0.21569,0.49187,0.23748,0.33366,0.19436,0.22316,0.42432,0.54313,0.51414,0.50641,0.41915,0.3642,0.12608,0.17775,0.14494,0.21421,0.5622,0.67166,0,0.32351,0.4124,0.39351,0.39617,0.38815,0.30559,0.39888,0.62648,0.5251
0.36141,0.38353,0.063947,0.37876,0,0,0.10437,0.32494,0.028124,0.0056949,0.2633,0.33119,0.2523,0.24978,0.17401,0.25088,0.54484,0.68117,0.39446,0.42246,0,0,0.036494,0.034645,0.078301,0.077838,0,0.06305,0.71779,1,0.31971,0.23325,0.56803,0.62644,0.22439,0.11526,0.46464,0.47398,0.49286,0.32411,0.48664,0.52139,0.52871,0.58062,0.43318,0.39223,0.54488,0.55738,0.23513,0.2132,0.25305,0.076414,0.48411,0.32303,0.44956,0.49519,0.34863,0.50353,0.15961,0.099165,0.41734,0.27493,0.35849,0.38799,0.24478,0,0.29966,0.26937,0.38473,0.26043,0,0.075608,0.53455,0.58919,0.31303,0.39189,0.17829,0.32529,0.60071,0.67587,0.74979,0.76958,0.6562,0.70757,0.62334,0.58131,0.32694,0.1622,0.45472,0.45745,0.33257,0.26259,0.33382,0.1283,0.15654,0.25873,0.54914,0.48181,0.43328,0.29096,0.28492,0.13083,0.32389,0.18681,0.49232,0.55235,0,0.37387,0.084466,0.23371,0.38926,0.34684,0.28807,0.4362,0.44807,0.27246
0.15769,0.06978,0.43283,0.076311,0,0,0.38359,0,0,0,0.27797,0.12622,0.3733,0.022073,0,0,0.15095,0.25784,0.1848,0.12924,0.29478,0.28548,0.55196,0.22604,0,0,0,0,0.33764,0.31971,1,0.94876,0.26579,0.35375,0,0,0,0.038069,0.086082,0.00080903,0.13033,0.17336,0.049938,0.039057,0.10701,0.06704,0.035729,0,0,0,0,0,0,0,0,0.15871,0.31552,0.20607,0,0,0.12452,0,0.22707,0.20478,0.086647,0,0,0,0.052383,0,0.23655,0.11845,0.31263,0.24291,0.15257,0.22675,0,0,0.25777,0.06899,0.26642,0.21698,0.21284,0.23595,0.27941,0.094774,0.10507,0.12513,0.087361,0.29196,0,0,0,0,0.080449,0.082082,0.048956,0,0,0,0,0,0,0,0,0.065401,0,0,0.10701,0,0,0,0,0,0,0.078866
0.19523,0.090495,0.49191,0.068581,0,0,0.4173,0,0,0,0.32108,0.17172,0.40286,0.10306,0,0,0.16893,0.21304,0.17019,0.085513,0.34607,0.31607,0.62824,0.30516,0,0,0,0,0.28226,0.23325,0.94876,1,0.21674,0.32637,0.020604,0,0,0,0,0,0.056516,0.09604,0,0,0.07781,0.043154,0,0,0,0,0,0,0,0,0,0.079314,0.33065,0.19556,0,0,0.15463,0,0.25903,0.24554,0.12916,0,0,0,0.064094,0,0.24368,0.068534,0.23617,0.20416,0.11881,0.21086,0,0,0.23671,0.036174,0.19843,0.14182,0.17297,0.14157,0.24147,0.068324,0.10861,0.13173,0.064633,0.24531,0,0,0,0,0.12667,0.064552,0,0,0,0,0,0,0,0,0,0,0,0,0.14557,0.013324,0,0,0,0,0,0.090931
0.53771,0.63278,0.35134,0.68974,0.23155,0.23095,0.44405,0.6249,0.24132,0.23679,0.21495,0.37503,0.25834,0.44889,0.31176,0.32052,0.36941,0.37871,0.60911,0.63491,0,0,0.29246,0.33266,0.23934,0.26817,0.19057,0.19692,0.5063,0.56803,0.26579,0.21674,1,0.92038,0.49691,0.35448,0.36116,0.33148,0.33156,0.17075,0.48164,0.41751,0.57739,0.56984,0.66077,0.62192,0.63568,0.56571,0.33112,0.26592,0.32754,0.012018,0.46925,0.43887,0.45182,0.45737,0.42905,0.54844,0.39629,0.32049,0.57019,0.51117,0.51119,0.5311,0.46009,0.1008,0.61636,0.53984,0.63696,0.44992,0,0.14756,0.43603,0.34113,0.17552,0.28262,0.39776,0.44129,0.36648,0.35249,0.63674,0.74633,0.58824,0.62403,0.59654,0.63469,0.31015,0.2188,0.48719,0.56501,0.41087,0.45212,0.48663,0.42345,0.13544,0.21444,0.6024,0.49815,0.5026,0.35273,0.49257,0.36656,0.44671,0.42909,0.56995,0.54878,0.11542,0.25732,0.037989,0.35966,0.59783,0.56846,0.4839,0.65073,0.53544,0.2186
0.54978,0.61906,0.34784,0.65344,0.11091,0.1255,0.4111,0.59113,0.11644,0.15715,0.27115,0.4305,0.32889,0.46556,0.24165,0.29621,0.4492,0.43015,0.61995,0.61256,0,0,0.36855,0.37696,0.12556,0.1605,0.11979,0.15701,0.5062,0.62644,0.35375,0.32637,0.92038,1,0.39903,0.2797,0.3121,0.37391,0.32445,0.21914,0.4966,0.48672,0.46845,0.49712,0.52149,0.48925,0.52275,0.46138,0.19045,0.13184,0.2665,0,0.4111,0.33525,0.41206,0.44234,0.51892,0.618,0.30354,0.20467,0.60788,0.48318,0.5341,0.50227,0.46583,0.10199,0.47432,0.42321,0.59181,0.43496,0.038177,0.20689,0.44007,0.39918,0.18773,0.3357,0.34144,0.38861,0.4535,0.43134,0.64858,0.70427,0.58755,0.64596,0.61513,0.6114,0.38491,0.30807,0.51076,0.56036,0.31906,0.34609,0.38466,0.32983,0.093458,0.15428,0.52343,0.40342,0.39434,0.27266,0.39617,0.27866,0.37357,0.32417,0.45446,0.46623,0.12655,0.25496,0.0062504,0.20726,0.43454,0.40716,0.32632,0.51037,0.39739,0.13655
0.31298,0.31369,0.27774,0.53723,0.32916,0.30448,0.29735,0.53915,0.26126,0.30482,0.36461,0.25478,0.27312,0.34569,0.2682,0.23038,0.08405,0.058365,0.44467,0.30179,0,0,0.36853,0.50852,0.35145,0.3722,0.20409,0.18233,0.16788,0.22439,0,0.020604,0.49691,0.39903,1,0.85011,0.20734,0.12821,0.068359,0.049617,0.15236,0.15765,0.46226,0.34045,0.48615,0.43004,0.433,0.40467,0.2051,0.074675,0.38548,0.088149,0.15097,0.22291,0.19602,0.1424,0,0.10852,0.25749,0.13786,0.22544,0.33591,0,0.16384,0.63175,0.43891,0.57304,0.5096,0.36549,0.12872,0.03741,0.20496,0.17569,0.21466,0.12883,0.21178,0.47815,0.4849,0.036378,0.10281,0.17715,0.23857,0.37188,0.23481,0.44688,0.45595,0.19006,0.025678,0.34901,0.32345,0.23078,0.3128,0.34938,0.41713,0.025924,0.089134,0.3861,0.25084,0.22003,0.10732,0.31108,0.37712,0.23024,0.33674,0.3636,0.34894,0.1052,0.021224,0,0.20229,0.56673,0.43067,0.37606,0.4672,0.22131,0.058706
0.3082,0.26289,0.28748,0.48256,0.42369,0.40703,0.28865,0.52829,0.28185,0.39545,0.23606,0.23323,0.25769,0.35155,0.30493,0.28702,0.047144,0,0.37903,0.22883,0,0,0.32694,0.55232,0.42012,0.45994,0.26754,0.24876,0.10751,0.11526,0,0,0.35448,0.2797,0.85011,1,0.10786,0.053615,0,0,0.070523,0,0.39241,0.31975,0.38993,0.35721,0.33973,0.3548,0.17213,0.077029,0.42541,0.20805,0.11795,0.15881,0.15169,0.10634,0,0.074118,0.34086,0.18798,0.21348,0.29489,0,0.040057,0.54434,0.48795,0.6075,0.58834,0.35479,0.17689,0,0.17771,0.041696,0.091955,0.031175,0.13759,0.38376,0.35213,0,0.085658,0.057113,0.15631,0.33748,0.15753,0.32947,0.45747,0.15086,0.011051,0.23356,0.23942,0.23775,0.35704,0.33298,0.46524,0.046763,0.088655,0.36442,0.2353,0.20242,0.13191,0.30586,0.43348,0.25569,0.35645,0.359,0.32165,0.16632,0.03456,0,0.14274,0.52937,0.37095,0.28377,0.41412,0.25978,0.095581
0.0061456,0.10184,0,0.22125,0.16685,0.17804,0,0.17843,0.14195,0.18556,0,0.067822,0,0.1433,0.27441,0.21519,0.26669,0.29831,0.066713,0.24817,0,0,0,0,0.1046,0.18858,0.012837,0.10472,0.23169,0.46464,0,0,0.36116,0.3121,0.20734,0.10786,1,0.58751,0.55191,0.47443,0.55058,0.47467,0.31795,0.31192,0.31894,0.28672,0.35536,0.40457,0.27081,0.2767,0.1515,0.06244,0.34952,0.36951,0.39752,0.3883,0.073237,0.30176,0.18751,0.30917,0.1174,0.17235,0.25078,0.18186,0.028006,0,0.24577,0.23288,0.22798,0.19261,0,0,0.41901,0.40754,0.3285,0.17335,0.41987,0.44475,0.40044,0.43386,0.46063,0.43833,0.19068,0.32583,0.27356,0.29146,0.19171,0.12328,0.22951,0.18696,0.37921,0.27009,0.40149,0.1983,0.032722,0.088317,0.30403,0.32161,0.29699,0.27498,0.33675,0.19301,0.25973,0.20663,0.20205,0.21817,0.052611,0.21356,0,0.16407,0.24479,0.24983,0.27262,0.31897,0.17891,0
0.18855,0.25031,0,0.26807,0.079899,0.088142,0,0.15347,0.016541,0.13131,0.003413,0.067691,0.015705,0.11984,0.25822,0.12301,0.34943,0.27254,0.21351,0.34969,0,0,0,0,0.051094,0.074258,0.11037,0.14507,0.3216,0.47398,0.038069,0,0.33148,0.37391,0.12821,0.053615,0.58751,1,0.58244,0.77754,0.42474,0.67668,0.35347,0.25549,0.14469,0.070065,0.33897,0.42201,0.21556,0.10791,0.15719,0.080873,0.42188,0.45644,0.32514,0.51633,0.25058,0.39934,0.28109,0.36483,0.30883,0.26268,0.1714,0.10989,0.037698,0,0.16761,0.16765,0.39342,0.35694,0,0.016166,0.37048,0.40968,0.1745,0.24316,0.34544,0.39955,0.37223,0.34153,0.50456,0.38597,0.26805,0.41311,0.39897,0.26759,0.19682,0.21503,0.40024,0.23722,0.43578,0.29951,0.39142,0.16295,0.13105,0.32509,0.31644,0.43559,0.26386,0.28844,0.32465,0.19744,0.22589,0.21062,0.17733,0.3192,0.19879,0.2257,0.15223,0.11615,0.19811,0.19368,0.30901,0.31369,0.16599,0
0.26374,0.2209,0,0.13195,0.062233,0.042491,0,0.07902,0.073811,0.097662,0.099125,0.14455,0.099865,0.086053,0.19662,0.22913,0.31221,0.361,0.14229,0.19696,0,0,0,0,0.033199,0.060532,0,0.02904,0.36516,0.49286,0.086082,0,0.33156,0.32445,0.068359,0,0.55191,0.58244,1,0.75187,0.67372,0.62047,0.36275,0.30019,0.17303,0.10728,0.37324,0.3929,0.20027,0.18275,0.21243,0.21551,0.41139,0.3532,0.48866,0.5137,0.22085,0.29233,0.21749,0.19086,0.30099,0.11889,0.20679,0.11599,0.008954,0,0.16477,0.13779,0.15311,0.11155,0,0.026036,0.35269,0.21529,0.081559,0.15411,0.21975,0.32258,0.33945,0.34607,0.533,0.42983,0.35048,0.60561,0.35038,0.42743,0.40861,0.26293,0.18954,0.4771,0.40757,0.37398,0.43932,0.29314,0,0.075164,0.40616,0.41512,0.328,0.23921,0.40611,0.11846,0.36697,0.24914,0.13133,0.40603,0,0.5588,0,0.028712,0.28178,0.26849,0.32859,0.36477,0.13304,0
0.11487,0.11466,0,0.055104,0.028107,0.0023252,0,0,0,0.063372,0.018799,0.02263,0.023108,0,0.15605,0.095732,0.24679,0.25472,0.029349,0.12057,0,0,0,0,0,0,0,0.014691,0.14638,0.32411,0.00080903,0,0.17075,0.21914,0.049617,0,0.47443,0.77754,0.75187,1,0.44837,0.6855,0.265,0.10963,0.0035285,0,0.20944,0.24033,0.10841,0,0.061177,0.071291,0.23659,0.29749,0.32128,0.50033,0.14478,0.24697,0.11066,0.20517,0.19922,0.14871,0.1069,0,0,0,0,0,0.1784,0.19991,0,0.019268,0.29055,0.25638,0.090684,0.13252,0.30517,0.34238,0.22628,0.29042,0.41307,0.21739,0.11508,0.41578,0.29273,0.17687,0.28565,0.3405,0.25958,0.289,0.257,0.15626,0.24663,0.086978,0,0.078942,0.18934,0.30894,0.14732,0.11183,0.2187,0.029594,0.13907,0.090421,0,0.16001,0.072819,0.27691,0,0,0.068715,0.075562,0.19929,0.1751,0,0
0.23317,0.21939,0.11075,0.3543,0.039728,0.049516,0.23568,0.29986,0.045208,0.10939,0.022615,0.21741,0.17601,0.14257,0.14242,0.25288,0.23353,0.26493,0.32376,0.30829,0,0,0,0.069866,0.084136,0.14093,0,0,0.44307,0.48664,0.13033,0.056516,0.48164,0.4966,0.15236,0.070523,0.55058,0.42474,0.67372,0.44837,1,0.58745,0.43479,0.49187,0.44418,0.41308,0.48017,0.51385,0.23528,0.28824,0.21533,0.11812,0.48345,0.37159,0.47126,0.46855,0.20709,0.20875,0.16531,0.078338,0.29195,0.19203,0.33831,0.219,0.16714,0,0.28491,0.29498,0.17037,0.1293,0,0.12486,0.51743,0.26484,0.32739,0.20627,0.18989,0.26154,0.31477,0.28131,0.55504,0.48428,0.45622,0.62866,0.35966,0.52866,0.29506,0.31634,0.13043,0.51688,0.28806,0.36562,0.33685,0.31262,0,0.14907,0.43859,0.44733,0.48108,0.36338,0.41249,0.25618,0.50956,0.37512,0.26964,0.47286,0.01228,0.49365,0,0,0.3431,0.40505,0.25172,0.43237,0.27507,0
0.26734,0.30438,0.0078355,0.33194,0,0,0.054415,0.23415,0,0,0.14951,0.18878,0.24951,0.12025,0.13391,0.083962,0.31253,0.30379,0.28253,0.35606,0,0,0.064231,0.045539,0,0,0,0,0.29289,0.52139,0.17336,0.09604,0.41751,0.48672,0.15765,0,0.47467,0.67668,0.62047,0.6855,0.58745,1,0.32054,0.27504,0.24172,0.15052,0.38098,0.35736,0.203,0.10472,0.22427,0.11133,0.38928,0.34719,0.4087,0.45839,0.2517,0.37813,0.13413,0.15956,0.38459,0.30999,0.32922,0.22535,0.22532,0.06095,0.19696,0.13257,0.24576,0.17435,0.12397,0.23557,0.47184,0.44559,0.26907,0.42971,0.2935,0.35819,0.26115,0.36257,0.48149,0.39802,0.35778,0.529,0.37414,0.35921,0.39658,0.28011,0.35655,0.39688,0.33639,0.20828,0.33959,0.16482,0,0.02262,0.34704,0.32615,0.26188,0.17091,0.362,0.20116,0.34811,0.22539,0.17945,0.33205,0.030364,0.26243,0,0.0023856,0.23274,0.19534,0.23549,0.32345,0.074584,0
0.27856,0.28977,0.25263,0.53147,0.28794,0.26449,0.28333,0.39148,0.27994,0.27357,0.050469,0.16946,0.034453,0.13091,0.34794,0.2921,0.14332,0.31657,0.37838,0.31836,0,0,0.11045,0.19127,0.30135,0.34105,0.16844,0.18939,0.48832,0.52871,0.049938,0,0.57739,0.46845,0.46226,0.39241,0.31795,0.35347,0.36275,0.265,0.43479,0.32054,1,0.86076,0.77068,0.6826,0.85039,0.82976,0.59952,0.47702,0.5191,0.22695,0.62491,0.61786,0.41274,0.50739,0.080821,0.16515,0.35949,0.22013,0.18362,0.19105,0.013625,0.18777,0.26302,0,0.56566,0.59545,0.33237,0.1775,0,0.068117,0.32054,0.26818,0.020436,0.098315,0.18681,0.29584,0.23713,0.26808,0.47881,0.56396,0.55361,0.55484,0.46613,0.61487,0.13779,0.019826,0.28405,0.45327,0.5339,0.54286,0.618,0.4443,0.1643,0.42319,0.73101,0.7914,0.73586,0.56099,0.48019,0.34537,0.42683,0.46354,0.48543,0.61992,0.0038395,0.30632,0.12143,0.33597,0.73255,0.74878,0.71478,0.70494,0.43833,0.23426
0.39204,0.38068,0.2606,0.51732,0.20249,0.2032,0.31617,0.37173,0.2678,0.24799,0.019067,0.27295,0.037234,0.21891,0.28892,0.33554,0.23916,0.37392,0.41005,0.38057,0,0,0.078145,0.1979,0.23332,0.27809,0.1136,0.098867,0.5925,0.58062,0.039057,0,0.56984,0.49712,0.34045,0.31975,0.31192,0.25549,0.30019,0.10963,0.49187,0.27504,0.86076,1,0.78694,0.76728,0.83271,0.86658,0.62228,0.58585,0.51469,0.30564,0.66612,0.59552,0.4224,0.55393,0.21214,0.21525,0.44486,0.22134,0.29186,0.18137,0.19698,0.34123,0.21359,0,0.59463,0.6561,0.34917,0.17047,0,0.08437,0.40068,0.31429,0.097192,0.24272,0.13992,0.27326,0.35458,0.34526,0.53186,0.64849,0.62176,0.58156,0.41883,0.70303,0.17827,0.044928,0.17981,0.53519,0.53006,0.6056,0.55806,0.45402,0.20718,0.41436,0.75803,0.79583,0.78011,0.70976,0.47329,0.3678,0.46539,0.51657,0.57413,0.64697,0.010894,0.37967,0.13947,0.39673,0.70972,0.73606,0.6299,0.65317,0.56411,0.37451
0.30934,0.40602,0.34848,0.61705,0.33909,0.32178,0.43663,0.51756,0.31814,0.31738,0.059262,0.23266,0.063251,0.24981,0.30726,0.34476,0.11879,0.19291,0.42105,0.42957,0,0,0.17299,0.25765,0.30405,0.40144,0.18606,0.15577,0.42839,0.43318,0.10701,0.07781,0.66077,0.52149,0.48615,0.38993,0.31894,0.14469,0.17303,0.0035285,0.44418,0.24172,0.77068,0.78694,1,0.93414,0.80266,0.75281,0.60401,0.55864,0.4256,0.087542,0.51504,0.55873,0.3024,0.45319,0.12251,0.15777,0.41182,0.20683,0.252,0.2798,0.25121,0.4158,0.42982,0.016504,0.65047,0.67188,0.36182,0.10025,0,0.10799,0.36612,0.2875,0.1137,0.22614,0.28391,0.36577,0.14211,0.15506,0.4219,0.57232,0.51323,0.5039,0.38231,0.61191,0.16557,0.064769,0.13618,0.51086,0.42592,0.51765,0.49301,0.46214,0.15623,0.31391,0.65149,0.68085,0.74345,0.56905,0.44525,0.41723,0.45904,0.52429,0.5517,0.61011,0.015161,0.24151,0.085332,0.37469,0.72127,0.76666,0.59439,0.66375,0.52392,0.26642
0.24347,0.38546,0.28043,0.55199,0.30849,0.31948,0.41322,0.53398,0.38714,0.30988,0.0032975,0.28773,0.043881,0.31022,0.27227,0.35749,0.083874,0.10941,0.34336,0.36118,0,0,0.11823,0.21609,0.28413,0.37691,0.17003,0.14199,0.4033,0.39223,0.06704,0.043154,0.62192,0.48925,0.43004,0.35721,0.28672,0.070065,0.10728,0,0.41308,0.15052,0.6826,0.76728,0.93414,1,0.73071,0.72055,0.62872,0.64592,0.41754,0.13954,0.55003,0.57518,0.28143,0.33647,0.053212,0.1086,0.45619,0.27656,0.21449,0.32265,0.23147,0.44121,0.33831,0.048018,0.62056,0.67573,0.29675,0.06016,0,0.087667,0.30862,0.2771,0.099536,0.20461,0.29603,0.39709,0.1185,0.10392,0.36222,0.53333,0.45987,0.43894,0.31334,0.56246,0.13797,0.0186,0.090614,0.43199,0.44479,0.53741,0.50486,0.46537,0.20143,0.31147,0.60326,0.635,0.73415,0.58837,0.46764,0.41748,0.47119,0.54546,0.58814,0.59326,0.055137,0.22615,0.13554,0.41747,0.68649,0.75666,0.58443,0.62744,0.56725,0.32456
0.38632,0.43924,0.21448,0.5997,0.288,0.26779,0.281,0.51037,0.34403,0.32921,0.090741,0.27004,0.034317,0.24653,0.39839,0.40204,0.26162,0.33525,0.42542,0.39418,0,0,0.048773,0.1444,0.22352,0.28628,0.14989,0.1381,0.56182,0.54488,0.035729,0,0.63568,0.52275,0.433,0.33973,0.35536,0.33897,0.37324,0.20944,0.48017,0.38098,0.85039,0.83271,0.80266,0.73071,1,0.91325,0.6696,0.54954,0.54141,0.3116,0.61469,0.64299,0.40654,0.49389,0.12684,0.22496,0.45822,0.30003,0.27877,0.32745,0.18265,0.35668,0.26199,0.059366,0.64968,0.67953,0.35984,0.09903,0,0.11177,0.36681,0.33154,0.088962,0.25202,0.26246,0.38344,0.24243,0.22468,0.51049,0.61218,0.62271,0.60423,0.38644,0.6073,0.19445,0.029299,0.22222,0.48301,0.59632,0.59578,0.64831,0.52191,0.16626,0.40703,0.82699,0.85422,0.81427,0.62544,0.52856,0.43762,0.49217,0.53498,0.64863,0.70898,0,0.33014,0.084605,0.44186,0.83927,0.82918,0.70031,0.69873,0.55969,0.2988
0.36746,0.39867,0.22426,0.58169,0.30754,0.30103,0.28674,0.49096,0.33217,0.35238,0,0.25177,0,0.2384,0.40539,0.40798,0.23605,0.28406,0.43004,0.40978,0,0,0.012101,0.12259,0.27071,0.35701,0.21321,0.16001,0.58246,0.55738,0,0,0.56571,0.46138,0.40467,0.3548,0.40457,0.42201,0.3929,0.24033,0.51385,0.35736,0.82976,0.86658,0.75281,0.72055,0.91325,1,0.67291,0.60141,0.56944,0.38047,0.68209,0.71348,0.41675,0.54125,0.099129,0.17378,0.534,0.39486,0.26649,0.30015,0.11541,0.26881,0.20011,0.041463,0.66238,0.72628,0.39668,0.17092,0,0.012367,0.36983,0.32389,0.053715,0.20258,0.27801,0.40547,0.31136,0.20513,0.50869,0.5887,0.62891,0.62195,0.39979,0.62627,0.19979,0.085593,0.2274,0.44548,0.6691,0.69902,0.67081,0.59137,0.24906,0.51278,0.82334,0.89745,0.84878,0.74697,0.57772,0.52803,0.56815,0.62462,0.64374,0.74,0.10345,0.42175,0.19495,0.38916,0.82193,0.84042,0.70968,0.74131,0.62011,0.31688
