1,0.81076,0.49258,0.56764,0.22695,0.15812,0.63202,0.5894,0.36114,0.30492,0.75143,0.70904,0.71357,0.73723,0.4973,0.49564,0.82519,0.76558,0.61525,0.8342,0.50061,0.48129,0.4858,0.50004,0.23354,0.22684,0.24241,0.33927,0.72633,0.69768,0.71732,0.71235,0.84217,0.84371,0.25352,0.30152,0.60263,0.52643,0.46755,0.52582,0.48613,0.51016,0.54914,0.58009,0.50408,0.55714,0.62017,0.7305,0.55348,0.5297,0.60344,0.54609,0.66112,0.5519,0.70548,0.74868,0.93337,0.78559,0.70111,0.52752,0.8251,0.70591,0.78225,0.75905,0.32513,0.42108,0.66031,0.57279,0.59777,0.53268,0.29567,0.29465,0.70895,0.71241,0.71629,0.71698,0.61076,0.69908,0.69358,0.50461,0.77151,0.63976,0.63915,0.6028,0.66343,0.66941,0.50296,0.48185,0.36595,0.72502,0.2603,0.067984,0.078677,0.11997,0.10281,0.09151,0.4051,0.6075,0.7163,0.58893,0.33071,0.22983,0.43125,0.46486,0.27725,0.24102,0.34601,0.20374,0.099527,0.070408,0.17068,0.5967,0.47533,0.6082,0.40027,0
0.81076,1,0.31566,0.62772,0.34678,0.2169,0.44387,0.67595,0.44457,0.30607,0.62442,0.77594,0.58443,0.74597,0.53964,0.46102,0.76245,0.77835,0.5866,0.80666,0.57723,0.60315,0.42076,0.45865,0.31416,0.25482,0.32236,0.41103,0.69642,0.73269,0.611,0.63924,0.7653,0.806,0.22646,0.33404,0.51393,0.58323,0.54193,0.57955,0.36209,0.55353,0.53674,0.63671,0.50841,0.60766,0.63322,0.70031,0.56302,0.56453,0.68459,0.59793,0.76655,0.44932,0.78987,0.72369,0.78738,0.89075,0.74555,0.72713,0.80013,0.82944,0.78167,0.8218,0.26995,0.4353,0.66046,0.62541,0.63223,0.59248,0.42118,0.28535,0.7255,0.69378,0.78017,0.71072,0.68818,0.69631,0.64346,0.55011,0.79075,0.59174,0.65705,0.55803,0.76316,0.50157,0.60135,0.46528,0.63771,0.54681,0.47685,0.031398,0.21149,0.037484,0.087639,0.12438,0.49959,0.54274,0.79951,0.54985,0.59798,0.1217,0.63384,0.37807,0.34187,0.20803,0.37221,0.32447,0.11208,0.019079,0.18041,0.59313,0.55023,0.68811,0.34755,0
0.49258,0.31566,1,0.76761,0.33877,0.36612,0.88609,0.67859,0.42917,0.28584,0.47603,0.31099,0.535,0.50951,0.22862,0.24549,0.37638,0.29903,0.52157,0.43193,0.32412,0.28961,0.70552,0.74296,0.35368,0.56305,0.12577,0.21335,0.27769,0.34545,0.57993,0.62569,0.53773,0.51911,0.48521,0.43391,0.33848,0.24942,0.18967,0.19901,0.27242,0.29763,0.51388,0.44036,0.40286,0.49309,0.5184,0.52948,0.46478,0.53152,0.47912,0.5289,0.40659,0.63805,0.36801,0.41744,0.34109,0.18719,0.21465,0.00098421,0.45009,0.26162,0.31918,0.31948,0.49993,0.31927,0.46156,0.41293,0.32737,0.29216,0.37848,0.48193,0.34278,0.33836,0.34869,0.43304,0.41957,0.4831,0.34222,0.21643,0.36702,0.35008,0.33628,0.28666,0.32629,0.49644,0.19599,0.12437,0.088955,0.46178,0.30727,0.50555,0.53322,0.71275,0,0,0.20366,0.30379,0.39474,0.38172,0,0.62514,0.1912,0.54996,0.53126,0.49668,0,0,0.087075,0.15985,0.35753,0.40405,0.45415,0.30771,0.6045,0.08931
0.56764,0.62772,0.76761,1,0.41092,0.4627,0.7592,0.90487,0.53939,0.39471,0.54843,0.56767,0.57993,0.6741,0.42148,0.38615,0.55149,0.52525,0.60973,0.63939,0.53814,0.57423,0.71701,0.78851,0.44679,0.59564,0.27947,0.39771,0.41129,0.56636,0.64512,0.70129,0.6515,0.70264,0.48943,0.54977,0.35831,0.45768,0.38885,0.45471,0.27413,0.50786,0.6837,0.66261,0.57056,0.66531,0.65627,0.67604,0.64602,0.64945,0.7042,0.66766,0.6511,0.59009,0.62548,0.60469,0.44118,0.50594,0.50648,0.42479,0.63705,0.56427,0.55498,0.58543,0.53569,0.51176,0.68301,0.67765,0.48614,0.48628,0.45862,0.39016,0.47051,0.5269,0.61548,0.56147,0.60632,0.61859,0.46481,0.38611,0.64358,0.496,0.55995,0.48678,0.67523,0.59525,0.4971,0.34907,0.50052,0.47869,0.61652,0.47741,0.60432,0.50196,0,0,0.39574,0.39189,0.67799,0.54026,0.36112,0.44649,0.53656,0.54098,0.57043,0.47177,0.0070846,0.020764,0.1393,0.048818,0.32958,0.57919,0.64686,0.55252,0.55872,0.011
0.22695,0.34678,0.33877,0.41092,1,0.66678,0.33664,0.45279,0.706,0.51484,0.38158,0.3118,0.27936,0.3317,0.44269,0.31216,0.24911,0.19947,0.3008,0.26822,0.46247,0.37997,0.47996,0.48939,0.74225,0.69863,0.65624,0.70373,0.15938,0.22345,0.35356,0.32489,0.3143,0.32935,0.46385,0.54482,0.084645,0.28025,0.1379,0.16517,0,0.10562,0.4076,0.39906,0.25417,0.37279,0.32758,0.30341,0.26896,0.33455,0.3587,0.30491,0.345,0.19108,0.33093,0.29842,0.17192,0.31196,0.38621,0.36133,0.40546,0.38933,0.26322,0.3234,0.46382,0.37126,0.43949,0.44929,0.45046,0.45901,0.4133,0.30444,0.32191,0.21023,0.40184,0.39563,0.46704,0.39514,0.23166,0.17913,0.28421,0.21026,0.33402,0.21507,0.40796,0.24013,0.26155,0.037571,0.47417,0.25285,0.46236,0.25528,0.38917,0.26843,0,0,0.14727,0.26906,0.39058,0.37192,0.40308,0.2789,0.3896,0.29292,0.274,0.18216,0.046071,0.079293,0.15306,0,0.31486,0.31141,0.33642,0.37164,0.32596,0
0.15812,0.2169,0.36612,0.4627,0.66678,1,0.34123,0.39922,0.58154,0.65708,0.31581,0.26095,0.18947,0.24709,0.38802,0.36768,0.25646,0.19139,0.38333,0.22751,0.37655,0.22668,0.54356,0.54456,0.7583,0.80989,0.60014,0.7052,0.16425,0.24124,0.36517,0.32828,0.29899,0.27146,0.39475,0.50212,0.099406,0.20247,0.048194,0.066124,0,0.10029,0.40083,0.39111,0.27386,0.37383,0.29547,0.29651,0.35025,0.32883,0.31474,0.26797,0.23959,0.143,0.27853,0.22903,0.10069,0.18826,0.32389,0.25222,0.34473,0.28285,0.27001,0.26242,0.42234,0.29457,0.404,0.40083,0.4627,0.51833,0.3533,0.23032,0.24903,0.13802,0.2931,0.29326,0.39604,0.27803,0.2554,0.13333,0.29403,0.24389,0.28744,0.25887,0.37153,0.25492,0.19151,0.0061779,0.3601,0.25514,0.49364,0.3271,0.40743,0.31604,0,0,0.10328,0.17915,0.31511,0.34287,0.31737,0.32485,0.27715,0.31794,0.27981,0.24166,0,0,0.064478,0,0.42967,0.2403,0.27885,0.23223,0.30233,0
0.63202,0.44387,0.88609,0.7592,0.33664,0.34123,1,0.74284,0.55369,0.38067,0.5989,0.41693,0.71812,0.61599,0.32497,0.36216,0.49612,0.43486,0.459,0.48631,0.35432,0.3362,0.59123,0.61836,0.29234,0.45165,0.16661,0.26119,0.40845,0.40773,0.61774,0.66511,0.68975,0.67107,0.59023,0.51879,0.3926,0.36163,0.17992,0.2703,0.30349,0.37909,0.56417,0.5151,0.47569,0.56832,0.52146,0.59977,0.51861,0.54394,0.55144,0.5927,0.46746,0.64466,0.42227,0.49009,0.50074,0.33743,0.44057,0.20451,0.65633,0.41528,0.49646,0.49242,0.57076,0.48405,0.65084,0.59416,0.30745,0.29201,0.37808,0.49323,0.46477,0.44476,0.48168,0.55902,0.56961,0.62923,0.46848,0.32397,0.49159,0.47615,0.45383,0.42671,0.42782,0.62291,0.25381,0.23999,0.13582,0.59748,0.27658,0.47688,0.40603,0.57724,0.023312,0,0.28523,0.43002,0.49693,0.48879,0.090183,0.58051,0.29619,0.65052,0.52182,0.54506,0,0,0.13387,0.12611,0.27944,0.46204,0.44196,0.44315,0.56651,0.038803
0.5894,0.67595,0.67859,0.90487,0.45279,0.39922,0.74284,1,0.64561,0.54154,0.60843,0.66853,0.6777,0.76765,0.49259,0.52781,0.5417,0.51972,0.54349,0.58286,0.52507,0.56823,0.6831,0.74339,0.43144,0.52528,0.31233,0.43491,0.43778,0.54678,0.65712,0.74312,0.65339,0.70041,0.53452,0.56543,0.332,0.46689,0.42999,0.51182,0.27548,0.51132,0.70829,0.70282,0.61813,0.71746,0.71346,0.73574,0.65654,0.66822,0.70175,0.71452,0.68709,0.61337,0.65559,0.68584,0.45554,0.51901,0.57496,0.53791,0.71874,0.69798,0.5749,0.63042,0.60281,0.70823,0.71927,0.73616,0.46482,0.49145,0.50276,0.4351,0.48327,0.55055,0.63262,0.61494,0.60453,0.61769,0.46331,0.36299,0.61439,0.4706,0.62071,0.52721,0.68579,0.64022,0.5455,0.42247,0.53329,0.58066,0.60564,0.42341,0.55008,0.45138,0.032796,0.0099197,0.43078,0.45852,0.70893,0.55627,0.43289,0.44438,0.58376,0.57241,0.62103,0.53298,0.055978,0.10187,0.23374,0.065413,0.33425,0.58801,0.62017,0.633,0.57346,0.011015
0.36114,0.44457,0.42917,0.53939,0.706,0.58154,0.55369,0.64561,1,0.70927,0.6163,0.45504,0.63029,0.52388,0.69525,0.52339,0.36124,0.29753,0.38335,0.33065,0.48525,0.42039,0.55364,0.54149,0.62531,0.58063,0.53993,0.59002,0.31032,0.30343,0.52527,0.54244,0.50744,0.48419,0.68353,0.66836,0.241,0.36536,0.21383,0.31621,0.12343,0.30246,0.55146,0.5451,0.40086,0.4859,0.43436,0.45598,0.44562,0.37029,0.43894,0.45533,0.39048,0.25643,0.44847,0.42415,0.27143,0.3661,0.5463,0.49003,0.60423,0.47993,0.40552,0.42675,0.6672,0.61632,0.64792,0.62891,0.44105,0.4592,0.45315,0.37037,0.4365,0.32047,0.53827,0.52168,0.5583,0.47983,0.43152,0.26839,0.3733,0.31793,0.49844,0.35049,0.51353,0.36779,0.35655,0.23606,0.54376,0.37361,0.48103,0.37109,0.36072,0.31704,0,0,0.25033,0.36621,0.50291,0.42081,0.42809,0.41594,0.44475,0.43573,0.38703,0.38359,0.062312,0.216,0.14504,0,0.28954,0.38406,0.28534,0.47277,0.32258,0
0.30492,0.30607,0.28584,0.39471,0.51484,0.65708,0.38067,0.54154,0.70927,1,0.44199,0.45726,0.4128,0.48314,0.64394,0.80387,0.29732,0.31485,0.44611,0.33385,0.36368,0.26539,0.52032,0.54172,0.65039,0.6226,0.60702,0.68323,0.28964,0.35781,0.50847,0.49322,0.46141,0.4158,0.48683,0.56591,0.14302,0.32874,0.14767,0.2299,0.087048,0.22116,0.48124,0.50623,0.34322,0.44245,0.36501,0.39369,0.40029,0.32602,0.31543,0.35982,0.2765,0.22645,0.36606,0.3924,0.24975,0.27944,0.46876,0.52963,0.52013,0.49913,0.43321,0.43314,0.54245,0.65033,0.56324,0.6003,0.51307,0.56,0.48055,0.39195,0.38406,0.36243,0.4165,0.48262,0.4854,0.3918,0.33619,0.28795,0.34122,0.36336,0.44859,0.44896,0.39746,0.4658,0.33486,0.32053,0.39268,0.50662,0.51999,0.38843,0.28915,0.22539,0,0,0.20239,0.30967,0.45438,0.40437,0.39163,0.31401,0.36291,0.43669,0.37657,0.40589,0.07843,0.20764,0.23371,0,0.38769,0.32279,0.30304,0.48248,0.35311,0
0.75143,0.62442,0.47603,0.54843,0.38158,0.31581,0.5989,0.60843,0.6163,0.44199,1,0.65882,0.83395,0.64063,0.66446,0.45026,0.68304,0.57516,0.51778,0.62587,0.49306,0.40773,0.64814,0.59992,0.38767,0.36428,0.34074,0.39566,0.61203,0.57313,0.75363,0.72964,0.71091,0.69164,0.484,0.48717,0.50825,0.42611,0.35272,0.41375,0.34245,0.3947,0.51814,0.50916,0.47723,0.506,0.5099,0.59037,0.52086,0.45754,0.51387,0.45839,0.47026,0.31896,0.62174,0.58458,0.6394,0.58373,0.58612,0.4493,0.73783,0.55774,0.58145,0.53361,0.54098,0.49201,0.6095,0.51344,0.52475,0.48234,0.37305,0.30063,0.61334,0.61393,0.67675,0.63901,0.59519,0.6028,0.56208,0.41015,0.56933,0.47775,0.59674,0.48829,0.67578,0.54148,0.46937,0.36129,0.48743,0.5006,0.33299,0.17757,0.23493,0.2122,0.0043198,0.047199,0.30758,0.49038,0.58818,0.41086,0.41071,0.34169,0.4534,0.44338,0.31791,0.31157,0.25079,0.21348,0.14312,0,0.23874,0.49764,0.31679,0.53573,0.34993,0
0.70904,0.77594,0.31099,0.56767,0.3118,0.26095,0.41693,0.66853,0.45504,0.45726,0.65882,1,0.57247,0.83166,0.61017,0.63839,0.69512,0.76649,0.54761,0.67787,0.569,0.53451,0.5554,0.54432,0.38543,0.34554,0.3636,0.4506,0.70408,0.78996,0.70326,0.73122,0.71043,0.72327,0.23719,0.3255,0.41223,0.44368,0.40067,0.50746,0.25042,0.45749,0.62647,0.69772,0.55542,0.66041,0.65657,0.69844,0.65175,0.5895,0.6358,0.56214,0.63207,0.40482,0.68375,0.71393,0.65408,0.65651,0.61784,0.60689,0.76969,0.74045,0.77223,0.75627,0.34091,0.55656,0.57488,0.57155,0.5782,0.55368,0.42447,0.31291,0.72677,0.72082,0.73602,0.75074,0.5742,0.58517,0.66808,0.52756,0.72898,0.60415,0.65193,0.64073,0.67563,0.57985,0.57721,0.47302,0.49173,0.61496,0.44744,0.13216,0.2437,0.068795,0,0.0022186,0.346,0.49358,0.71303,0.50777,0.49688,0.17189,0.52953,0.42129,0.35627,0.23348,0.28241,0.27281,0.095412,0,0.25625,0.64109,0.49147,0.66873,0.38576,0
0.71357,0.58443,0.535,0.57993,0.27936,0.18947,0.71812,0.6777,0.63029,0.4128,0.83395,0.57247,1,0.71285,0.58691,0.458,0.61292,0.48211,0.42966,0.53189,0.38558,0.40136,0.512,0.50076,0.22252,0.26216,0.18807,0.2374,0.51925,0.48015,0.66896,0.69757,0.69221,0.675,0.5108,0.45458,0.47694,0.45829,0.33921,0.42324,0.43473,0.48475,0.53141,0.55534,0.49427,0.52532,0.52936,0.64517,0.49096,0.43376,0.49878,0.5215,0.47149,0.4334,0.57098,0.56175,0.5841,0.50766,0.56331,0.45772,0.77731,0.57854,0.5923,0.57334,0.49066,0.55481,0.61052,0.54049,0.36729,0.33559,0.38367,0.42847,0.5558,0.60426,0.64824,0.60452,0.6222,0.62549,0.5195,0.36891,0.52308,0.46975,0.59277,0.44743,0.57489,0.59944,0.42552,0.40382,0.3976,0.56876,0.23327,0.19381,0.17971,0.25194,0.08275,0.09077,0.36569,0.50585,0.58486,0.42436,0.29892,0.38922,0.39715,0.52233,0.44207,0.45769,0.26678,0.23527,0.1719,0.070298,0.23294,0.48456,0.35589,0.58707,0.47133,0
0.73723,0.74597,0.50951,0.6741,0.3317,0.24709,0.61599,0.76765,0.52388,0.48314,0.64063,0.83166,0.71285,1,0.545,0.64482,0.68825,0.63635,0.55436,0.68388,0.51145,0.52045,0.54974,0.60152,0.36612,0.40616,0.26521,0.3733,0.58676,0.72677,0.78075,0.81696,0.81325,0.82458,0.27469,0.37089,0.42521,0.52473,0.36544,0.44978,0.34566,0.52005,0.64168,0.67924,0.54545,0.66965,0.66354,0.74383,0.64203,0.61568,0.65593,0.63481,0.67779,0.56853,0.67061,0.69648,0.64812,0.62388,0.59958,0.61678,0.76045,0.78032,0.76198,0.82927,0.29969,0.56752,0.63651,0.65122,0.46091,0.4395,0.47926,0.43662,0.71272,0.69894,0.74554,0.75085,0.67934,0.70892,0.64702,0.44646,0.72016,0.57235,0.65046,0.64037,0.59498,0.63034,0.51216,0.49502,0.40313,0.62759,0.47558,0.30172,0.329,0.26999,0.032273,0.039425,0.37895,0.50498,0.75864,0.56514,0.46038,0.35347,0.5727,0.59478,0.55876,0.4319,0.21424,0.16129,0.1953,0.067531,0.23958,0.57992,0.58541,0.72009,0.58569,0
0.4973,0.53964,0.22862,0.42148,0.44269,0.38802,0.32497,0.49259,0.69525,0.64394,0.66446,0.61017,0.58691,0.545,1,0.75999,0.52067,0.54473,0.58473,0.56294,0.53576,0.46377,0.55529,0.52389,0.55372,0.43384,0.61761,0.60243,0.51582,0.56348,0.64477,0.59744,0.59588,0.57138,0.52925,0.60405,0.30753,0.41191,0.33277,0.41547,0.12764,0.29558,0.52214,0.5734,0.34236,0.43874,0.39927,0.45399,0.46405,0.42004,0.46069,0.44934,0.37028,0.1595,0.62554,0.52827,0.43741,0.56494,0.63685,0.67278,0.67137,0.53961,0.61807,0.53787,0.48216,0.58104,0.68246,0.66603,0.66794,0.65654,0.38808,0.28651,0.5177,0.55209,0.65914,0.59269,0.55335,0.44463,0.4687,0.52705,0.55795,0.50917,0.67476,0.55512,0.65157,0.47829,0.60538,0.49539,0.67639,0.49443,0.50397,0.28148,0.13115,0,0,0,0.26592,0.35643,0.57733,0.39563,0.50457,0.18355,0.46741,0.32284,0.16219,0.17397,0.37489,0.49997,0.22155,0,0.20459,0.46411,0.27507,0.55617,0.1768,0
0.49564,0.46102,0.24549,0.38615,0.31216,0.36768,0.36216,0.52781,0.52339,0.80387,0.45026,0.63839,0.458,0.64482,0.75999,1,0.45798,0.56038,0.53113,0.50867,0.41933,0.366,0.48432,0.50393,0.4845,0.43535,0.5224,0.61043,0.48616,0.58884,0.62933,0.60992,0.62688,0.5857,0.41718,0.52525,0.23161,0.40649,0.27175,0.36616,0.12342,0.24879,0.51505,0.59172,0.35039,0.51126,0.42754,0.51057,0.45739,0.45996,0.40828,0.45611,0.36865,0.32949,0.52059,0.57708,0.46374,0.4819,0.59985,0.66304,0.64388,0.60215,0.64663,0.61159,0.43642,0.68676,0.66158,0.70384,0.5556,0.59312,0.40807,0.37446,0.4879,0.53901,0.55407,0.59223,0.52413,0.48019,0.46842,0.53506,0.53717,0.58214,0.60965,0.69472,0.48164,0.59945,0.51915,0.56332,0.40101,0.68463,0.49487,0.36787,0.1427,0.083289,0,0,0.27626,0.42679,0.57459,0.52997,0.38969,0.22213,0.40497,0.45638,0.30536,0.32276,0.27142,0.353,0.27746,0,0.29393,0.47225,0.37903,0.59132,0.34592,0
0.82519,0.76245,0.37638,0.55149,0.24911,0.25646,0.49612,0.5417,0.36124,0.29732,0.68304,0.69512,0.61292,0.68825,0.52067,0.45798,1,0.87066,0.60111,0.81061,0.42997,0.40826,0.43878,0.45642,0.29205,0.27904,0.22073,0.3155,0.77621,0.78966,0.70108,0.68225,0.81016,0.82441,0.19298,0.28693,0.59896,0.60247,0.40757,0.49484,0.41351,0.58255,0.58015,0.64079,0.54931,0.57751,0.59026,0.69154,0.58673,0.53326,0.62933,0.50878,0.63886,0.38024,0.67665,0.62298,0.83182,0.82044,0.64408,0.59027,0.75442,0.62823,0.83563,0.8019,0.24059,0.32851,0.6332,0.58521,0.55848,0.5005,0.26925,0.19084,0.67303,0.66907,0.71427,0.67566,0.66573,0.6585,0.81754,0.62443,0.89427,0.74824,0.77299,0.69959,0.71372,0.60069,0.55594,0.49085,0.43762,0.53529,0.37789,0.12836,0.14039,0.087268,0.030826,0.017723,0.38464,0.48917,0.77044,0.58613,0.48853,0.15869,0.53722,0.41062,0.2734,0.22811,0.3378,0.21318,0.11865,0.019521,0.23394,0.62901,0.48937,0.60355,0.35204,0
0.76558,0.77835,0.29903,0.52525,0.19947,0.19139,0.43486,0.51972,0.29753,0.31485,0.57516,0.76649,0.48211,0.63635,0.54473,0.56038,0.87066,1,0.60543,0.79991,0.46406,0.43941,0.43121,0.43819,0.26471,0.22584,0.23218,0.34694,0.79157,0.83859,0.66362,0.64189,0.78698,0.79883,0.26868,0.36069,0.49146,0.57616,0.35362,0.46568,0.27678,0.4861,0.5931,0.67252,0.48516,0.58551,0.55134,0.66094,0.55624,0.55341,0.61082,0.49967,0.58248,0.36995,0.62701,0.59226,0.81209,0.83752,0.66062,0.59317,0.76472,0.6361,0.84881,0.80005,0.33884,0.40493,0.67188,0.6449,0.60531,0.58102,0.3091,0.27661,0.70038,0.74613,0.73316,0.73427,0.63293,0.6403,0.76709,0.73848,0.85088,0.78989,0.72616,0.73739,0.679,0.59643,0.57582,0.5255,0.42983,0.56263,0.43245,0.1847,0.16096,0.052857,0,0,0.37338,0.44221,0.74413,0.59305,0.48576,0.1092,0.55289,0.41865,0.24398,0.20828,0.34526,0.30784,0.11467,0,0.23062,0.659,0.49116,0.62203,0.298,0
0.61525,0.5866,0.52157,0.60973,0.3008,0.38333,0.459,0.54349,0.38335,0.44611,0.51778,0.54761,0.42966,0.55436,0.58473,0.53113,0.60111,0.60543,1,0.82735,0.55061,0.48049,0.75937,0.75806,0.45457,0.49027,0.41259,0.42772,0.50278,0.69735,0.69036,0.64017,0.64542,0.62155,0.28288,0.41641,0.45328,0.52475,0.47936,0.45252,0.3805,0.51991,0.50455,0.54167,0.31873,0.42073,0.59195,0.60364,0.47467,0.48106,0.47984,0.41575,0.5507,0.4367,0.67968,0.56942,0.5207,0.57227,0.40713,0.36048,0.56883,0.44205,0.59463,0.5317,0.29892,0.22172,0.49445,0.47861,0.86248,0.80547,0.53077,0.42392,0.54062,0.60512,0.60616,0.5753,0.55574,0.52513,0.47648,0.43792,0.61129,0.46096,0.56298,0.44583,0.57534,0.40476,0.52224,0.40023,0.55712,0.44067,0.53906,0.30084,0.28401,0.23726,0,0,0.37915,0.31352,0.6664,0.41113,0.28426,0.22661,0.31906,0.27418,0.29282,0.19964,0.15507,0.085615,0.060756,0.019884,0.39995,0.50444,0.49558,0.46082,0.38997,0
0.8342,0.80666,0.43193,0.63939,0.26822,0.22751,0.48631,0.58286,0.33065,0.33385,0.62587,0.67787,0.53189,0.68388,0.56294,0.50867,0.81061,0.79991,0.82735,1,0.56133,0.55073,0.56687,0.60318,0.32363,0.31044,0.35232,0.40823,0.65551,0.83393,0.70732,0.6739,0.8009,0.8342,0.18136,0.31811,0.53744,0.64243,0.50543,0.58038,0.48577,0.62139,0.5229,0.57816,0.43282,0.52951,0.58634,0.67184,0.52019,0.51944,0.59244,0.49966,0.68469,0.49912,0.74524,0.67773,0.78992,0.82365,0.60918,0.56244,0.70111,0.63554,0.79234,0.74867,0.22112,0.27869,0.62258,0.58989,0.74656,0.69004,0.40061,0.32417,0.68369,0.73183,0.72199,0.67774,0.65186,0.68218,0.64845,0.57406,0.83217,0.64348,0.69996,0.61959,0.73979,0.57651,0.58033,0.51714,0.55955,0.54405,0.47087,0.20556,0.21189,0.13117,0.042094,0.027532,0.45685,0.49052,0.79112,0.5515,0.37426,0.13032,0.43562,0.34364,0.24679,0.14204,0.28279,0.17632,0.12722,0.069424,0.23819,0.60948,0.5965,0.58978,0.36452,0
0.50061,0.57723,0.32412,0.53814,0.46247,0.37655,0.35432,0.52507,0.48525,0.36368,0.49306,0.569,0.38558,0.51145,0.53576,0.41933,0.42997,0.46406,0.55061,0.56133,1,0.86368,0.54479,0.51511,0.49404,0.41558,0.60765,0.63706,0.4725,0.49906,0.54852,0.51064,0.48966,0.51345,0.34046,0.40803,0.41724,0.38703,0.59516,0.58431,0.35454,0.36018,0.46763,0.49056,0.36573,0.4172,0.51938,0.46806,0.40662,0.40996,0.4556,0.407,0.42506,0.25064,0.62974,0.62062,0.43472,0.49758,0.57671,0.48808,0.48386,0.48842,0.45307,0.43714,0.38278,0.36757,0.58358,0.55176,0.65566,0.64269,0.55965,0.42951,0.52423,0.5387,0.61317,0.57136,0.54364,0.56866,0.31504,0.30857,0.51245,0.33692,0.52146,0.45078,0.59429,0.36452,0.64473,0.44961,0.56181,0.41072,0.43604,0.14739,0.20279,0.13552,0.055576,0.099762,0.41995,0.46716,0.56848,0.44413,0.38473,0.25996,0.43422,0.3394,0.28994,0.18109,0.22718,0.34673,0.14225,0,0.24339,0.49824,0.39804,0.49024,0.28412,0
0.48129,0.60315,0.28961,0.57423,0.37997,0.22668,0.3362,0.56823,0.42039,0.26539,0.40773,0.53451,0.40136,0.52045,0.46377,0.366,0.40826,0.43941,0.48049,0.55073,0.86368,1,0.45512,0.42396,0.37988,0.29022,0.52035,0.5341,0.40415,0.46933,0.46908,0.44074,0.4404,0.50274,0.34177,0.39654,0.3259,0.37312,0.60511,0.63263,0.3033,0.41022,0.46815,0.4832,0.35697,0.40517,0.53029,0.47662,0.37849,0.36823,0.44332,0.39964,0.46848,0.29958,0.59471,0.63194,0.40791,0.52811,0.5426,0.52716,0.47212,0.52969,0.46432,0.46568,0.35919,0.39,0.54847,0.5589,0.57123,0.54651,0.46408,0.40982,0.43752,0.50172,0.58499,0.52996,0.50651,0.55859,0.27523,0.2814,0.53224,0.35975,0.54134,0.45111,0.63385,0.41821,0.6787,0.51024,0.57672,0.46109,0.38384,0.10436,0.17994,0.10741,0.11097,0.13985,0.46753,0.48189,0.5541,0.43479,0.35556,0.18153,0.4445,0.2799,0.30031,0.18266,0.21934,0.38434,0.15927,0.035866,0.16544,0.44915,0.39783,0.55972,0.3168,0
0.4858,0.42076,0.70552,0.71701,0.47996,0.54356,0.59123,0.6831,0.55364,0.52032,0.64814,0.5554,0.512,0.54974,0.55529,0.48432,0.43878,0.43121,0.75937,0.56687,0.54479,0.45512,1,0.94455,0.63851,0.69127,0.45708,0.50982,0.38055,0.53282,0.74529,0.71242,0.537,0.50941,0.53842,0.61155,0.35525,0.34238,0.38154,0.3634,0.25035,0.36993,0.59636,0.56502,0.41336,0.49425,0.63463,0.61046,0.52103,0.57409,0.49431,0.47817,0.44605,0.43573,0.56874,0.56216,0.32263,0.34652,0.34737,0.21936,0.53499,0.3834,0.40318,0.36248,0.57489,0.40939,0.49154,0.46799,0.71034,0.69841,0.53396,0.46526,0.45378,0.52692,0.54608,0.56987,0.4804,0.47151,0.35834,0.30763,0.44904,0.3678,0.4846,0.38279,0.52628,0.44335,0.46584,0.23397,0.46574,0.46492,0.55633,0.40344,0.4862,0.4308,0,0,0.27535,0.35985,0.54666,0.41054,0.26257,0.43208,0.34172,0.4027,0.41437,0.3473,0,0,0.061848,0,0.4988,0.53805,0.43229,0.40921,0.51146,0
0.50004,0.45865,0.74296,0.78851,0.48939,0.54456,0.61836,0.74339,0.54149,0.54172,0.59992,0.54432,0.50076,0.60152,0.52389,0.50393,0.45642,0.43819,0.75806,0.60318,0.51511,0.42396,0.94455,1,0.65035,0.75579,0.41944,0.50012,0.3626,0.53937,0.75033,0.75402,0.58185,0.57554,0.50653,0.60751,0.349,0.39274,0.39814,0.36148,0.29229,0.40987,0.62916,0.6035,0.44589,0.52302,0.64554,0.62902,0.53833,0.57606,0.52513,0.49431,0.49468,0.49935,0.60551,0.55907,0.34303,0.36999,0.34474,0.25356,0.52433,0.42643,0.4181,0.41432,0.52869,0.43207,0.52087,0.50817,0.66213,0.66082,0.55703,0.44841,0.47692,0.53743,0.56774,0.57202,0.53801,0.52271,0.34534,0.30918,0.47051,0.36665,0.48713,0.39664,0.53644,0.49076,0.45583,0.27907,0.47333,0.45231,0.61528,0.46949,0.54562,0.47522,0,0,0.31198,0.35085,0.60199,0.43819,0.28903,0.44259,0.36497,0.44231,0.46583,0.38732,0,0,0.10117,0.026658,0.46548,0.52097,0.52993,0.44064,0.54277,0
0.23354,0.31416,0.35368,0.44679,0.74225,0.7583,0.29234,0.43144,0.62531,0.65039,0.38767,0.38543,0.22252,0.36612,0.55372,0.4845,0.29205,0.26471,0.45457,0.32363,0.49404,0.37988,0.63851,0.65035,1,0.86368,0.73799,0.73072,0.21245,0.32796,0.51844,0.44943,0.38865,0.37153,0.46268,0.60789,0.17208,0.24551,0.24128,0.21318,0.085114,0.14756,0.47433,0.50848,0.26066,0.34511,0.41322,0.37253,0.31197,0.38839,0.36742,0.35285,0.31886,0.14304,0.4292,0.39905,0.16637,0.27679,0.38613,0.37853,0.38427,0.37918,0.29592,0.32215,0.44608,0.41369,0.45101,0.4668,0.56678,0.58093,0.47988,0.3154,0.3785,0.31765,0.43097,0.44726,0.41709,0.33421,0.25351,0.24483,0.33722,0.30833,0.41024,0.34143,0.40371,0.33238,0.40984,0.17712,0.45812,0.34722,0.52763,0.24612,0.32911,0.20708,0,0,0.25725,0.38759,0.43919,0.38085,0.41778,0.30185,0.40275,0.3478,0.30024,0.22975,0.06297,0.11006,0.07241,0,0.51352,0.38312,0.30567,0.34698,0.38282,0
0.22684,0.25482,0.56305,0.59564,0.69863,0.80989,0.45165,0.52528,0.58063,0.6226,0.36428,0.34554,0.26216,0.40616,0.43384,0.43535,0.27904,0.22584,0.49027,0.31044,0.41558,0.29022,0.69127,0.75579,0.86368,1,0.57203,0.66237,0.21428,0.33505,0.54123,0.50654,0.40118,0.37011,0.44203,0.54221,0.10584,0.2433,0.14303,0.096637,0.026881,0.14627,0.50402,0.4792,0.27203,0.38841,0.42428,0.40035,0.39406,0.42151,0.38485,0.34507,0.34583,0.29679,0.39214,0.34091,0.13952,0.1944,0.26182,0.20664,0.37488,0.31085,0.29704,0.30985,0.45311,0.36225,0.40701,0.40902,0.49102,0.47959,0.45602,0.33889,0.32436,0.30317,0.37928,0.41748,0.42847,0.33289,0.26602,0.22445,0.34161,0.31781,0.35292,0.32385,0.37864,0.36714,0.2902,0.094859,0.34756,0.30889,0.52449,0.41825,0.48482,0.40277,0,0,0.2032,0.23171,0.38347,0.3176,0.29401,0.38794,0.30955,0.37471,0.4239,0.34109,0,0,0.11247,0.010103,0.50662,0.30515,0.39626,0.358,0.49809,0.068722
0.24241,0.32236,0.12577,0.27947,0.65624,0.60014,0.16661,0.31233,0.53993,0.60702,0.34074,0.3636,0.18807,0.26521,0.61761,0.5224,0.22073,0.23218,0.41259,0.35232,0.60765,0.52035,0.45708,0.41944,0.73799,0.57203,1,0.88869,0.21034,0.30646,0.35698,0.25376,0.27656,0.27671,0.41005,0.50012,0.16853,0.26622,0.33096,0.37562,0.12026,0.1355,0.31229,0.36095,0.18777,0.25856,0.28344,0.25427,0.18854,0.23593,0.23314,0.2388,0.24541,0.094541,0.41089,0.41554,0.18023,0.31105,0.43823,0.47825,0.36441,0.36066,0.31831,0.28283,0.37953,0.36066,0.43206,0.45671,0.59981,0.62684,0.44201,0.29845,0.29659,0.28624,0.35485,0.36035,0.38408,0.28952,0.17386,0.26947,0.34413,0.30861,0.43706,0.3369,0.48485,0.32467,0.47253,0.27035,0.54866,0.41771,0.38583,0.15362,0.12437,0.010557,0.0022296,0.087215,0.29953,0.42054,0.37037,0.33541,0.3506,0.13658,0.26322,0.18605,0.060734,0.023942,0.20429,0.32524,0.16219,0,0.2916,0.25827,0.21113,0.32206,0.13113,0
0.33927,0.41103,0.21335,0.39771,0.70373,0.7052,0.26119,0.43491,0.59002,0.68323,0.39566,0.4506,0.2374,0.3733,0.60243,0.61043,0.3155,0.34694,0.42772,0.40823,0.63706,0.5341,0.50982,0.50012,0.73072,0.66237,0.88869,1,0.35002,0.40609,0.477,0.39757,0.41107,0.4083,0.46266,0.54817,0.16137,0.28944,0.31979,0.34052,0.044197,0.11045,0.38233,0.40279,0.24744,0.35982,0.34524,0.33241,0.2796,0.29009,0.28607,0.26389,0.3194,0.15009,0.45392,0.47389,0.29974,0.40899,0.5394,0.52252,0.46324,0.46607,0.42087,0.39162,0.47717,0.4668,0.55782,0.56819,0.61933,0.63976,0.47392,0.32903,0.41657,0.38254,0.44514,0.47072,0.49057,0.39944,0.29713,0.30487,0.4391,0.37844,0.46642,0.46023,0.53753,0.38986,0.47045,0.30976,0.52045,0.48031,0.45382,0.18716,0.20101,0.082284,0,0.065575,0.28299,0.43974,0.44003,0.43725,0.4053,0.1919,0.355,0.31027,0.19417,0.16353,0.13426,0.28833,0.21292,0,0.31638,0.32684,0.29951,0.40161,0.23489,0
0.72633,0.69642,0.27769,0.41129,0.15938,0.16425,0.40845,0.43778,0.31032,0.28964,0.61203,0.70408,0.51925,0.58676,0.51582,0.48616,0.77621,0.79157,0.50278,0.65551,0.4725,0.40415,0.38055,0.3626,0.21245,0.21428,0.21034,0.35002,1,0.77045,0.61913,0.63564,0.70134,0.68459,0.1677,0.24198,0.52732,0.44161,0.41494,0.42084,0.24556,0.34065,0.36359,0.43845,0.34856,0.42095,0.4701,0.51766,0.46245,0.41427,0.46676,0.41349,0.48159,0.27658,0.63558,0.57621,0.74761,0.68745,0.56628,0.50247,0.66788,0.54168,0.75634,0.65808,0.22363,0.32647,0.52561,0.49409,0.51992,0.45171,0.3052,0.20851,0.67938,0.6821,0.61664,0.62891,0.57211,0.55127,0.67854,0.64653,0.74076,0.66723,0.60979,0.5768,0.61326,0.48425,0.47198,0.42276,0.34702,0.49509,0.23996,0,0.027865,0,0.10388,0.037696,0.36575,0.43581,0.56313,0.37225,0.3874,0.062563,0.39169,0.27158,0.25185,0.19207,0.34284,0.21342,0.11503,0.085428,0.23166,0.46708,0.31932,0.48985,0.23433,0
0.69768,0.73269,0.34545,0.56636,0.22345,0.24124,0.40773,0.54678,0.30343,0.35781,0.57313,0.78996,0.48015,0.72677,0.56348,0.58884,0.78966,0.83859,0.69735,0.83393,0.49906,0.46933,0.53282,0.53937,0.32796,0.33505,0.30646,0.40609,0.77045,1,0.74403,0.71058,0.76387,0.76582,0.12044,0.27614,0.47438,0.62413,0.39094,0.49119,0.34644,0.582,0.51639,0.58736,0.43027,0.5499,0.57174,0.65356,0.54877,0.54571,0.59264,0.48989,0.64058,0.41911,0.70107,0.60687,0.66506,0.71759,0.49617,0.54819,0.67942,0.5863,0.81963,0.75335,0.19364,0.28925,0.51729,0.5278,0.61871,0.54944,0.45905,0.29961,0.72348,0.77148,0.68259,0.69833,0.63729,0.63355,0.74987,0.75935,0.85836,0.77153,0.74034,0.732,0.69197,0.55699,0.54867,0.49134,0.4987,0.50393,0.50062,0.23147,0.24463,0.10778,0.041897,0.047056,0.46355,0.48455,0.75195,0.49805,0.43735,0.10109,0.44907,0.3434,0.31666,0.19531,0.27311,0.1797,0.14454,0.13439,0.38779,0.59968,0.54117,0.58744,0.40031,0
0.71732,0.611,0.57993,0.64512,0.35356,0.36517,0.61774,0.65712,0.52527,0.50847,0.75363,0.70326,0.66896,0.78075,0.64477,0.62933,0.70108,0.66362,0.69036,0.70732,0.54852,0.46908,0.74529,0.75033,0.51844,0.54123,0.35698,0.477,0.61913,0.74403,1,0.93917,0.84307,0.81231,0.47284,0.58306,0.44872,0.49355,0.37586,0.36343,0.30215,0.42513,0.56219,0.55905,0.35458,0.44137,0.56458,0.61802,0.47902,0.44604,0.46529,0.39587,0.4751,0.33194,0.6224,0.58148,0.64337,0.61526,0.51488,0.4642,0.69968,0.55043,0.64013,0.64269,0.45958,0.47971,0.6301,0.59029,0.61778,0.55739,0.56295,0.48338,0.74,0.74601,0.76628,0.76026,0.68868,0.69813,0.6268,0.46278,0.65887,0.58048,0.6251,0.62262,0.58008,0.55215,0.532,0.48579,0.42026,0.52761,0.4643,0.286,0.28432,0.27395,0,0,0.34474,0.47337,0.6966,0.48968,0.4172,0.41046,0.52269,0.56816,0.50893,0.45424,0.23903,0.15834,0.13653,0.037146,0.37165,0.55929,0.49792,0.62414,0.55937,0
0.71235,0.63924,0.62569,0.70129,0.32489,0.32828,0.66511,0.74312,0.54244,0.49322,0.72964,0.73122,0.69757,0.81696,0.59744,0.60992,0.68225,0.64189,0.64017,0.6739,0.51064,0.44074,0.71242,0.75402,0.44943,0.50654,0.25376,0.39757,0.63564,0.71058,0.93917,1,0.83204,0.8254,0.43879,0.53915,0.433,0.45162,0.38992,0.39302,0.29465,0.44683,0.57235,0.58179,0.40633,0.5075,0.60156,0.65008,0.53164,0.50131,0.50556,0.47095,0.5001,0.41609,0.62705,0.61954,0.63416,0.58873,0.51803,0.46733,0.70054,0.59378,0.6259,0.6598,0.4282,0.54325,0.63436,0.61103,0.54591,0.50399,0.53181,0.459,0.72095,0.69469,0.74635,0.71873,0.68269,0.69341,0.60113,0.43134,0.62953,0.53885,0.60398,0.58705,0.56532,0.57024,0.52352,0.48181,0.38809,0.54107,0.45119,0.30018,0.31584,0.31792,0,0.0046534,0.34473,0.47105,0.69388,0.49355,0.39381,0.42637,0.52388,0.59107,0.54304,0.48201,0.20255,0.13994,0.18789,0.064846,0.29887,0.55171,0.49793,0.61022,0.54512,0
0.84217,0.7653,0.53773,0.6515,0.3143,0.29899,0.68975,0.65339,0.50744,0.46141,0.71091,0.71043,0.69221,0.81325,0.59588,0.62688,0.81016,0.78698,0.64542,0.8009,0.48966,0.4404,0.537,0.58185,0.38865,0.40118,0.27656,0.41107,0.70134,0.76387,0.84307,0.83204,1,0.97115,0.42586,0.52612,0.5274,0.61442,0.31224,0.39188,0.33848,0.49598,0.59469,0.64567,0.4571,0.58645,0.55646,0.6878,0.5664,0.54311,0.614,0.55619,0.6189,0.46814,0.66086,0.62309,0.81979,0.77349,0.69058,0.60893,0.81829,0.69905,0.81444,0.83185,0.41202,0.52882,0.78139,0.73746,0.56484,0.51705,0.46063,0.3952,0.76933,0.74732,0.81467,0.7851,0.76122,0.77131,0.74019,0.58786,0.77825,0.68433,0.62679,0.66082,0.63461,0.64786,0.44988,0.45141,0.39055,0.62712,0.44136,0.27972,0.21854,0.19158,0,0,0.34472,0.52853,0.76075,0.60928,0.45079,0.30187,0.55757,0.59599,0.42768,0.39514,0.24443,0.18759,0.17567,0.021074,0.2575,0.56455,0.54937,0.65423,0.47395,0
0.84371,0.806,0.51911,0.70264,0.32935,0.27146,0.67107,0.70041,0.48419,0.4158,0.69164,0.72327,0.675,0.82458,0.57138,0.5857,0.82441,0.79883,0.62155,0.8342,0.51345,0.50274,0.50941,0.57554,0.37153,0.37011,0.27671,0.4083,0.68459,0.76582,0.81231,0.8254,0.97115,1,0.39961,0.51041,0.50527,0.60479,0.36187,0.44731,0.34222,0.52457,0.60866,0.66146,0.48609,0.613,0.57767,0.6961,0.56613,0.55016,0.64127,0.57375,0.65486,0.4735,0.68239,0.65348,0.81762,0.81542,0.71786,0.65162,0.79988,0.73708,0.81853,0.86167,0.38353,0.53445,0.80355,0.77384,0.54647,0.51048,0.43559,0.3683,0.75456,0.73282,0.82538,0.76493,0.76763,0.78993,0.71138,0.56893,0.81183,0.67276,0.66243,0.67268,0.68433,0.67049,0.51804,0.50571,0.43634,0.61409,0.46139,0.27458,0.23246,0.19146,0.002684,0.036867,0.38275,0.54625,0.79455,0.63748,0.46062,0.27867,0.58759,0.58346,0.42313,0.37404,0.26703,0.21923,0.21972,0.025643,0.19397,0.58121,0.58139,0.66736,0.45301,0
0.25352,0.22646,0.48521,0.48943,0.46385,0.39475,0.59023,0.53452,0.68353,0.48683,0.484,0.23719,0.5108,0.27469,0.52925,0.41718,0.19298,0.26868,0.28288,0.18136,0.34046,0.34177,0.53842,0.50653,0.46268,0.44203,0.41005,0.46266,0.1677,0.12044,0.47284,0.43879,0.42586,0.39961,1,0.88741,0.14985,0.22566,0.13001,0.17393,0,0.078246,0.49843,0.44159,0.24457,0.31487,0.30463,0.34139,0.26508,0.28535,0.30592,0.33408,0.16504,0.15899,0.24001,0.2822,0.18511,0.24843,0.44486,0.267,0.47512,0.24865,0.1969,0.21106,0.82953,0.61287,0.66962,0.63579,0.3391,0.38201,0.37191,0.42991,0.26253,0.30096,0.42075,0.44193,0.43114,0.38067,0.20393,0.23078,0.19104,0.28047,0.32077,0.2773,0.36929,0.42108,0.31106,0.20913,0.35384,0.40595,0.34532,0.3665,0.26861,0.32429,0,0,0.14695,0.28779,0.31041,0.40688,0.22772,0.45039,0.32962,0.4547,0.33179,0.4598,0.086053,0.2211,0.15579,0,0.26168,0.28553,0.20592,0.34591,0.31251,0
0.30152,0.33404,0.43391,0.54977,0.54482,0.50212,0.51879,0.56543,0.66836,0.56591,0.48717,0.3255,0.45458,0.37089,0.60405,0.52525,0.28693,0.36069,0.41641,0.31811,0.40803,0.39654,0.61155,0.60751,0.60789,0.54221,0.50012,0.54817,0.24198,0.27614,0.58306,0.53915,0.52612,0.51041,0.88741,1,0.1853,0.3363,0.18029,0.19688,0,0.12842,0.50445,0.49067,0.21873,0.32786,0.32007,0.3649,0.27387,0.35985,0.35913,0.34436,0.24526,0.13914,0.34,0.34267,0.2313,0.38729,0.48058,0.40969,0.50949,0.3606,0.29566,0.35742,0.70471,0.60322,0.69829,0.7026,0.46997,0.50742,0.45748,0.41152,0.34821,0.37766,0.5188,0.51835,0.54175,0.46847,0.25611,0.29883,0.28979,0.34514,0.35425,0.31991,0.39763,0.38092,0.3856,0.24263,0.46084,0.40707,0.52303,0.37794,0.32489,0.28767,0,0,0.15725,0.31211,0.45427,0.48848,0.36488,0.40914,0.47047,0.46202,0.38583,0.44282,0.21531,0.23071,0.11538,0,0.32511,0.39104,0.33678,0.39737,0.36375,0.023165
0.60263,0.51393,0.33848,0.35831,0.084645,0.099406,0.3926,0.332,0.241,0.14302,0.50825,0.41223,0.47694,0.42521,0.30753,0.23161,0.59896,0.49146,0.45328,0.53744,0.41724,0.3259,0.35525,0.349,0.17208,0.10584,0.16853,0.16137,0.52732,0.47438,0.44872,0.433,0.5274,0.50527,0.14985,0.1853,1,0.69442,0.64272,0.62119,0.68809,0.5743,0.37154,0.43779,0.45112,0.35585,0.58102,0.58554,0.41123,0.40755,0.47559,0.43187,0.47179,0.40246,0.65788,0.57927,0.57602,0.43696,0.47203,0.34671,0.49673,0.3151,0.42546,0.3589,0.15779,0.067882,0.39284,0.30166,0.43805,0.36136,0.36556,0.27561,0.48386,0.53254,0.45097,0.45629,0.45952,0.5428,0.45739,0.32056,0.47374,0.34527,0.42918,0.29019,0.45446,0.33293,0.3953,0.3564,0.33698,0.40223,0.25817,0.11207,0.035979,0.1248,0.26643,0.17736,0.50885,0.53554,0.57654,0.45559,0.29159,0.20341,0.26809,0.31574,0.24553,0.27338,0.31813,0.11392,0.11032,0.30178,0.32569,0.45072,0.40271,0.39227,0.35448,0.042596
0.52643,0.58323,0.24942,0.45768,0.28025,0.20247,0.36163,0.46689,0.36536,0.32874,0.42611,0.44368,0.45829,0.52473,0.41191,0.40649,0.60247,0.57616,0.52475,0.64243,0.38703,0.37312,0.34238,0.39274,0.24551,0.2433,0.26622,0.28944,0.44161,0.62413,0.49355,0.45162,0.61442,0.60479,0.22566,0.3363,0.69442,1,0.46133,0.58403,0.54156,0.77101,0.47859,0.54324,0.4291,0.44851,0.53908,0.62545,0.45123,0.43582,0.55329,0.46111,0.62881,0.49857,0.63478,0.49596,0.50574,0.58244,0.48814,0.52112,0.57715,0.46971,0.54649,0.55417,0.19126,0.19067,0.48567,0.47869,0.45018,0.42998,0.51854,0.40037,0.46871,0.59497,0.53831,0.51801,0.63873,0.65917,0.47707,0.49251,0.59633,0.47668,0.55358,0.43818,0.57373,0.39998,0.39577,0.37984,0.54924,0.36786,0.58332,0.37439,0.25663,0.15384,0.24906,0.10861,0.58075,0.44354,0.75415,0.57861,0.45189,0.081147,0.42577,0.3186,0.35117,0.33283,0.18691,0.11064,0.33617,0.25341,0.39998,0.44004,0.61265,0.61535,0.48557,0.16383
0.46755,0.54193,0.18967,0.38885,0.1379,0.048194,0.17992,0.42999,0.21383,0.14767,0.35272,0.40067,0.33921,0.36544,0.33277,0.27175,0.40757,0.35362,0.47936,0.50543,0.59516,0.60511,0.38154,0.39814,0.24128,0.14303,0.33096,0.31979,0.41494,0.39094,0.37586,0.38992,0.31224,0.36187,0.13001,0.18029,0.64272,0.46133,1,0.85457,0.63577,0.52127,0.33996,0.42553,0.36211,0.24766,0.62705,0.51408,0.27437,0.24732,0.33722,0.30584,0.4023,0.2884,0.76352,0.73579,0.3963,0.42776,0.46283,0.40714,0.3444,0.36582,0.29295,0.24195,0.15209,0.18789,0.34031,0.31354,0.54348,0.49189,0.41015,0.25347,0.34195,0.43259,0.42461,0.33918,0.35177,0.41852,0.18015,0.21627,0.41466,0.22635,0.50325,0.28412,0.57004,0.3342,0.72956,0.65856,0.57468,0.3993,0.25941,0,0,0,0.39644,0.3641,0.69638,0.59363,0.56789,0.35269,0.27803,0.12632,0.27338,0.13067,0.24225,0.17905,0.39021,0.30667,0.17893,0.29054,0.26188,0.44199,0.37635,0.42097,0.32434,0.013086
0.52582,0.57955,0.19901,0.45471,0.16517,0.066124,0.2703,0.51182,0.31621,0.2299,0.41375,0.50746,0.42324,0.44978,0.41547,0.36616,0.49484,0.46568,0.45252,0.58038,0.58431,0.63263,0.3634,0.36148,0.21318,0.096637,0.37562,0.34052,0.42084,0.49119,0.36343,0.39302,0.39188,0.44731,0.17393,0.19688,0.62119,0.58403,0.85457,1,0.67801,0.66896,0.50005,0.56256,0.55135,0.46744,0.6703,0.63256,0.46678,0.40403,0.51298,0.48221,0.53615,0.44634,0.74417,0.79243,0.46189,0.49201,0.56397,0.51698,0.47796,0.47223,0.46463,0.39019,0.24683,0.31926,0.46791,0.45624,0.51705,0.50901,0.32259,0.18654,0.33047,0.41919,0.4332,0.35209,0.39643,0.45281,0.30578,0.33341,0.56028,0.36992,0.65793,0.46054,0.6921,0.50286,0.7641,0.70188,0.59406,0.53451,0.34261,0.077799,0.064959,0.033076,0.33326,0.32999,0.63105,0.61483,0.61715,0.45076,0.28614,0.087039,0.30314,0.20609,0.16623,0.11241,0.32321,0.3864,0.23408,0.21991,0.2147,0.50957,0.36993,0.5018,0.27925,0
0.48613,0.36209,0.27242,0.27413,0,0,0.30349,0.27548,0.12343,0.087048,0.34245,0.25042,0.43473,0.34566,0.12764,0.12342,0.41351,0.27678,0.3805,0.48577,0.35454,0.3033,0.25035,0.29229,0.085114,0.026881,0.12026,0.044197,0.24556,0.34644,0.30215,0.29465,0.33848,0.34222,0,0,0.68809,0.54156,0.63577,0.67801,1,0.71717,0.3149,0.37964,0.44611,0.28688,0.5355,0.54112,0.28431,0.20981,0.32324,0.31294,0.39031,0.41079,0.52525,0.47799,0.43514,0.25523,0.2904,0.1719,0.29565,0.22867,0.29203,0.22806,0.034098,0.0076002,0.20876,0.14907,0.31226,0.27984,0.32672,0.24176,0.3195,0.406,0.2939,0.2501,0.29998,0.38821,0.25002,0.15667,0.37215,0.24469,0.45195,0.26285,0.405,0.41791,0.37817,0.42576,0.23306,0.33679,0.089842,0,0,0.083038,0.42804,0.36201,0.55653,0.53127,0.47526,0.27967,0.016256,0.16152,0,0.17277,0.10717,0.091673,0.21853,0.027344,0.10476,0.44631,0.31423,0.33743,0.33785,0.26342,0.28761,0.034091
0.51016,0.55353,0.29763,0.50786,0.10562,0.10029,0.37909,0.51132,0.30246,0.22116,0.3947,0.45749,0.48475,0.52005,0.29558,0.24879,0.58255,0.4861,0.51991,0.62139,0.36018,0.41022,0.36993,0.40987,0.14756,0.14627,0.1355,0.11045,0.34065,0.582,0.42513,0.44683,0.49598,0.52457,0.078246,0.12842,0.5743,0.77101,0.52127,0.66896,0.71717,1,0.53314,0.59565,0.56534,0.48402,0.64096,0.67997,0.51964,0.40298,0.56135,0.48468,0.62351,0.49628,0.61555,0.50863,0.43654,0.46419,0.39583,0.40831,0.48519,0.42247,0.51504,0.486,0.085999,0.13706,0.37813,0.37232,0.41803,0.38854,0.45636,0.31873,0.4105,0.54156,0.48787,0.45316,0.53341,0.56906,0.432,0.34474,0.6076,0.404,0.61766,0.43339,0.5836,0.44918,0.46917,0.464,0.48722,0.34251,0.44837,0.24749,0.20968,0.1146,0.29066,0.19374,0.58998,0.43887,0.72808,0.45309,0.31305,0.098609,0.29545,0.23211,0.23115,0.18876,0.15808,0.13781,0.20158,0.24975,0.34489,0.4655,0.49684,0.48944,0.39028,0.059413
0.54914,0.53674,0.51388,0.6837,0.4076,0.40083,0.56417,0.70829,0.55146,0.48124,0.51814,0.62647,0.53141,0.64168,0.52214,0.51505,0.58015,0.5931,0.50455,0.5229,0.46763,0.46815,0.59636,0.62916,0.47433,0.50402,0.31229,0.38233,0.36359,0.51639,0.56219,0.57235,0.59469,0.60866,0.49843,0.50445,0.37154,0.47859,0.33996,0.50005,0.3149,0.53314,1,0.91694,0.80301,0.79278,0.8176,0.82599,0.80714,0.68921,0.77568,0.71962,0.65461,0.55007,0.59137,0.64792,0.45557,0.48979,0.57585,0.47565,0.63919,0.57243,0.61435,0.61547,0.53412,0.55533,0.71477,0.70399,0.468,0.49478,0.31404,0.27439,0.43758,0.46118,0.62482,0.56349,0.47966,0.48551,0.54336,0.38897,0.65124,0.54851,0.69036,0.61623,0.63167,0.68781,0.54819,0.45831,0.46974,0.59113,0.58692,0.42276,0.41852,0.32287,0,0,0.31237,0.41735,0.69225,0.64439,0.38129,0.31686,0.48017,0.45343,0.36808,0.34838,0.13582,0.17694,0.10908,0,0.31492,0.61197,0.48874,0.55766,0.46503,0
0.58009,0.63671,0.44036,0.66261,0.39906,0.39111,0.5151,0.70282,0.5451,0.50623,0.50916,0.69772,0.55534,0.67924,0.5734,0.59172,0.64079,0.67252,0.54167,0.57816,0.49056,0.4832,0.56502,0.6035,0.50848,0.4792,0.36095,0.40279,0.43845,0.58736,0.55905,0.58179,0.64567,0.66146,0.44159,0.49067,0.43779,0.54324,0.42553,0.56256,0.37964,0.59565,0.91694,1,0.806,0.83934,0.81381,0.86968,0.77713,0.73083,0.78843,0.75518,0.67069,0.54346,0.68088,0.71146,0.5113,0.55793,0.64713,0.5825,0.70619,0.65966,0.68633,0.6865,0.47223,0.59072,0.71852,0.72288,0.52018,0.55033,0.38439,0.31655,0.47099,0.56076,0.66591,0.63095,0.53055,0.52004,0.58063,0.50132,0.70166,0.61769,0.7211,0.64223,0.66362,0.68749,0.6038,0.49952,0.50223,0.62983,0.59668,0.36052,0.34484,0.21705,0,0,0.3992,0.50119,0.7839,0.69232,0.44503,0.29488,0.52742,0.46888,0.36758,0.32417,0.22733,0.25894,0.12196,0,0.37482,0.70277,0.56176,0.62578,0.4804,0
