1,0.73745,0.443,0.41313,0,0.019701,0.43054,0.32724,0,0.026566,0.39839,0.30981,0.37189,0.25148,0.14694,0.17041,0.514,0.44518,0.69596,0.6681,0.21586,0.16493,0.29225,0.26329,0.14709,0.098632,0.078693,0.13204,0.30769,0.23761,0.34309,0.2387,0.54572,0.54218,0.13972,0.24177,0.4229,0.42182,0.44599,0.42486,0.46562,0.40255,0.29841,0.30599,0.40106,0.37638,0.46127,0.50227,0.43619,0.49572,0.37101,0.38778,0.40454,0.40055,0.45894,0.58057,0.81473,0.53852,0.39585,0.31617,0.32774,0.15913,0.37516,0.31125,0,0.13243,0.46523,0.48823,0.59114,0.5948,0.10786,0.059185,0.44625,0.50917,0.30678,0.36799,0.23564,0.36023,0.46877,0.11987,0.34466,0.4308,0.3792,0.43695,0.33434,0.51163,0.31304,0.50935,0.25054,0.52671,0.35297,0.28249,0.24497,0.38511,0.16551,0.28078,0.46338,0.47096,0.42823,0.52764,0.25193,0.4468,0.20995,0.42176,0,0,0.16332,0.3493,0,0.22169,0.389,0.33948,0.45074,0.35474,0,0
0.73745,1,0.30555,0.48571,0.057604,0.1021,0.24948,0.48346,0.019006,0.14714,0.29827,0.43202,0.22132,0.34553,0.16942,0.13899,0.3684,0.41063,0.56021,0.62598,0.13784,0.12233,0.25887,0.22207,0.13494,0.1446,0.15459,0.1778,0.092172,0.2829,0.3163,0.19915,0.55519,0.55503,0.12597,0.22934,0.35345,0.4168,0.32387,0.31803,0.29042,0.31767,0.29609,0.18685,0.445,0.31347,0.48118,0.41159,0.53031,0.48959,0.42195,0.39612,0.45543,0.28966,0.46219,0.36879,0.79591,0.82254,0.53901,0.58695,0.43016,0.30657,0.35023,0.41698,0,0.15956,0.49764,0.51469,0.6151,0.63724,0.044522,0.03354,0.41209,0.47835,0.29252,0.31594,0.29419,0.40495,0.37793,0.16035,0.36275,0.32135,0.35219,0.4064,0.37494,0.45964,0.26027,0.36078,0.49336,0.44202,0.45294,0.2752,0.34312,0.26113,0.2089,0.23787,0.43646,0.34059,0.46671,0.45449,0.40432,0.31852,0.40864,0.40435,0.040289,0,0.32945,0.36285,0.097723,0.21877,0.33079,0.36874,0.40588,0.30222,0,0
0.443,0.30555,1,0.72216,0.23812,0.31029,0.86792,0.58744,0.30623,0.37463,0.47724,0.25956,0.61008,0.43711,0.39312,0.30748,0.12879,0.010364,0.47022,0.40822,0.28478,0.3101,0.83409,0.73792,0.4497,0.33434,0.085908,0.2221,0.044684,0,0.27785,0.20262,0.46305,0.40308,0.49281,0.48304,0.36218,0.25216,0.46665,0.37441,0.3991,0.30108,0.32335,0.31222,0.23502,0.25467,0.48096,0.48253,0.32118,0.26472,0.39486,0.36633,0.3334,0.38467,0.42567,0.51037,0.3699,0.27377,0.32912,0.20415,0.51068,0.31851,0.25998,0.14577,0.45125,0.45655,0.51771,0.4884,0.3498,0.52797,0.13756,0.21715,0.28389,0.29057,0.317,0.32527,0.39889,0.46312,0.14584,0,0.063343,0.19598,0.23174,0.23759,0.35937,0.41325,0.26757,0.3215,0.45524,0.52792,0.41305,0.50284,0.48321,0.64763,0.20778,0.3035,0.51271,0.44294,0.39294,0.37432,0.16611,0.49627,0.11982,0.26007,0,0,0.027218,0.13005,0,0.25257,0.49152,0.28979,0.32617,0.28147,0.098881,0
0.41313,0.48571,0.72216,1,0.38223,0.406,0.62725,0.80792,0.38023,0.5642,0.3795,0.48021,0.36947,0.57321,0.28769,0.3647,0.13246,0.11974,0.55355,0.60033,0.35769,0.36734,0.62725,0.74906,0.37388,0.55713,0.26004,0.35367,0,0.11011,0.27598,0.2527,0.51038,0.53158,0.33029,0.43417,0.26307,0.30885,0.4105,0.33826,0.26001,0.2582,0.39196,0.3595,0.30577,0.3195,0.52047,0.50924,0.46463,0.36816,0.4762,0.46231,0.40292,0.41754,0.47092,0.49847,0.36524,0.40195,0.45895,0.49502,0.493,0.52266,0.34013,0.39529,0.25689,0.56161,0.57943,0.61902,0.38493,0.57516,0.12633,0.081495,0.34319,0.35552,0.50972,0.42888,0.4371,0.51534,0.21817,0.060095,0.20118,0.25282,0.317,0.32465,0.37825,0.53649,0.3427,0.33015,0.48589,0.61319,0.5165,0.46818,0.57197,0.48658,0.19839,0.24094,0.48517,0.42015,0.43475,0.40814,0.35555,0.38057,0.31733,0.24339,0,0,0.19316,0.20012,0,0.2945,0.48318,0.35095,0.34375,0.27623,0.058719,0
0,0.057604,0.23812,0.38223,1,0.78853,0.17508,0.31814,0.76093,0.66023,0.15928,0.14914,0.17071,0.36921,0.42474,0.25461,0,0,0.025976,0.020883,0.32191,0.40986,0.29849,0.3237,0.49787,0.72025,0.67945,0.69742,0,0,0.01752,0.091151,0.14656,0.1163,0.2245,0.26434,0.28002,0.13496,0.1645,0.076532,0,0,0.25129,0.18106,0.10933,0.048311,0.31813,0.23834,0.24101,0.086015,0.32892,0.23251,0.23729,0.17934,0.26006,0.20301,0.077043,0.12445,0.34737,0.33216,0.25313,0.24758,0,0.017769,0.21329,0.27364,0.22878,0.2441,0.09156,0.23112,0.0031561,0.0033885,0.17638,0.045934,0.42524,0.26127,0.50102,0.46032,0,0,0,0,0.079276,0.13459,0.050124,0.098879,0.039039,0.076421,0.33798,0.18077,0.27435,0.23124,0.33827,0.25811,0.26693,0.19984,0.29294,0.21459,0.30882,0.24705,0.22168,0.21474,0.27104,0.223,0.18625,0.15094,0.25145,0.082513,0,0.14002,0.17704,0.23122,0.1835,0.19731,0.21588,0
0.019701,0.1021,0.31029,0.406,0.78853,1,0.31033,0.36152,0.6797,0.78235,0.24284,0.24131,0.28066,0.45017,0.46681,0.48016,0,0,0.10476,0.10625,0.30391,0.38187,0.35001,0.36432,0.40313,0.61852,0.61491,0.71722,0,0,0.019075,0.13876,0.1827,0.15021,0.34687,0.44451,0.24899,0.17994,0.18123,0.1058,0,0,0.31456,0.23776,0.13461,0.12872,0.33994,0.32457,0.27461,0.098346,0.32524,0.26533,0.29018,0.26803,0.2683,0.28447,0.18432,0.17018,0.41834,0.39805,0.34503,0.33882,0.1192,0.089685,0.31176,0.38521,0.36201,0.40752,0.15167,0.39981,0,0.017187,0.14819,0,0.39666,0.33991,0.47446,0.51218,0,0,3.116e-05,0.026515,0.18044,0.28983,0.11354,0.23581,0.14045,0.2191,0.35883,0.42592,0.40878,0.41125,0.42238,0.40875,0.24032,0.23884,0.31706,0.2729,0.35196,0.29698,0.2232,0.33483,0.22258,0.30017,0.13017,0.11665,0.20965,0.142,0,0.19351,0.37567,0.34789,0.23757,0.27949,0.18168,0
0.43054,0.24948,0.86792,0.62725,0.17508,0.31033,1,0.66989,0.414,0.46995,0.61379,0.34192,0.66791,0.43407,0.34782,0.32194,0.21047,0.058645,0.44894,0.40303,0.20189,0.21129,0.81571,0.77072,0.27918,0.25155,0.0050201,0.13514,0.11169,0,0.18658,0.12466,0.37409,0.34679,0.40077,0.46554,0.23817,0.20007,0.32275,0.26682,0.32002,0.2362,0.32139,0.31625,0.21899,0.26415,0.40049,0.47133,0.27278,0.25442,0.31031,0.34517,0.26659,0.381,0.28928,0.45531,0.31921,0.18919,0.26492,0.18296,0.56226,0.41857,0.31135,0.19148,0.46291,0.49857,0.41578,0.41112,0.19881,0.45372,0.078423,0.097044,0.23257,0.27697,0.30774,0.35071,0.36877,0.40018,0.15791,0,0.071528,0.22518,0.23566,0.25474,0.2695,0.39291,0.18816,0.24033,0.34869,0.6313,0.46646,0.61509,0.56501,0.7453,0.18073,0.2923,0.40843,0.4261,0.32091,0.36191,0.076982,0.47791,0.0064141,0.16786,0,0,0,0.086176,0,0.26958,0.52614,0.33609,0.36663,0.27688,0.13114,0
0.32724,0.48346,0.58744,0.80792,0.31814,0.36152,0.66989,1,0.42242,0.61711,0.46932,0.64115,0.35307,0.64865,0.25352,0.34863,0.20888,0.15845,0.46374,0.5165,0.2323,0.23575,0.63596,0.72503,0.24614,0.41725,0.17109,0.28381,0.041265,0.18922,0.20525,0.22544,0.40414,0.47336,0.27607,0.421,0.14586,0.23798,0.26537,0.22847,0.1653,0.24918,0.40668,0.35001,0.32785,0.35076,0.47949,0.48898,0.39946,0.33692,0.37711,0.40476,0.33837,0.31152,0.40093,0.39958,0.31138,0.40109,0.43233,0.53956,0.56625,0.71767,0.30345,0.38539,0.29231,0.58069,0.49825,0.53182,0.27225,0.51018,0.16089,0.058587,0.35343,0.39681,0.51546,0.43041,0.43288,0.48057,0.25484,0.095948,0.23978,0.27706,0.32967,0.35035,0.38418,0.47531,0.30259,0.24809,0.54695,0.65456,0.59466,0.51873,0.67889,0.54547,0.14675,0.22484,0.41758,0.41295,0.43476,0.40337,0.35379,0.35378,0.3017,0.22441,0.047684,0,0.18757,0.21028,0,0.2947,0.51085,0.39078,0.4137,0.31614,0.061668,0
0,0.019006,0.30623,0.38023,0.76093,0.6797,0.414,0.42242,1,0.75695,0.40023,0.2046,0.40408,0.4776,0.4918,0.35013,0,0,0.041854,0.057038,0.20938,0.30604,0.45537,0.4933,0.12882,0.47354,0.33964,0.37362,0,0,0.014679,0.086464,0,0,0.1528,0.2879,0.18404,0.045465,0.012908,0,0,0,0.12833,0.051559,0,0,0.2019,0.19169,0.10131,0,0.1871,0.13365,0.13096,0.13288,0.079217,0.077887,0,0.019051,0.18682,0.18733,0.30602,0.32401,0.090248,0.049697,0.31682,0.34885,0.075385,0.09662,0,0.16762,0,0,0.14469,0,0.38772,0.25767,0.47877,0.39927,0,0,0,0,0.020729,0.023968,0,0.033031,0,0,0.26663,0.22356,0.32788,0.396,0.41925,0.40032,0.31844,0.27021,0.22471,0.18576,0.17458,0.1505,0.034651,0.13328,0.068272,0.034175,0.18101,0.15054,0.075226,0,0,0.19661,0.26298,0.21924,0.1438,0.12315,0.26258,0
0.026566,0.14714,0.37463,0.5642,0.66023,0.78235,0.46995,0.61711,0.75695,1,0.32579,0.38829,0.38516,0.57503,0.5319,0.64808,0.10976,0.032506,0.16693,0.19611,0.29944,0.35806,0.45356,0.60086,0.24207,0.58939,0.47846,0.56607,0,0,0.051595,0.22439,0.20583,0.21699,0.24374,0.43272,0.1749,0.10334,0.1104,0.031392,0,0,0.31078,0.23934,0.15599,0.17012,0.32272,0.35081,0.26736,0.14179,0.30445,0.30618,0.2502,0.2782,0.24454,0.25634,0.13204,0.18139,0.36329,0.43778,0.46087,0.56262,0.22629,0.2388,0.34548,0.54194,0.33699,0.40848,0.075289,0.37976,0,0,0.16455,0.078122,0.49881,0.40194,0.46267,0.52311,0.10284,0.15463,0.15748,0.16414,0.3155,0.38069,0.21126,0.28866,0.17963,0.15476,0.371,0.50205,0.48055,0.49056,0.58134,0.4854,0.1761,0.21339,0.25818,0.29169,0.33895,0.31062,0.19993,0.27352,0.1983,0.1801,0.14103,0.050046,0.16319,0.095423,0.023052,0.20788,0.46141,0.3946,0.28226,0.27632,0.25072,0
0.39839,0.29827,0.47724,0.3795,0.15928,0.24284,0.61379,0.46932,0.40023,0.32579,1,0.55572,0.65936,0.50044,0.29092,0.23511,0.33772,0.097169,0.42564,0.37212,0.1639,0.16248,0.52459,0.48436,0.015785,0.060556,0.034488,0.069935,0.20677,0,0.18583,0.10766,0.30288,0.3059,0.1036,0.33754,0.30924,0.14424,0.14529,0.089165,0.19582,0.12981,0.12914,0.024735,0.092546,0.0050774,0.17927,0.20171,0.2629,0.11458,0.24537,0.23181,0.20586,0.15932,0.17366,0.19957,0.3195,0.21277,0.2239,0.18087,0.59758,0.3464,0.5038,0.27828,0.28446,0.33509,0.22339,0.21896,0.07168,0.2555,0,0,0.41685,0.36479,0.41878,0.42905,0.42065,0.41742,0.032754,0,0,0,0.067314,0.029441,0.038957,0.15162,0.022043,0.056547,0.25591,0.37226,0.29215,0.31313,0.25386,0.3983,0.21226,0.24888,0.29409,0.24437,0.18448,0.19659,0.066202,0.24789,0.087641,0.19127,0.097724,0.10586,0.064643,0.1734,0,0.22472,0.42547,0.15894,0.21657,0.2416,0.090835,0
0.30981,0.43202,0.25956,0.48021,0.14914,0.24131,0.34192,0.64115,0.2046,0.38829,0.55572,1,0.35179,0.5981,0.26081,0.29122,0.36489,0.42145,0.52912,0.57143,0.083301,0.05478,0.29501,0.33308,0.065856,0.19097,0.2087,0.21765,0.30386,0.34947,0.16386,0.10884,0.3187,0.42583,0.0029226,0.2286,0.16506,0.18097,0.085637,0.052741,0.13076,0.16979,0.25701,0.18465,0.19651,0.16639,0.20338,0.23792,0.28903,0.1286,0.22642,0.18386,0.20418,0.10223,0.23872,0.20185,0.30813,0.36778,0.35756,0.45733,0.54565,0.60589,0.46893,0.57298,0.18669,0.39286,0.29964,0.33155,0.14488,0.25777,0.044014,0,0.40603,0.45297,0.45085,0.48859,0.29242,0.39426,0.26062,0.22132,0.25724,0.22228,0.30544,0.23442,0.2407,0.2703,0.24464,0.15757,0.33809,0.4313,0.33828,0.26421,0.27349,0.24215,0,0.074939,0.16361,0.13191,0.1847,0.19481,0.28072,0.22133,0.26992,0.25918,0.1233,0.023996,0.2106,0.25456,0.11868,0.20984,0.36545,0.157,0.22355,0.27358,0.041982,0
0.37189,0.22132,0.61008,0.36947,0.17071,0.28066,0.66791,0.35307,0.40408,0.38516,0.65936,0.35179,1,0.58863,0.64728,0.42705,0.25407,0.20019,0.36045,0.31164,0.21082,0.21984,0.56314,0.52199,0.22113,0.22612,0.092272,0.12353,0.21635,0,0.23373,0.15172,0.31004,0.28101,0.29779,0.38079,0.33864,0.13229,0.18986,0.099587,0.24185,0.1291,0.23478,0.16333,0.20914,0.19648,0.25658,0.30426,0.1965,0.14259,0.25265,0.20053,0.14775,0.1666,0.209,0.26519,0.24437,0.14338,0.14048,0.06806,0.42803,0.25899,0.42936,0.27318,0.47046,0.39207,0.29503,0.30455,0.087893,0.34127,0.13715,0.22623,0.23976,0.22445,0.3311,0.3874,0.3312,0.37899,0.18101,0.11958,0.14714,0.22722,0.25163,0.23082,0.30519,0.32337,0.12219,0.14485,0.20216,0.37566,0.31864,0.41169,0.33729,0.51174,0.18409,0.30302,0.31135,0.30237,0.2074,0.2629,0.066985,0.39854,0.069158,0.23049,0.0034045,0.060992,0.14183,0.18421,0.015064,0.29405,0.44621,0.30321,0.31583,0.33812,0.13976,0
0.25148,0.34553,0.43711,0.57321,0.36921,0.45017,0.43407,0.64865,0.4776,0.57503,0.50044,0.5981,0.58863,1,0.44999,0.57252,0.11439,0.078789,0.33226,0.38309,0.2678,0.28341,0.49388,0.58811,0.21201,0.39562,0.17765,0.30491,0.051172,0.049209,0.18037,0.21249,0.27092,0.29605,0.20562,0.37547,0.20976,0.23093,0.23903,0.20471,0.14137,0.15765,0.3756,0.29644,0.25178,0.17213,0.37596,0.41129,0.30064,0.1874,0.34343,0.29077,0.27125,0.20615,0.34458,0.33179,0.23246,0.26022,0.26475,0.30718,0.36709,0.44015,0.29302,0.31623,0.26346,0.39401,0.3274,0.37256,0.19843,0.4102,0.2471,0.14799,0.34231,0.26015,0.48708,0.38187,0.45102,0.48119,0.16299,0.067173,0.14333,0.20502,0.19401,0.24654,0.36079,0.45008,0.19578,0.1944,0.40004,0.44603,0.46993,0.3647,0.51102,0.3906,0.23702,0.23993,0.41312,0.39935,0.36074,0.35022,0.34369,0.33039,0.31119,0.26313,0.051743,0,0.19122,0.16778,0.045505,0.40652,0.5108,0.37385,0.35843,0.34931,0.062252,0
0.14694,0.16942,0.39312,0.28769,0.42474,0.46681,0.34782,0.25352,0.4918,0.5319,0.29092,0.26081,0.64728,0.44999,1,0.63559,0.24772,0.26762,0.25429,0.21752,0.2908,0.32416,0.43677,0.29592,0.34867,0.37492,0.49226,0.48514,0.26525,0.16877,0.24036,0.33704,0.2611,0.24882,0.37958,0.3665,0.35086,0.16419,0.22631,0.1238,0.17249,0.047137,0.26542,0.24428,0.2828,0.23119,0.27265,0.26333,0.20195,0.089945,0.29649,0.12588,0.15159,0.04407,0.34853,0.25707,0.20441,0.27816,0.34531,0.28658,0.39448,0.27682,0.31677,0.26711,0.51546,0.4123,0.38813,0.3776,0.12144,0.33512,0.13255,0.21927,0.32122,0.16671,0.48352,0.43557,0.33588,0.43836,0.25644,0.34423,0.29554,0.28166,0.50643,0.4078,0.39363,0.29866,0.31331,0.26148,0.3993,0.25796,0.26585,0.24093,0.31317,0.40629,0.16515,0.22832,0.31271,0.26625,0.2656,0.27625,0.28853,0.35486,0.30794,0.35,0.079184,0.049145,0.39646,0.31653,0.10873,0.19615,0.38545,0.28186,0.31419,0.39692,0.12872,0
0.17041,0.13899,0.30748,0.3647,0.25461,0.48016,0.32194,0.34863,0.35013,0.64808,0.23511,0.29122,0.42705,0.57252,0.63559,1,0.20827,0.15668,0.24134,0.22103,0.24469,0.23518,0.38291,0.42963,0.087373,0.25563,0.32787,0.45455,0.21803,0.15671,0.10228,0.43032,0.2461,0.23361,0.28343,0.44365,0.21225,0.21818,0.19921,0.14175,0.08016,0,0.32777,0.31994,0.14177,0.15151,0.25646,0.30174,0.19304,0.09144,0.26357,0.22646,0.20617,0.20631,0.20906,0.25653,0.1957,0.24226,0.32254,0.34138,0.36345,0.34659,0.26741,0.20754,0.31117,0.45727,0.39342,0.44667,0.14114,0.39964,0.22292,0.20751,0.25248,0.094013,0.48847,0.37472,0.31459,0.44392,0.22348,0.30654,0.25932,0.33262,0.40913,0.51007,0.35795,0.40016,0.24729,0.26967,0.28407,0.41274,0.37049,0.31533,0.42377,0.43679,0.067351,0.10925,0.27256,0.30956,0.30398,0.35002,0.35001,0.41392,0.33548,0.32292,0.0090318,0,0.2433,0.31828,0.080562,0.25219,0.55026,0.37165,0.31295,0.36486,0.080746,0
0.514,0.3684,0.12879,0.13246,0,0,0.21047,0.20888,0,0.10976,0.33772,0.36489,0.25407,0.11439,0.24772,0.20827,1,0.74476,0.46766,0.43881,0.016885,0.025306,0.097142,0.049365,0.03802,0.02631,0.10126,0.05006,0.72238,0.55163,0.27501,0.29891,0.36789,0.4336,0.014119,0.24639,0.21795,0.12067,0.086713,0.067042,0.30247,0.2525,0.16022,0.15929,0.25062,0.27715,0.17852,0.25777,0.16997,0.2003,0.1067,0.1021,0.14144,0.069457,0.25136,0.19568,0.46003,0.43605,0.18567,0.24584,0.33674,0.29868,0.58283,0.5896,0.080485,0.20519,0.25975,0.27889,0.159,0.23702,0.086887,0.090079,0.44012,0.48927,0.33831,0.4115,0.02407,0.15902,0.72743,0.49788,0.67377,0.51039,0.51823,0.50814,0.28428,0.25784,0.173,0.23912,0.13211,0.21945,0.27149,0.16112,0.022209,0.12534,0.012499,0.13782,0.15775,0.20727,0.24622,0.36546,0.13864,0.13977,0.22486,0.30648,0.14987,0.026043,0.28205,0.32683,0.22679,0.17755,0.43413,0.29727,0.36513,0.3769,0.1685,0.060539
0.44518,0.41063,0.010364,0.11974,0,0,0.058645,0.15845,0,0.032506,0.097169,0.42145,0.20019,0.078789,0.26762,0.15668,0.74476,1,0.43507,0.47373,0,0,0,0,0.04854,0.044347,0.12004,0.017321,0.64328,0.73395,0.16998,0.13283,0.33381,0.43714,0,0.1132,0.11821,0.19774,0.067987,0.10126,0.28832,0.29526,0.28515,0.28592,0.34799,0.41371,0.2492,0.31062,0.20405,0.25252,0.12711,0.11366,0.12825,0.084709,0.2417,0.20049,0.35019,0.4282,0.14315,0.27171,0.17237,0.21908,0.52449,0.69658,0,0.1272,0.31058,0.36118,0.17642,0.20419,0.045982,0.096827,0.27703,0.44326,0.24025,0.31156,0,0.081137,0.75303,0.73451,0.7796,0.65223,0.5858,0.54304,0.41457,0.33973,0.28116,0.23487,0.08753,0.17851,0.26941,0.17186,0.034959,0.084212,0,0.074804,0.10625,0.15857,0.24672,0.36576,0.23427,0.12841,0.2764,0.25624,0.15296,0,0.29024,0.30961,0.25906,0.18529,0.33095,0.30145,0.35621,0.39426,0.13246,0.07182
0.69596,0.56021,0.47022,0.55355,0.025976,0.10476,0.44894,0.46374,0.041854,0.16693,0.42564,0.52912,0.36045,0.33226,0.25429,0.24134,0.46766,0.43507,1,0.90982,0.31744,0.28034,0.38996,0.36583,0.18768,0.19794,0.17483,0.19163,0.39755,0.44081,0.26863,0.17663,0.46188,0.53143,0.097576,0.23117,0.33987,0.43485,0.46131,0.41144,0.5078,0.43991,0.23982,0.29018,0.20654,0.22705,0.35405,0.39595,0.30026,0.23955,0.25512,0.22108,0.2579,0.26566,0.39201,0.48716,0.50201,0.38452,0.31548,0.29154,0.3048,0.26105,0.34328,0.34124,0.023872,0.20264,0.42932,0.44379,0.55438,0.55579,0.11887,0.098219,0.51204,0.57699,0.43708,0.48135,0.2636,0.39031,0.40696,0.19405,0.31973,0.32418,0.45162,0.34239,0.29568,0.39091,0.39235,0.40919,0.29083,0.46472,0.36703,0.28979,0.27061,0.36593,0.049439,0.18816,0.39631,0.35872,0.32506,0.3968,0.25631,0.3379,0.22319,0.32101,0,0,0.17382,0.34663,0,0.22563,0.37801,0.21021,0.27568,0.26971,0,0
0.6681,0.62598,0.40822,0.60033,0.020883,0.10625,0.40303,0.5165,0.057038,0.19611,0.37212,0.57143,0.31164,0.38309,0.21752,0.22103,0.43881,0.47373,0.90982,1,0.30848,0.22531,0.34581,0.35789,0.158,0.20522,0.14095,0.16135,0.37005,0.45853,0.23702,0.1428,0.47529,0.54896,0.10689,0.25164,0.30419,0.49418,0.45434,0.4282,0.49239,0.4784,0.27693,0.3289,0.22925,0.26979,0.36972,0.43345,0.28007,0.24322,0.21575,0.17804,0.24563,0.24812,0.34687,0.46255,0.50528,0.43854,0.32005,0.35024,0.28329,0.35186,0.40198,0.47294,0.044709,0.22945,0.45769,0.46603,0.59477,0.62088,0.12159,0.089316,0.5004,0.60102,0.41393,0.4902,0.28272,0.434,0.4484,0.20448,0.37465,0.36306,0.45911,0.3878,0.35273,0.46685,0.41933,0.41914,0.30508,0.49755,0.4464,0.37136,0.34248,0.38415,0.074673,0.1768,0.38341,0.34801,0.33508,0.4081,0.32649,0.36385,0.28734,0.33052,0,0,0.23733,0.36082,0,0.32948,0.39776,0.29564,0.27182,0.26468,0,0
0.21586,0.13784,0.28478,0.35769,0.32191,0.30391,0.20189,0.2323,0.20938,0.29944,0.1639,0.083301,0.21082,0.2678,0.2908,0.24469,0.016885,0,0.31744,0.30848,1,0.80169,0.17867,0.24695,0.30053,0.39043,0.2938,0.42718,0.040376,0.1046,0.13312,0.094602,0.19609,0.15803,0.097161,0.099324,0.2512,0.39093,0.53862,0.48087,0.40087,0.34651,0.099565,0.19166,0.076753,0.057272,0.25718,0.24442,0.22191,0.10713,0.28054,0.20038,0.29999,0.2574,0.36577,0.4442,0.1433,0.1203,0.23117,0.19736,0.083594,0.00098014,0.05374,0,0,0.043949,0.3026,0.27416,0.27115,0.32946,0.33358,0.17488,0.31107,0.25512,0.45577,0.29217,0.40621,0.34294,0.17275,0,0.11045,0.13461,0.26855,0.18602,0.20986,0.32738,0.36273,0.36795,0.34088,0.32148,0.17192,0.17089,0.20777,0.23875,0.089555,0.092135,0.33194,0.28672,0.23489,0.22081,0.10744,0.13383,0.023138,0.0056142,0,0,0,0,0,0.089626,0.081148,0.080784,0.041997,0.0081539,0,0
0.16493,0.12233,0.3101,0.36734,0.40986,0.38187,0.21129,0.23575,0.30604,0.35806,0.16248,0.05478,0.21984,0.28341,0.32416,0.23518,0.025306,0,0.28034,0.22531,0.80169,1,0.24576,0.31056,0.33044,0.47232,0.297,0.43352,0.018797,0.09894,0.25093,0.18066,0.24589,0.2207,0.12149,0.15055,0.21403,0.30604,0.40067,0.33488,0.32981,0.2765,0.1174,0.15318,0.046247,0.026582,0.23135,0.20705,0.18874,0.087954,0.25375,0.20307,0.25417,0.23113,0.333,0.35301,0.1178,0.08841,0.21874,0.17059,0.08739,0.0012292,0.013014,0,0,0.054892,0.24068,0.22818,0.21437,0.25506,0.28738,0.19304,0.29903,0.26567,0.45744,0.28622,0.44066,0.35771,0.11543,0,0.071954,0.065866,0.23308,0.18375,0.13413,0.20552,0.21853,0.21545,0.29267,0.21528,0.15643,0.15795,0.21743,0.19994,0.15323,0.11198,0.32231,0.26779,0.24379,0.20955,0.076031,0.071888,0.036475,0.023524,0,0,0,0,0,0.060141,0.083891,0.079523,0.044747,0.047566,0.085446,0
0.29225,0.25887,0.83409,0.62725,0.29849,0.35001,0.81571,0.63596,0.45537,0.45356,0.52459,0.29501,0.56314,0.49388,0.43677,0.38291,0.097142,0,0.38996,0.34581,0.17867,0.24576,1,0.83588,0.42515,0.26513,0.1297,0.20825,0.0044225,0,0.32665,0.30238,0.41185,0.36857,0.52976,0.53897,0.28737,0.15799,0.27953,0.19913,0.20726,0.13941,0.30207,0.23593,0.15995,0.12146,0.35835,0.36924,0.16315,0.11732,0.26569,0.25169,0.18323,0.23363,0.2559,0.32082,0.27039,0.20644,0.22961,0.144,0.48535,0.38371,0.19201,0.068498,0.53143,0.50756,0.35485,0.36075,0.22018,0.45481,0.0084779,0.1321,0.25354,0.24616,0.30741,0.3388,0.41049,0.41822,0.022823,0,0,0.069547,0.14142,0.15079,0.23764,0.26439,0.11963,0.16193,0.40941,0.48069,0.4176,0.47708,0.53631,0.66507,0.21821,0.2378,0.42788,0.36169,0.32065,0.29746,0.11337,0.38074,0.1203,0.20574,0.1057,0.16366,0.035502,0.13845,0,0.23254,0.53292,0.30422,0.27394,0.26893,0.20495,0
0.26329,0.22207,0.73792,0.74906,0.3237,0.36432,0.77072,0.72503,0.4933,0.60086,0.48436,0.33308,0.52199,0.58811,0.29592,0.42963,0.049365,0,0.36583,0.35789,0.24695,0.31056,0.83588,1,0.32544,0.41733,0.11516,0.1971,0,0,0.19882,0.2326,0.34603,0.32762,0.36448,0.47102,0.19486,0.093247,0.23729,0.14087,0.1259,0.088311,0.30165,0.22697,0.13835,0.14974,0.34348,0.38725,0.19422,0.18428,0.25172,0.33261,0.18912,0.34572,0.2097,0.31494,0.21165,0.11031,0.14759,0.15701,0.40811,0.47741,0.1645,0.1042,0.39156,0.56699,0.28831,0.35676,0.1882,0.43554,0.050506,0.053684,0.19864,0.24486,0.37206,0.3837,0.43457,0.44355,0.042464,0,0.0024173,0.10024,0.12063,0.17169,0.18827,0.32827,0.091785,0.1211,0.27712,0.55817,0.42258,0.4918,0.56726,0.57803,0.18285,0.22754,0.35653,0.3478,0.28876,0.27912,0.046819,0.2926,0.03984,0.083698,0.061598,0.074628,0,0.048729,0,0.24309,0.47866,0.30295,0.23796,0.15861,0.21045,0
0.14709,0.13494,0.4497,0.37388,0.49787,0.40313,0.27918,0.24614,0.12882,0.24207,0.015785,0.065856,0.22113,0.21201,0.34867,0.087373,0.03802,0.04854,0.18768,0.158,0.30053,0.33044,0.42515,0.32544,1,0.68466,0.51429,0.4868,0,0.033044,0.23885,0.10595,0.36453,0.30239,0.43908,0.29432,0.23087,0.19302,0.39419,0.31163,0.27612,0.24541,0.33179,0.3572,0.26008,0.27011,0.36177,0.36291,0.21349,0.19118,0.37189,0.27981,0.24501,0.22675,0.44787,0.45373,0.20469,0.18382,0.23625,0.15751,0.15698,0.089869,0.017051,0.054674,0.2412,0.25189,0.34632,0.36104,0.2387,0.35374,0.11111,0.18359,0.085836,0.099695,0.16469,0.1836,0.20982,0.26535,0.16243,0.04785,0.14618,0.19648,0.29945,0.25913,0.29272,0.33868,0.29834,0.35226,0.33951,0.29843,0.22004,0.1929,0.24395,0.29658,0.18317,0.21083,0.40092,0.34077,0.35208,0.31669,0.12659,0.31391,0.14044,0.24266,0.029944,0.059063,0.19441,0.12993,0,0.21868,0.23532,0.27329,0.24867,0.24393,0.19252,0
0.098632,0.1446,0.33434,0.55713,0.72025,0.61852,0.25155,0.41725,0.47354,0.58939,0.060556,0.19097,0.22612,0.39562,0.37492,0.25563,0.02631,0.044347,0.19794,0.20522,0.39043,0.47232,0.26513,0.41733,0.68466,1,0.58566,0.6038,0,0.042049,0.19193,0.16632,0.30998,0.31272,0.22513,0.2304,0.17482,0.19246,0.30716,0.22292,0.13594,0.13894,0.38135,0.3968,0.24705,0.31577,0.39014,0.42516,0.32476,0.27093,0.41826,0.39005,0.31405,0.34796,0.40882,0.432,0.14365,0.14826,0.29665,0.30725,0.17282,0.25668,0.082848,0.18846,0.081722,0.32488,0.34343,0.39996,0.14568,0.28615,0.11819,0.059656,0.13632,0.094433,0.36899,0.27184,0.32526,0.37143,0.20833,0.1659,0.24348,0.27397,0.36118,0.34639,0.27391,0.40842,0.26437,0.28458,0.26448,0.36596,0.30511,0.27945,0.32859,0.24561,0.19421,0.23624,0.3302,0.35275,0.34101,0.33112,0.15581,0.24066,0.16171,0.14205,0.076433,0,0.23204,0.033385,0,0.25216,0.19401,0.31777,0.25957,0.2024,0.22792,0
0.078693,0.15459,0.085908,0.26004,0.67945,0.61491,0.0050201,0.17109,0.33964,0.47846,0.034488,0.2087,0.092272,0.17765,0.49226,0.32787,0.10126,0.12004,0.17483,0.14095,0.2938,0.297,0.1297,0.11516,0.51429,0.58566,1,0.86868,0.0015116,0,0.034012,0.17765,0.25923,0.22641,0.29486,0.32832,0.35872,0.19111,0.21725,0.088791,0.016258,0,0.16122,0.12098,0.17858,0.11268,0.19101,0.13532,0.21338,0.060697,0.24275,0.13235,0.16408,0.088116,0.31147,0.24197,0.27405,0.25999,0.42056,0.41822,0.28321,0.25874,0.12179,0.14217,0.21947,0.30423,0.32898,0.35628,0.21429,0.27854,0,0,0.21216,0.091319,0.37157,0.34409,0.41929,0.45614,0.09794,0.1632,0.15292,0.1143,0.35869,0.36263,0.13743,0.16137,0.29234,0.34969,0.31844,0.25111,0.19531,0.077316,0.20434,0.18819,0.096819,0.14673,0.26337,0.19509,0.27858,0.27697,0.3714,0.28629,0.39905,0.41956,0.10202,0.11715,0.43824,0.32658,0,0,0.18784,0.17202,0.12151,0.25738,0.067459,0
0.13204,0.1778,0.2221,0.35367,0.69742,0.71722,0.13514,0.28381,0.37362,0.56607,0.069935,0.21765,0.12353,0.30491,0.48514,0.45455,0.05006,0.017321,0.19163,0.16135,0.42718,0.43352,0.20825,0.1971,0.4868,0.6038,0.86868,1,0,0,0.005648,0.20513,0.27166,0.20693,0.34628,0.36601,0.43389,0.31674,0.40364,0.26523,0.13716,0.067783,0.25369,0.23777,0.19068,0.13977,0.31115,0.24581,0.28078,0.10879,0.32848,0.22705,0.23985,0.19297,0.40652,0.38559,0.33524,0.30396,0.51919,0.49975,0.32249,0.28369,0.074341,0.08068,0.2346,0.35528,0.43758,0.43976,0.32562,0.40574,0.035117,0.020685,0.30301,0.1691,0.44924,0.38616,0.53997,0.55899,0.088765,0.033647,0.093532,0.11956,0.33098,0.39134,0.18047,0.27167,0.34605,0.45613,0.4433,0.37672,0.29702,0.17284,0.35812,0.32582,0.21248,0.23998,0.42219,0.3463,0.42873,0.40243,0.48466,0.42301,0.46484,0.50357,0.015383,0.022453,0.42191,0.35965,0,0.04406,0.24187,0.24925,0.22953,0.29317,0,0
0.30769,0.092172,0.044684,0,0,0,0.11169,0.041265,0,0,0.20677,0.30386,0.21635,0.051172,0.26525,0.21803,0.72238,0.64328,0.39755,0.37005,0.040376,0.018797,0.0044225,0,0,0,0.0015116,0,1,0.69477,0.32185,0.33444,0.27718,0.33954,0,0.047826,0.22081,0.11983,0.048722,0.043986,0.27727,0.25618,0.098175,0.14298,0.13382,0.22593,0.059444,0.1384,0.0034828,0.048364,0,0,0.0021181,0,0.088791,0.10353,0.20961,0.16325,0.018287,0.037466,0.14523,0.18028,0.42265,0.45271,0.035701,0.075349,0.14657,0.15359,0.060526,0.047324,0.17452,0.18209,0.43097,0.41794,0.27788,0.30784,0,0.053044,0.62916,0.55989,0.57251,0.43854,0.47695,0.38289,0.18848,0.12292,0.1192,0.10348,0,0.065555,0.0516,0.025702,0,0.024301,0,0.04069,0,0.089845,0.021302,0.16019,0.0407,0.10026,0.090852,0.19288,0,0,0.12361,0.23868,0.13931,0.053609,0.21988,0.083913,0.18501,0.21381,0.084013,0.029794
0.23761,0.2829,0,0.11011,0,0,0,0.18922,0,0,0,0.34947,0,0.049209,0.16877,0.15671,0.55163,0.73395,0.44081,0.45853,0.1046,0.09894,0,0,0.033044,0.042049,0,0,0.69477,1,0.24652,0.19502,0.31029,0.42818,0,0,0.027502,0.22695,0.10552,0.14549,0.28593,0.38538,0.23716,0.29059,0.2179,0.32784,0.19063,0.24856,0.12888,0.15503,0.060388,0.066462,0.11418,0.077282,0.21489,0.1608,0.16749,0.32199,0.095197,0.21354,0.04055,0.1664,0.30125,0.51252,0,0,0.26862,0.27517,0.19999,0.13512,0.19275,0.15509,0.26433,0.4334,0.24239,0.19905,0,0.0053288,0.69661,0.74369,0.75649,0.62302,0.62823,0.52262,0.41669,0.2564,0.28091,0.16693,0.11096,0.068095,0.15898,0.059375,0.018763,0,0,0,0.012946,0.062652,0.13405,0.21243,0.21395,0.026214,0.20746,0.073001,0,0,0.10113,0.14364,0.08345,0.078866,0.19023,0.1229,0.19053,0.20563,0.084306,0.031783
0.34309,0.3163,0.27785,0.27598,0.01752,0.019075,0.18658,0.20525,0.014679,0.051595,0.18583,0.16386,0.23373,0.18037,0.24036,0.10228,0.27501,0.16998,0.26863,0.23702,0.13312,0.25093,0.32665,0.19882,0.23885,0.19193,0.034012,0.005648,0.32185,0.24652,1,0.75906,0.5763,0.6034,0.20654,0.13395,0.23962,0.0049859,0,0,0.026907,0.014775,0.14626,0.083299,0.33153,0.23787,0.19172,0.14407,0.19658,0.26408,0.18699,0.14488,0.15842,0.058756,0.20193,0.13234,0.34003,0.30971,0.19576,0.1209,0.21934,0.1374,0.3065,0.23054,0.13529,0.10125,0.18085,0.19981,0.078453,0.10505,0.1512,0.07402,0.2801,0.24434,0.18689,0.1736,0.096976,0.11031,0.24941,0.13437,0.17526,0.15281,0.12056,0.16832,0.078303,0.14314,0,0.10591,0.012782,0.087576,0,0,0,0,0.16931,0.19957,0.19898,0.14988,0.0773,0.04218,0,0.0055153,0.0035952,0.12862,0.19484,0.22527,0,0.089348,0.24339,0,0.10982,0.056903,0.19538,0.18999,0.17158,0
0.2387,0.19915,0.20262,0.2527,0.091151,0.13876,0.12466,0.22544,0.086464,0.22439,0.10766,0.10884,0.15172,0.21249,0.33704,0.43032,0.29891,0.13283,0.17663,0.1428,0.094602,0.18066,0.30238,0.2326,0.10595,0.16632,0.17765,0.20513,0.33444,0.19502,0.75906,1,0.46985,0.50795,0.30885,0.25579,0.24993,0,0,0,0,0,0.128,0.096542,0.22497,0.20026,0.11291,0.058414,0.11431,0.14367,0.097562,0.080136,0.052363,0.021068,0.11058,0.075113,0.29791,0.30578,0.25628,0.22682,0.27596,0.29984,0.26732,0.17349,0.29444,0.32684,0.22297,0.26809,0.051519,0.14256,0.17842,0.14263,0.35734,0.25458,0.34393,0.28221,0.14285,0.21239,0.25841,0.22001,0.1916,0.16733,0.12718,0.27696,0.082017,0.11493,0,0.14845,0.037504,0.11593,0,0,0.0095033,0.036613,0.16102,0.15572,0.18995,0.16033,0.14729,0.1378,0.090469,0.114,0.21074,0.26759,0.15445,0.14304,0.17244,0.22939,0.27421,0,0.19725,0.11994,0.24437,0.25886,0.067906,0
0.54572,0.55519,0.46305,0.51038,0.14656,0.1827,0.37409,0.40414,0,0.20583,0.30288,0.3187,0.31004,0.27092,0.2611,0.2461,0.36789,0.33381,0.46188,0.47529,0.19609,0.24589,0.41185,0.34603,0.36453,0.30998,0.25923,0.27166,0.27718,0.31029,0.5763,0.46985,1,0.93309,0.46771,0.47713,0.41269,0.2119,0.25575,0.14498,0.18335,0.14138,0.43946,0.32607,0.5053,0.48627,0.47123,0.43175,0.48964,0.44647,0.40974,0.40822,0.38134,0.33622,0.43602,0.37716,0.62044,0.58629,0.52713,0.49509,0.5167,0.3454,0.56427,0.50402,0.24016,0.30189,0.66926,0.68885,0.43929,0.51889,0.12987,0.13727,0.39341,0.40283,0.3732,0.36154,0.3025,0.44972,0.37472,0.20377,0.37911,0.40638,0.41172,0.5638,0.38466,0.50535,0.20749,0.39019,0.30339,0.4545,0.29722,0.21154,0.20772,0.27993,0.17464,0.25427,0.44368,0.3744,0.43419,0.42755,0.31161,0.42338,0.39391,0.46898,0.20876,0.17941,0.35106,0.39889,0.18451,0.19272,0.42776,0.35709,0.45072,0.44064,0.17324,0
0.54218,0.55503,0.40308,0.53158,0.1163,0.15021,0.34679,0.47336,0,0.21699,0.3059,0.42583,0.28101,0.29605,0.24882,0.23361,0.4336,0.43714,0.53143,0.54896,0.15803,0.2207,0.36857,0.32762,0.30239,0.31272,0.22641,0.20693,0.33954,0.42818,0.6034,0.50795,0.93309,1,0.38883,0.44195,0.29341,0.18275,0.16549,0.067608,0.13943,0.14025,0.46816,0.36088,0.52967,0.53112,0.44971,0.42427,0.48028,0.45273,0.38211,0.36659,0.35007,0.28802,0.40852,0.33091,0.55314,0.56353,0.47886,0.49706,0.50742,0.42416,0.61289,0.59817,0.21233,0.32613,0.62642,0.67048,0.36207,0.44536,0.12571,0.10613,0.41648,0.43868,0.43272,0.40572,0.22467,0.38976,0.44356,0.31931,0.46782,0.47117,0.4436,0.55595,0.40848,0.49904,0.22995,0.3495,0.29225,0.43544,0.29108,0.19123,0.19368,0.21297,0.088074,0.17153,0.34512,0.3109,0.39407,0.39808,0.29716,0.33415,0.3767,0.41315,0.23721,0.14518,0.30779,0.37113,0.22978,0.16689,0.41159,0.34792,0.45263,0.46078,0.20147,0
0.13972,0.12597,0.49281,0.33029,0.2245,0.34687,0.40077,0.27607,0.1528,0.24374,0.1036,0.0029226,0.29779,0.20562,0.37958,0.28343,0.014119,0,0.097576,0.10689,0.097161,0.12149,0.52976,0.36448,0.43908,0.22513,0.29486,0.34628,0,0,0.20654,0.30885,0.46771,0.38883,1,0.75444,0.24989,0.091066,0.26158,0.15923,0.039662,0.0076979,0.31352,0.28919,0.36455,0.41824,0.32433,0.29206,0.17301,0.15962,0.21068,0.13593,0.11893,0.081328,0.27044,0.23483,0.23987,0.20879,0.33447,0.2048,0.31568,0.28744,0.17381,0.069376,0.70107,0.53305,0.56227,0.54955,0.24907,0.38395,0,0.19872,0.09133,0.0096324,0.15725,0.16938,0.2364,0.30585,0.064003,0,0.041229,0.1306,0.21125,0.27699,0.37277,0.35569,0.26754,0.32532,0.39375,0.37139,0.25833,0.24917,0.30986,0.41287,0.23311,0.21963,0.38709,0.29558,0.33494,0.24596,0.26169,0.42144,0.28559,0.37248,0.10426,0.16806,0.30341,0.32543,0.069202,0.14261,0.38428,0.33419,0.29141,0.35628,0.13733,0
0.24177,0.22934,0.48304,0.43417,0.26434,0.44451,0.46554,0.421,0.2879,0.43272,0.33754,0.2286,0.38079,0.37547,0.3665,0.44365,0.24639,0.1132,0.23117,0.25164,0.099324,0.15055,0.53897,0.47102,0.29432,0.2304,0.32832,0.36601,0.047826,0,0.13395,0.25579,0.47713,0.44195,0.75444,1,0.2998,0.098041,0.1473,0.034128,0.041055,0,0.31815,0.22093,0.28721,0.32739,0.32763,0.35051,0.24435,0.16529,0.23196,0.20919,0.19584,0.16364,0.2501,0.23431,0.31533,0.31675,0.41199,0.36489,0.51668,0.42829,0.40265,0.29033,0.55435,0.55823,0.60094,0.61029,0.24591,0.49684,0,0.14786,0.19165,0.095505,0.30972,0.31554,0.40223,0.47009,0.1458,0.099839,0.18162,0.18415,0.2889,0.38715,0.34868,0.33562,0.19645,0.23244,0.40979,0.45205,0.46124,0.39325,0.42933,0.48631,0.081055,0.13224,0.33092,0.31001,0.37642,0.36499,0.3402,0.47322,0.35791,0.42139,0.19828,0.17829,0.29336,0.35746,0.04542,0.15464,0.68549,0.4447,0.35905,0.40451,0.26223,0.0051807
0.4229,0.35345,0.36218,0.26307,0.28002,0.24899,0.23817,0.14586,0.18404,0.1749,0.30924,0.16506,0.33864,0.20976,0.35086,0.21225,0.21795,0.11821,0.33987,0.30419,0.2512,0.21403,0.28737,0.19486,0.23087,0.17482,0.35872,0.43389,0.22081,0.027502,0.23962,0.24993,0.41269,0.29341,0.24989,0.2998,1,0.43456,0.44465,0.29986,0.38932,0.25161,0.164,0.097311,0.17025,0.07475,0.37429,0.31213,0.29645,0.19902,0.31597,0.25848,0.28951,0.27404,0.34475,0.36731,0.52744,0.38625,0.41792,0.30079,0.32646,0.08748,0.20943,0.1042,0.17876,0.18135,0.39481,0.35693,0.52693,0.45985,0,0.10055,0.46899,0.37462,0.28591,0.31901,0.57348,0.56021,0.20337,0.018414,0.086115,0.051786,0.18525,0.20525,0.068424,0.15989,0.12342,0.34606,0.22443,0.23279,0.21447,0.14725,0.16415,0.31972,0.2904,0.44014,0.51651,0.41392,0.42422,0.45404,0.31551,0.44704,0.37356,0.54626,0,0.15326,0.37294,0.43486,0,0.069641,0.27623,0.15198,0.24757,0.29481,0.0090043,0
0.42182,0.4168,0.25216,0.30885,0.13496,0.17994,0.20007,0.23798,0.045465,0.10334,0.14424,0.18097,0.13229,0.23093,0.16419,0.21818,0.12067,0.19774,0.43485,0.49418,0.39093,0.30604,0.15799,0.093247,0.19302,0.19246,0.19111,0.31674,0.11983,0.22695,0.0049859,0,0.2119,0.18275,0.091066,0.098041,0.43456,1,0.66674,0.76845,0.57827,0.62688,0.2641,0.40822,0.10097,0.14795,0.44142,0.47675,0.31124,0.22289,0.34262,0.26248,0.35824,0.31397,0.38788,0.5498,0.34585,0.34271,0.34174,0.29702,0.096253,0.054145,0.065587,0.10908,0,0.039754,0.42218,0.37619,0.56644,0.53045,0.20029,0.22302,0.37287,0.37976,0.24249,0.20012,0.33621,0.38938,0.30842,0.048282,0.22562,0.25882,0.36541,0.25964,0.32492,0.44516,0.41846,0.4554,0.40346,0.37192,0.44055,0.36475,0.35,0.40936,0.27184,0.26013,0.50154,0.48459,0.43192,0.48295,0.38333,0.41886,0.32562,0.3285,0,0,0.22764,0.34858,0,0.41593,0.26053,0.28714,0.26702,0.20245,0,0
0.44599,0.32387,0.46665,0.4105,0.1645,0.18123,0.32275,0.26537,0.012908,0.1104,0.14529,0.085637,0.18986,0.23903,0.22631,0.19921,0.086713,0.067987,0.46131,0.45434,0.53862,0.40067,0.27953,0.23729,0.39419,0.30716,0.21725,0.40364,0.048722,0.10552,0,0,0.25575,0.16549,0.26158,0.1473,0.44465,0.66674,1,0.9051,0.74774,0.67055,0.26269,0.45268,0.19337,0.25309,0.4654,0.48973,0.31609,0.23233,0.41105,0.31981,0.37924,0.3366,0.61799,0.73676,0.37514,0.29463,0.37902,0.26074,0.11133,0.0098675,0.0028451,0.00043487,0,0.12725,0.52796,0.46432,0.60951,0.5638,0.23638,0.1741,0.41056,0.40107,0.28453,0.23392,0.28842,0.34688,0.30807,0,0.1674,0.25839,0.41802,0.27587,0.4119,0.59366,0.65902,0.69525,0.51996,0.48436,0.37574,0.30466,0.3967,0.48367,0.37049,0.36015,0.70622,0.6116,0.50909,0.53997,0.44765,0.52372,0.34249,0.40477,0,0,0.2506,0.33848,0,0.38897,0.18493,0.23627,0.26792,0.18585,0,0
0.42486,0.31803,0.37441,0.33826,0.076532,0.1058,0.26682,0.22847,0,0.031392,0.089165,0.052741,0.099587,0.20471,0.1238,0.14175,0.067042,0.10126,0.41144,0.4282,0.48087,0.33488,0.19913,0.14087,0.31163,0.22292,0.088791,0.26523,0.043986,0.14549,0,0,0.14498,0.067608,0.15923,0.034128,0.29986,0.76845,0.9051,1,0.74648,0.7509,0.22027,0.45287,0.16424,0.21856,0.44975,0.51761,0.27923,0.22406,0.36634,0.27979,0.4088,0.31798,0.56242,0.72581,0.31182,0.27794,0.29935,0.18505,0.022026,0,0,0.00064743,0,0.0016878,0.42524,0.35853,0.54947,0.49705,0.25017,0.17475,0.33906,0.34118,0.22,0.12251,0.19312,0.24332,0.30154,0,0.16993,0.25587,0.36289,0.23045,0.35585,0.55944,0.56336,0.60527,0.47409,0.41666,0.37245,0.30874,0.35303,0.42734,0.35089,0.35275,0.64509,0.60756,0.46438,0.50359,0.36383,0.43669,0.24312,0.28519,0,0,0.14787,0.24198,0,0.44799,0.17075,0.26506,0.24278,0.13124,0,0
0.46562,0.29042,0.3991,0.26001,0,0,0.32002,0.1653,0,0,0.19582,0.13076,0.24185,0.14137,0.17249,0.08016,0.30247,0.28832,0.5078,0.49239,0.40087,0.32981,0.20726,0.1259,0.27612,0.13594,0.016258,0.13716,0.27727,0.28593,0.026907,0,0.18335,0.13943,0.039662,0.041055,0.38932,0.57827,0.74774,0.74648,1,0.8218,0.13254,0.33907,0.076735,0.16189,0.30313,0.38021,0.13141,0.09584,0.20453,0.13669,0.25912,0.21908,0.40201,0.57516,0.31096,0.27708,0.17186,0.10011,0.08576,0,0.1294,0.095057,0,0.017065,0.32774,0.26918,0.45439,0.43385,0.27742,0.28183,0.44687,0.46381,0.23892,0.19018,0.14426,0.20947,0.4135,0.06336,0.26827,0.30797,0.41006,0.22486,0.32268,0.40188,0.47979,0.46303,0.31566,0.30548,0.25425,0.26899,0.20375,0.38136,0.15522,0.23398,0.47732,0.45247,0.3226,0.44466,0.25148,0.39615,0.17818,0.29727,0,0,0.10013,0.20835,0,0.34209,0.19448,0.14033,0.13455,0.098225,0,0
0.40255,0.31767,0.30108,0.2582,0,0,0.2362,0.24918,0,0,0.12981,0.16979,0.1291,0.15765,0.047137,0,0.2525,0.29526,0.43991,0.4784,0.34651,0.2765,0.13941,0.088311,0.24541,0.13894,0,0.067783,0.25618,0.38538,0.014775,0,0.14138,0.14025,0.0076979,0,0.25161,0.62688,0.67055,0.7509,0.8218,1,0.23835,0.41562,0.097629,0.21482,0.34831,0.4018,0.16322,0.13019,0.22858,0.16526,0.29484,0.21794,0.40155,0.51933,0.25002,0.29984,0.1605,0.14121,0.04589,0.02176,0.051346,0.1608,0,0,0.32134,0.24655,0.39541,0.35918,0.32343,0.30645,0.45046,0.52235,0.24699,0.17374,0.084034,0.14409,0.43826,0.096269,0.33752,0.36208,0.36042,0.21644,0.37937,0.41766,0.4088,0.34789,0.35323,0.23084,0.28471,0.23865,0.22721,0.29932,0.13427,0.106,0.40352,0.38257,0.325,0.39943,0.2964,0.31463,0.23098,0.24184,0,0,0.1364,0.201,0,0.3689,0.14076,0.16503,0.1958,0.10465,0,0
0.29841,0.29609,0.32335,0.39196,0.25129,0.31456,0.32139,0.40668,0.12833,0.31078,0.12914,0.25701,0.23478,0.3756,0.26542,0.32777,0.16022,0.28515,0.23982,0.27693,0.099565,0.1174,0.30207,0.30165,0.33179,0.38135,0.16122,0.25369,0.098175,0.23716,0.14626,0.128,0.43946,0.46816,0.31352,0.31815,0.164,0.2641,0.26269,0.22027,0.13254,0.23835,1,0.84385,0.66219,0.66385,0.82927,0.77659,0.68289,0.63756,0.73552,0.66381,0.58297,0.54103,0.60573,0.51398,0.24772,0.26329,0.38144,0.347,0.18869,0.20508,0.14894,0.31015,0.12274,0.26078,0.60411,0.63198,0.26596,0.42394,0.17624,0.17732,0.12815,0.16281,0.28341,0.24957,0.15428,0.30475,0.44182,0.31154,0.42493,0.53204,0.44522,0.52721,0.55317,0.61321,0.32593,0.30547,0.29745,0.43684,0.52616,0.38949,0.40406,0.37357,0.17026,0.14451,0.44609,0.52413,0.70448,0.58451,0.39115,0.40148,0.40959,0.33232,0.12996,0.0052153,0.30682,0.39671,0.19833,0.45417,0.52572,0.60756,0.61415,0.55562,0.24113,0
0.30599,0.18685,0.31222,0.3595,0.18106,0.23776,0.31625,0.35001,0.051559,0.23934,0.024735,0.18465,0.16333,0.29644,0.24428,0.31994,0.15929,0.28592,0.29018,0.3289,0.19166,0.15318,0.23593,0.22697,0.3572,0.3968,0.12098,0.23777,0.14298,0.29059,0.083299,0.096542,0.32607,0.36088,0.28919,0.22093,0.097311,0.40822,0.45268,0.45287,0.33907,0.41562,0.84385,1,0.52058,0.65703,0.71666,0.81395,0.53542,0.55353,0.64526,0.59676,0.53441,0.55245,0.61198,0.65266,0.16444,0.16738,0.31922,0.28413,0.075819,0.12307,0.045138,0.21854,0.038982,0.25336,0.58532,0.6107,0.29248,0.42754,0.30659,0.22168,0.17325,0.17399,0.28548,0.22431,0.038608,0.19755,0.49559,0.30793,0.43627,0.60045,0.50629,0.50389,0.5931,0.6957,0.47187,0.4071,0.31571,0.49863,0.4948,0.40549,0.41613,0.42318,0.099611,0.091955,0.44989,0.56085,0.58206,0.59374,0.40028,0.46343,0.36138,0.29272,0,0,0.25871,0.34303,0.035734,0.49903,0.44666,0.51286,0.54968,0.53057,0.10245,0
0.40106,0.445,0.23502,0.30577,0.10933,0.13461,0.21899,0.32785,0,0.15599,0.092546,0.19651,0.20914,0.25178,0.2828,0.14177,0.25062,0.34799,0.20654,0.22925,0.076753,0.046247,0.15995,0.13835,0.26008,0.24705,0.17858,0.19068,0.13382,0.2179,0.33153,0.22497,0.5053,0.52967,0.36455,0.28721,0.17025,0.10097,0.19337,0.16424,0.076735,0.097629,0.66219,0.52058,1,0.83502,0.68998,0.60339,0.70773,0.81608,0.63796,0.55282,0.51589,0.35343,0.6229,0.44029,0.41251,0.42914,0.48338,0.39524,0.27754,0.16717,0.25183,0.34608,0.19569,0.21218,0.58899,0.59254,0.31348,0.34572,0.11287,0.02664,0.17578,0.22669,0.30456,0.22765,0.031333,0.15976,0.47184,0.2882,0.44095,0.47085,0.40665,0.44796,0.48798,0.57336,0.30392,0.37478,0.34243,0.37097,0.24984,0.12114,0.22334,0.17536,0.18369,0.26279,0.42635,0.47489,0.53731,0.45519,0.3667,0.31172,0.35544,0.35454,0.0976,0.0075527,0.32781,0.34154,0.18944,0.14413,0.3176,0.42782,0.58014,0.45598,0.065349,0
