1,0.25011,0.65779,0.47012,0.16134,0.011564,0.52062,0.34417,0.37419,0.26756,0.64517,0.21632,0.73733,0.47159,0.72532,0.38571,0.14106,0.064921,0.56361,0.34234,0.091541,0.070518,0.29332,0.31488,0.056379,0.012847,0.075102,0.13693,0.015214,0,0,0,0.059563,0.02531,0.37355,0.28677,0.16293,0.16558,0,0,0.038015,0,0,0,0,0,0.027077,0.081608,0.39942,0.14945,0.43654,0.30058,0.071177,0.082505,0,0.077,0.46619,0.35448,0.31504,0.12986,0.6164,0.39871,0.27845,0.14113,0.81075,0.51359,0.28065,0.043152,0.50126,0.29282,0.075252,0.15497,0.072403,0,0.17627,0.22339,0.40101,0.33758,0,0,0.2089,0.087561,0.35062,0.28255,0.42176,0,0.18789,0.24276,0.47962,0.0039716,0.285,0.25426,0.2346,0.36601,0.071338,0,0,0,0,0.11857,0.27165,0.48652,0.38024,0.69496,0.51601,0.48106,0.37893,0.32392,0.20251,0.33563,0.15353,0,0.094838,0.10091,0.25266,0.32595
0.25011,1,0.032133,0.31179,0,0.15489,0.007385,0.27682,0,0.19246,0,0.43722,0,0.22516,0,0.44256,0.20722,0.5546,0.047743,0.4389,0,0,0.078427,0.17205,0.23327,0.25495,0.20631,0.19735,0.20261,0.49877,0.24672,0.26558,0.45863,0.55844,0.23312,0.33989,0.15737,0.21135,0.10262,0.35956,0.043429,0.2316,0.62593,0.56209,0.49237,0.66064,0.64648,0.68556,0.72486,0.79357,0.60791,0.71301,0.66815,0.64552,0.42132,0.42572,0.58217,0.69287,0.61836,0.6053,0.48887,0.59318,0.20798,0.54217,0.20034,0.3942,0.43616,0.52491,0.49208,0.37485,0,0,0.10798,0.34345,0.044237,0.22711,0,0,0.060932,0.14887,0.42235,0.34417,0.15873,0.36648,0.098816,0.21929,0.19798,0.41945,0.12398,0.33545,0.7098,0.70982,0.65979,0.51238,0.039974,0.054115,0.38964,0.44432,0.69729,0.68481,0.58491,0.23591,0.64554,0.31936,0.46026,0.49228,0.293,0.38398,0.11154,0.43907,0.42744,0.58028,0.65558,0.5786,0.57093,0.27342
0.65779,0.032133,1,0.58828,0.11956,0.18873,0.81526,0.19706,0.39114,0.17874,0.40805,0,0.50843,0.11087,0.6909,0.16362,0.024615,0.091154,0.52353,0.26728,0.087781,0.038458,0.8164,0.7307,0.46184,0.28962,0.27695,0.30471,0.044511,0,0.22833,0.33867,0.17985,0.11488,0.62678,0.39051,0.30597,0.31016,0.12494,0.1286,0.089618,0.062288,0.042248,0,0.091651,0,0.042733,0.046553,0.11184,0,0.42167,0.099978,0,0,0.11827,0.094728,0.14883,0.24755,0.044355,0,0.1613,0.010454,0,0,0.54663,0.24641,0.49512,0.23012,0.30508,0.22567,0.1001,0.19986,0.090487,0,0.29021,0.199,0.4345,0.36268,0.093012,0.1723,0.11317,0.24022,0.47517,0.20775,0.55238,0.32477,0.33787,0.2782,0.41141,0.078692,0.054452,0.067639,0.13969,0.26365,0.023696,0.11122,0.12079,0.057418,0,0.027046,0.15782,0.46755,0.15503,0.4959,0.36411,0.37693,0.17278,0.036044,0.046601,0.18182,0.32901,0,0.011825,0.12679,0.11059,0.17578
0.47012,0.31179,0.58828,1,0.057795,0.24104,0.66408,0.76099,0.39204,0.47806,0.13161,0.53467,0.25216,0.49723,0.38645,0.48565,0,0.17891,0.45831,0.69264,0.049407,0.012201,0.54458,0.75898,0.33272,0.35924,0.29871,0.29152,0.041626,0.088926,0.32116,0.56579,0.32563,0.32772,0.46411,0.47729,0.27312,0.29999,0.087133,0.1783,0,0.18585,0.10051,0.049366,0.15054,0.12396,0.10697,0.1422,0.2347,0.16543,0.34908,0.46859,0.055597,0,0.24975,0,0.19717,0.3843,0.10481,0.2484,0.25476,0.47369,0,0.17307,0.49673,0.60163,0.47853,0.44101,0.40945,0.32736,0.093271,0,0.17758,0.17993,0.20685,0.25802,0.33026,0.35612,0.041764,0.074392,0.15887,0.27017,0.29184,0.38089,0.54389,0.55593,0.16162,0.33164,0.45393,0.35569,0.20397,0.24358,0.34964,0.43153,0,0,0.15895,0.077746,0,0.11804,0.44797,0.55119,0.47073,0.49801,0.41837,0.39804,0.20256,0.16756,0,0.26781,0.36531,0.045535,0.13309,0.29,0.29176,0.30994
0.16134,0,0.11956,0.057795,1,0.3785,0,0.18406,0.6715,0.22396,0.11106,0.045967,0.21347,0.12822,0.32489,0.14319,0,0.0062594,0.29949,0.19274,0.36255,0.33563,0.057083,0.051239,0.26908,0.36092,0.39514,0.23198,0,0,0.082539,0.10659,0.043867,0.062164,0.2098,0.28199,0.10889,0.10033,0,0,0,0,0,0,0.069115,0.065254,0,0,0.040303,0,0,0,0,0,0,0,0.088534,0.10273,0.13189,0.28131,0.023327,0.12181,0.12507,0.12197,0.16801,0.13462,0.19544,0.13446,0.15641,0.2775,0.23588,0.12067,0.05643,0.031857,0.16952,0.17065,0.36785,0.32536,0,0,0.0025596,0,0.25294,0.15881,0.077214,0,0.322,0.11043,0.25593,0,0,0,0,0,0.03041,0,0,0,0,0,0.028809,0.081996,0.15319,0.099691,0.18464,0.17885,0.40116,0.19304,0.13495,0.070356,0,0,0,0,0.083873,0.25515
0.011564,0.15489,0.18873,0.24104,0.3785,1,0.22034,0.25501,0.57644,0.71212,0.023926,0.035001,0.084526,0.10541,0.16036,0.34567,0.27029,0.19727,0.13039,0.23287,0.18965,0.13547,0.2174,0.22171,0.46675,0.44691,0.4725,0.61903,0.23666,0.341,0.39585,0.37007,0.31765,0.28245,0.15951,0.14095,0.13774,0.37336,0.11597,0.23262,0,0.093034,0.039131,0.04153,0.21595,0.17138,0.028164,0.02206,0.10106,0.0403,0.003303,0.06551,0.0069123,0,0.41694,0.26578,0.14824,0.29562,0.17119,0.34595,0,0.13288,0,0.051204,0,0.016908,0.3707,0.35728,0.24209,0.39614,0.03207,0,0.31646,0.29675,0.25517,0.21155,0.12493,0,0.15509,0.33119,0.35012,0.33438,0.38539,0.33974,0.3482,0.32398,0.35367,0.43891,0.24524,0.28016,0.045067,0,0.10856,0.16886,0.0029822,0.13087,0.16846,0.11606,0.065957,0.10246,0.18,0.19111,0.16374,0.021866,0.29035,0.35595,0.09401,0.021682,0.10695,0.13657,0.10165,0.13498,0.064056,0.13827,0.20984,0.14811
0.52062,0.007385,0.81526,0.66408,0,0.22034,1,0.46708,0.32285,0.26707,0.40254,0.15564,0.41677,0.19214,0.51226,0.22418,0.088521,0.025139,0.5239,0.46835,0.089915,0.028817,0.6925,0.70216,0.31788,0.24182,0.27403,0.29573,0.25035,0.030265,0.27724,0.40474,0.32403,0.24148,0.40153,0.24104,0.2828,0.31573,0.091731,0.065872,0.10397,0.12951,0.078445,0,0.15071,0,0.043781,0.042004,0.017963,0,0.27374,0.037334,0,0,0.18826,0.07894,0.067306,0.22031,0.0081481,0.01717,0.098576,0.075059,0,0,0.45576,0.25417,0.50889,0.33074,0.27562,0.23624,0.098644,0.16314,0.27243,0.10371,0.32027,0.23081,0.4017,0.35743,0.074015,0.15111,0.25077,0.31933,0.42794,0.32372,0.67585,0.45322,0.13707,0.29059,0.41065,0.36467,0.012507,0.088508,0.18384,0.33182,0.082895,0.19647,0.2116,0.12569,0,0.078666,0.21956,0.51144,0.18959,0.49298,0.27826,0.34854,0.017991,0,0.026421,0.16053,0.30217,0.024295,0.036157,0.20153,0.12217,0.16343
0.34417,0.27682,0.19706,0.76099,0.18406,0.25501,0.46708,1,0.37745,0.55798,0.1612,0.67952,0.27966,0.68925,0.25252,0.61543,0.051548,0.16388,0.43361,0.7312,0.12239,0.086971,0.097624,0.36819,0.045588,0.26049,0.19113,0.15765,0.17354,0.34864,0.257,0.48743,0.38973,0.42911,0.22139,0.37265,0.041687,0.1207,0,0,0,0.11033,0.036626,0.017207,0.19383,0.21395,0.022754,0.052443,0.21226,0.14155,0.14004,0.40247,0,0,0.074585,0,0.20513,0.34371,0.10857,0.33086,0.27826,0.61786,0.053113,0.40377,0.44832,0.62951,0.29739,0.36841,0.38283,0.34765,0.17382,0,0.25737,0.25617,0.14684,0.22644,0.28101,0.31041,0.043845,0.016392,0.25284,0.27881,0.16405,0.51708,0.43142,0.43166,0,0.30435,0.34583,0.409,0.13852,0.15353,0.23701,0.30307,0.025526,0,0.051163,0,0,0.03034,0.37933,0.39436,0.53721,0.39757,0.37204,0.34967,0.27902,0.22561,0.053247,0.24155,0.23154,0,0.052236,0.1926,0.25794,0.35949
0.37419,0,0.39114,0.39204,0.6715,0.57644,0.32285,0.37745,1,0.68543,0.30375,0.063633,0.39016,0.23218,0.57725,0.26232,0.052103,0,0.32453,0.25596,0.18369,0.11428,0.23021,0.24756,0.30168,0.23126,0.34575,0.32175,0,0,0.039661,0.16258,0.06367,0.0086551,0.21054,0.18611,0.15665,0.26953,0.015145,0.010735,0,0,0,0,0,0,0,0,0.072537,0,0.033596,0.032206,0,0,0.17567,0,0.019475,0.070363,0,0.055122,0.074138,0.1654,0,0,0.39793,0.25119,0.17505,0.066039,0.20433,0.235,0.14345,0.049774,0.11114,0.07716,0.24052,0.21406,0.30137,0.17356,0,0.013752,0.10465,0.084653,0.41335,0.31611,0.3107,0.07109,0.28992,0.25525,0.41047,0,0.019566,0,0.020736,0.068469,0.02803,0,0,0,0,0,0.15392,0.24198,0.19838,0.21311,0.25511,0.25464,0.24414,0.039055,0.13337,0.14975,0,0,0,0,0.092921,0.21503
0.26756,0.19246,0.17874,0.47806,0.22396,0.71212,0.26707,0.55798,0.68543,1,0.13711,0.19297,0.29919,0.40709,0.37451,0.57476,0.22314,0.14556,0.1686,0.34296,0.14066,0.079088,0.10526,0.21111,0.24406,0.22242,0.25133,0.41443,0.19298,0.25601,0.13887,0.24926,0.20278,0.13407,0.06604,0.087313,0.09787,0.32865,0.089063,0.16533,0,0.11553,0,0,0,0,0,0,0.144,0.052934,0,0.16181,0,0,0.3301,0.12183,0.23468,0.32208,0.10473,0.23894,0.23753,0.40502,0,0.14081,0.28652,0.33776,0.15401,0.14318,0.32149,0.35847,0.041743,0,0.21672,0.2304,0.16938,0.19824,0.081017,0,0.11357,0.13138,0.31432,0.2419,0.29901,0.43809,0.35246,0.19163,0.15365,0.34315,0.28274,0.16226,0.12446,0.078032,0.23067,0.34256,0.10204,0.083837,0.028783,0.012151,0,0.0953,0.32347,0.33724,0.32633,0.2361,0.32364,0.36895,0.095838,0.062758,0.17893,0.2005,0.018905,0.037418,0.0894,0.12603,0.2124,0.24064
0.64517,0,0.40805,0.13161,0.11106,0.023926,0.40254,0.1612,0.30375,0.13711,1,0.062113,0.73382,0.42959,0.57863,0.1573,0.22216,0,0.5179,0.029211,0.068227,0.060314,0.093189,0.05306,0,0,0,0.0089197,0.16015,0,0,0,0,0,0.02321,0,0.010982,0,0,0,0,0,0,0,0,0,0,0,0,0,0,0,0,0,0,0,0.033029,0,0,0,0.20567,0.07088,0.087429,0,0.41909,0.15544,0,0,0.16015,0,0.11548,0.22636,0.19861,0,0.2461,0.14329,0.32116,0.18258,0.025779,0.024964,0.12117,0,0.32293,0.11483,0.40511,0,0,0.040164,0.44479,0,0,0,0,0.0059546,0,0,0,0,0,0,0,0.20481,0,0.37512,0.16808,0.10362,0.15146,0,0.051041,0.14503,0,0,0,0,0,0.027004
0.21632,0.43722,0,0.53467,0.045967,0.035001,0.15564,0.67952,0.063633,0.19297,0.062113,1,0.085446,0.72789,0.086198,0.64569,0.021319,0.30442,0.28024,0.62102,0,0,0,0.22485,0,0.12538,0.1576,0.021755,0.11641,0.35639,0.22008,0.38383,0.45055,0.53066,0.24143,0.48813,0.0077964,0,0,0,0,0.19564,0.16822,0.18896,0.32429,0.33196,0.13143,0.14919,0.25715,0.28736,0.20366,0.50941,0.088354,0.029416,0.048004,0,0.24384,0.29394,0.12112,0.3143,0.24772,0.57443,0.13707,0.48621,0.28844,0.57951,0.18404,0.39206,0.36069,0.2609,0.14309,0,0.15284,0.25905,0.10312,0.26482,0.087664,0.17598,0,0.047876,0.18257,0.19967,0.22249,0.41665,0.26813,0.4711,0.1344,0.32363,0.23581,0.47583,0.17162,0.20156,0.16944,0.11258,0,0,0.0052009,0.0056224,0.11221,0.12272,0.2436,0.10845,0.47387,0.19748,0.27009,0.2658,0.37006,0.31956,0.064151,0.24498,0.22998,0.07984,0.080429,0.16588,0.22511,0.3165
0.73733,0,0.50843,0.25216,0.21347,0.084526,0.41677,0.27966,0.39016,0.29919,0.73382,0.085446,1,0.54386,0.76852,0.40457,0.23977,0,0.33345,0.01188,0.047103,0.030109,0.14427,0.12279,0,0,0,0.096917,0.08355,0,0,0,0,0,0.26069,0.16989,0.14859,0.15504,0.013958,0,0.041813,0,0,0,0,0,0,0,0.10378,0,0.089953,0,0,0,0,0,0.19007,0.10131,0.073887,0,0.50656,0.21996,0.35457,0.053222,0.6775,0.23221,0.021664,0,0.22655,0.12913,0,0.12585,0,0,0.087646,0.034646,0.40045,0.33728,0.086751,0.067342,0.16667,0.12496,0.24259,0.23361,0.31836,0,0,0.076899,0.47726,0,0,0,0,0.12471,0,0,0,0,0,0,0,0.31567,0.082637,0.42771,0.32383,0.28052,0.1888,0.15562,0.019175,0.11789,0,0,0,0,0.013483,0.15526
0.47159,0.22516,0.11087,0.49723,0.12822,0.10541,0.19214,0.68925,0.23218,0.40709,0.42959,0.72789,0.54386,1,0.41308,0.77439,0.18154,0.10138,0.32186,0.35958,0.0023287,0,0,0.10928,0,0.028046,0.090148,0.080775,0.14781,0.19578,0,0.10098,0.15939,0.20339,0.16682,0.30422,0.029703,0.083846,0,0,0,0.12727,0,0,0.029481,0,0,0,0.19104,0.057074,0.052385,0.32099,0,0,0.030267,0,0.23396,0.23614,0.10084,0.25157,0.45778,0.62653,0.25192,0.38359,0.48129,0.59022,0.0088517,0.075534,0.34006,0.23395,0.13134,0,0.15856,0.1154,0.091063,0.17734,0.23464,0.28695,0.063136,0.020086,0.25229,0.17688,0.23106,0.4731,0.34464,0.23389,0,0.23567,0.45831,0.31505,0.055187,0.096249,0.041394,0.15613,0,0,0,0,0,0,0.1579,0.22722,0.4097,0.34095,0.38695,0.32756,0.30221,0.3163,0,0.22117,0.050301,0,0,0.0060354,0.15516,0.2976
0.72532,0,0.6909,0.38645,0.32489,0.16036,0.51226,0.25252,0.57725,0.37451,0.57863,0.086198,0.76852,0.41308,1,0.45489,0.085257,0.00034647,0.50065,0.14444,0.065642,0.0063913,0.41419,0.36003,0.16624,0.0093192,0.18519,0.16863,0.094629,0,0,0.034365,0,0,0.32824,0.2156,0.30019,0.27322,0.15978,0.070089,0.090841,0.073233,0,0,0,0,0,0,0.029679,0,0.15029,0,0,0,0.078856,0.006663,0.18149,0.15978,0,0,0.29657,0.19222,0.075178,0,0.65498,0.34852,0.11555,0,0.3287,0.20841,0.12481,0.19388,0.052706,0,0.21632,0.14818,0.45208,0.28998,0.063383,0.04824,0.14845,0.076881,0.58177,0.38373,0.51256,0.067445,0.25591,0.24802,0.57684,0,0.030733,0,0.03804,0.14396,0.019837,0.086984,0,0,0,0,0.10509,0.363,0.20708,0.4969,0.43926,0.40709,0.19358,0.10181,0.042643,0.22236,0.011967,0,0,0,0.14342,0.26736
0.38571,0.44256,0.16362,0.48565,0.14319,0.34567,0.22418,0.61543,0.26232,0.57476,0.1573,0.64569,0.40457,0.77439,0.45489,1,0.26746,0.37334,0.23216,0.42799,0.11666,0.03399,0.052669,0.21165,0.12077,0.21941,0.22735,0.25868,0.33818,0.43774,0.28273,0.35092,0.42453,0.41321,0.24791,0.37431,0.17921,0.29092,0.12257,0.2262,0.054184,0.28656,0,0,0.096933,0.12993,0.065827,0.091698,0.24448,0.22013,0.10117,0.3264,0.067896,0,0.27104,0.1847,0.43423,0.52606,0.30792,0.44427,0.49,0.68126,0.25986,0.55187,0.38859,0.52283,0.19284,0.29014,0.47645,0.4398,0.10938,0,0.28915,0.34527,0.18993,0.25992,0.15751,0.15532,0.18802,0.18238,0.47915,0.34352,0.43137,0.64617,0.42441,0.35406,0.201,0.45,0.40533,0.51639,0.21506,0.2802,0.22557,0.31907,0.026155,0.024667,0.022461,0.038807,0.087796,0.1479,0.31636,0.30548,0.52144,0.36683,0.52393,0.52999,0.25508,0.35334,0.08047,0.31161,0.11144,0.10564,0.12584,0.18662,0.34945,0.40865
0.14106,0.20722,0.024615,0,0,0.27029,0.088521,0.051548,0.052103,0.22314,0.22216,0.021319,0.23977,0.18154,0.085257,0.26746,1,0.42495,0,0,0,0,0,0,0.10523,0.032543,0.11229,0.17522,0.61391,0.476,0.063428,0,0.11374,0.097246,0,0,0.09114,0.38171,0.2251,0.25611,0.20845,0.38101,0.064535,0.09113,0,0,0.17106,0.19531,0.16701,0.086647,0.083914,0.090662,0.13179,0.038711,0.24838,0.34976,0.21226,0.20627,0.3065,0.26551,0.3148,0.14122,0.41836,0.25951,0.07993,0,0.061967,0.050456,0.33167,0.24029,0,0,0.30047,0.27892,0.079281,0.051368,0,0,0.57441,0.49794,0.71134,0.5229,0.19602,0.37424,0.24016,0.14822,0,0.37068,0.29267,0.24355,0.089949,0.13254,0.029532,0.083574,0,0.15817,0.16601,0.19494,0.14022,0.1334,0,0.0020089,0.079372,0.041719,0.30849,0.28934,0.10549,0.15747,0,0.17287,0.10799,0.12717,0.028913,0.070823,0.19098,0.091938
0.064921,0.5546,0.091154,0.17891,0.0062594,0.19727,0.025139,0.16388,0,0.14556,0,0.30442,0,0.10138,0.00034647,0.37334,0.42495,1,0,0.20198,0,0,0.10133,0.082143,0.28212,0.23842,0.16304,0.14679,0.24889,0.59467,0.36291,0.37105,0.39551,0.47859,0.36182,0.36265,0.077009,0.31309,0.10163,0.31869,0.085784,0.37941,0.2844,0.29816,0.29347,0.34022,0.3049,0.30512,0.31976,0.3455,0.28631,0.36402,0.27681,0.26042,0.26185,0.3597,0.36255,0.47652,0.31166,0.38669,0.28084,0.31747,0.28347,0.53719,0.13616,0.23003,0.307,0.36836,0.37993,0.33316,0,0,0.043899,0.34841,0,0.13411,0,0,0.27674,0.4644,0.47394,0.56792,0.24642,0.40985,0.13833,0.3163,0.31983,0.49581,0.13899,0.29879,0.21083,0.24054,0.15918,0.067028,0,0,0.14969,0.17182,0.27828,0.25968,0.082066,0,0.24881,0,0.2637,0.34033,0.31975,0.27066,0.015321,0.054537,0.23732,0.16354,0.12713,0.19889,0.28086,0.18473
0.56361,0.047743,0.52353,0.45831,0.29949,0.13039,0.5239,0.43361,0.32453,0.1686,0.5179,0.28024,0.33345,0.32186,0.50065,0.23216,0,0,1,0.63908,0.31201,0.31257,0.32651,0.37998,0.081974,0.088101,0.20617,0.15167,0.018488,0,0.080793,0.24616,0.24975,0.1923,0.23159,0.22507,0.10557,0.10399,0,0,0,0,0,0,0.19335,0.029323,0,0,0,0,0.05534,0.1123,0,0,0,0,0.21374,0.28735,0,0.16281,0,0.23952,0,0,0.31308,0.36571,0.33501,0.20503,0.55821,0.34229,0.43186,0.31589,0.32416,0.079494,0.37291,0.34482,0.49445,0.3752,0,0,0.10449,0,0.48873,0.20966,0.60444,0.22975,0.33185,0.22107,0.38357,0.11822,0,0,0.012756,0.097456,0.046461,0,0,0,0,0,0.17218,0.38342,0.31899,0.55561,0.42382,0.36966,0.39196,0.096366,0.19461,0.24449,0.13176,0,0,0.025554,0.14556,0.27753
0.34234,0.4389,0.26728,0.69264,0.19274,0.23287,0.46835,0.7312,0.25596,0.34296,0.029211,0.62102,0.01188,0.35958,0.14444,0.42799,0,0.20198,0.63908,1,0.28309,0.26005,0.27072,0.50153,0.19559,0.34498,0.29137,0.20034,0.079301,0.27596,0.33868,0.54963,0.55054,0.56402,0.25364,0.41378,0.1343,0.13208,0,0,0,0.058473,0.23605,0.22398,0.40191,0.41048,0.16246,0.18323,0.2566,0.27223,0.22886,0.42853,0.11912,0.056384,0.17529,0.12213,0.3915,0.52689,0.30779,0.46932,0.14718,0.50848,0,0.32763,0.26179,0.49151,0.58647,0.60733,0.6222,0.53967,0.28835,0.025163,0.3008,0.29381,0.24666,0.35756,0.32945,0.34652,0,0,0.24075,0.19318,0.28604,0.34625,0.46835,0.46531,0.26027,0.35684,0.25226,0.48733,0.22654,0.23703,0.33922,0.40283,0.12467,0,0.12555,0.05945,0.20567,0.20351,0.46745,0.50098,0.56008,0.48464,0.41001,0.41608,0.38907,0.23994,0.23425,0.33723,0.31459,0.19204,0.24902,0.39046,0.37216,0.39063
0.091541,0,0.087781,0.049407,0.36255,0.18965,0.089915,0.12239,0.18369,0.14066,0.068227,0,0.047103,0.0023287,0.065642,0.11666,0,0,0.31201,0.28309,1,0.88293,0.059667,0.066066,0.078654,0.18382,0.20561,0.23791,0,0,0,0.12021,0.2076,0.14631,0.16559,0.094961,0,0,0,0,0.013153,0,0,0,0,0,0,0,0,0,0,0,0,0,0,0,0.21965,0.18214,0.14319,0.19171,0.037294,0.15379,0,0.037634,0,0.061578,0.16336,0.12038,0.10481,0.25658,0.47705,0.46922,0.24877,0.25052,0.39062,0.27705,0.27521,0.29966,0,0,0.0032808,0,0.023,0,0.013375,0,0.24137,0,0,0,0,0,0,0,0.5487,0,0,0,0,0,0,0.097748,0,0.063793,0,0,0.16595,0.02343,0.63486,0.013954,0,0,0,0,0,0.11295
0.070518,0,0.038458,0.012201,0.33563,0.13547,0.028817,0.086971,0.11428,0.079088,0.060314,0,0.030109,0,0.0063913,0.03399,0,0,0.31257,0.26005,0.88293,1,0,0.013423,0.012179,0.10696,0.14289,0.20187,0,0,0,0.078849,0.18105,0.13649,0.15443,0.10454,0,0,0,0,0,0,0,0,0,0,0,0,0,0,0,0,0,0,0,0,0.22735,0.1398,0.075974,0.11215,0.027894,0.11868,0,0.018645,0,0.038758,0.084455,0.040585,0.066474,0.1303,0.43826,0.47479,0.21585,0.21056,0.36582,0.31931,0.1593,0.24725,0,0,0,0,0,0,0,0,0.22854,0,0,0,0,0,0,0,0.5765,0,0,0,0,0,0,0.022301,0,0.021256,0,0,0.20457,0.015658,0.73533,0,0,0,0,0,0,0.1262
0.29332,0.078427,0.8164,0.54458,0.057083,0.2174,0.6925,0.097624,0.23021,0.10526,0.093189,0,0.14427,0,0.41419,0.052669,0,0.10133,0.32651,0.27072,0.059667,0,1,0.90404,0.67038,0.45621,0.43901,0.35688,0.048881,0,0.48031,0.49956,0.25614,0.18989,0.59474,0.35154,0.38559,0.31288,0.26234,0.26775,0.13537,0.11065,0.14889,0.086374,0.1559,0.015375,0.16688,0.10966,0.039385,0,0.35886,0.05803,0.059655,0.039364,0.32396,0.21028,0.092641,0.28393,0.043579,0.019516,0,0,0,0,0.20152,0.097238,0.57503,0.36418,0.21486,0.26194,0.027022,0.03538,0.024304,0,0.25735,0.064025,0.30596,0.27736,0.08899,0.15181,0.071572,0.2464,0.43206,0.15479,0.49292,0.47357,0.30331,0.24511,0.28722,0.23796,0.031669,0.09643,0.20231,0.2936,0.050771,0.18307,0.27614,0.16852,0,0.097239,0.19345,0.4449,0.066634,0.28261,0.21484,0.26217,0.011966,0,0,0.17749,0.38643,0.069195,0.10089,0.31013,0.16339,0.15191
0.31488,0.17205,0.7307,0.75898,0.051239,0.22171,0.70216,0.36819,0.24756,0.21111,0.05306,0.22485,0.12279,0.10928,0.36003,0.21165,0,0.082143,0.37998,0.50153,0.066066,0.013423,0.90404,1,0.56109,0.4813,0.41384,0.3203,0.0098827,0,0.49895,0.61927,0.3327,0.28114,0.56506,0.41921,0.36876,0.27176,0.18763,0.20054,0.072821,0.085246,0.16088,0.095899,0.19181,0.093546,0.16651,0.13995,0.10315,0.037048,0.36925,0.21119,0.089771,0.05567,0.27849,0.11706,0.15185,0.359,0.070523,0.10967,0.028128,0.076931,0,0,0.26619,0.27493,0.57838,0.43855,0.28436,0.31049,0.04841,0,0.045682,0.028911,0.22709,0.13435,0.31907,0.33734,0.090882,0.11556,0.063156,0.24925,0.35411,0.23329,0.54157,0.59796,0.24773,0.2905,0.29064,0.36824,0.11374,0.18084,0.30608,0.38988,0.04645,0.082635,0.24666,0.13231,0.004172,0.12331,0.35019,0.56266,0.24452,0.39338,0.30576,0.3158,0.062597,0,0.0056209,0.24938,0.42502,0.11753,0.17595,0.39959,0.26326,0.24926
0.056379,0.23327,0.46184,0.33272,0.26908,0.46675,0.31788,0.045588,0.30168,0.24406,0,0,0,0,0.16624,0.12077,0.10523,0.28212,0.081974,0.19559,0.078654,0.012179,0.67038,0.56109,1,0.80815,0.71433,0.63921,0.19563,0.1549,0.57869,0.46102,0.30519,0.28828,0.54237,0.35962,0.34624,0.40514,0.41145,0.44331,0.11814,0.18631,0.1372,0.15922,0.20469,0.17869,0.23184,0.14742,0.15733,0.095852,0.29966,0.19391,0.10306,0.039513,0.52815,0.36419,0.090447,0.35984,0.18074,0.25368,0.02288,0,0,0,0,0,0.5716,0.48371,0.20859,0.37506,0,0,0,0.069851,0.14876,0.043752,0.1838,0.10595,0.17197,0.19444,0.31621,0.38419,0.35714,0.23728,0.29198,0.40463,0.37616,0.35794,0.21134,0.20752,0.056291,0.080275,0.15794,0.22485,0.16149,0.34573,0.43768,0.33422,0.052533,0.11798,0.14581,0.2646,0.12574,0.042438,0.27817,0.32054,0.12049,0.22017,0.018275,0.27918,0.34627,0.05578,0.047043,0.27413,0.23165,0.18097
0.012847,0.25495,0.28962,0.35924,0.36092,0.44691,0.24182,0.26049,0.23126,0.22242,0,0.12538,0,0.028046,0.0093192,0.21941,0.032543,0.23842,0.088101,0.34498,0.18382,0.10696,0.45621,0.4813,0.80815,1,0.61267,0.58845,0.11691,0.28605,0.64068,0.55473,0.38841,0.4116,0.48141,0.44124,0.25988,0.31599,0.28912,0.30436,0.017027,0.035372,0.12047,0.15878,0.29654,0.30015,0.17109,0.084127,0.18813,0.13434,0.21166,0.21694,0.029195,0,0.35192,0.26016,0.14851,0.43452,0.25484,0.37548,0.056082,0.14311,0.035116,0.14585,0,0.028529,0.57294,0.52042,0.22875,0.44145,0,0,0.043374,0.1047,0.14286,0.046128,0.28043,0.27004,0.20689,0.18758,0.31022,0.42126,0.14511,0.3131,0.21055,0.37262,0.28183,0.37491,0.076434,0.27372,0.085131,0.095807,0.15143,0.28427,0.1336,0.24847,0.38444,0.2443,0.054236,0.050299,0.22103,0.35303,0.24576,0.10023,0.3325,0.3345,0.19581,0.32141,0,0.25064,0.34859,0.038623,0.052102,0.27341,0.25231,0.21253
0.075102,0.20631,0.27695,0.29871,0.39514,0.4725,0.27403,0.19113,0.34575,0.25133,0,0.1576,0,0.090148,0.18519,0.22735,0.11229,0.16304,0.20617,0.29137,0.20561,0.14289,0.43901,0.41384,0.71433,0.61267,1,0.76429,0.17617,0.14143,0.39776,0.36905,0.33137,0.3044,0.31144,0.21705,0.13847,0.19051,0.18353,0.21,0.044184,0.030784,0.099615,0.15202,0.22304,0.21889,0.13247,0.07691,0.16276,0.14726,0.18481,0.22943,0.10608,0.0029205,0.43435,0.20615,0.17765,0.27414,0.19575,0.3457,0.063205,0.14948,0.034846,0.085205,0.015889,0.099015,0.44209,0.43097,0.25749,0.33752,0,0,0.13225,0.14489,0.23889,0.14045,0.12202,0.044,0.052152,0.043989,0.27856,0.21967,0.3869,0.20016,0.30596,0.32565,0.26133,0.2481,0.31257,0.27742,0.05711,0.052004,0.14111,0.13957,0.18548,0.15792,0.24096,0.2209,0.065359,0.12617,0.14288,0.19188,0.16846,0.081794,0.30978,0.37005,0.1861,0.21575,0.1073,0.30139,0.15203,0.071114,0.049059,0.20674,0.35369,0.38762
0.13693,0.19735,0.30471,0.29152,0.23198,0.61903,0.29573,0.15765,0.32175,0.41443,0.0089197,0.021755,0.096917,0.080775,0.16863,0.25868,0.17522,0.14679,0.15167,0.20034,0.23791,0.20187,0.35688,0.3203,0.63921,0.58845,0.76429,1,0.2077,0.16441,0.3258,0.29877,0.28239,0.23506,0.26274,0.093329,0.15061,0.28651,0.20662,0.28789,0,0.016015,0.0083315,0.0013871,0.090394,0.053289,0.022703,0.015751,0.11188,0.056801,0.094982,0.10554,0.035641,0,0.42396,0.22982,0.20825,0.30654,0.1672,0.23941,0.11626,0.11628,0.0061043,0.0012572,0.0062029,0,0.35097,0.29182,0.23424,0.3452,0,0.029202,0.24726,0.19012,0.27869,0.18963,0.15347,0.052888,0.12902,0.15942,0.29587,0.24226,0.30664,0.18797,0.28218,0.19758,0.28835,0.27291,0.2721,0.20758,0.025282,0.043167,0.10262,0.19221,0.21473,0.29101,0.26185,0.17284,0.011287,0.097678,0.10237,0.19296,0.10414,0.080498,0.2971,0.35934,0.068002,0.17666,0.11757,0.19014,0.080512,0.018659,0.020802,0.11745,0.23365,0.21042
0.015214,0.20261,0.044511,0.041626,0,0.23666,0.25035,0.17354,0,0.19298,0.16015,0.11641,0.08355,0.14781,0.094629,0.33818,0.61391,0.24889,0.018488,0.079301,0,0,0.048881,0.0098827,0.19563,0.11691,0.17617,0.2077,1,0.60756,0.23002,0.067609,0.22569,0.20654,0,0,0.2649,0.3988,0.3821,0.31782,0.3603,0.42671,0.22417,0.21543,0.08839,0.11994,0.34128,0.32211,0.01415,0.037474,0.038594,0.0039739,0.1763,0.10619,0.37029,0.3795,0.15895,0.14718,0.14549,0.111,0.089993,0.031739,0.048045,0.13665,0,0,0.085006,0.16709,0.1679,0.15815,0,0,0.5158,0.34775,0.18019,0.20985,0.10879,0,0.52581,0.33594,0.65061,0.45772,0.29393,0.5451,0.33413,0.31329,0,0.39645,0.11541,0.44609,0.038632,0.18607,0.11232,0.11999,0.031959,0.47473,0.42811,0.4315,0.27565,0.2498,0.056129,0,0.1612,0.080703,0.22319,0.2882,0,0.084681,0,0.21123,0.18623,0.27796,0.15322,0.15656,0.22109,0.08962
0,0.49877,0,0.088926,0,0.341,0.030265,0.34864,0,0.25601,0,0.35639,0,0.19578,0,0.43774,0.476,0.59467,0,0.27596,0,0,0,0,0.1549,0.28605,0.14143,0.16441,0.60756,1,0.50212,0.36432,0.47376,0.53992,0,0.048967,0.11236,0.32875,0.23,0.34736,0.032805,0.4087,0.4277,0.4347,0.40291,0.49658,0.45676,0.43837,0.23205,0.30373,0.12648,0.24739,0.30211,0.25176,0.33788,0.38575,0.2169,0.36305,0.21871,0.35752,0.05111,0.30193,0.11195,0.43875,0,0.014409,0.21128,0.39208,0.27164,0.27453,0.017197,0,0.33263,0.50561,0.051163,0.085424,0.0052299,0,0.43531,0.55196,0.62718,0.67072,0.13914,0.60679,0.20422,0.4051,0.0065424,0.51982,0.031101,0.5088,0.24988,0.29263,0.27883,0.20492,0,0.23332,0.41133,0.38117,0.41022,0.35465,0.23574,0.016394,0.37739,0,0.261,0.30703,0.077737,0.10089,0,0.24733,0.38205,0.38464,0.27997,0.31084,0.31994,0.090885
0,0.24672,0.22833,0.32116,0.082539,0.39585,0.27724,0.257,0.039661,0.13887,0,0.22008,0,0,0,0.28273,0.063428,0.36291,0.080793,0.33868,0,0,0.48031,0.49895,0.57869,0.64068,0.39776,0.3258,0.23002,0.50212,1,0.85143,0.59063,0.57153,0.41883,0.42497,0.30046,0.34636,0.32303,0.40115,0.086714,0.33344,0.32465,0.3549,0.45616,0.4094,0.30273,0.21126,0.0095018,0.096055,0.16236,0.14802,0.075354,0.058768,0.37881,0.29579,0.068075,0.41121,0.099355,0.3095,0,0.079052,0,0.17647,0,0,0.53908,0.6089,0.2519,0.38005,0.065067,0,0.20142,0.33404,0.11985,0,0.14749,0.1417,0.31352,0.42231,0.35164,0.57876,0.32487,0.39389,0.37036,0.66079,0.32651,0.49301,0.078412,0.54558,0.037314,0.073057,0.13699,0.12788,0,0.21405,0.4356,0.28144,0.16233,0.12279,0.16329,0.12815,0.23662,0,0.31305,0.33736,0.11722,0.14103,0,0.16456,0.49347,0.23923,0.14192,0.33568,0.30476,0.15621
0,0.26558,0.33867,0.56579,0.10659,0.37007,0.40474,0.48743,0.16258,0.24926,0,0.38383,0,0.10098,0.034365,0.35092,0,0.37105,0.24616,0.54963,0.12021,0.078849,0.49956,0.61927,0.46102,0.55473,0.36905,0.29877,0.067609,0.36432,0.85143,1,0.6763,0.66309,0.53201,0.57267,0.14726,0.17607,0.027391,0.16465,0.02028,0.22325,0.257,0.27245,0.39988,0.35509,0.17176,0.13729,0.077044,0.12091,0.21499,0.26955,0.05869,0.026887,0.21804,0.11772,0.16113,0.46855,0.12185,0.33015,0,0.247,0,0.27075,0.046755,0.22138,0.56695,0.60706,0.33073,0.40455,0.2015,0.0036148,0.22839,0.38513,0.1985,0.15659,0.12518,0.18836,0.18993,0.28623,0.24321,0.44444,0.31122,0.32244,0.39057,0.66537,0.39125,0.43519,0.1047,0.47415,0.048719,0.055185,0.15183,0.13482,0,0,0.21301,0.073524,0.084267,0.075375,0.21308,0.20165,0.29165,0.066672,0.31176,0.31438,0.29585,0.17685,0.041084,0.15323,0.41404,0.14478,0.13193,0.30658,0.26243,0.25979
0.059563,0.45863,0.17985,0.32563,0.043867,0.31765,0.32403,0.38973,0.06367,0.20278,0,0.45055,0,0.15939,0,0.42453,0.11374,0.39551,0.24975,0.55054,0.2076,0.18105,0.25614,0.3327,0.30519,0.38841,0.33137,0.28239,0.22569,0.47376,0.59063,0.6763,1,0.93059,0.40124,0.48872,0,0.078452,0,0.049159,0.060725,0.1902,0.36594,0.35864,0.55262,0.48941,0.24797,0.25598,0.20702,0.25713,0.22197,0.24731,0.17142,0.090113,0.26565,0.19409,0.3615,0.6248,0.30896,0.43892,0.16004,0.42604,0.16188,0.47043,0.022908,0.24892,0.59259,0.69406,0.38775,0.41917,0.27968,0,0.42302,0.5472,0.34789,0.2888,0,0.013202,0.03102,0.15277,0.41789,0.32711,0.35653,0.26803,0.33198,0.49075,0.37561,0.3962,0.097877,0.49039,0.1381,0.12881,0.1779,0.1252,0.14024,0,0.1856,0.10033,0.27253,0.25994,0.21578,0.088938,0.35259,0.06457,0.30196,0.32536,0.35191,0.24932,0.26704,0.21234,0.34112,0.27342,0.21397,0.32481,0.20215,0.3834
0.02531,0.55844,0.11488,0.32772,0.062164,0.28245,0.24148,0.42911,0.0086551,0.13407,0,0.53066,0,0.20339,0,0.41321,0.097246,0.47859,0.1923,0.56402,0.14631,0.13649,0.18989,0.28114,0.28828,0.4116,0.3044,0.23506,0.20654,0.53992,0.57153,0.66309,0.93059,1,0.44327,0.59683,0,0.039679,0,0.063477,0.021461,0.19896,0.44659,0.46566,0.64357,0.61652,0.31942,0.32614,0.32395,0.37848,0.30895,0.38883,0.25222,0.18351,0.25847,0.18767,0.37373,0.61808,0.34856,0.49872,0.17668,0.45357,0.20674,0.56913,0.047253,0.30021,0.59125,0.71612,0.3674,0.40244,0.24264,0,0.32869,0.54519,0.25523,0.30159,0,0.060838,0,0.14547,0.37112,0.3489,0.28393,0.28079,0.21314,0.46257,0.34621,0.39772,0.070223,0.48217,0.22189,0.18856,0.22372,0.10659,0.062001,0,0.20844,0.15884,0.34971,0.30438,0.24319,0.040974,0.41558,0.048032,0.28043,0.31395,0.382,0.30772,0.19983,0.17897,0.38388,0.30385,0.25158,0.37974,0.24894,0.32149
0.37355,0.23312,0.62678,0.46411,0.2098,0.15951,0.40153,0.22139,0.21054,0.06604,0.02321,0.24143,0.26069,0.16682,0.32824,0.24791,0,0.36182,0.23159,0.25364,0.16559,0.15443,0.59474,0.56506,0.54237,0.48141,0.31144,0.26274,0,0,0.41883,0.53201,0.40124,0.44327,1,0.82657,0.13804,0.14948,0,0.073373,0,0.0079835,0.11801,0.10672,0.29212,0.14848,0.084918,0.048006,0.23503,0.080369,0.44441,0.29579,0.0038573,0.011757,0.080389,0.062987,0.28588,0.43762,0.16601,0.16942,0.28517,0.1713,0.16434,0.19723,0.40637,0.31362,0.56439,0.44872,0.23673,0.33658,0.062818,0,0,0.055063,0.072834,0.13383,0.22557,0.32519,0,0.15661,0.069651,0.27592,0.26989,0.13019,0.20788,0.37709,0.4468,0.21883,0.18269,0.17191,0.051443,0.018025,0.013482,0.055422,0.051487,0,0.067713,0,0,0,0.016757,0.16065,0.14117,0.095235,0.30174,0.23781,0.36466,0.2927,0.18405,0.12633,0.34034,0,0,0.11143,0.053702,0.22119
0.28677,0.33989,0.39051,0.47729,0.28199,0.14095,0.24104,0.37265,0.18611,0.087313,0,0.48813,0.16989,0.30422,0.2156,0.37431,0,0.36265,0.22507,0.41378,0.094961,0.10454,0.35154,0.41921,0.35962,0.44124,0.21705,0.093329,0,0.048967,0.42497,0.57267,0.48872,0.59683,0.82657,1,0.10388,0.049992,0,0,0,0.057656,0.21344,0.2467,0.45464,0.38307,0.1481,0.12619,0.34222,0.27375,0.43767,0.46098,0.076501,0.064763,0.044478,0.012852,0.34393,0.48485,0.27928,0.37086,0.30362,0.36208,0.26515,0.44347,0.39563,0.46506,0.57454,0.59903,0.29009,0.35776,0.11278,0,0,0.16983,0.092997,0.22775,0.17818,0.3456,0,0.048993,0.056515,0.19517,0.2707,0.15475,0.14582,0.39414,0.46931,0.26574,0.16137,0.26124,0.17759,0.092315,0.10175,0.052684,0,0,0.0043182,0,0.095674,0.056869,0.17279,0.12456,0.37083,0.14602,0.35107,0.3136,0.51608,0.46647,0.15807,0.10493,0.33445,0.030841,0.068371,0.21223,0.15779,0.27662
0.16293,0.15737,0.30597,0.27312,0.10889,0.13774,0.2828,0.041687,0.15665,0.09787,0.010982,0.0077964,0.14859,0.029703,0.30019,0.17921,0.09114,0.077009,0.10557,0.1343,0,0,0.38559,0.36876,0.34624,0.25988,0.13847,0.15061,0.2649,0.11236,0.30046,0.14726,0,0,0.13804,0.10388,1,0.67666,0.6074,0.56852,0.38647,0.42964,0.15341,0.091488,0.064054,0.10511,0.35187,0.27146,0.059921,0.10506,0.17384,0.11286,0.14161,0.089954,0.50389,0.37794,0.10259,0.22059,0.19193,0.18341,0.025134,0,0,0,0.060652,0,0.32929,0.25474,0.27321,0.25928,0,0,0.092301,0.010639,0.082163,0.090378,0.47465,0.33417,0.23731,0.1359,0.29807,0.25064,0.27639,0.36128,0.39389,0.32545,0.11549,0.27546,0.30059,0.3118,0.17793,0.25128,0.22338,0.27817,0.0039997,0.44905,0.46288,0.39352,0.23407,0.23436,0.27576,0.35796,0.26642,0.32367,0.27535,0.30599,0,0.0064523,0,0.26276,0.33567,0.2873,0.20764,0.274,0.28146,0.0020573
0.16558,0.21135,0.31016,0.29999,0.10033,0.37336,0.31573,0.1207,0.26953,0.32865,0,0,0.15504,0.083846,0.27322,0.29092,0.38171,0.31309,0.10399,0.13208,0,0,0.31288,0.27176,0.40514,0.31599,0.19051,0.28651,0.3988,0.32875,0.34636,0.17607,0.078452,0.039679,0.14948,0.049992,0.67666,1,0.54438,0.67116,0.056063,0.5389,0.10858,0.05913,0.074487,0.079959,0.25089,0.24093,0.06275,0.078629,0.097594,0.084776,0.097366,0.024265,0.53739,0.49845,0.1642,0.28587,0.19751,0.26876,0.065898,0.053175,0,0,0.065496,0.017568,0.29398,0.24534,0.31776,0.3782,0,0,0.1314,0.19456,0.029978,0.16332,0.38397,0.24583,0.47018,0.3964,0.5418,0.56026,0.28189,0.52301,0.45593,0.31725,0.10818,0.43882,0.3218,0.32054,0.14549,0.21114,0.19874,0.31174,0,0.48385,0.41803,0.36057,0.17472,0.24957,0.23367,0.32323,0.26922,0.23116,0.43384,0.46356,0,0.032037,0,0.20101,0.28917,0.2103,0.14649,0.20988,0.30482,0.10258
0,0.10262,0.12494,0.087133,0,0.11597,0.091731,0,0.015145,0.089063,0,0,0.013958,0,0.15978,0.12257,0.2251,0.10163,0,0,0,0,0.26234,0.18763,0.41145,0.28912,0.18353,0.20662,0.3821,0.23,0.32303,0.027391,0,0,0,0,0.6074,0.54438,1,0.79362,0.23417,0.41973,0.14509,0.076298,0,0.019484,0.37384,0.2619,0.032343,0.031421,0.11854,0.0072204,0.15497,0.14908,0.61261,0.49568,0,0.046785,0,0,0,0,0,0,0,0,0.10492,0.046784,0.059075,0.078775,0,0,0,0,0,0,0.22893,0,0.36425,0.25751,0.31107,0.3849,0.23898,0.44514,0.29823,0.26828,0,0.38617,0.22644,0.28401,0.16079,0.25971,0.24039,0.28512,0,0.74167,0.66395,0.60086,0.20561,0.23913,0.21213,0.27802,0.1693,0.1557,0.26203,0.29987,0,0,0,0.25547,0.36205,0.29256,0.17171,0.24639,0.3532,0
0,0.35956,0.1286,0.1783,0,0.23262,0.065872,0,0.010735,0.16533,0,0,0,0,0.070089,0.2262,0.25611,0.31869,0,0,0,0,0.26775,0.20054,0.44331,0.30436,0.21,0.28789,0.31782,0.34736,0.40115,0.16465,0.049159,0.063477,0.073373,0,0.56852,0.67116,0.79362,1,0.15076,0.57879,0.27484,0.22854,0.1238,0.21404,0.45196,0.4041,0.18751,0.25779,0.22838,0.21211,0.2754,0.24382,0.67786,0.60251,0.052349,0.27131,0.16608,0.23851,0.020048,0.063595,0,0.0041903,0,0,0.278,0.26056,0.22566,0.23055,0,0,0.048643,0.12411,0,0,0.16597,0,0.33171,0.35694,0.40378,0.42953,0.26876,0.43335,0.29417,0.33324,0.073853,0.43509,0.24697,0.31898,0.308,0.37583,0.37673,0.35893,0,0.63589,0.64526,0.59847,0.33454,0.39254,0.33116,0.24381,0.26697,0.12063,0.35168,0.3955,0,0.07565,0,0.29967,0.43915,0.34704,0.3171,0.35047,0.43364,0.0027496
0.038015,0.043429,0.089618,0,0,0,0.10397,0,0,0,0,0,0.041813,0,0.090841,0.054184,0.20845,0.085784,0,0,0.013153,0,0.13537,0.072821,0.11814,0.017027,0.044184,0,0.3603,0.032805,0.086714,0.02028,0.060725,0.021461,0,0,0.38647,0.056063,0.23417,0.15076,1,0.18235,0.042843,0.025073,0,0,0.16506,0.14311,0,0.0038404,0.03884,0,0.11427,0.10769,0.091824,0.19112,0.19268,0.13798,0.23423,0.029992,0.080669,0,0.099805,0.079207,0,0,0.10729,0.073902,0.20931,0.13033,0,0,0.27722,0.14642,0.19155,0.12698,0.076793,0,0.19198,0,0.20207,0.01864,0.16466,0.060617,0.092785,0.083063,0.11593,0.038752,0,0.15312,0,0.1039,0.0010002,0,0.17514,0.22557,0.14078,0.20621,0.13676,0.06007,0,0,0,0.099254,0.0029526,0.10119,0,0.12142,0.03905,0.03478,0.0086222,0.13011,0.10246,0.079777,0.10657,0.092729
0,0.2316,0.062288,0.18585,0,0.093034,0.12951,0.11033,0,0.11553,0,0.19564,0,0.12727,0.073233,0.28656,0.38101,0.37941,0,0.058473,0,0,0.11065,0.085246,0.18631,0.035372,0.030784,0.016015,0.42671,0.4087,0.33344,0.22325,0.1902,0.19896,0.0079835,0.057656,0.42964,0.5389,0.41973,0.57879,0.18235,1,0.17567,0.17102,0.089024,0.12389,0.27248,0.24421,0,0.084165,0.079396,0.1254,0.08509,0.012301,0.43363,0.31569,0.0307,0.091405,0.040627,0.15475,0,0.032214,0.075763,0.13043,0,0.054833,0.10544,0.21278,0.20193,0.10345,0,0,0.20256,0.36747,0,0.14455,0.031525,0,0.33803,0.38535,0.47163,0.46224,0.26948,0.44879,0.32701,0.46474,0,0.38645,0.30215,0.41243,0.029504,0.11901,0.078346,0.0018208,0,0.32374,0.35311,0.3179,0.12078,0.20544,0.019588,0,0.15014,0,0.23995,0.23809,0,0.05757,0,0.17877,0.29165,0.15138,0.054545,0.1334,0.19793,0.036312
0,0.62593,0.042248,0.10051,0,0.039131,0.078445,0.036626,0,0,0,0.16822,0,0,0,0,0.064535,0.2844,0,0.23605,0,0,0.14889,0.16088,0.1372,0.12047,0.099615,0.0083315,0.22417,0.4277,0.32465,0.257,0.36594,0.44659,0.11801,0.21344,0.15341,0.10858,0.14509,0.27484,0.042843,0.17567,1,0.93632,0.71604,0.82335,0.91827,0.91108,0.59995,0.7251,0.73099,0.58376,0.81607,0.81017,0.32891,0.43778,0.24883,0.27404,0.36053,0.24835,0.0062693,0.082878,0,0.13613,0,0.11362,0.44815,0.56082,0.15699,0.091073,0,0,0.12966,0.24569,0.0077517,0.13137,0,0,0.013747,0.17262,0.19851,0.31245,0.043478,0.20709,0.071321,0.33243,0.040482,0.33798,0,0.32711,0.68549,0.68471,0.69575,0.40672,0,0.20884,0.64316,0.70512,0.84903,0.82446,0.55859,0.12791,0.55211,0.21496,0.27008,0.34308,0.073024,0.090934,0,0.38877,0.68968,0.80926,0.77888,0.62363,0.47534,0.057091
0,0.56209,0,0.049366,0,0.04153,0,0.017207,0,0,0,0.18896,0,0,0,0,0.09113,0.29816,0,0.22398,0,0,0.086374,0.095899,0.15922,0.15878,0.15202,0.0013871,0.21543,0.4347,0.3549,0.27245,0.35864,0.46566,0.10672,0.2467,0.091488,0.05913,0.076298,0.22854,0.025073,0.17102,0.93632,1,0.71419,0.82984,0.84377,0.84377,0.51612,0.67307,0.64249,0.59509,0.70514,0.70515,0.26211,0.38498,0.2271,0.23107,0.3578,0.30412,0,0.06645,0,0.17272,0,0.084827,0.4146,0.58034,0.16068,0.076292,0.056915,0,0.15562,0.32216,0.036445,0.15754,0,0,0.046114,0.17439,0.17438,0.2833,0,0.13491,0.0031139,0.34971,0.066226,0.2756,0,0.30696,0.55239,0.56206,0.55417,0.25206,0,0.11558,0.57878,0.63491,0.77131,0.70015,0.43941,0,0.48819,0.10433,0.22906,0.29874,0.17085,0.17437,0,0.33687,0.6695,0.70484,0.65611,0.54435,0.41744,0.046872
0,0.49237,0.091651,0.15054,0.069115,0.21595,0.15071,0.19383,0,0,0,0.32429,0,0.029481,0,0.096933,0,0.29347,0.19335,0.40191,0,0,0.1559,0.19181,0.20469,0.29654,0.22304,0.090394,0.08839,0.40291,0.45616,0.39988,0.55262,0.64357,0.29212,0.45464,0.064054,0.074487,0,0.1238,0,0.089024,0.71604,0.71419,1,0.88919,0.57228,0.53183,0.49383,0.5307,0.5061,0.50452,0.44545,0.41142,0.28222,0.2888,0.14694,0.34207,0.28066,0.39036,0,0.20831,0.012256,0.22768,0,0.22703,0.61774,0.71937,0.151,0.18602,0.12784,0,0.11325,0.29403,0.086475,0.18962,0.06469,0.094292,0,0.2005,0.14959,0.27477,0.22697,0.20734,0.13843,0.36452,0.27077,0.40635,0,0.38438,0.3918,0.32786,0.37631,0.21444,0,0,0.45251,0.42966,0.56337,0.51518,0.36942,0.1025,0.49132,0.12751,0.29096,0.31742,0.23747,0.10884,0,0.18499,0.56817,0.57676,0.44988,0.50227,0.31427,0.074038
0,0.66064,0,0.12396,0.065254,0.17138,0,0.21395,0,0,0,0.33196,0,0,0,0.12993,0,0.34022,0.029323,0.41048,0,0,0.015375,0.093546,0.17869,0.30015,0.21889,0.053289,0.11994,0.49658,0.4094,0.35509,0.48941,0.61652,0.14848,0.38307,0.10511,0.079959,0.019484,0.21404,0,0.12389,0.82335,0.82984,0.88919,1,0.74714,0.72459,0.64768,0.78129,0.58039,0.67644,0.66841,0.63401,0.3528,0.38775,0.2681,0.39841,0.44382,0.50596,0.066798,0.32392,0.06427,0.38356,0,0.26117,0.54902,0.71823,0.20367,0.2163,0.067277,0,0.10012,0.31861,0.033111,0.15133,0,0,0,0.1208,0.20576,0.25579,0.080708,0.24608,0.0077175,0.30111,0.15263,0.37164,0,0.35601,0.62664,0.56084,0.59473,0.35309,0,0.04031,0.52115,0.54984,0.76295,0.68248,0.55843,0.13904,0.63632,0.17325,0.31515,0.35889,0.22578,0.23118,0,0.32131,0.57645,0.70498,0.64795,0.62573,0.48823,0.16912
0.027077,0.64648,0.042733,0.10697,0,0.028164,0.043781,0.022754,0,0,0,0.13143,0,0,0,0.065827,0.17106,0.3049,0,0.16246,0,0,0.16688,0.16651,0.23184,0.17109,0.13247,0.022703,0.34128,0.45676,0.30273,0.17176,0.24797,0.31942,0.084918,0.1481,0.35187,0.25089,0.37384,0.45196,0.16506,0.27248,0.91827,0.84377,0.57228,0.74714,1,0.96221,0.64818,0.74955,0.74508,0.61277,0.85862,0.8344,0.48655,0.56821,0.2789,0.30601,0.42004,0.25242,0.13894,0.12235,0.0043952,0.1601,0,0.10186,0.41928,0.49512,0.19445,0.12188,0,0,0.057041,0.14103,0,0.022188,0,0,0.13214,0.19866,0.32081,0.35556,0.069524,0.32795,0.094699,0.30811,0,0.36742,0,0.33581,0.76216,0.78115,0.76008,0.50598,0,0.37024,0.7539,0.83079,0.87752,0.85268,0.62394,0.22865,0.58966,0.27688,0.3508,0.40241,0,0.13799,0,0.4947,0.71674,0.82457,0.7917,0.66964,0.56396,0.090015
0.081608,0.68556,0.046553,0.1422,0,0.02206,0.042004,0.052443,0,0,0,0.14919,0,0,0,0.091698,0.19531,0.30512,0,0.18323,0,0,0.10966,0.13995,0.14742,0.084127,0.07691,0.015751,0.32211,0.43837,0.21126,0.13729,0.25598,0.32614,0.048006,0.12619,0.27146,0.24093,0.2619,0.4041,0.14311,0.24421,0.91108,0.84377,0.53183,0.72459,0.96221,1,0.68669,0.7955,0.76452,0.65794,0.88258,0.86837,0.40821,0.53007,0.33022,0.33844,0.45663,0.27956,0.20776,0.1931,0.0078022,0.18042,0.059302,0.16067,0.37137,0.46855,0.2225,0.11906,0,0,0.09957,0.20434,0,0.095553,0,0,0.13669,0.18655,0.30216,0.30422,0.029951,0.28308,0.064437,0.26321,0,0.32699,0,0.2766,0.80299,0.81806,0.80181,0.52557,0,0.2981,0.67024,0.77548,0.88588,0.8755,0.66406,0.22277,0.62805,0.32896,0.37308,0.42983,0.018046,0.14986,0,0.48084,0.67899,0.83892,0.83388,0.66685,0.54818,0.11985
0.39942,0.72486,0.11184,0.2347,0.040303,0.10106,0.017963,0.21226,0.072537,0.144,0,0.25715,0.10378,0.19104,0.029679,0.24448,0.16701,0.31976,0,0.2566,0,0,0.039385,0.10315,0.15733,0.18813,0.16276,0.11188,0.01415,0.23205,0.0095018,0.077044,0.20702,0.32395,0.23503,0.34222,0.059921,0.06275,0.032343,0.18751,0,0,0.59995,0.51612,0.49383,0.64768,0.64818,0.68669,1,0.87642,0.82326,0.77987,0.75153,0.71614,0.28857,0.35939,0.41926,0.42707,0.65154,0.45057,0.63224,0.4967,0.3929,0.44342,0.48135,0.42586,0.43412,0.4195,0.27897,0.20878,0,0,0,0.046899,0,0.061042,0,0,0,0.026242,0.1948,0.20134,0,0.24594,0,0.024672,0.027122,0.31174,0.077941,0.10806,0.84743,0.7436,0.71303,0.56898,0,0,0.32193,0.44957,0.65975,0.68429,0.65328,0.33668,0.66715,0.43071,0.42663,0.47795,0.29785,0.39326,0.047809,0.44601,0.45171,0.56467,0.66864,0.58611,0.55093,0.26255
