1,0.66801,0.46902,0.51134,0.14635,0.1192,0.6614,0.44965,0,0.073548,0.47601,0.34257,0.60831,0.27161,0.19074,0.24701,0.69214,0.40708,0.6401,0.62786,0.0087605,0,0.44804,0.35377,0,0,0.0085784,0,0.3187,0.22146,0.26831,0.17337,0.62786,0.59316,0.047334,0.14365,0.30352,0.21837,0.22419,0.2554,0.28964,0.11977,0.57478,0.63208,0.35525,0.41961,0.59893,0.63435,0.57983,0.47621,0.44274,0.50169,0.28515,0.30544,0.44269,0.37377,0.82242,0.44464,0.46589,0.45536,0.60644,0.31029,0.53545,0.35251,0.34296,0.28471,0.46588,0.44268,0.5617,0.53908,0,0,0.0025538,0.035269,0.16439,0.1666,0.3153,0.33416,0.28776,0.17411,0.58862,0.36882,0.50654,0.56309,0.41326,0.48097,0.27336,0.49102,0.38158,0.61949,0.37576,0.68837,0.35055,0.64734,0.34765,0.18211,0.5135,0.55392,0.46568,0.59368,0,0.28292,0,0.14258,0.088617,0.25442,0.11583,0.047039,0,0.21165,0.53038,0.54236,0.45478,0.39496,0.29791,0.19124
0.66801,1,0.20494,0.39584,0.073403,0,0.30122,0.33442,0.0062191,0,0.19966,0.52454,0.39975,0.36994,0.016042,0.13648,0.61844,0.66449,0.41748,0.46863,0.0009204,0,0.17746,0.17688,0,0,0,0,0.26271,0.33499,0.24135,0.13414,0.61915,0.61797,0,0.035843,0.28949,0.1825,0.18708,0.2835,0.24518,0.14412,0.52073,0.58884,0.24774,0.3128,0.6024,0.62997,0.52369,0.47797,0.41855,0.48764,0.39948,0.50705,0.50638,0.50617,0.82699,0.78753,0.54568,0.45334,0.5889,0.21282,0.47328,0.4271,0.16003,0.17552,0.51302,0.49109,0.4642,0.60365,0,0,0,0.096237,0.043953,0.13465,0.19247,0.27183,0.59123,0.43043,0.6208,0.47227,0.37767,0.50796,0.38588,0.42546,0.19182,0.36866,0.33558,0.44667,0.13243,0.45042,0.17913,0.34559,0.34445,0.28313,0.49058,0.50743,0.4892,0.49925,0,0.039576,0,0.070947,0.15066,0.29726,0.014863,0,0,0.16862,0.37398,0.51086,0.41468,0.37601,0.27705,0.08327
0.46902,0.20494,1,0.51267,0.13638,0.16882,0.67713,0.25787,0,0.24941,0.39686,0.086426,0.40941,0.079371,0.12956,0.08545,0.16574,0.099584,0.58382,0.40652,0.14392,0.015357,0.92313,0.75466,0.44421,0.44469,0.0876,0.05612,0.022027,0,0.44869,0.30015,0.31847,0.13673,0.51405,0.40045,0.1214,0.19958,0.21032,0.26921,0.027826,0,0.46741,0.33454,0.4289,0.29275,0.35864,0.27957,0.30156,0.087493,0.55572,0.22831,0.14352,0.0026697,0.085134,0.048319,0.25149,0.037424,0.05202,0,0.28982,0.10688,0.19903,0,0.6372,0.29791,0.47891,0.2689,0.19698,0.24658,0.027049,0.27129,0.14375,0,0.25388,0.15642,0.54991,0.41251,0,0.060397,0.12394,0.04592,0.33485,0.17819,0.37613,0.43657,0.15347,0.3021,0.24847,0.45568,0.46221,0.57086,0.42888,0.6683,0.25368,0.14568,0.45541,0.34278,0.19931,0.28682,0,0.47923,0,0.1021,0.12554,0.30217,0,0,0,0.21088,0.48586,0.50352,0.53788,0.5063,0.32514,0.036867
0.51134,0.39584,0.51267,1,0.017571,0.37137,0.70813,0.88907,0.034865,0.27951,0.29107,0.49941,0.51963,0.53504,0,0.53425,0.39038,0.35984,0.40621,0.57722,0,0,0.4962,0.70672,0.15469,0.22476,0.021341,0.089971,0.1932,0.33255,0.33329,0.42916,0.53055,0.60381,0.16675,0.45006,0.045984,0.29785,0,0.17504,0.18708,0.14888,0.57008,0.49756,0.44502,0.6105,0.49763,0.55586,0.68634,0.58308,0.63147,0.60837,0.43858,0.16942,0.18986,0.19182,0.31735,0.23045,0.29737,0.39649,0.47435,0.63498,0.60525,0.51212,0.43424,0.47196,0.47535,0.55781,0.19277,0.23993,0.14045,0.10624,0.14219,0.24842,0.28829,0.30126,0.48779,0.55083,0.07984,0.15494,0.48471,0.36044,0.23922,0.42789,0.48537,0.5846,0,0.19545,0.348,0.50594,0.7501,0.62646,0.74656,0.69394,0.1985,0.18226,0.52634,0.50936,0.53445,0.52793,0.27314,0.32595,0,0.16536,0.1553,0.23705,0.044716,0,0,0.051462,0.51421,0.57406,0.4975,0.30514,0.34121,0.12413
0.14635,0.073403,0.13638,0.017571,1,0.44433,0.20224,0,0.70462,0.38704,0.17497,0,0.17524,0,0.64301,0.15613,0,0,0.031943,0.054743,0,0,0.084125,0,0.14596,0.12861,0.35616,0.34284,0,0,0.088989,0,0,0.035384,0.15018,0.16281,0,0,0,0,0,0,0.046535,0.048033,0.20207,0.1425,0,0,0.035073,0.029988,0.14998,0.15288,0,0,0.13662,0,0.01815,0.10878,0.18948,0.13962,0.091326,0.17781,0.031327,0,0.26564,0.3199,0.25881,0.16665,0.27325,0.18173,0.09416,0,0,0,0,0,0.16038,0.09659,0,0,0,0,0.012589,0,0.023772,0.073058,0.11788,0,0.084156,0,0.15685,0,0.047994,0.093061,0,0,0,0,0.075429,0,0.23971,0.27619,0.27623,0.2584,0,0.018642,0.079383,0.15449,0.25296,0.058472,0.12923,0,0,0,0,0.090345
0.1192,0,0.16882,0.37137,0.44433,1,0.39426,0.39295,0.34606,0.86457,0.19542,0,0.27518,0.14364,0.33207,0.53715,0,0,0.072101,0.10371,0,0,0.15525,0.22359,0.31116,0.29034,0.44224,0.44432,0,0,0.24562,0.24856,0.13549,0.18135,0.15077,0.35401,0,0,0,0,0,0,0.045506,0,0.24793,0.31278,0.019479,0.047548,0.29391,0.18019,0.2036,0.17747,0.055525,0,0,0,0,0.10924,0.38535,0.30879,0.26684,0.44462,0.29156,0.15766,0.3406,0.37281,0.33563,0.33457,0.20503,0.086406,0.17235,0,0.079456,0.06884,0.0013627,0.021121,0.17848,0.16886,0,0,0,0,0,0,0.12513,0.096143,0,0,0.1033,0,0.30903,0.094456,0.2149,0.20092,0,0,0,0,0.20783,0.11789,0.38798,0.3612,0.35881,0.47731,0.10399,0.13499,0.13462,0.088432,0.097478,0,0.17342,0.090797,0.070533,0,0.036552,0.11451
0.6614,0.30122,0.67713,0.70813,0.20224,0.39426,1,0.69016,0.073531,0.35091,0.39991,0.3202,0.66177,0.26568,0.16697,0.40757,0.41048,0.25519,0.56627,0.5805,0.017312,0,0.59569,0.58616,0.23675,0.15429,0.17003,0.08258,0.21781,0.17981,0.46785,0.37323,0.53007,0.47127,0.21549,0.364,0.12324,0.20339,0.0025367,0.097176,0.1819,0.027586,0.55811,0.48585,0.45349,0.53731,0.48205,0.51558,0.59976,0.45796,0.46736,0.4704,0.26812,0.13952,0.24849,0.26366,0.37777,0.14146,0.368,0.41405,0.43882,0.46672,0.58994,0.35264,0.45922,0.36736,0.48967,0.45696,0.36325,0.27569,0.066147,0.13219,0.2423,0.15345,0.33387,0.22626,0.5729,0.581,0,0,0.40239,0.29024,0.33614,0.41751,0.33294,0.44538,0.12035,0.26297,0.2317,0.62227,0.66211,0.75252,0.57248,0.76561,0.16577,0.038114,0.4336,0.45195,0.47483,0.56591,0.20012,0.50831,0.068194,0.31859,0.13643,0.27746,0.14599,0,0,0.10472,0.50642,0.51156,0.51807,0.36255,0.31388,0.23638
0.44965,0.33442,0.25787,0.88907,0,0.39295,0.69016,1,0.099079,0.28859,0.21951,0.59397,0.52521,0.61318,0,0.64275,0.40175,0.39093,0.29339,0.54369,0,0,0.23421,0.48646,0.0028606,0.0018415,0,0.060007,0.24903,0.45754,0.22372,0.35977,0.51482,0.63511,0.0044136,0.35791,0,0.18261,0,0.0067974,0.12753,0.097829,0.48431,0.4787,0.39616,0.65022,0.46336,0.54896,0.7186,0.66809,0.47274,0.59394,0.41676,0.17151,0.19256,0.24368,0.25373,0.18205,0.32236,0.52248,0.39281,0.71305,0.68484,0.70339,0.25138,0.42731,0.35113,0.52729,0.14342,0.12637,0.08374,0,0.11273,0.28909,0.21779,0.28604,0.34121,0.50389,0.035589,0.10706,0.51603,0.45603,0.1152,0.45409,0.32896,0.44258,0,0.054663,0.24137,0.4774,0.69781,0.60133,0.66106,0.6021,0.094752,0.074498,0.41014,0.44534,0.53519,0.50171,0.36263,0.24277,0.086824,0.20622,0.13669,0.14875,0.024514,0,0,0,0.43027,0.45845,0.37986,0.14225,0.20399,0.079119
0,0.0062191,0,0.034865,0.70462,0.34606,0.073531,0.099079,1,0.39167,0,0.15933,0.037593,0.10125,0.66316,0.30393,0,0,0,0.034153,0,0,0,0,0,0,0.05018,0.03262,0.0082309,0.085249,0,0,0,0.1311,0,0.059747,0,0,0,0,0,0.053546,0.024717,0.060443,0.019686,0.13616,0.045099,0.087762,0.074933,0.18996,0.074915,0.26768,0.21355,0.18205,0.0032494,0.020053,0,0,0.089006,0.072561,0,0.18242,0.12155,0.12124,0,0.18785,0,0.020601,0,0,0.091737,0,0,0,0,0,0.083523,0.10933,0,0,0,0,0,0,0,0.03602,0,0,0,0,0.17551,0,0.13781,0,0,0,0.0076664,0.022696,0.10759,0.048496,0.28337,0.0061148,0.21207,0.05998,0,0,0.033748,0.024341,0.10587,0,0.10246,0,0,0,0,0.13057
0.073548,0,0.24941,0.27951,0.38704,0.86457,0.35091,0.28859,0.39167,1,0.15783,0,0.21448,0.030575,0.3691,0.52094,0,0,0.051927,0.063975,0,0,0.20937,0.21745,0.2095,0.15652,0.29681,0.21334,0,0,0.19252,0.10565,0.069399,0.082691,0.17514,0.32942,0,0,0,0,0,0,0.050332,0,0.2151,0.25155,0.01604,0,0.24198,0.10338,0.2493,0.14487,0.12935,0,0,0,0,0,0.23889,0.14322,0.15111,0.33297,0.27534,0.042484,0.35381,0.31364,0.23032,0.19109,0.078977,0,0.11977,0,0.039011,0,0,0,0.21792,0.18953,0,0,0,0,0,0,0.12559,0.033096,0,0,0.12458,0,0.32574,0.11467,0.2185,0.19855,0,0,0,0,0.15391,0.068599,0.27725,0.25568,0.24285,0.27607,0.053469,0.061145,0.099474,0.0041899,0.056032,0,0.14993,0.057996,0.1153,0,0.031752,0.10509
0.47601,0.19966,0.39686,0.29107,0.17497,0.19542,0.39991,0.21951,0,0.15783,1,0.28022,0.79966,0.40798,0.44714,0.30482,0.3629,0,0.70549,0.32096,0,0.031595,0.49925,0.44114,0.29616,0.35113,0.092244,0,0.28487,0,0.38739,0.36568,0.3139,0.22503,0.27308,0.1687,0.18421,0.044238,0.19015,0.1066,0.18247,0.0019331,0,0.0062002,0.045332,0.037947,0,0.018382,0.047394,0.01607,0.18149,0.085779,0,0,0,0,0.16781,0.26005,0.012799,0.11278,0.44293,0.42286,0.39514,0.070806,0.67737,0.56696,0.20533,0.1165,0.35684,0.3302,0.053665,0.098526,0.10243,0,0.28364,0.23985,0.29254,0.11816,0,0,0.067804,0,0.34138,0.046153,0.18047,0.27339,0.094104,0.22567,0.012139,0.077632,0.12505,0.25798,0.17217,0.35333,0.24191,0,0.1866,0.026026,0,0.048292,0.04788,0.40188,0,0.27486,0.25682,0.33362,0.14503,0,0,0.20014,0.16837,0.21072,0.06628,0.23241,0.25867,0.12169
0.34257,0.52454,0.086426,0.49941,0,0,0.3202,0.59397,0.15933,0,0.28022,1,0.54353,0.82155,0.14496,0.53716,0.53102,0.48024,0.34631,0.5063,0,0,0.099886,0.25639,0,0,0,0,0.4652,0.67863,0.14896,0.24528,0.40067,0.53399,0,0.052619,0.17925,0.074251,0,0.014711,0.23659,0.15747,0.28891,0.42042,0.056381,0.33072,0.40541,0.53641,0.39828,0.59113,0.25856,0.57445,0.35626,0.43272,0.17339,0.40631,0.38851,0.27449,0.093003,0.29241,0.27984,0.47389,0.54278,0.64779,0.093461,0.44827,0.12207,0.2886,0.18004,0.25146,0,0,0.10584,0.23028,0.18924,0.28846,0.22095,0.40408,0.38026,0.28498,0.5163,0.48069,0.069165,0.36777,0.1713,0.43381,0,0,0.045832,0.39242,0.32932,0.461,0.36317,0.36527,0.27199,0.17565,0.47639,0.4699,0.37923,0.43466,0.090486,0.11348,0,0.14277,0.17302,0.1757,0,0,0,0.17625,0.41672,0.41148,0.19572,0.18548,0.23871,0
0.60831,0.39975,0.40941,0.51963,0.17524,0.27518,0.66177,0.52521,0.037593,0.21448,0.79966,0.54353,1,0.59731,0.41302,0.49565,0.56282,0.17087,0.64389,0.52576,0,0,0.3931,0.40116,0.17335,0.1738,0.11956,0,0.40304,0.17799,0.39822,0.37586,0.49749,0.44017,0.067264,0.13372,0.22883,0.13931,0.06967,0.11981,0.28765,0.090682,0.26223,0.28972,0.14901,0.28322,0.29337,0.37989,0.39288,0.358,0.32676,0.38034,0.085321,0.095566,0.099613,0.16725,0.38559,0.29344,0.2508,0.37247,0.55186,0.56686,0.71911,0.38347,0.57271,0.57415,0.3425,0.32835,0.45171,0.41987,0.032337,0.027185,0.1452,0.081151,0.30999,0.2828,0.38997,0.37007,0.02544,0,0.35724,0.14977,0.31935,0.23842,0.2104,0.37598,0.01134,0.17256,0.084423,0.36671,0.33472,0.52486,0.32059,0.54109,0.28864,0.029447,0.39574,0.29542,0.21178,0.36865,0.091202,0.49412,0.015389,0.39661,0.32272,0.44066,0.11743,0,0,0.19028,0.38423,0.38949,0.28877,0.29797,0.38964,0.15339
0.27161,0.36994,0.079371,0.53504,0,0.14364,0.26568,0.61318,0.10125,0.030575,0.40798,0.82155,0.59731,1,0.22822,0.58814,0.37912,0.29525,0.32362,0.34396,0,0,0.11909,0.33526,0,0.062052,0,0,0.30566,0.44109,0.10173,0.3097,0.30605,0.42616,0,0.17196,0.025075,0.034172,0,0,0.13977,0.012326,0.17199,0.31693,0.11482,0.33797,0.29952,0.41847,0.35714,0.4735,0.27613,0.47316,0.21012,0.19,0,0.18363,0.22477,0.24826,0.01713,0.1899,0.28443,0.5294,0.47234,0.58521,0.23335,0.53311,0.14038,0.2968,0.12738,0.11941,0,0,0.01046,0.15158,0.15556,0.26881,0.1236,0.28481,0.16127,0.21794,0.29882,0.30939,0,0.17143,0.089731,0.37276,0,0,0.017804,0.2637,0.23084,0.31896,0.32088,0.34005,0.1953,0.05448,0.37605,0.32129,0.14767,0.22909,0.016501,0.18517,0,0.167,0.21478,0.21902,0,0,0,0.094939,0.41616,0.3432,0.14537,0.11761,0.26683,0
0.19074,0.016042,0.12956,0,0.64301,0.33207,0.16697,0,0.66316,0.3691,0.44714,0.14496,0.41302,0.22822,1,0.35557,0.13249,0,0.22422,0.089595,0,0,0.15563,0.0065694,0,0,0.23601,0.095382,0.22766,0,0,0,0,0,0,0,0.061501,0,0,0,0.036613,0.025572,0,0,0,0,0,0.019854,0,0,0.048022,0.13852,0,0.0028867,0,0,0.0077868,0,0.035467,0,0.11997,0.17083,0.15968,0,0.29795,0.382,0.014635,0,0.16805,0.063328,0.019436,0,0,0,0,0,0.11439,0,0,0,0,0,0.16273,0,0.095451,0.11393,0.0056448,0,0.0091015,0,0.10863,0.093909,0.10817,0.17295,0.061569,0,0.065491,0,0,0,0.11059,0.25238,0.06132,0.18863,0,0,0,0.020336,0.21987,0.14534,0.13797,0,0,0,0.058107,0.060879
0.24701,0.13648,0.08545,0.53425,0.15613,0.53715,0.40757,0.64275,0.30393,0.52094,0.30482,0.53716,0.49565,0.58814,0.35557,1,0.36448,0.1256,0.23587,0.41614,0,0,0.15482,0.34843,0.079733,0.01912,0.21553,0.17567,0.43196,0.52286,0.26189,0.26937,0.26994,0.40349,0,0.15397,0,0.025341,0,0,0.11853,0.1307,0.13444,0.15493,0.14526,0.35122,0.19812,0.27892,0.36818,0.42211,0.20774,0.33421,0.2501,0.076014,0,0.021196,0.075782,0.10048,0.24832,0.3964,0.21077,0.59414,0.59516,0.49358,0.15324,0.44561,0.13417,0.27958,0.14871,0.09146,0.028811,0,0.19783,0.23219,0.15252,0.17575,0.14877,0.27366,0.070951,0.1077,0.42735,0.24602,0.15704,0.33068,0.31483,0.36234,0,0,0.063319,0.18486,0.44075,0.26889,0.41215,0.28207,0.14925,0.08272,0.30968,0.2313,0.3285,0.27337,0.33201,0.16001,0.14276,0.32325,0,0.00030225,0,0,0.014447,0.072322,0.30436,0.2784,0.12162,0.018233,0.068386,0
0.69214,0.61844,0.16574,0.39038,0,0,0.41048,0.40175,0,0,0.3629,0.53102,0.56282,0.37912,0.13249,0.36448,1,0.52824,0.49589,0.59335,0.0089719,0,0.21348,0.18194,0,0,0,0,0.58173,0.49546,0.27844,0.20084,0.57458,0.59712,0,0,0.33828,0.18328,0.16004,0.18255,0.37751,0.26464,0.42158,0.51196,0.11743,0.31385,0.51531,0.59323,0.44693,0.51989,0.20914,0.44115,0.24891,0.35816,0.37436,0.33507,0.70793,0.39976,0.39081,0.51331,0.48493,0.30876,0.625,0.41626,0.090751,0.20715,0.25405,0.36421,0.45563,0.52312,0,0,0.14048,0.082556,0.21863,0.1739,0.12839,0.20868,0.57619,0.3214,0.81044,0.50225,0.52842,0.6309,0.4437,0.43121,0.17951,0.33973,0.28269,0.45496,0.2716,0.50004,0.35302,0.43859,0.49381,0.33691,0.56221,0.49591,0.48182,0.51612,0.019586,0.066926,0,0.16843,0.10564,0.23526,0,0,0,0.29452,0.41876,0.47198,0.30562,0.30569,0.26508,0.026685
0.40708,0.66449,0.099584,0.35984,0,0,0.25519,0.39093,0,0,0,0.48024,0.17087,0.29525,0,0.1256,0.52824,1,0.26827,0.44333,0.12013,0,0.06033,0.13165,0,0,0,0,0.22956,0.55701,0.16386,0.15735,0.50302,0.52786,0,0.071535,0.19877,0.24546,0.009512,0.12223,0.24024,0.098777,0.47651,0.51158,0.30722,0.3738,0.50219,0.54601,0.54105,0.43547,0.33406,0.31448,0.30886,0.37802,0.38882,0.38962,0.59672,0.58448,0.41321,0.46276,0.31325,0.18141,0.37864,0.54742,0,0.00043023,0.44395,0.53638,0.32933,0.39303,0,0,0.072344,0.4275,0.096657,0.15346,0.061892,0.34289,0.52787,0.63078,0.64599,0.74791,0.20485,0.52175,0.30113,0.33424,0.042048,0.19571,0.29405,0.4426,0.17876,0.33807,0.22159,0.26065,0.21622,0.23546,0.41501,0.44897,0.51158,0.39975,0,0,0,0.045395,0.12352,0.2267,0,0,0,0.14069,0.35623,0.4666,0.42926,0.27457,0.1869,0
0.6401,0.41748,0.58382,0.40621,0.031943,0.072101,0.56627,0.29339,0,0.051927,0.70549,0.34631,0.64389,0.32362,0.22422,0.23587,0.49589,0.26827,1,0.61544,0.13044,0.097911,0.641,0.56824,0.23053,0.23103,0,0,0.32938,0.19988,0.47352,0.33859,0.47015,0.35289,0.29559,0.20083,0.20357,0.1461,0.23463,0.14952,0.19313,0.044485,0.29276,0.31298,0.26427,0.25409,0.29398,0.31096,0.29313,0.19186,0.33432,0.20216,0.040415,0.096172,0.11493,0.062733,0.4305,0.34648,0.16775,0.1867,0.42297,0.26676,0.38149,0.19452,0.53974,0.40892,0.39668,0.32372,0.45402,0.42088,0,0.093452,0.17743,0.07576,0.40733,0.2892,0.3965,0.30143,0.10646,0.23987,0.35921,0.21814,0.52618,0.32784,0.3537,0.46193,0.18043,0.37368,0.16955,0.37416,0.28297,0.51577,0.35291,0.53345,0.319,0.18067,0.38151,0.2746,0.2097,0.26971,0,0.28318,0,0.1664,0.1426,0.33879,0.042591,0,0,0.29283,0.32175,0.43176,0.37258,0.46139,0.31324,0.054828
0.62786,0.46863,0.40652,0.57722,0.054743,0.10371,0.5805,0.54369,0.034153,0.063975,0.32096,0.5063,0.52576,0.34396,0.089595,0.41614,0.59335,0.44333,0.61544,1,0.075686,0.17678,0.37387,0.40934,0.0078487,0.014141,0,0.084436,0.38608,0.48463,0.35659,0.32784,0.59779,0.5945,0,0.11117,0.18258,0.24455,0.13788,0.27344,0.22931,0.28507,0.50703,0.52254,0.19223,0.36452,0.53021,0.53601,0.50355,0.47505,0.35972,0.3869,0.36642,0.29621,0.42128,0.36663,0.491,0.30902,0.34368,0.43357,0.30393,0.32416,0.51329,0.52727,0.12637,0.20041,0.37712,0.45093,0.55269,0.53318,0,0,0.17707,0.31064,0.23947,0.29424,0.3844,0.41262,0.14373,0.16041,0.59694,0.49504,0.41007,0.54752,0.3808,0.54315,0.11293,0.33076,0.28686,0.57179,0.53873,0.60931,0.43044,0.52969,0.34896,0.2852,0.51648,0.55918,0.59563,0.58894,0.11113,0.1833,0,0.15563,0,0.15979,0,0,0.03886,0.19148,0.35367,0.53645,0.44203,0.31347,0.10412,0.0048188
0.0087605,0.0009204,0.14392,0,0,0,0.017312,0,0,0,0,0,0,0,0,0,0.0089719,0.12013,0.13044,0.075686,1,0.55416,0.12371,0.1136,0.23689,0.27709,0.22879,0.22638,0.11645,0.065135,0.079824,0.013477,0,0,0,0,0.15715,0.20534,0.37025,0.15075,0.11003,0.11461,0.20771,0.12707,0.1603,0.028581,0.16447,0.10946,0.038647,0,0.044303,0,0,0.0599,0.24011,0.099667,0.10663,0.04342,0.16532,0,0.018503,0,0,0,0,0,0.185,0.12243,0.17186,0.17223,0.16952,0.28588,0.28394,0.14263,0.22825,0.093139,0.038823,0.06593,0.12091,0.30316,0.065312,0.15808,0.25886,0.081408,0.078963,0.051934,0.20221,0.2635,0.094534,0.19873,0.051597,0.051619,0.036236,0.11357,0.12903,0.16045,0.032627,0.013666,0.028867,0.077747,0,0.10473,0,0.017374,0,0.0021247,0,0.092107,0.32768,0.26849,0.0055858,0.18445,0.17259,0.17906,0,0
0,0,0.015357,0,0,0,0,0,0,0,0.031595,0,0,0,0,0,0,0,0.097911,0.17678,0.55416,1,0.017963,0.042277,0.080615,0.30035,0.010696,0.32992,0.11175,0,0.036234,0.086788,0,0,0.028145,0,0.095176,0.11974,0.42739,0.25723,0,0.25592,0.015317,0,0,0,0,0,0,0,0,0,0,0,0.18606,0.0027973,0,0.12,0.015991,0,0,0,0,0,0,0,0.094694,0.060721,0.12926,0.21936,0.23366,0.36626,0.15338,0.19542,0.08476,0.11302,0,0,0,0.12045,0,0.00096794,0.15129,0,0,0.032136,0.10023,0.2536,0,0,0,0,0,0,0.070908,0.16,0,0,0,0,0.011783,0.12692,0.020521,0.046063,0,0.089044,0.11518,0,0.26687,0.06966,0,0,0,0.051032,0,0
0.44804,0.17746,0.92313,0.4962,0.084125,0.15525,0.59569,0.23421,0,0.20937,0.49925,0.099886,0.3931,0.11909,0.15563,0.15482,0.21348,0.06033,0.641,0.37387,0.12371,0.017963,1,0.83441,0.49718,0.46496,0.1018,0.087768,0.070708,0,0.49782,0.38779,0.27619,0.13266,0.5298,0.34745,0.14796,0.17423,0.22771,0.22966,0.07408,0,0.37357,0.24063,0.37337,0.21444,0.2583,0.19735,0.20418,0.032653,0.49777,0.16082,0.11434,0,0.040403,0,0.22546,0.075378,0.01588,0,0.3098,0.13786,0.1839,0,0.6407,0.33872,0.40346,0.21325,0.19115,0.26485,0.01842,0.23458,0.17089,0,0.30656,0.16263,0.50568,0.32795,0,0.087773,0.14699,0.030983,0.40196,0.21388,0.46287,0.48847,0.19435,0.36318,0.31389,0.38668,0.44111,0.5057,0.4706,0.6109,0.3005,0.21133,0.44927,0.31346,0.19542,0.23598,0,0.39704,0,0.091122,0.12025,0.29105,0,0,0,0.23799,0.44876,0.47558,0.46584,0.46343,0.33869,0.037662
0.35377,0.17688,0.75466,0.70672,0,0.22359,0.58616,0.48646,0,0.21745,0.44114,0.25639,0.40116,0.33526,0.0065694,0.34843,0.18194,0.13165,0.56824,0.40934,0.1136,0.042277,0.83441,1,0.50018,0.53693,0.044458,0.11692,0.037707,0.077587,0.4699,0.5044,0.35295,0.26609,0.49369,0.43896,0.085345,0.26629,0.099602,0.19736,0.10577,0.036111,0.43271,0.28942,0.44367,0.39364,0.29604,0.23086,0.35142,0.21954,0.53786,0.26867,0.20962,0,0.0053315,0,0.15586,0.13734,0.088028,0.088663,0.34822,0.31569,0.27208,0.08932,0.55694,0.41667,0.46427,0.39887,0.15473,0.19705,0.19054,0.31473,0.27036,0.15151,0.44363,0.34741,0.5104,0.45644,0,0.17801,0.20601,0.13965,0.3007,0.27462,0.4175,0.59847,0.062026,0.31228,0.24055,0.44986,0.54259,0.4859,0.60631,0.61809,0.20706,0.17321,0.41312,0.31078,0.25923,0.24238,0.041055,0.37254,0,0.13627,0.14577,0.28201,0,0,0,0.11534,0.40644,0.52894,0.4944,0.46381,0.33149,0
0,0,0.44421,0.15469,0.14596,0.31116,0.23675,0.0028606,0,0.2095,0.29616,0,0.17335,0,0,0.079733,0,0,0.23053,0.0078487,0.23689,0.080615,0.49718,0.50018,1,0.81289,0.4202,0.30883,0,0,0.64372,0.53786,0.032496,0,0.50832,0.30321,0.17496,0.10178,0.16494,0.018642,0.020217,0,0,0,0.19963,0.042417,0,0,0,0,0.075409,0,0,0,0,0,0,0.14072,0.0552,0.0082014,0.12755,0.06118,0,0,0.4126,0.17221,0.3393,0.21995,0.14267,0.2385,0.19906,0.26742,0.32874,0.1049,0.25562,0.11313,0.33638,0.20621,0,0.14884,0,0,0.13925,0,0.14529,0.15847,0.13206,0.12726,0,0,0.072307,0,0.11382,0.091135,0.14282,0.076147,0.11264,0,0.028852,0,0.11334,0.36502,0.1743,0.46804,0.2436,0.27717,0.012233,0,0.10426,0.22628,0.15074,0.2055,0.12614,0.22185,0.13121,0
0,0,0.44469,0.22476,0.12861,0.29034,0.15429,0.0018415,0,0.15652,0.35113,0,0.1738,0.062052,0,0.01912,0,0,0.23103,0.014141,0.27709,0.30035,0.46496,0.53693,0.81289,1,0.24042,0.35691,0,0,0.54409,0.53812,0.04954,0,0.51924,0.38556,0.1499,0.086688,0.22974,0.081643,0.015043,0,0.010133,0,0.14385,0.025409,0,0,0,0,0.11875,0,0,0,0,0,0,0.15105,0,0,0.1581,0.0046881,0,0,0.45076,0.20367,0.31526,0.20052,0.10644,0.20968,0.27547,0.35316,0.30531,0.12431,0.31918,0.23838,0.30659,0.14544,0,0.16567,0,0,0.11927,0,0.046017,0.14293,0.10976,0.1356,0,0,0.044759,0,0.093034,0.14998,0.11396,0.089637,0.051742,0,0,0,0.058611,0.43728,0.10725,0.41429,0.24738,0.31443,0.027345,0.014935,0.041195,0.18447,0.1265,0.21325,0.11536,0.29834,0.12395,0
0.0085784,0,0.0876,0.021341,0.35616,0.44224,0.17003,0,0.05018,0.29681,0.092244,0,0.11956,0,0.23601,0.21553,0,0,0,0,0.22879,0.010696,0.1018,0.044458,0.4202,0.24042,1,0.57386,0.091841,0,0.08004,0.051711,0,0,0,0,0.053428,0.073125,0,0,0.098748,0,0,0,0.066813,0.017749,0,0,0,0.020045,0,0.0052194,0,0,0.032177,0.032097,0,0.071149,0.23732,0.21536,0.10493,0.21321,0.034142,0.00035584,0.14791,0.20205,0.14405,0.087315,0.34433,0.17429,0.12511,0.044883,0.25339,0.11249,0.058657,0,0.049356,0,0,0,0,0,0.089115,0,0.090339,0,0.21737,0.15561,0.043651,0.020537,0.099548,0,0,0.0051518,0.035682,0,0,0,0.01602,0.12324,0.19754,0.27551,0.24678,0.41934,0,0,0.087543,0.31523,0.38835,0.090679,0.054303,0.07646,0.026985,0,0.0073041,0.14532
0,0,0.05612,0.089971,0.34284,0.44432,0.08258,0.060007,0.03262,0.21334,0,0,0,0,0.095382,0.17567,0,0,0,0.084436,0.22638,0.32992,0.087768,0.11692,0.30883,0.35691,0.57386,1,0,0,0.070273,0.15306,0,0,0.077489,0.032988,0,0.032864,0.0050003,0,0,0.040516,0,0,0.11768,0.039167,0,0,0.0042747,0,0.005771,0,0,0,0.15679,0,0,0.10817,0.24417,0.21263,0.016069,0.10757,0,0,0.040414,0.072869,0.19268,0.17447,0.28053,0.19088,0.12582,0.15249,0.12593,0.26247,0.01503,0.094616,0.035778,0,0,0.037684,0,0,0.11942,0.043583,0.035175,0.03565,0.18616,0.16376,0.1438,0,0.16167,0,0.0061366,0.054806,0,0.0061015,0,0,0.17061,0.07048,0.28107,0.31334,0.29866,0.4248,0,0.0077091,0,0.15617,0.32854,0,0,0.10674,0.03489,0.0092211,0,0
0.3187,0.26271,0.022027,0.1932,0,0,0.21781,0.24903,0.0082309,0,0.28487,0.4652,0.40304,0.30566,0.22766,0.43196,0.58173,0.22956,0.32938,0.38608,0.11645,0.11175,0.070708,0.037707,0,0,0.091841,0,1,0.67464,0.2348,0.050541,0.20042,0.25143,0,0,0.26291,0.082237,0.14574,0.11485,0.21971,0.3862,0.08893,0.17545,0,0.036506,0.14387,0.2261,0.12777,0.28188,0.0090602,0.23801,0.094419,0.24635,0.18847,0.12349,0.27191,0.17869,0.055924,0.21646,0.063898,0.16036,0.31123,0.28654,0,0.14536,0,0.026905,0.126,0.21215,0,0,0.37694,0.25064,0.20764,0.25282,0.031433,0.062987,0.51392,0.33729,0.55739,0.3263,0.50907,0.49722,0.31064,0.13355,0.10389,0.10137,0.0066414,0.093376,0.2077,0.18458,0.16459,0.15146,0.42913,0.36425,0.35633,0.23744,0.26655,0.23758,0.082415,0.048302,0,0.12805,0,0,0,0,0.18493,0.33019,0.13097,0.1561,0,0.054939,0,0
0.22146,0.33499,0,0.33255,0,0,0.17981,0.45754,0.085249,0,0,0.67863,0.17799,0.44109,0,0.52286,0.49546,0.55701,0.19988,0.48463,0.065135,0,0,0.077587,0,0,0,0,0.67464,1,0.088245,0.043828,0.25906,0.4281,0,0,0.051295,0.035451,0,0,0.1205,0.28908,0.22963,0.32054,0.069152,0.25379,0.31724,0.39236,0.36393,0.47946,0.18929,0.34837,0.40629,0.40787,0.22891,0.22655,0.29494,0.18019,0.13349,0.33568,0.011358,0.22309,0.36081,0.5264,0,0.045439,0.010363,0.2084,0.019277,0.067259,0,0,0.24718,0.45343,0.14348,0.21147,0,0.19764,0.51747,0.55501,0.67881,0.62805,0.2887,0.60967,0.35508,0.25302,0,0,0.14488,0.23775,0.30854,0.26698,0.29306,0.17753,0.33779,0.36244,0.43931,0.36363,0.47735,0.30647,0.14725,0,0,0,0,0,0,0,0.017946,0.2739,0.26491,0.31724,0.10344,0.073701,0,0
0.26831,0.24135,0.44869,0.33329,0.088989,0.24562,0.46785,0.22372,0,0.19252,0.38739,0.14896,0.39822,0.10173,0,0.26189,0.27844,0.16386,0.47352,0.35659,0.079824,0.036234,0.49782,0.4699,0.64372,0.54409,0.08004,0.070273,0.2348,0.088245,1,0.79309,0.4742,0.36563,0.44615,0.30971,0.24818,0.14203,0.29115,0.098015,0.28089,0.026961,0.13823,0.070717,0.13856,0.10098,0.10456,0.088714,0.024255,0,0.03518,0,0,0,0.10518,0,0.14924,0.31646,0.19023,0.11302,0.24295,0.15399,0.20249,0.033234,0.32019,0.10646,0.34123,0.25317,0.22243,0.27916,0.080251,0.11347,0.33938,0.20427,0.37852,0.25812,0.53233,0.44233,0.11472,0.15693,0.17923,0.13126,0.32828,0.15827,0.14594,0.24381,0.22807,0.23198,0,0.10964,0.14626,0.1659,0.1342,0.25662,0.32756,0.26921,0.30604,0.22167,0.27633,0.17821,0.062701,0.30948,0.14643,0.42837,0.21135,0.29012,0.13659,0.031063,0.060376,0.31826,0.23532,0.22006,0.17678,0.20007,0.10398,0.050837
0.17337,0.13414,0.30015,0.42916,0,0.24856,0.37323,0.35977,0,0.10565,0.36568,0.24528,0.37586,0.3097,0,0.26937,0.20084,0.15735,0.33859,0.32784,0.013477,0.086788,0.38779,0.5044,0.53786,0.53812,0.051711,0.15306,0.050541,0.043828,0.79309,1,0.47716,0.43437,0.40244,0.36975,0.18899,0.12824,0.12149,0.059281,0.30619,0,0.1184,0.10201,0.094387,0.18082,0.09822,0.11938,0.073981,0.080197,0.042856,0,0,0,0.054944,0.04034,0.074309,0.23771,0.069987,0.08402,0.20996,0.25954,0.18727,0.16677,0.24495,0.17666,0.23441,0.27646,0.225,0.21077,0.15264,0.16664,0.26215,0.3022,0.37859,0.39223,0.46185,0.4325,0,0.051714,0.088151,0.15564,0.032785,0.031198,0.01408,0.2711,0.0096843,0.15297,0,0.1584,0.15362,0.11673,0.17516,0.21995,0.21695,0.14847,0.23619,0.27046,0.26572,0.23476,0.098001,0.30243,0.15155,0.42394,0.37516,0.38521,0.15609,0.040111,0,0.20859,0.24167,0.21133,0.17151,0.16394,0.15255,0.030236
0.62786,0.61915,0.31847,0.53055,0,0.13549,0.53007,0.51482,0,0.069399,0.3139,0.40067,0.49749,0.30605,0,0.26994,0.57458,0.50302,0.47015,0.59779,0,0,0.27619,0.35295,0.032496,0.04954,0,0,0.20042,0.25906,0.4742,0.47716,1,0.87288,0.18908,0.37427,0.088545,0.16392,0.18753,0.26614,0.26127,0.038139,0.49101,0.55355,0.37334,0.5304,0.51897,0.50359,0.5424,0.48272,0.34641,0.36108,0.20851,0.24084,0.42459,0.40523,0.59669,0.54472,0.38667,0.44576,0.46511,0.39825,0.55045,0.54274,0.16851,0.23335,0.51744,0.57235,0.45225,0.38512,0,0,0.094037,0.16347,0.20854,0.24438,0.36361,0.38958,0.30403,0.22679,0.58037,0.54694,0.28086,0.47852,0.29781,0.53801,0.079718,0.37911,0.12729,0.51707,0.17795,0.42827,0.23758,0.35895,0.32048,0.17916,0.41198,0.49561,0.45903,0.46596,0,0.0063759,0,0.046998,0.16812,0.23186,0.14418,0.037754,0,0.16461,0.28875,0.37924,0.35524,0.29426,0.19692,0.11347
0.59316,0.61797,0.13673,0.60381,0.035384,0.18135,0.47127,0.63511,0.1311,0.082691,0.22503,0.53399,0.44017,0.42616,0,0.40349,0.59712,0.52786,0.35289,0.5945,0,0,0.13266,0.26609,0,0,0,0,0.25143,0.4281,0.36563,0.43437,0.87288,1,0.082765,0.36206,0.080697,0.17252,0.043494,0.16164,0.31421,0.13982,0.46957,0.58509,0.32779,0.58499,0.5422,0.59028,0.5882,0.61516,0.37058,0.50923,0.34731,0.31658,0.46433,0.39787,0.54753,0.5048,0.40995,0.51348,0.42847,0.53213,0.57976,0.67058,0.065318,0.30472,0.41802,0.5712,0.40624,0.29991,0,0,0.036479,0.23419,0.17811,0.25739,0.28404,0.39898,0.34419,0.21496,0.64966,0.56253,0.24215,0.53633,0.32909,0.51594,0.083331,0.26711,0.20485,0.44627,0.29696,0.40036,0.34115,0.3373,0.36439,0.25673,0.45584,0.5328,0.58103,0.50147,0.18549,0,0,0.064078,0.038144,0.082802,0.11083,0.066577,0,0.17883,0.35915,0.38955,0.30315,0.22423,0.18835,0.16767
0.047334,0,0.51405,0.16675,0.15018,0.15077,0.21549,0.0044136,0,0.17514,0.27308,0,0.067264,0,0,0,0,0,0.29559,0,0,0.028145,0.5298,0.49369,0.50832,0.51924,0,0.077489,0,0,0.44615,0.40244,0.18908,0.082765,1,0.75005,0,0.088623,0.15669,0.02369,0,0,0.14655,0.14658,0.52892,0.33663,0.061607,0,0,0,0.25261,0,0,0,0,0,0,0.0402,0,0,0.002519,0,0,0,0.42371,0.25563,0.39884,0.28876,0.0076825,0.005402,0.040849,0.17348,0.049045,0,0.27575,0.16334,0.3957,0.3046,0,0.053051,0,0,0,0,0.024579,0.29423,0.03668,0.11482,0,0.05375,0.015295,0.029996,0.1476,0.14705,0.10264,0.069973,0.13348,0.077603,0,0,0,0.26451,0.042672,0.0984,0.16997,0.23226,0.047811,0.026291,0,0.10623,0.23293,0.16013,0.23367,0.29314,0.20518,0.0012286
0.14365,0.035843,0.40045,0.45006,0.16281,0.35401,0.364,0.35791,0.059747,0.32942,0.1687,0.052619,0.13372,0.17196,0,0.15397,0,0.071535,0.20083,0.11117,0,0,0.34745,0.43896,0.30321,0.38556,0,0.032988,0,0,0.30971,0.36975,0.37427,0.36206,0.75005,1,0,0.17762,0,0.067824,0,0,0.26109,0.2968,0.52914,0.58728,0.20812,0.15346,0.24197,0.17548,0.3439,0.2053,0,0,0,0,0,0.059672,0,0,0.097967,0.28918,0.052895,0.11149,0.34014,0.37337,0.42226,0.45331,0.050711,0,0.098825,0.017359,0.035206,0.010799,0.15145,0.091719,0.40561,0.42844,0,0.011241,0,0.059608,0,0,0.060987,0.38961,0,0.0038027,0,0.1341,0.24431,0.12635,0.38071,0.28094,0,0,0.15212,0.17998,0.098388,0.045136,0.16517,0.22811,0.062213,0.11238,0.19772,0.2348,0.18073,0.032328,0,0,0.30949,0.17934,0.24524,0.19607,0.25912,0.14619
0.30352,0.28949,0.1214,0.045984,0,0,0.12324,0,0,0,0.18421,0.17925,0.22883,0.025075,0.061501,0,0.33828,0.19877,0.20357,0.18258,0.15715,0.095176,0.14796,0.085345,0.17496,0.1499,0.053428,0,0.26291,0.051295,0.24818,0.18899,0.088545,0.080697,0,0,1,0.53935,0.44078,0.3808,0.69888,0.40297,0.15498,0.086435,0,0,0.1899,0.24329,0,0,0,0.021224,0,0.0039711,0.17472,0.087754,0.30522,0.18382,0.10805,0.094396,0.24302,0,0.056291,0,0.016791,0,0.049963,0,0.1747,0.31181,0,0,0.28829,0.15876,0.37519,0.23823,0.38946,0.27743,0.33136,0.034892,0.22615,0.061501,0.2323,0.14921,0.11676,0.12635,0.32544,0.2715,0.045844,0.14182,0.076747,0.13223,0.12914,0.15017,0.14557,0.2256,0.22716,0.21052,0.20706,0.22543,0,0.17037,0.11323,0.27996,0.23895,0.33057,0.22681,0.1775,0,0.19449,0.23467,0.23541,0.18124,0.23921,0.36334,0.25243
0.21837,0.1825,0.19958,0.29785,0,0,0.20339,0.18261,0,0,0.044238,0.074251,0.13931,0.034172,0,0.025341,0.18328,0.24546,0.1461,0.24455,0.20534,0.11974,0.17423,0.26629,0.10178,0.086688,0.073125,0.032864,0.082237,0.035451,0.14203,0.12824,0.16392,0.17252,0.088623,0.17762,0.53935,1,0.35928,0.61671,0.58322,0.57284,0.43191,0.31066,0.23459,0.26467,0.36698,0.37015,0.25232,0.1393,0.16771,0.14258,0.0057464,0.0092754,0.1525,0.13386,0.23962,0.14467,0.20847,0.20089,0.20244,0.10074,0.14644,0.14276,0,0,0.37826,0.37636,0.24127,0.28491,0,0,0.17314,0.31567,0.40755,0.33995,0.39229,0.36932,0.14634,0.11644,0.29818,0.27614,0.29328,0.27534,0.23965,0.39792,0.35516,0.37273,0.16123,0.36621,0.30035,0.20818,0.33847,0.25829,0.29304,0.39058,0.37378,0.37933,0.21598,0.26422,0.02085,0.22634,0.0096479,0.18125,0.099712,0.26436,0.27359,0,0.15353,0.23749,0.28409,0.3323,0.42316,0.29854,0.38592,0.34984
0.22419,0.18708,0.21032,0,0,0,0.0025367,0,0,0,0.19015,0,0.06967,0,0,0,0.16004,0.009512,0.23463,0.13788,0.37025,0.42739,0.22771,0.099602,0.16494,0.22974,0,0.0050003,0.14574,0,0.29115,0.12149,0.18753,0.043494,0.15669,0,0.44078,0.35928,1,0.69949,0.34762,0.35711,0.1834,0.11495,0.025633,0,0.1115,0.002305,0,0,0,0,0,0,0.4459,0.073404,0.26436,0.25463,0.082904,0,0.2022,0,0,0,0.12182,0,0.18955,0.015598,0.22584,0.37338,0,0.0074863,0.070752,0,0.14301,0,0.16938,0.016459,0.15212,0.0082283,0.035367,0,0.45719,0.20656,0.054336,0.10335,0.57164,0.63339,0.16309,0.099618,0,0,0,0.048089,0.37833,0.46545,0.10428,0.11165,0.016982,0,0,0.05435,0,0,0,0.08148,0.19959,0.16729,0.34483,0.21311,0,0,0.014288,0.088066,0,0.13003
0.2554,0.2835,0.26921,0.17504,0,0,0.097176,0.0067974,0,0,0.1066,0.014711,0.11981,0,0,0,0.18255,0.12223,0.14952,0.27344,0.15075,0.25723,0.22966,0.19736,0.018642,0.081643,0,0,0.11485,0,0.098015,0.059281,0.26614,0.16164,0.02369,0.067824,0.3808,0.61671,0.69949,1,0.38206,0.58795,0.41344,0.31496,0.11715,0.092321,0.3373,0.26841,0.18063,0.072213,0.20054,0.15044,0.019288,0.10121,0.42305,0.2785,0.34229,0.25545,0.14562,0.071376,0.2401,0,0.12232,0.0089034,0.047766,0,0.31883,0.20594,0.30986,0.42721,0,0,0,0,0.083946,0.058949,0.18557,0.055229,0.1625,0.0036317,0.23556,0.14965,0.40712,0.35628,0.26787,0.31996,0.51519,0.63963,0.2847,0.30527,0.14294,0.13393,0.086143,0.11103,0.40541,0.53956,0.33877,0.38708,0.15909,0.21702,0,0.046735,0,0,0,0.16891,0.27338,0,0.19953,0.11814,0.02833,0.14048,0.2314,0.19423,0.20081,0.31279
0.28964,0.24518,0.027826,0.18708,0,0,0.1819,0.12753,0,0,0.18247,0.23659,0.28765,0.13977,0.036613,0.11853,0.37751,0.24024,0.19313,0.22931,0.11003,0,0.07408,0.10577,0.020217,0.015043,0.098748,0,0.21971,0.1205,0.28089,0.30619,0.26127,0.31421,0,0,0.69888,0.58322,0.34762,0.38206,1,0.51229,0.16268,0.088973,0,0,0.19728,0.27196,0.058532,0.10106,0,0.076681,0,0.023945,0.1728,0.15675,0.26652,0.17588,0.10505,0.096577,0.18546,0.1215,0.2355,0.12581,0,0,0.0079788,0.048345,0.2355,0.23564,0,0,0.27094,0.32554,0.47546,0.34863,0.35112,0.28417,0.1982,0.054645,0.32097,0.24254,0.1785,0.19842,0.1079,0.20005,0.2898,0.25068,0.025391,0.22707,0.074201,0.094465,0.17887,0.14357,0.21229,0.28021,0.25774,0.31098,0.19403,0.26195,0,0.054192,0,0.1354,0.16352,0.24425,0.34004,0.23171,0.16524,0.21512,0.16078,0.11795,0.16116,0.11692,0.38516,0.40417
0.11977,0.14412,0,0.14888,0,0,0.027586,0.097829,0.053546,0,0.0019331,0.15747,0.090682,0.012326,0.025572,0.1307,0.26464,0.098777,0.044485,0.28507,0.11461,0.25592,0,0.036111,0,0,0,0.040516,0.3862,0.28908,0.026961,0,0.038139,0.13982,0,0,0.40297,0.57284,0.35711,0.58795,0.51229,1,0.2622,0.16202,0,0,0.24458,0.2125,0.097079,0.14314,0.070606,0.14282,0.17219,0.14608,0.22679,0.086456,0.14019,0.050026,0.074302,0.086243,0.004314,0,0.12939,0.064545,0,0,0,0.0011791,0.095739,0.17256,0,0,0.21092,0.27155,0.20136,0.22257,0.11423,0,0.26836,0.1031,0.37675,0.17479,0.392,0.36664,0.3103,0.17301,0.29777,0.20702,0.177,0.093296,0.24987,0.024626,0.2065,0.019331,0.32383,0.50911,0.35186,0.30724,0.27677,0.19808,0.11737,0,0,0,0,0.07968,0.23592,0,0.29309,0.16821,0,0.10011,0.074234,0.094529,0.19026,0.26076
0.57478,0.52073,0.46741,0.57008,0.046535,0.045506,0.55811,0.48431,0.024717,0.050332,0,0.28891,0.26223,0.17199,0,0.13444,0.42158,0.47651,0.29276,0.50703,0.20771,0.015317,0.37357,0.43271,0,0.010133,0,0,0.08893,0.22963,0.13823,0.1184,0.49101,0.46957,0.14655,0.26109,0.15498,0.43191,0.1834,0.41344,0.16268,0.2622,1,0.88308,0.68635,0.68595,0.89383,0.79412,0.78199,0.63162,0.69458,0.64221,0.5432,0.47794,0.53914,0.54959,0.64502,0.19934,0.46286,0.39961,0.39737,0.097678,0.40126,0.27319,0.12328,0.071283,0.6397,0.6346,0.3972,0.43373,0,0,0.053019,0.14685,0.23682,0.18416,0.35524,0.46946,0.27689,0.22897,0.54671,0.4427,0.29646,0.53711,0.44439,0.52893,0.14155,0.37664,0.48109,0.74167,0.55288,0.6521,0.51003,0.59152,0.33964,0.38652,0.69328,0.7368,0.62608,0.64217,0,0.21463,0,0.0089763,0.050823,0.23638,0.010214,0,0,0.13631,0.57381,0.68379,0.69437,0.43408,0.32137,0.11708
0.63208,0.58884,0.33454,0.49756,0.048033,0,0.48585,0.4787,0.060443,0,0.0062002,0.42042,0.28972,0.31693,0,0.15493,0.51196,0.51158,0.31298,0.52254,0.12707,0,0.24063,0.28942,0,0,0,0,0.17545,0.32054,0.070717,0.10201,0.55355,0.58509,0.14658,0.2968,0.086435,0.31066,0.11495,0.31496,0.088973,0.16202,0.88308,1,0.64698,0.72483,0.89794,0.87368,0.74387,0.70933,0.60929,0.69935,0.51767,0.54379,0.57447,0.65148,0.72478,0.26328,0.40893,0.37872,0.36126,0.10988,0.38576,0.38982,0.018666,0.13294,0.57012,0.63398,0.43301,0.38711,0,0,0,0.098216,0.14678,0.16214,0.21786,0.40574,0.3727,0.27117,0.57215,0.53584,0.23679,0.53703,0.33076,0.54967,0.04518,0.30619,0.39038,0.73678,0.42766,0.61781,0.38641,0.51303,0.40649,0.35739,0.66476,0.76109,0.57695,0.64463,0,0.15069,0,0,0.02537,0.17409,0,0,0,0.17282,0.60205,0.62993,0.60231,0.43201,0.25846,0.031404
0.35525,0.24774,0.4289,0.44502,0.20207,0.24793,0.45349,0.39616,0.019686,0.2151,0.045332,0.056381,0.14901,0.11482,0,0.14526,0.11743,0.30722,0.26427,0.19223,0.1603,0,0.37337,0.44367,0.19963,0.14385,0.066813,0.11768,0,0.069152,0.13856,0.094387,0.37334,0.32779,0.52892,0.52914,0,0.23459,0.025633,0.11715,0,0,0.68635,0.64698,1,0.8226,0.59448,0.49011,0.62549,0.44939,0.65224,0.41685,0.24968,0.17191,0.26051,0.22296,0.32812,0.1366,0.24533,0.23465,0.22263,0.13777,0.19729,0.14446,0.28219,0.22406,0.68492,0.67166,0.239,0.18207,0,0,0,0.043404,0.16058,0.102,0.19776,0.31776,0.12602,0.30157,0.27809,0.34393,0.16499,0.30502,0.36188,0.49217,0,0.20339,0.29587,0.48603,0.35313,0.37703,0.41348,0.39378,0.19229,0.13241,0.42225,0.39964,0.30826,0.2537,0,0.15229,0,0,0.012265,0.11109,0,0,0.067603,0.18692,0.47375,0.47085,0.4878,0.30297,0.1652,0
0.41961,0.3128,0.29275,0.6105,0.1425,0.31278,0.53731,0.65022,0.13616,0.25155,0.037947,0.33072,0.28322,0.33797,0,0.35122,0.31385,0.3738,0.25409,0.36452,0.028581,0,0.21444,0.39364,0.042417,0.025409,0.017749,0.039167,0.036506,0.25379,0.10098,0.18082,0.5304,0.58499,0.33663,0.58728,0,0.26467,0,0.092321,0,0,0.68595,0.72483,0.8226,1,0.68478,0.65076,0.77258,0.74565,0.59375,0.63754,0.38735,0.26151,0.38116,0.37883,0.38105,0.12365,0.34253,0.46845,0.29466,0.40771,0.43904,0.46581,0.15364,0.36816,0.62864,0.78816,0.30591,0.16827,0,0,0.0035305,0.10164,0.20174,0.20115,0.25209,0.46538,0.14175,0.19407,0.45263,0.47686,0.059964,0.36273,0.34673,0.58176,0,0.14024,0.30154,0.58876,0.49083,0.49393,0.55494,0.46177,0.17503,0.091494,0.47313,0.52212,0.47814,0.45743,0.15517,0.13172,0.01097,0.09567,0.10268,0.16161,0,0,0,0.14942,0.54763,0.47624,0.49418,0.30541,0.2362,0.029803
0.59893,0.6024,0.35864,0.49763,0,0.019479,0.48205,0.46336,0.045099,0.01604,0,0.40541,0.29337,0.29952,0,0.19812,0.51531,0.50219,0.29398,0.53021,0.16447,0,0.2583,0.29604,0,0,0,0,0.14387,0.31724,0.10456,0.09822,0.51897,0.5422,0.061607,0.20812,0.1899,0.36698,0.1115,0.3373,0.19728,0.24458,0.89383,0.89794,0.59448,0.68478,1,0.91466,0.75429,0.69333,0.62264,0.67833,0.59578,0.52725,0.56127,0.61241,0.70149,0.23494,0.43071,0.38028,0.36937,0.11223,0.42607,0.37833,0.023418,0.090823,0.55188,0.59694,0.40775,0.37079,0,0,0.019368,0.12895,0.19541,0.22174,0.26842,0.43241,0.38817,0.23355,0.61001,0.502,0.2503,0.53229,0.41717,0.5127,0.098738,0.29657,0.44044,0.73047,0.43784,0.61945,0.4184,0.50571,0.38381,0.38047,0.7397,0.76331,0.63982,0.67247,0,0.11168,0,0.02527,0.043633,0.19861,0,0,0,0.20308,0.6607,0.69372,0.6577,0.46106,0.36717,0.077588
0.63435,0.62997,0.27957,0.55586,0,0.047548,0.51558,0.54896,0.087762,0,0.018382,0.53641,0.37989,0.41847,0.019854,0.27892,0.59323,0.54601,0.31096,0.53601,0.10946,0,0.19735,0.23086,0,0,0,0,0.2261,0.39236,0.088714,0.11938,0.50359,0.59028,0,0.15346,0.24329,0.37015,0.002305,0.26841,0.27196,0.2125,0.79412,0.87368,0.49011,0.65076,0.91466,1,0.7372,0.7477,0.54232,0.74677,0.57825,0.59317,0.51214,0.66434,0.72271,0.25707,0.42927,0.43934,0.41232,0.23598,0.52001,0.48068,0.029095,0.17261,0.47174,0.57047,0.4148,0.37993,0,0,0,0.12072,0.16214,0.18003,0.26482,0.45188,0.38303,0.21379,0.65078,0.55036,0.23245,0.54388,0.39328,0.51759,0.048008,0.24753,0.42741,0.73624,0.4661,0.66589,0.44585,0.52285,0.39474,0.34884,0.72504,0.78373,0.62136,0.75735,0,0.15993,0,0.095687,0.080815,0.1939,0,0,0,0.24693,0.71396,0.68798,0.62442,0.43749,0.38769,0.11839
0.57983,0.52369,0.30156,0.68634,0.035073,0.29391,0.59976,0.7186,0.074933,0.24198,0.047394,0.39828,0.39288,0.35714,0,0.36818,0.44693,0.54105,0.29313,0.50355,0.038647,0,0.20418,0.35142,0,0,0,0.0042747,0.12777,0.36393,0.024255,0.073981,0.5424,0.5882,0,0.24197,0,0.25232,0,0.18063,0.058532,0.097079,0.78199,0.74387,0.62549,0.77258,0.75429,0.7372,1,0.80865,0.74288,0.75456,0.58183,0.4365,0.48133,0.48054,0.56773,0.2632,0.59468,0.61784,0.54737,0.45894,0.67113,0.55046,0.21869,0.29586,0.60652,0.68136,0.38223,0.31564,0,0,0.053065,0.21599,0.12542,0.18664,0.15691,0.39277,0.23074,0.25903,0.60343,0.48259,0.18043,0.5236,0.42647,0.42406,0,0.21909,0.49877,0.64271,0.58126,0.63248,0.5224,0.56867,0.17664,0.13029,0.50759,0.51745,0.63472,0.59999,0.13433,0.18028,0,0.063151,0.013762,0.14304,0,0,0,0.021602,0.4782,0.60029,0.56889,0.27961,0.2039,0.067464
0.47621,0.47797,0.087493,0.58308,0.029988,0.18019,0.45796,0.66809,0.18996,0.10338,0.01607,0.59113,0.358,0.4735,0,0.42211,0.51989,0.43547,0.19186,0.47505,0,0,0.032653,0.21954,0,0,0.020045,0,0.28188,0.47946,0,0.080197,0.48272,0.61516,0,0.17548,0,0.1393,0,0.072213,0.10106,0.14314,0.63162,0.70933,0.44939,0.74565,0.69333,0.7477,0.80865,1,0.53808,0.88573,0.6611,0.6476,0.51606,0.6508,0.52234,0.17902,0.41351,0.55956,0.35799,0.42236,0.57438,0.59296,0,0.32549,0.32198,0.55622,0.33756,0.28374,0,0,0.12635,0.17844,0.15862,0.2374,0.11187,0.35567,0.29542,0.22389,0.60417,0.52537,0.053379,0.47134,0.31729,0.42363,0,0.069726,0.32791,0.60467,0.51696,0.58702,0.4871,0.44291,0.214,0.13356,0.52223,0.59105,0.66469,0.69957,0.19194,0.084776,0,0.072462,0.055434,0.10633,0,0,0,0.09561,0.47431,0.52714,0.4125,0.25029,0.20163,0
