1,0.70758,0.41237,0.55313,0.15616,0.14833,0.53546,0.51025,0.065722,0.14302,0.67035,0.52925,0.63503,0.56303,0.60633,0.61864,0.735,0.62645,0.83208,0.79023,0.1044,0.35193,0.54509,0.47248,0.3637,0.32793,0.2837,0.35843,0.57426,0.53915,0.57308,0.45209,0.58717,0.52216,0.45949,0.40802,0.016111,0.19418,0,0.06683,0.15887,0.19959,0.57989,0.59349,0.53044,0.59474,0.56439,0.5554,0.52024,0.61296,0.54967,0.57721,0.45619,0.54977,0.2776,0.44253,0.84579,0.5921,0.48589,0.39135,0.47593,0.31823,0.61228,0.48212,0.42886,0.3988,0.57291,0.47256,0.73579,0.70007,0.32531,0.42209,0.63211,0.64468,0.54124,0.6728,0.61762,0.62193,0.55112,0.53042,0.47252,0.5285,0.48887,0.44032,0.60022,0.51475,0.29695,0.2682,0.37919,0.55524,0.5494,0.53167,0.38868,0.49397,0.2283,0,0.33262,0.41934,0.50746,0.66484,0.39009,0.59394,0.39311,0.42389,0.32609,0.27081,0.29092,0.29544,0.048605,0.17799,0.46232,0.48901,0.46075,0.36138,0.24649,0.088584
0.70758,1,0.28602,0.55598,0.18329,0.12073,0.48878,0.60455,0.060346,0.048496,0.59782,0.60839,0.5229,0.55364,0.56211,0.61764,0.67484,0.74913,0.70149,0.85466,0.13768,0.36407,0.45131,0.39066,0.34923,0.29073,0.34804,0.43,0.56245,0.6764,0.56904,0.49592,0.67958,0.69486,0.4794,0.41946,0.055357,0.27585,0,0.19318,0.22009,0.26944,0.57485,0.59039,0.53876,0.64933,0.64737,0.62698,0.60294,0.70187,0.64217,0.67415,0.65602,0.66773,0.45884,0.55041,0.82076,0.8482,0.59802,0.52784,0.59669,0.474,0.69326,0.60555,0.37527,0.40047,0.58445,0.51904,0.78722,0.79402,0.25326,0.25783,0.56406,0.65047,0.49328,0.61697,0.65097,0.63594,0.56714,0.62427,0.63862,0.7177,0.60196,0.59854,0.67651,0.60185,0.44472,0.35997,0.50064,0.56914,0.67089,0.60263,0.49997,0.47319,0.29969,0,0.47095,0.49208,0.67534,0.70408,0.51328,0.54322,0.5055,0.47964,0.34191,0.22279,0.22128,0.29402,0.20194,0.37095,0.55279,0.60185,0.54137,0.46992,0.24667,0.071042
0.41237,0.28602,1,0.81199,0.53141,0.605,0.72653,0.46243,0.55433,0.60449,0.12157,0.16555,0.23721,0.14497,0.22002,0.3036,0.27331,0.19404,0.38123,0.36342,0.22025,0.29285,0.76092,0.68036,0.64411,0.7357,0,0.025199,0.21401,0.22783,0.4255,0.37266,0.43104,0.37195,0.45489,0.35265,0.014294,0.036863,0,0.099595,0.064546,0.016732,0.2581,0.22612,0.43177,0.39407,0.25529,0.27553,0.34979,0.3462,0.3316,0.29284,0.22364,0.31236,0.13653,0.26709,0.27232,0.2072,0.15203,0.11174,0.12575,0.13086,0.25379,0.26459,0.45303,0.24863,0.45972,0.40766,0.33717,0.3528,0.34585,0.21757,0.37817,0.26346,0.2594,0.31208,0.41135,0.38964,0.074462,0.19898,0.14621,0.22739,0.14087,0.16985,0.31832,0.24415,0.078151,0.037996,0,0.30199,0.19901,0.24095,0.39184,0.35098,0.31184,0.19906,0.35305,0.31475,0.20925,0.32072,0.17877,0.46295,0.26633,0.35764,0.39254,0.28545,0.12861,0,0.18043,0.27846,0.23466,0.30716,0.23608,0.2792,0.28713,0.11831
0.55313,0.55598,0.81199,1,0.52882,0.57224,0.77024,0.74321,0.48924,0.53251,0.32754,0.46352,0.3872,0.49832,0.4425,0.55462,0.47759,0.44396,0.55952,0.63973,0.30699,0.48789,0.75686,0.78396,0.73349,0.77977,0.24192,0.33093,0.39886,0.44191,0.58743,0.54284,0.63934,0.65729,0.57903,0.54403,0.055113,0.1513,0.0093435,0.17984,0.14267,0.087791,0.4675,0.41217,0.58327,0.57379,0.46237,0.48784,0.51405,0.56916,0.54692,0.53297,0.47417,0.52767,0.33495,0.48849,0.51996,0.48856,0.40011,0.40352,0.37732,0.44073,0.47658,0.57102,0.55123,0.57472,0.68137,0.68772,0.59406,0.62487,0.48234,0.28052,0.55179,0.51122,0.49469,0.54211,0.66107,0.6839,0.31176,0.36765,0.41641,0.48474,0.36898,0.35644,0.5433,0.55704,0.23722,0.20511,0.207,0.5616,0.47955,0.47901,0.60904,0.4857,0.30401,0.14235,0.49578,0.48477,0.4475,0.5535,0.38783,0.55975,0.43857,0.49926,0.52622,0.36388,0.2123,0.12346,0.22062,0.37383,0.48524,0.48637,0.40692,0.46293,0.35048,0.10419
0.15616,0.18329,0.53141,0.52882,1,0.83915,0.51286,0.4437,0.89496,0.75127,0.17499,0.35344,0.20231,0.21316,0.3402,0.34754,0.21531,0.21934,0.18936,0.2537,0.22951,0.32057,0.29131,0.22778,0.43654,0.59483,0.25711,0.32647,0.30465,0.26266,0.33899,0.25212,0.27108,0.31611,0.097464,0.19757,0,0.035648,0,0.038221,0,0,0.34111,0.31661,0.3102,0.32409,0.32048,0.32779,0.38079,0.32663,0.33721,0.32695,0.27298,0.2476,0.21113,0.30532,0.15776,0.36061,0.45929,0.43511,0.31537,0.23637,0.30372,0.34874,0.092321,0.20976,0.32903,0.29768,0.19025,0.25005,0.2,0.21658,0.18519,0.19367,0.10739,0.19067,0.39116,0.33746,0.11494,0.075315,0.193,0.20849,0.11515,0.20333,0.095443,0.26339,0.021791,0,0,0.17412,0.24534,0.21828,0.12489,0.12264,0.084685,0.036525,0.28663,0.30244,0.29731,0.29478,0.49287,0.43502,0.4892,0.42649,0.14494,0.012536,0.25848,0.23615,0.025304,0.079764,0.42826,0.27227,0.25464,0.18119,0,0
0.14833,0.12073,0.605,0.57224,0.83915,1,0.50782,0.38421,0.84315,0.9242,0.097246,0.19805,0.11633,0.089487,0.23541,0.25358,0.20659,0.16465,0.19218,0.19633,0.26244,0.37276,0.36229,0.31863,0.46292,0.6912,0.091434,0.18967,0.2124,0.24613,0.31229,0.23723,0.2077,0.22074,0.0592,0.072401,0.045284,0.012729,0.0023832,0.03802,0.042825,0,0.2565,0.20971,0.25965,0.2527,0.23037,0.27511,0.27133,0.26131,0.20915,0.23704,0.22593,0.27076,0.17743,0.21095,0.12985,0.23625,0.27762,0.26359,0.17029,0.16657,0.13999,0.19398,0.10513,0.16622,0.24341,0.21367,0.14445,0.20992,0.24755,0.17123,0.19569,0.23572,0.12853,0.18195,0.32086,0.25985,0.093636,0.10692,0.15001,0.13359,0.036154,0.12369,0.08987,0.16155,0.0033341,0,0,0.13264,0.15042,0.15176,0.1326,0.12419,0.038999,0.031096,0.1933,0.19995,0.16676,0.20575,0.32954,0.36629,0.34311,0.34982,0.13353,0.023048,0.20383,0.13452,0,0.07843,0.28805,0.23124,0.16224,0.14922,0,0
0.53546,0.48878,0.72653,0.77024,0.51286,0.50782,1,0.81794,0.53021,0.53456,0.56675,0.56391,0.65687,0.5599,0.45801,0.47395,0.49604,0.41499,0.55116,0.55725,0.21092,0.45594,0.74159,0.69716,0.55063,0.6404,0.060298,0.18683,0.57643,0.44441,0.55548,0.55627,0.53441,0.52985,0.47049,0.43376,0,0.077723,0,0.028978,0.054227,0.048646,0.42075,0.38653,0.47881,0.43674,0.37032,0.36555,0.41959,0.41215,0.47335,0.3901,0.30522,0.33623,0.13783,0.27186,0.43254,0.42457,0.39936,0.32909,0.58267,0.54137,0.45459,0.59933,0.58472,0.54212,0.52024,0.5073,0.44836,0.49155,0.48371,0.35082,0.5597,0.52444,0.45242,0.56801,0.68949,0.66986,0.31124,0.35938,0.33438,0.37489,0.25742,0.32111,0.43381,0.431,0.096977,0.088985,0.19374,0.4367,0.43285,0.46424,0.59953,0.59099,0.36597,0.17015,0.38952,0.40375,0.32193,0.43045,0.25596,0.4867,0.28858,0.3236,0.4885,0.42181,0.20549,0.10074,0.27686,0.28158,0.31462,0.31994,0.23007,0.37795,0.42801,0.27761
0.51025,0.60455,0.46243,0.74321,0.4437,0.38421,0.81794,1,0.38025,0.32971,0.6024,0.73749,0.61009,0.75438,0.50424,0.50929,0.4954,0.48134,0.54205,0.60898,0.2019,0.50389,0.57562,0.63735,0.46334,0.51708,0.27944,0.4443,0.55816,0.49536,0.57648,0.60158,0.55501,0.61419,0.52598,0.53504,0,0.14039,0,0.11516,0.084815,0.042337,0.50722,0.46801,0.50039,0.49528,0.49672,0.47692,0.49405,0.53181,0.56902,0.54559,0.4571,0.4227,0.25543,0.3992,0.53995,0.59335,0.57848,0.62328,0.71228,0.81772,0.47318,0.72419,0.55598,0.75844,0.60422,0.64509,0.59647,0.62332,0.46866,0.31016,0.57062,0.60399,0.52095,0.62059,0.76426,0.77232,0.36909,0.40184,0.41982,0.42391,0.32795,0.38312,0.45755,0.49257,0.15984,0.22317,0.3249,0.49102,0.63145,0.55735,0.66227,0.56564,0.28594,0.11962,0.4392,0.45428,0.48674,0.5241,0.47353,0.47761,0.44782,0.42944,0.47789,0.3637,0.27735,0.26362,0.22398,0.3302,0.50268,0.38022,0.40574,0.51466,0.36571,0.18789
0.065722,0.060346,0.55433,0.48924,0.89496,0.84315,0.53021,0.38025,1,0.85038,0.15083,0.25103,0.18258,0.094938,0.17878,0.20466,0.13973,0.14563,0.14798,0.15508,0.18396,0.26106,0.26691,0.23445,0.29812,0.52777,0,0.036634,0.20643,0.21366,0.17051,0.14055,0.10535,0.15959,0,0.0033646,0,0,0,0,0,0,0.227,0.18002,0.19214,0.17597,0.18972,0.19862,0.23242,0.13632,0.18919,0.12439,0.13173,0.12095,0.063739,0.1054,0.011071,0.17828,0.25019,0.18334,0.2135,0.14269,0.14598,0.19563,0,0.073421,0.11304,0.094922,0.028122,0.084796,0.22205,0.15873,0.10887,0.13526,0.052961,0.094596,0.25498,0.20827,0.009868,0.054029,0.09989,0.082692,0.013515,0.066686,0,0.093068,0,0,0,0.02043,0.1306,0.10741,0.1386,0.12565,0.088722,0.039883,0.15317,0.17021,0.1372,0.12757,0.29159,0.35457,0.26802,0.23658,0.11635,0.0020034,0.17658,0.06191,0.051086,0.044139,0.23956,0.18408,0.076914,0.033526,0,0.055546
0.14302,0.048496,0.60449,0.53251,0.75127,0.9242,0.53456,0.32971,0.85038,1,0.16373,0.16432,0.21494,0.092711,0.211,0.22096,0.20086,0.12172,0.17643,0.14441,0.19453,0.30471,0.39507,0.36174,0.4237,0.63512,0,0,0.16466,0.18425,0.22522,0.16172,0.092371,0.1214,0,0,0,0,0,0,0.0028865,0,0.19145,0.1348,0.15911,0.13256,0.12422,0.1561,0.12978,0.10862,0.116,0.10062,0.13061,0.17557,0.038681,0.06302,0.044445,0.1104,0.12434,0.066351,0.11887,0.083258,0.060396,0.11502,0.064747,0.11221,0.12462,0.083219,0.038895,0.11199,0.25518,0.18525,0.18372,0.20013,0.1161,0.17056,0.26058,0.21023,0.053271,0.085574,0.06077,0.050379,0,0.016077,0.043271,0.072524,0,0,0,0.06183,0.087376,0.11852,0.15108,0.16381,0.035289,0,0.11131,0.095295,0.057737,0.12853,0.16125,0.29947,0.15037,0.1775,0.12995,0.063844,0.15748,0.079846,0.011438,0.010257,0.16127,0.17446,0.053786,0.052989,0.0050554,0.03313
0.67035,0.59782,0.12157,0.32754,0.17499,0.097246,0.56675,0.6024,0.15083,0.16373,1,0.74196,0.87105,0.7519,0.63486,0.5171,0.62218,0.56267,0.6231,0.59512,0,0.29852,0.42681,0.40961,0.14545,0.13898,0.19444,0.32344,0.63402,0.47411,0.46076,0.39775,0.37912,0.41755,0.27133,0.25536,0,0.079493,0,0,0,0,0.46588,0.47354,0.30478,0.32366,0.36888,0.35971,0.32351,0.3707,0.43518,0.4108,0.28243,0.26857,0,0.13911,0.61337,0.58919,0.50311,0.39402,0.7502,0.54813,0.54805,0.55609,0.35202,0.49302,0.38476,0.30049,0.46779,0.52444,0.35437,0.46537,0.59139,0.64045,0.5968,0.66302,0.65437,0.60202,0.44291,0.48399,0.37793,0.37676,0.36026,0.26699,0.43191,0.36684,0.080672,0.0064129,0.34401,0.31566,0.57884,0.53152,0.38193,0.50778,0.1421,0,0.18721,0.23931,0.35849,0.45065,0.3365,0.42191,0.24143,0.16961,0.30222,0.32239,0.27872,0.37647,0.15601,0.046241,0.32504,0.22302,0.23243,0.23122,0.23713,0.23228
0.52925,0.60839,0.16555,0.46352,0.35344,0.19805,0.56391,0.73749,0.25103,0.16432,0.74196,1,0.66869,0.83415,0.60807,0.63361,0.54091,0.64641,0.47748,0.60162,0.060763,0.39311,0.35487,0.37304,0.23665,0.24132,0.29243,0.4337,0.64347,0.56449,0.52774,0.51914,0.48741,0.55867,0.34474,0.39122,0,0.067046,0,0.010212,0.048582,0.029635,0.49263,0.48281,0.40015,0.41196,0.49085,0.4346,0.47156,0.49835,0.6014,0.57812,0.51039,0.39074,0.2164,0.35279,0.59204,0.72734,0.70247,0.65504,0.83546,0.72277,0.59886,0.79975,0.30453,0.59809,0.52952,0.49162,0.46347,0.54059,0.29766,0.40774,0.56731,0.61081,0.56075,0.62887,0.69117,0.65526,0.43562,0.40798,0.42553,0.46397,0.35881,0.41693,0.40965,0.52008,0.093136,0.17759,0.24461,0.46067,0.59135,0.48557,0.36462,0.40484,0.12274,0,0.32393,0.36249,0.47223,0.51446,0.47654,0.41728,0.39923,0.30079,0.3035,0.20269,0.38313,0.42371,0.15788,0.11954,0.46967,0.28958,0.26024,0.30638,0.1619,0.1395
0.63503,0.5229,0.23721,0.3872,0.20231,0.11633,0.65687,0.61009,0.18258,0.21494,0.87105,0.66869,1,0.75019,0.67001,0.58624,0.56986,0.46068,0.59436,0.57798,0,0.34276,0.58199,0.5445,0.23985,0.22226,0.15584,0.22175,0.63065,0.39826,0.46369,0.41063,0.34573,0.37425,0.26539,0.28096,0,0.14957,0,0,0.026727,0.039346,0.38651,0.36934,0.2268,0.24234,0.28347,0.29924,0.20734,0.26516,0.32541,0.29645,0.24512,0.25367,0,0.091957,0.53271,0.46253,0.36843,0.26647,0.69046,0.50887,0.49201,0.53209,0.39872,0.46554,0.32232,0.24832,0.43649,0.49058,0.29381,0.50642,0.54703,0.51384,0.48467,0.57798,0.62055,0.57246,0.42099,0.41225,0.33185,0.35799,0.33893,0.34036,0.45916,0.37674,0.13105,0.096698,0.28201,0.38976,0.56856,0.59894,0.50411,0.65091,0.18073,0,0.17483,0.20112,0.34382,0.43865,0.22374,0.43,0.15233,0.12946,0.2958,0.32682,0.2494,0.24096,0.13717,0.11365,0.27163,0.21295,0.2162,0.28373,0.36693,0.23575
0.56303,0.55364,0.14497,0.49832,0.21316,0.089487,0.5599,0.75438,0.094938,0.092711,0.7519,0.83415,0.75019,1,0.63194,0.63648,0.57453,0.50325,0.47742,0.56569,0.098958,0.44263,0.45183,0.56447,0.36065,0.2824,0.36884,0.45928,0.63865,0.44018,0.5096,0.49337,0.46191,0.51756,0.44961,0.52324,0.0067613,0.10584,0,0.021271,0.035178,0,0.4923,0.45415,0.39493,0.40383,0.45311,0.417,0.39537,0.48903,0.58278,0.58413,0.4758,0.39352,0.21544,0.35208,0.57149,0.59198,0.57308,0.58711,0.69477,0.706,0.49826,0.68637,0.47254,0.75557,0.56911,0.58423,0.49894,0.54161,0.36602,0.38903,0.57952,0.56693,0.54357,0.63384,0.74399,0.69006,0.47794,0.37873,0.41664,0.43342,0.38897,0.35121,0.46489,0.55815,0.13816,0.21697,0.25834,0.54518,0.63575,0.57987,0.57077,0.55646,0.22126,0.026941,0.39323,0.40506,0.47185,0.52926,0.36111,0.34384,0.32285,0.274,0.42008,0.35382,0.28306,0.37889,0.20262,0.1994,0.46384,0.30418,0.3533,0.41041,0.32039,0.16851
0.60633,0.56211,0.22002,0.4425,0.3402,0.23541,0.45801,0.50424,0.17878,0.211,0.63486,0.60807,0.67001,0.63194,1,0.79002,0.52239,0.5703,0.60529,0.6634,0.0881,0.33598,0.43601,0.36817,0.36219,0.27356,0.60828,0.66614,0.56659,0.52458,0.52921,0.39233,0.47444,0.52423,0.36142,0.45634,0.008206,0.12232,0,0,0.083843,0.021821,0.47998,0.51892,0.38314,0.43251,0.43996,0.46025,0.37899,0.42131,0.41851,0.419,0.44806,0.38905,0.18787,0.31334,0.5746,0.61098,0.58466,0.48387,0.61904,0.42786,0.71287,0.65942,0.4429,0.42757,0.54203,0.44224,0.53928,0.58895,0.24397,0.45763,0.57828,0.51922,0.47241,0.56085,0.60166,0.58576,0.50558,0.47473,0.54223,0.59036,0.67298,0.51871,0.62773,0.62471,0.37904,0.32084,0.47562,0.61467,0.55975,0.63141,0.25734,0.42953,0.1036,0,0.1996,0.22699,0.44614,0.58128,0.49139,0.49575,0.39728,0.34287,0.11174,0.08186,0.36729,0.43462,0.088003,0.072785,0.49908,0.31574,0.34344,0.33223,0.013599,0
0.61864,0.61764,0.3036,0.55462,0.34754,0.25358,0.47395,0.50929,0.20466,0.22096,0.5171,0.63361,0.58624,0.63648,0.79002,1,0.5733,0.63623,0.65048,0.71586,0.37606,0.54128,0.45068,0.40287,0.47062,0.39367,0.55397,0.54407,0.63578,0.74157,0.61036,0.52578,0.58145,0.60708,0.35182,0.42023,0.2671,0.37672,0.12521,0.21573,0.34772,0.25789,0.6264,0.61564,0.55224,0.58685,0.63569,0.63363,0.54452,0.5657,0.59533,0.57737,0.63329,0.64146,0.46069,0.55216,0.56543,0.56671,0.57834,0.47709,0.47198,0.31257,0.71376,0.59903,0.301,0.35619,0.602,0.56974,0.51727,0.62387,0.34057,0.44515,0.60004,0.56365,0.48683,0.5913,0.60129,0.60938,0.58599,0.51383,0.64694,0.74163,0.75253,0.732,0.72195,0.8236,0.49557,0.44746,0.44199,0.77022,0.63688,0.68349,0.37829,0.50331,0.13855,0,0.28716,0.361,0.60807,0.72241,0.44985,0.54242,0.35401,0.29098,0.020506,0,0.21341,0.26606,0.14945,0.25457,0.62726,0.42977,0.41864,0.32843,0,0
0.735,0.67484,0.27331,0.47759,0.21531,0.20659,0.49604,0.4954,0.13973,0.20086,0.62218,0.54091,0.56986,0.57453,0.52239,0.5733,1,0.70239,0.62988,0.6703,0.11298,0.38458,0.4693,0.41447,0.39386,0.37337,0.24918,0.36347,0.78028,0.63329,0.65669,0.59926,0.57741,0.54778,0.34791,0.30326,0,0.10314,0,0,0.058817,0.10454,0.48024,0.44346,0.45225,0.46406,0.4674,0.4141,0.43388,0.51516,0.487,0.53406,0.43207,0.47499,0.30137,0.34838,0.77987,0.61286,0.41049,0.35672,0.47139,0.35164,0.63245,0.54209,0.37448,0.42151,0.52248,0.44185,0.64511,0.56768,0.30001,0.25192,0.55446,0.5639,0.47259,0.60507,0.61998,0.56267,0.81557,0.56705,0.66138,0.61091,0.49085,0.36014,0.63459,0.56518,0.25286,0.064446,0.33993,0.39061,0.477,0.44875,0.34534,0.45205,0.27518,0,0.33512,0.39332,0.42104,0.61919,0.35545,0.46249,0.31147,0.32062,0.26015,0.2081,0.17401,0.29852,0.18965,0.12258,0.43523,0.46949,0.40262,0.35919,0.13081,0.091319
0.62645,0.74913,0.19404,0.44396,0.21934,0.16465,0.41499,0.48134,0.14563,0.12172,0.56267,0.64641,0.46068,0.50325,0.5703,0.63623,0.70239,1,0.58716,0.70353,0.11019,0.30092,0.32043,0.25721,0.29273,0.23803,0.30239,0.41106,0.6069,0.78842,0.56609,0.47954,0.61916,0.63962,0.31722,0.20578,0,0.14253,0,0,0.083759,0.10736,0.61796,0.62616,0.58707,0.6107,0.61805,0.58785,0.62775,0.6174,0.65905,0.60989,0.54493,0.57777,0.3388,0.44166,0.73285,0.75146,0.61784,0.49627,0.58882,0.37912,0.71501,0.63172,0.34326,0.38487,0.57736,0.4995,0.61621,0.64683,0.28306,0.31615,0.55056,0.62051,0.52528,0.59868,0.55096,0.55322,0.72154,0.74983,0.74351,0.7969,0.58076,0.51097,0.67103,0.68837,0.36802,0.16234,0.37939,0.44447,0.56877,0.54957,0.257,0.37774,0.13298,0,0.2905,0.38764,0.55554,0.66297,0.50001,0.53005,0.4244,0.35172,0.14435,0.070372,0.30824,0.42978,0.11082,0.099128,0.53589,0.58161,0.41799,0.33256,0,0
0.83208,0.70149,0.38123,0.55952,0.18936,0.19218,0.55116,0.54205,0.14798,0.17643,0.6231,0.47748,0.59436,0.47742,0.60529,0.65048,0.62988,0.58716,1,0.87189,0.24521,0.46642,0.49935,0.42801,0.34502,0.33507,0.28966,0.33556,0.54794,0.62291,0.55341,0.47062,0.5834,0.56682,0.31144,0.3444,0.15543,0.37673,0.040282,0.19983,0.28681,0.32442,0.58364,0.58138,0.4831,0.55568,0.5698,0.57359,0.48596,0.54654,0.48551,0.46995,0.42986,0.5484,0.28217,0.42859,0.68862,0.51248,0.37654,0.30093,0.4259,0.29199,0.63599,0.46407,0.3426,0.30167,0.45193,0.42189,0.7278,0.71809,0.41477,0.4463,0.64029,0.64087,0.55077,0.61265,0.61429,0.65301,0.52631,0.55856,0.55975,0.61925,0.55721,0.5479,0.68649,0.55023,0.40391,0.33898,0.51004,0.53589,0.57175,0.58426,0.43731,0.50346,0.19073,0,0.26348,0.33246,0.52206,0.64037,0.33706,0.56712,0.29988,0.31793,0.18178,0.13065,0.20112,0.1525,0.03644,0.27071,0.49088,0.48988,0.45164,0.30204,0.1669,0
0.79023,0.85466,0.36342,0.63973,0.2537,0.19633,0.55725,0.60898,0.15508,0.14441,0.59512,0.60162,0.57798,0.56569,0.6634,0.71586,0.6703,0.70353,0.87189,1,0.18063,0.4065,0.52143,0.45079,0.42666,0.36976,0.36223,0.41528,0.6246,0.67241,0.60703,0.51943,0.71676,0.73263,0.42347,0.45505,0.066105,0.29424,0,0.22008,0.23488,0.28486,0.58362,0.60735,0.54057,0.63257,0.62404,0.61347,0.59,0.66863,0.60714,0.61307,0.54104,0.6042,0.35913,0.51605,0.7534,0.71984,0.54786,0.47146,0.55134,0.39925,0.75508,0.62369,0.3668,0.37064,0.55077,0.50837,0.79136,0.79438,0.32084,0.3447,0.65045,0.64517,0.57195,0.62219,0.66711,0.69297,0.5476,0.57232,0.60616,0.69558,0.60045,0.61982,0.68715,0.63942,0.42856,0.39721,0.43973,0.60774,0.61796,0.58524,0.48919,0.49326,0.23879,0,0.43329,0.46866,0.62589,0.6953,0.4193,0.57244,0.43221,0.44412,0.36346,0.26713,0.22822,0.2791,0.090471,0.29791,0.54229,0.57037,0.48747,0.41791,0.27502,0.085706
0.1044,0.13768,0.22025,0.30699,0.22951,0.26244,0.21092,0.2019,0.18396,0.19453,0,0.060763,0,0.098958,0.0881,0.37606,0.11298,0.11019,0.24521,0.18063,1,0.7282,0.17334,0.18046,0.44934,0.41304,0.364,0.2319,0.1955,0.36723,0.29272,0.32708,0.20333,0.1976,0.13928,0.128,0.66102,0.58284,0.72725,0.61155,0.68387,0.5478,0.34959,0.19003,0.25603,0.19679,0.37556,0.35794,0.19348,0.17912,0.2603,0.19085,0.38353,0.38153,0.58843,0.52347,0.094219,0,0.071829,0.089048,0,0,0.043936,0.034713,0.0063908,0.090824,0.29397,0.35597,0.17626,0.22648,0.37564,0.15308,0.28924,0.20698,0.11274,0.14122,0.25342,0.29803,0.23347,0.14161,0.30804,0.32017,0.3629,0.45136,0.3245,0.44071,0.42155,0.43837,0.2724,0.42507,0.19468,0.20278,0.23735,0.18472,0.18075,0.39417,0.25831,0.2986,0.28134,0.29099,0.14302,0.1341,0.093808,0.067601,0,0,0,0,0.25737,0.44946,0.32952,0.10339,0.15259,0.11413,0,0
0.35193,0.36407,0.29285,0.48789,0.32057,0.37276,0.45594,0.50389,0.26106,0.30471,0.29852,0.39311,0.34276,0.44263,0.33598,0.54128,0.38458,0.30092,0.46642,0.4065,0.7282,1,0.39212,0.38251,0.52385,0.52948,0.3676,0.37705,0.50616,0.49648,0.59427,0.62322,0.42458,0.44182,0.28723,0.22735,0.46378,0.38761,0.35746,0.35496,0.50807,0.361,0.50166,0.34639,0.41969,0.37289,0.45541,0.42571,0.35307,0.38612,0.39055,0.37183,0.42367,0.45591,0.4275,0.46966,0.33991,0.26824,0.27673,0.28495,0.22106,0.28325,0.2648,0.34825,0.21783,0.31913,0.44402,0.47875,0.35177,0.39719,0.48525,0.46849,0.59165,0.52003,0.43791,0.43118,0.50023,0.45187,0.41387,0.27997,0.40941,0.39669,0.38723,0.4289,0.41766,0.49919,0.32217,0.29501,0.24881,0.43931,0.36358,0.37591,0.39749,0.36079,0.28768,0.21447,0.37759,0.39002,0.37813,0.45504,0.28651,0.29872,0.18595,0.16163,0.039575,0,0.074225,0.023145,0.28732,0.3997,0.4274,0.25079,0.26928,0.24358,0.065809,0
0.54509,0.45131,0.76092,0.75686,0.29131,0.36229,0.74159,0.57562,0.26691,0.39507,0.42681,0.35487,0.58199,0.45183,0.43601,0.45068,0.4693,0.32043,0.49935,0.52143,0.17334,0.39212,1,0.91911,0.75511,0.74228,0.11352,0.17508,0.43788,0.30738,0.68551,0.62659,0.58529,0.55419,0.62724,0.49424,0.077519,0.07617,0,0.064323,0.072062,0,0.3035,0.23043,0.40938,0.35629,0.22664,0.26184,0.28681,0.34587,0.31711,0.31292,0.22265,0.34909,0.036807,0.16764,0.44161,0.33103,0.17173,0.15029,0.35308,0.34813,0.34262,0.41217,0.64344,0.48257,0.53924,0.4745,0.51979,0.52733,0.46249,0.43451,0.52803,0.42927,0.46922,0.51395,0.60877,0.57644,0.25703,0.31773,0.25194,0.33046,0.25515,0.27216,0.48952,0.36356,0.19655,0.14343,0.11921,0.40707,0.40387,0.46976,0.60203,0.59139,0.35461,0.16427,0.40734,0.33251,0.26152,0.37747,0.14438,0.45124,0.20931,0.31084,0.5331,0.48668,0.14582,0.12042,0.18213,0.31288,0.26495,0.29455,0.22284,0.37062,0.50339,0.25036
0.47248,0.39066,0.68036,0.78396,0.22778,0.31863,0.69716,0.63735,0.23445,0.36174,0.40961,0.37304,0.5445,0.56447,0.36817,0.40287,0.41447,0.25721,0.42801,0.45079,0.18046,0.38251,0.91911,1,0.7088,0.69325,0.11574,0.17589,0.34935,0.21132,0.54815,0.53028,0.49039,0.50066,0.60453,0.53161,0.090617,0.055729,0,0.062227,0.072223,0,0.30457,0.2057,0.36996,0.32385,0.23567,0.27462,0.2386,0.32146,0.3442,0.32234,0.25106,0.33887,0.063063,0.18158,0.37302,0.26591,0.13212,0.15032,0.316,0.42109,0.23003,0.38342,0.59495,0.60832,0.51006,0.52058,0.45856,0.478,0.48966,0.35299,0.48488,0.39296,0.47064,0.49648,0.61775,0.59287,0.21391,0.25786,0.21561,0.26362,0.1954,0.1888,0.42356,0.35176,0.091983,0.10194,0.091423,0.43158,0.42642,0.44712,0.70789,0.59192,0.35533,0.20298,0.42395,0.3256,0.244,0.33325,0.10229,0.35518,0.15043,0.24664,0.58284,0.51714,0.10625,0.057689,0.20001,0.36721,0.26439,0.28541,0.23751,0.37235,0.56495,0.25949
0.3637,0.34923,0.64411,0.73349,0.43654,0.46292,0.55063,0.46334,0.29812,0.4237,0.14545,0.23665,0.23985,0.36065,0.36219,0.47062,0.39386,0.29273,0.34502,0.42666,0.44934,0.52385,0.75511,0.7088,1,0.89151,0.41107,0.38396,0.38315,0.37882,0.70678,0.6346,0.58263,0.56688,0.57287,0.48759,0.18682,0.16101,0.14091,0.15467,0.15215,0,0.42236,0.30585,0.51362,0.44582,0.34685,0.34879,0.39254,0.43358,0.44809,0.45337,0.34372,0.45103,0.33019,0.42543,0.32909,0.27831,0.23056,0.27,0.0983,0.21169,0.30048,0.34458,0.54787,0.46958,0.6546,0.65216,0.44534,0.43046,0.455,0.2637,0.47507,0.35717,0.39734,0.39844,0.52225,0.48681,0.31669,0.26707,0.35854,0.40904,0.32924,0.31126,0.498,0.53828,0.36062,0.22592,0.089704,0.47184,0.26763,0.37299,0.43094,0.36225,0.34294,0.16881,0.51131,0.43669,0.29238,0.42026,0.21122,0.35439,0.26121,0.32551,0.41742,0.32209,0.085558,0.13488,0.2274,0.32379,0.42219,0.35863,0.30797,0.39712,0.31106,0.070295
0.32793,0.29073,0.7357,0.77977,0.59483,0.6912,0.6404,0.51708,0.52777,0.63512,0.13898,0.24132,0.22226,0.2824,0.27356,0.39367,0.37337,0.23803,0.33507,0.36976,0.41304,0.52948,0.74228,0.69325,0.89151,1,0.26252,0.3017,0.37358,0.35226,0.68774,0.6407,0.54189,0.51728,0.48224,0.42998,0.15544,0.10407,0.09909,0.11094,0.10476,0,0.33475,0.22278,0.43751,0.37053,0.27174,0.30191,0.34561,0.35627,0.33646,0.35578,0.27756,0.40292,0.25058,0.34444,0.30181,0.25338,0.1818,0.23282,0.14174,0.25566,0.2654,0.35124,0.48155,0.43628,0.53601,0.55956,0.40444,0.38764,0.43301,0.2248,0.4009,0.32245,0.31671,0.32303,0.47111,0.44497,0.25175,0.2188,0.30576,0.32642,0.21427,0.24677,0.40206,0.4313,0.21141,0.1059,0.053596,0.39624,0.25211,0.32026,0.40691,0.33233,0.31868,0.17217,0.45142,0.401,0.21913,0.35488,0.23887,0.41608,0.30543,0.38141,0.37914,0.25658,0.098677,0.08963,0.18674,0.32891,0.39854,0.34944,0.25913,0.3322,0.22587,0.05311
0.2837,0.34804,0,0.24192,0.25711,0.091434,0.060298,0.27944,0,0,0.19444,0.29243,0.15584,0.36884,0.60828,0.55397,0.24918,0.30239,0.28966,0.36223,0.364,0.3676,0.11352,0.11574,0.41107,0.26252,1,0.90356,0.24967,0.35483,0.40949,0.30608,0.36505,0.41366,0.35553,0.42847,0.23695,0.30321,0.26121,0.19807,0.21098,0.043693,0.49256,0.45928,0.3561,0.38135,0.44951,0.44496,0.34493,0.37614,0.40863,0.41983,0.44132,0.35934,0.46059,0.50112,0.38444,0.40661,0.51471,0.53174,0.26272,0.27221,0.3652,0.3418,0.26844,0.40309,0.55009,0.55033,0.46681,0.47619,0.26897,0.24974,0.31801,0.29423,0.28774,0.33674,0.39049,0.44814,0.33884,0.27268,0.43367,0.45126,0.58406,0.47293,0.40979,0.58908,0.41664,0.44357,0.41468,0.55107,0.40975,0.42893,0.085105,0.10262,0.023163,0,0.25369,0.27899,0.43926,0.45875,0.55415,0.29646,0.48446,0.386,0,0,0.16779,0.32385,0.033524,0.1566,0.57012,0.22872,0.42211,0.30476,0,0
0.35843,0.43,0.025199,0.33093,0.32647,0.18967,0.18683,0.4443,0.036634,0,0.32344,0.4337,0.22175,0.45928,0.66614,0.54407,0.36347,0.41106,0.33556,0.41528,0.2319,0.37705,0.17508,0.17589,0.38396,0.3017,0.90356,1,0.34486,0.40262,0.51251,0.42081,0.48067,0.53676,0.47971,0.53046,0.020731,0.13002,0.027869,0.03218,0.046358,0,0.47992,0.46106,0.41895,0.43623,0.44641,0.42664,0.43534,0.45246,0.44312,0.46101,0.41163,0.32909,0.3575,0.42484,0.50534,0.54402,0.63914,0.6563,0.46122,0.46959,0.47291,0.52888,0.41789,0.54253,0.64905,0.63532,0.55037,0.5494,0.29903,0.26102,0.39435,0.40067,0.35193,0.42224,0.50539,0.54362,0.41235,0.36761,0.4719,0.49323,0.53796,0.36671,0.43772,0.58699,0.29787,0.34087,0.41142,0.51139,0.46723,0.43086,0.10746,0.12545,0.041466,0,0.26671,0.29036,0.43481,0.4933,0.66861,0.35319,0.59523,0.50192,0.056208,0,0.29837,0.49248,0.068274,0.069861,0.58924,0.28386,0.43736,0.36437,0,0
0.57426,0.56245,0.21401,0.39886,0.30465,0.2124,0.57643,0.55816,0.20643,0.16466,0.63402,0.64347,0.63065,0.63865,0.56659,0.63578,0.78028,0.6069,0.54794,0.6246,0.1955,0.50616,0.43788,0.34935,0.38315,0.37358,0.24967,0.34486,1,0.67006,0.72383,0.71177,0.60434,0.57966,0.34405,0.3275,0.027664,0.079133,0,0,0.12304,0.099143,0.47711,0.46292,0.46433,0.44708,0.47322,0.42316,0.47564,0.49992,0.51353,0.50758,0.40369,0.4031,0.27888,0.36247,0.5856,0.56298,0.48173,0.4058,0.55764,0.39924,0.66686,0.63865,0.35018,0.3863,0.50546,0.44316,0.47294,0.44448,0.27993,0.33247,0.62982,0.58346,0.53677,0.60658,0.65573,0.51491,0.70525,0.43403,0.61169,0.56115,0.54483,0.46188,0.55686,0.57349,0.31149,0.16203,0.25302,0.3796,0.39962,0.41518,0.30744,0.44203,0.34597,0,0.4229,0.47377,0.41218,0.55219,0.29938,0.38577,0.25706,0.21251,0.23655,0.17491,0.14887,0.26654,0.28644,0.21824,0.40364,0.33782,0.28381,0.32918,0.13571,0.15199
0.53915,0.6764,0.22783,0.44191,0.26266,0.24613,0.44441,0.49536,0.21366,0.18425,0.47411,0.56449,0.39826,0.44018,0.52458,0.74157,0.63329,0.78842,0.62291,0.67241,0.36723,0.49648,0.30738,0.21132,0.37882,0.35226,0.35483,0.40262,0.67006,1,0.62519,0.58162,0.56449,0.56253,0.22245,0.1632,0.17432,0.37506,0.12266,0.14769,0.37197,0.34785,0.67627,0.67249,0.64554,0.64605,0.693,0.66037,0.66121,0.60752,0.65218,0.59032,0.62722,0.65035,0.52223,0.53732,0.5854,0.5798,0.56946,0.45323,0.42299,0.27257,0.68741,0.51661,0.24895,0.24172,0.54587,0.50364,0.51157,0.58256,0.38987,0.29414,0.55755,0.66648,0.52059,0.58534,0.5215,0.52644,0.69128,0.74777,0.81208,0.82754,0.74116,0.69647,0.7535,0.74129,0.52343,0.33372,0.51745,0.54139,0.53997,0.56643,0.28923,0.4364,0.13587,0,0.23758,0.36369,0.5584,0.64579,0.45657,0.54182,0.3646,0.30596,0,0,0.10095,0.21923,0.16539,0.21183,0.56663,0.47701,0.38773,0.31197,0,0
0.57308,0.56904,0.4255,0.58743,0.33899,0.31229,0.55548,0.57648,0.17051,0.22522,0.46076,0.52774,0.46369,0.5096,0.52921,0.61036,0.65669,0.56609,0.55341,0.60703,0.29272,0.59427,0.68551,0.54815,0.70678,0.68774,0.40949,0.51251,0.72383,0.62519,1,0.94429,0.81854,0.78087,0.60212,0.49222,0.046641,0.1049,0,0.0070879,0.078817,0,0.52137,0.46028,0.61699,0.55903,0.47057,0.43231,0.57136,0.58212,0.50846,0.54135,0.37323,0.45606,0.26691,0.38617,0.60686,0.55958,0.45121,0.4641,0.47151,0.4504,0.61383,0.62866,0.55873,0.49293,0.69094,0.63983,0.62685,0.57186,0.45024,0.44135,0.63339,0.6124,0.56203,0.62768,0.61645,0.56921,0.56616,0.42142,0.53244,0.57631,0.47317,0.39612,0.59723,0.60908,0.3584,0.16932,0.25309,0.41212,0.4497,0.45785,0.30914,0.35563,0.33476,0,0.53169,0.51555,0.45133,0.61496,0.44594,0.49375,0.41869,0.44023,0.30638,0.23978,0.19753,0.39961,0.215,0.26521,0.53033,0.45625,0.39558,0.4255,0.12975,0.062368
0.45209,0.49592,0.37266,0.54284,0.25212,0.23723,0.55627,0.60158,0.14055,0.16172,0.39775,0.51914,0.41063,0.49337,0.39233,0.52578,0.59926,0.47954,0.47062,0.51943,0.32708,0.62322,0.62659,0.53028,0.6346,0.6407,0.30608,0.42081,0.71177,0.58162,0.94429,1,0.77211,0.74784,0.58453,0.47067,0.07074,0.10543,0,0.026939,0.093385,0,0.47007,0.38785,0.58016,0.48736,0.40578,0.36122,0.50955,0.49714,0.4571,0.44836,0.30348,0.35643,0.24254,0.32905,0.50624,0.45891,0.36012,0.38388,0.43841,0.49275,0.51448,0.6103,0.52333,0.4866,0.62541,0.61756,0.52693,0.46577,0.45803,0.36986,0.56741,0.54103,0.52347,0.54702,0.53975,0.50034,0.50872,0.34648,0.47702,0.49772,0.39441,0.32801,0.51537,0.53943,0.2517,0.11825,0.21385,0.33017,0.36498,0.34277,0.31762,0.31455,0.36746,0.02003,0.51837,0.48899,0.3413,0.50252,0.33895,0.37699,0.29348,0.32088,0.26967,0.20895,0.094123,0.25917,0.30298,0.30939,0.44429,0.36451,0.29103,0.36313,0.16088,0.090721
0.58717,0.67958,0.43104,0.63934,0.27108,0.2077,0.53441,0.55501,0.10535,0.092371,0.37912,0.48741,0.34573,0.46191,0.47444,0.58145,0.57741,0.61916,0.5834,0.71676,0.20333,0.42458,0.58529,0.49039,0.58263,0.54189,0.36505,0.48067,0.60434,0.56449,0.81854,0.77211,1,0.9552,0.69908,0.62238,0,0.092151,0,0.072369,0.033038,0,0.54423,0.54031,0.70862,0.69471,0.56263,0.54064,0.71209,0.72647,0.61954,0.63383,0.43491,0.51304,0.34799,0.46504,0.65193,0.6682,0.5499,0.54683,0.52569,0.47083,0.70802,0.68109,0.59589,0.50634,0.73644,0.71919,0.69689,0.66065,0.35895,0.27282,0.54243,0.53958,0.49538,0.57596,0.63061,0.5984,0.45612,0.37514,0.52509,0.64394,0.47926,0.44081,0.56119,0.65693,0.33264,0.22371,0.23431,0.47515,0.45893,0.44229,0.34877,0.30776,0.40184,0.018357,0.6522,0.64175,0.56015,0.65252,0.4839,0.49874,0.52887,0.55464,0.46166,0.35459,0.16229,0.41192,0.17872,0.31875,0.55865,0.59691,0.49365,0.44559,0.19541,0.12792
0.52216,0.69486,0.37195,0.65729,0.31611,0.22074,0.52985,0.61419,0.15959,0.1214,0.41755,0.55867,0.37425,0.51756,0.52423,0.60708,0.54778,0.63962,0.56682,0.73263,0.1976,0.44182,0.55419,0.50066,0.56688,0.51728,0.41366,0.53676,0.57966,0.56253,0.78087,0.74784,0.9552,1,0.66886,0.61334,0,0.092803,0,0.065962,0.036361,0,0.57577,0.55518,0.69149,0.6867,0.57564,0.54987,0.70326,0.71494,0.63833,0.63844,0.46247,0.51224,0.34508,0.45786,0.61354,0.69784,0.59424,0.58176,0.58472,0.53776,0.71413,0.73188,0.54908,0.55322,0.73163,0.72455,0.67773,0.67491,0.34311,0.30292,0.53539,0.54798,0.52714,0.57913,0.659,0.63532,0.44494,0.37705,0.55259,0.66332,0.47945,0.43482,0.55589,0.67814,0.30769,0.196,0.23461,0.47827,0.51729,0.47816,0.39178,0.30219,0.3746,0,0.65296,0.62369,0.59579,0.65799,0.53313,0.49387,0.5317,0.53103,0.4696,0.35292,0.19966,0.44068,0.19541,0.32058,0.59826,0.61454,0.49606,0.43008,0.19774,0.13271
0.45949,0.4794,0.45489,0.57903,0.097464,0.0592,0.47049,0.52598,0,0,0.27133,0.34474,0.26539,0.44961,0.36142,0.35182,0.34791,0.31722,0.31144,0.42347,0.13928,0.28723,0.62724,0.60453,0.57287,0.48224,0.35553,0.47971,0.34405,0.22245,0.60212,0.58453,0.69908,0.66886,1,0.82827,0,0,0,0.043024,0,0,0.32946,0.29239,0.55114,0.48436,0.29834,0.27102,0.46975,0.4896,0.45923,0.46714,0.2601,0.28749,0.18131,0.32152,0.46054,0.4544,0.41709,0.44727,0.38048,0.47438,0.35189,0.51668,0.70613,0.62069,0.76964,0.76207,0.55313,0.49261,0.32567,0.21222,0.45514,0.43309,0.40437,0.47998,0.53887,0.53038,0.19658,0.18746,0.20576,0.32743,0.29683,0.19673,0.35605,0.41355,0.19509,0.24187,0.12848,0.44661,0.35305,0.29089,0.43285,0.29815,0.4178,0.17013,0.5455,0.49171,0.35304,0.41918,0.35834,0.28516,0.42987,0.45705,0.54523,0.47731,0.14047,0.24641,0.31376,0.37018,0.35401,0.33073,0.33627,0.41274,0.37693,0.16449
0.40802,0.41946,0.35265,0.54403,0.19757,0.072401,0.43376,0.53504,0.0033646,0,0.25536,0.39122,0.28096,0.52324,0.45634,0.42023,0.30326,0.20578,0.3444,0.45505,0.128,0.22735,0.49424,0.53161,0.48759,0.42998,0.42847,0.53046,0.3275,0.1632,0.49222,0.47067,0.62238,0.61334,0.82827,1,0,0,0,0.07683,0,0,0.29399,0.28361,0.40995,0.41772,0.32351,0.29687,0.39741,0.4406,0.40786,0.44034,0.30127,0.27863,0.20308,0.32303,0.40683,0.42602,0.41621,0.49656,0.41288,0.50562,0.44574,0.58217,0.58373,0.60686,0.64246,0.71569,0.52907,0.47968,0.27891,0.17712,0.41734,0.32134,0.32295,0.37777,0.56101,0.56063,0.14423,0.074429,0.17434,0.29554,0.29828,0.23622,0.33658,0.43449,0.14235,0.31835,0.16433,0.535,0.42136,0.32432,0.41462,0.2419,0.29425,0.18434,0.48249,0.41508,0.37089,0.41373,0.36649,0.23034,0.43316,0.44002,0.46168,0.36409,0.15026,0.23651,0.13463,0.3008,0.44408,0.29864,0.35198,0.39956,0.32251,0.084682
0.016111,0.055357,0.014294,0.055113,0,0.045284,0,0,0,0,0,0,0,0.0067613,0.008206,0.2671,0,0,0.15543,0.066105,0.66102,0.46378,0.077519,0.090617,0.18682,0.15544,0.23695,0.020731,0.027664,0.17432,0.046641,0.07074,0,0,0,0,1,0.72478,0.85807,0.76741,0.84963,0.67577,0.19491,0.074219,0.053201,0.037943,0.22148,0.31202,0,0.046966,0.059768,0.06456,0.3371,0.39409,0.51114,0.41018,0,0,0,0,0,0,0,0,0,0,0.036728,0.099881,0.027352,0.15183,0.11707,0.14743,0.060157,0.017107,0,0.013419,0.10051,0.098394,0.090298,0,0.18444,0.16418,0.24885,0.58172,0.23454,0.24533,0.41232,0.57356,0.27667,0.38433,0.2169,0.27862,0.24486,0.27264,0.087441,0.46286,0.11191,0.142,0.23038,0.18449,0,0.015621,0,0,0,0,0,0,0,0.43752,0.23617,0.0036771,0.074191,0.034477,0,0
0.19418,0.27585,0.036863,0.1513,0.035648,0.012729,0.077723,0.14039,0,0,0.079493,0.067046,0.14957,0.10584,0.12232,0.37672,0.10314,0.14253,0.37673,0.29424,0.58284,0.38761,0.07617,0.055729,0.16101,0.10407,0.30321,0.13002,0.079133,0.37506,0.1049,0.10543,0.092151,0.092803,0,0,0.72478,1,0.66069,0.72094,0.6866,0.63503,0.42816,0.30725,0.20863,0.20902,0.39853,0.46857,0.16867,0.18746,0.23167,0.14881,0.37044,0.41429,0.48805,0.48706,0.19047,0.040718,0.088585,0.075688,0,0,0.13595,0,0,0,0.14735,0.19285,0.25846,0.35597,0.30906,0.15617,0.14711,0.14729,0.11058,0.13704,0.22532,0.34107,0.23014,0.27146,0.39014,0.38324,0.38186,0.61063,0.41166,0.38483,0.50234,0.50519,0.49688,0.42288,0.40266,0.41434,0.25546,0.31469,0,0.21618,0.081273,0.16475,0.38876,0.3474,0.10014,0.27139,0.064085,0.072692,0,0,0,0,0,0.35821,0.42915,0.1898,0.27799,0.12384,0,0
0,0,0,0.0093435,0,0.0023832,0,0,0,0,0,0,0,0,0,0.12521,0,0,0.040282,0,0.72725,0.35746,0,0,0.14091,0.09909,0.26121,0.027869,0,0.12266,0,0,0,0,0,0,0.85807,0.66069,1,0.80255,0.79258,0.68026,0.10041,0.0084616,0,0.0028683,0.1982,0.24844,0,0,0.021825,0.0087586,0.33514,0.31526,0.60539,0.46326,0,0,0,0,0,0,0,0,0,0,0,0.062789,0.0086164,0.074577,0.035226,0,0,0,0,0,0,0.0014685,0.071202,0,0.19099,0.15145,0.29895,0.49466,0.19538,0.21475,0.47153,0.59192,0.31694,0.29762,0.09049,0.12939,0.16342,0.13979,0.13761,0.50817,0.11254,0.15672,0.19335,0.13103,0,0,0,0,0,0,0,0,0.076493,0.47967,0.18098,0.001127,0.10384,0.035982,0,0
0.06683,0.19318,0.099595,0.17984,0.038221,0.03802,0.028978,0.11516,0,0,0,0.010212,0,0.021271,0,0.21573,0,0,0.19983,0.22008,0.61155,0.35496,0.064323,0.062227,0.15467,0.11094,0.19807,0.03218,0,0.14769,0.0070879,0.026939,0.072369,0.065962,0.043024,0.07683,0.76741,0.72094,0.80255,1,0.79828,0.74054,0.20149,0.097822,0.10857,0.10992,0.30036,0.32702,0.09241,0.15301,0.14622,0.13249,0.37229,0.34897,0.57465,0.52075,0.068946,0.023722,0.033303,0.071216,0,0,0,0,0,0,0.12342,0.16645,0.19215,0.26251,0.094042,0.0003847,0.077237,0.044998,0.0029772,0,0.15407,0.22062,0,0.0019516,0.15291,0.17917,0.24911,0.5951,0.20133,0.22049,0.46094,0.69872,0.27588,0.36746,0.26241,0.19144,0.30426,0.22787,0.19243,0.59841,0.26163,0.29302,0.38145,0.24813,0.028624,0.080044,0.11404,0.12021,0,0,0,0,0.039496,0.49674,0.27413,0.10695,0.19934,0.17732,0.069556,0
0.15887,0.22009,0.064546,0.14267,0,0.042825,0.054227,0.084815,0,0.0028865,0,0.048582,0.026727,0.035178,0.083843,0.34772,0.058817,0.083759,0.28681,0.23488,0.68387,0.50807,0.072062,0.072223,0.15215,0.10476,0.21098,0.046358,0.12304,0.37197,0.078817,0.093385,0.033038,0.036361,0,0,0.84963,0.6866,0.79258,0.79828,1,0.86081,0.30076,0.19274,0.1735,0.16686,0.37239,0.40665,0.11956,0.14944,0.18138,0.14344,0.44901,0.46778,0.57985,0.48329,0.1052,0.0073363,0.010622,0,0,0,0.025075,0,0,0,0.10776,0.13268,0.11013,0.22526,0.15023,0.14841,0.26184,0.2633,0.18478,0.1815,0.16904,0.16998,0.18878,0.16651,0.31129,0.29126,0.40958,0.6503,0.32853,0.31091,0.50028,0.599,0.3785,0.45822,0.25179,0.26358,0.2815,0.293,0.12413,0.3987,0.11243,0.18386,0.32903,0.28027,0,0.081331,0,0,0,0,0,0,0.080582,0.4487,0.25556,0.095905,0.11221,0.044058,0,0
0.19959,0.26944,0.016732,0.087791,0,0,0.048646,0.042337,0,0,0,0.029635,0.039346,0,0.021821,0.25789,0.10454,0.10736,0.32442,0.28486,0.5478,0.361,0,0,0,0,0.043693,0,0.099143,0.34785,0,0,0,0,0,0,0.67577,0.63503,0.68026,0.74054,0.86081,1,0.21064,0.12339,0.11816,0.11274,0.28611,0.29303,0.073252,0.08465,0.11217,0.036175,0.3915,0.33841,0.48177,0.38037,0.14323,0.027488,0,0,0,0,0.020668,0,0,0,0.014479,0.028262,0.11482,0.20368,0.086711,0.071215,0.17496,0.264,0.099923,0.17205,0.10146,0.13617,0.18435,0.21594,0.26258,0.27102,0.37014,0.59865,0.29392,0.22966,0.43972,0.58326,0.38687,0.37093,0.17853,0.15898,0.22288,0.27164,0.14532,0.36926,0.0064829,0.10778,0.23037,0.20182,0,0.0041382,0,0,0,0,0,0,0.10497,0.38435,0.091865,0.038836,0.0099012,0,0.02209,0
0.57989,0.57485,0.2581,0.4675,0.34111,0.2565,0.42075,0.50722,0.227,0.19145,0.46588,0.49263,0.38651,0.4923,0.47998,0.6264,0.48024,0.61796,0.58364,0.58362,0.34959,0.50166,0.3035,0.30457,0.42236,0.33475,0.49256,0.47992,0.47711,0.67627,0.52137,0.47007,0.54423,0.57577,0.32946,0.29399,0.19491,0.42816,0.10041,0.20149,0.30076,0.21064,1,0.939,0.8252,0.8356,0.88513,0.86548,0.80249,0.77359,0.84658,0.74559,0.61612,0.63604,0.58235,0.68712,0.55281,0.47156,0.64694,0.57498,0.34428,0.27367,0.52519,0.37412,0.30121,0.39657,0.66018,0.65493,0.52004,0.59442,0.46901,0.41036,0.49961,0.59822,0.54155,0.60101,0.58592,0.56246,0.48415,0.46355,0.57258,0.59352,0.54914,0.56418,0.50578,0.64499,0.39562,0.25548,0.3555,0.51543,0.56558,0.53147,0.32261,0.36549,0.26319,0,0.5068,0.61028,0.69803,0.73659,0.53887,0.55635,0.45978,0.37281,0.10312,0.023425,0.16156,0.26437,0.11919,0.30785,0.74628,0.65172,0.6402,0.34081,0,0
0.59349,0.59039,0.22612,0.41217,0.31661,0.20971,0.38653,0.46801,0.18002,0.1348,0.47354,0.48281,0.36934,0.45415,0.51892,0.61564,0.44346,0.62616,0.58138,0.60735,0.19003,0.34639,0.23043,0.2057,0.30585,0.22278,0.45928,0.46106,0.46292,0.67249,0.46028,0.38785,0.54031,0.55518,0.29239,0.28361,0.074219,0.30725,0.0084616,0.097822,0.19274,0.12339,0.939,1,0.81141,0.88001,0.88263,0.87685,0.83126,0.81285,0.83625,0.77382,0.60996,0.62638,0.5395,0.65651,0.56215,0.52795,0.70011,0.61625,0.39145,0.26218,0.59501,0.41311,0.29601,0.32832,0.61248,0.58821,0.51641,0.59753,0.35129,0.36293,0.4495,0.56886,0.51206,0.58684,0.52871,0.50213,0.42517,0.46619,0.53281,0.58889,0.56881,0.55929,0.47817,0.6123,0.35948,0.25477,0.34274,0.4816,0.52224,0.49913,0.23051,0.29341,0.20007,0,0.45265,0.57368,0.67748,0.7107,0.5635,0.54989,0.49535,0.40429,0.090714,0.008483,0.19093,0.32572,0.086307,0.25487,0.67937,0.60596,0.62355,0.322,0,0
0.53044,0.53876,0.43177,0.58327,0.3102,0.25965,0.47881,0.50039,0.19214,0.15911,0.30478,0.40015,0.2268,0.39493,0.38314,0.55224,0.45225,0.58707,0.4831,0.54057,0.25603,0.41969,0.40938,0.36996,0.51362,0.43751,0.3561,0.41895,0.46433,0.64554,0.61699,0.58016,0.70862,0.69149,0.55114,0.40995,0.053201,0.20863,0,0.10857,0.1735,0.11816,0.8252,0.81141,1,0.93123,0.77937,0.74788,0.93559,0.85409,0.83543,0.76135,0.53601,0.61099,0.52397,0.65188,0.49748,0.47267,0.65304,0.57207,0.29058,0.2696,0.5664,0.45397,0.49094,0.40693,0.79769,0.78375,0.50983,0.57201,0.44142,0.29863,0.4626,0.58324,0.48573,0.58371,0.52074,0.48437,0.44239,0.41756,0.56307,0.62057,0.524,0.47968,0.52294,0.67091,0.35403,0.21436,0.25074,0.50572,0.43705,0.43627,0.28957,0.3127,0.36479,0,0.5726,0.6848,0.60688,0.70049,0.50192,0.51948,0.51011,0.46349,0.25512,0.14193,0.14088,0.28183,0.23428,0.35376,0.64642,0.65082,0.58037,0.38141,0.0056527,0
