1,0.80499,0.78153,0.75882,0.20739,0.18364,0.77603,0.63181,0.3422,0.28379,0.61402,0.6856,0.56857,0.57591,0.52399,0.50373,0.70713,0.72539,0.86079,0.86854,0.35096,0.31181,0.71425,0.66302,0.61309,0.61661,0.14032,0.43048,0.57063,0.4364,0.65984,0.56746,0.84773,0.81183,0.72088,0.75392,0.36674,0.48577,0.17658,0.51559,0.13319,0.44966,0.78834,0.67688,0.68122,0.68507,0.78496,0.76235,0.63703,0.56744,0.53499,0.52433,0.5421,0.61911,0.63614,0.6069,0.94719,0.79484,0.48171,0.43261,0.71683,0.47028,0.60297,0.6585,0.42464,0.46657,0.73211,0.80303,0.82404,0.87095,0.12245,0.16604,0.5272,0.52482,0.5951,0.6187,0.74141,0.72505,0.65062,0.4391,0.79274,0.79613,0.40325,0.54527,0.65306,0.55104,0.25571,0.46947,0.46162,0.59319,0.59199,0.49681,0.33423,0.48395,0.49856,0.097973,0.7434,0.6181,0.73107,0.57375,0.41765,0.5013,0.48974,0.4081,0.12466,0.22874,0,0.15875,0.21982,0.38872,0.67753,0.59629,0.52825,0.5791,0.59002,0
0.80499,1,0.63155,0.75898,0.15555,0.084725,0.57903,0.61961,0.25925,0.17626,0.43297,0.73327,0.45289,0.70597,0.5859,0.58185,0.49822,0.78135,0.78609,0.81539,0.36375,0.36871,0.65298,0.62997,0.51216,0.46396,0.12958,0.36374,0.43454,0.59213,0.64402,0.49835,0.80837,0.79071,0.61763,0.63152,0.30199,0.55723,0.23593,0.57518,0.19499,0.60369,0.67728,0.61624,0.6634,0.66579,0.73651,0.67058,0.64658,0.61435,0.58124,0.56268,0.64403,0.55105,0.74615,0.60953,0.8094,0.94716,0.44971,0.56318,0.68195,0.63636,0.6123,0.86849,0.41253,0.49635,0.6581,0.71665,0.81019,0.8635,0.15103,0.22858,0.55966,0.60598,0.59841,0.55946,0.67485,0.61423,0.51189,0.47214,0.6817,0.83213,0.46858,0.64305,0.71141,0.66295,0.27349,0.46988,0.58598,0.47238,0.53688,0.31378,0.28925,0.3318,0.51162,0.17253,0.72246,0.59159,0.66833,0.48868,0.46558,0.35772,0.54806,0.33111,0.13838,0.19546,0,0.16467,0.20957,0.49146,0.60718,0.59538,0.57492,0.55792,0.53381,0
0.78153,0.63155,1,0.8532,0.19834,0.27338,0.87598,0.62279,0.34558,0.29321,0.4479,0.50759,0.56615,0.45777,0.48323,0.43351,0.4998,0.58083,0.80725,0.76281,0.22698,0.17965,0.90964,0.80974,0.59067,0.51715,0.067515,0.30692,0.37496,0.30132,0.5605,0.53214,0.75151,0.72154,0.71686,0.68959,0.31278,0.40209,0.25432,0.47266,0.20071,0.43936,0.73045,0.6555,0.7019,0.68443,0.67362,0.71358,0.63715,0.6486,0.64681,0.63827,0.50024,0.66477,0.56191,0.66153,0.73007,0.63286,0.43401,0.27374,0.61455,0.37818,0.48688,0.5429,0.53058,0.48134,0.68424,0.71428,0.73889,0.72639,0.11163,0.22312,0.33784,0.40979,0.46267,0.48294,0.64161,0.64485,0.46565,0.35442,0.62452,0.66984,0.41697,0.48932,0.60744,0.50931,0.40646,0.53301,0.39905,0.64796,0.66564,0.59656,0.60583,0.73514,0.32421,0,0.64349,0.50189,0.60879,0.5261,0.32008,0.52979,0.39792,0.32493,0.20358,0.31253,0,0.13541,0.11045,0.34407,0.68028,0.55614,0.35089,0.40636,0.63713,0.085451
0.75882,0.75898,0.8532,1,0.10138,0.37507,0.72635,0.83479,0.2123,0.43131,0.34444,0.63141,0.52806,0.5887,0.48568,0.56175,0.54809,0.72658,0.84176,0.81121,0.3544,0.30502,0.8197,0.8336,0.56725,0.50403,0,0.26411,0.4567,0.60273,0.61068,0.65977,0.76126,0.79463,0.62337,0.67954,0.21303,0.41661,0.11584,0.44013,0.093836,0.54208,0.70008,0.69693,0.74546,0.7556,0.72527,0.70172,0.60826,0.67057,0.64817,0.65328,0.54717,0.59828,0.51358,0.60802,0.7308,0.73856,0.33875,0.35857,0.57742,0.51087,0.60954,0.69709,0.45463,0.52776,0.56737,0.69936,0.75245,0.73613,0.21542,0.29204,0.37841,0.56229,0.47504,0.5025,0.60505,0.55759,0.56972,0.53687,0.71796,0.79847,0.44395,0.61823,0.72366,0.68618,0.32966,0.4428,0.39978,0.58243,0.58667,0.40507,0.44776,0.46328,0.35888,0.065804,0.58966,0.51611,0.65343,0.51644,0.33105,0.36186,0.39025,0.22772,0.16012,0.22197,0,0.022335,0.089601,0.38648,0.60673,0.57799,0.40574,0.45463,0.57136,0
0.20739,0.15555,0.19834,0.10138,1,0.54223,0.18903,0.15539,0.63728,0.4133,0.018182,0.080673,0.086085,0.12102,0.36612,0.235,0.02553,0,0.22839,0.28738,0.10234,0.28592,0.17713,0.11777,0.46179,0.41376,0.66731,0.57597,0,0,0.09634,0,0.14751,0.1014,0.18965,0.1546,0.18838,0.20804,0,0.19429,0.062584,0.073985,0.23068,0.023592,0.11829,0.18762,0.15039,0.19313,0.25914,0.21405,0.081936,0.12195,0.11685,0.22244,0.13758,0.070659,0.18222,0.16535,0.49432,0.50692,0.1916,0.20256,0.076822,0.10833,0.3019,0.40685,0.34049,0.3384,0.22601,0.31213,0,0.11263,0.15503,0.3209,0.25877,0.40362,0.32304,0.39249,0.027455,0,0.11377,0.11954,0.099766,0.13748,0.052671,0.113,0.06947,0.12201,0.13286,0.19757,0.31959,0.36606,0.10501,0.27472,0.31293,0.18377,0.17997,0.19888,0.29805,0.22496,0.4094,0.49914,0.4781,0.55355,0.30908,0.19096,0.0071557,0.23522,0.33867,0.23146,0.22975,0.32759,0.40523,0.27445,0.27306,0.21589
0.18364,0.084725,0.27338,0.37507,0.54223,1,0.19096,0.48157,0.29278,0.75748,0.021729,0.19027,0.24005,0.15004,0.33122,0.3173,0.22337,0.22128,0.35007,0.33005,0.35404,0.36765,0.24578,0.28039,0.55786,0.44811,0.21403,0.44851,0.17436,0.30675,0.201,0.37017,0.16213,0.23757,0.16823,0.26237,0.1334,0.18896,0,0.11353,0,0.11329,0.22759,0.19677,0.20544,0.28272,0.2108,0.26014,0.19917,0.24124,0.19651,0.18224,0.15711,0.19234,0,0.14178,0.15675,0.10517,0.28363,0.32806,0.13278,0.23297,0.17334,0.15039,0.29066,0.39584,0.21084,0.32346,0.21388,0.21305,0,0.053796,0.092854,0.31328,0.21415,0.30198,0.27253,0.2297,0.21461,0.2454,0.28829,0.27411,0.14895,0.19661,0.22696,0.24826,0.17415,0.029712,0.031546,0.21555,0.33092,0.28723,0.14316,0.093355,0.17525,0.087842,0.12422,0.23157,0.37979,0.36275,0.31164,0.26563,0.29499,0.33297,0.30144,0.17258,0,0,0.19425,0.18045,0.29439,0.30519,0.2209,0.23391,0.28199,0.17379
0.77603,0.57903,0.87598,0.72635,0.18903,0.19096,1,0.65163,0.43109,0.35435,0.59812,0.61973,0.68866,0.58843,0.50708,0.51877,0.54499,0.52558,0.76888,0.73895,0.12611,0.090832,0.81787,0.69818,0.44142,0.4561,0,0.24433,0.49183,0.29136,0.49586,0.40068,0.75159,0.71559,0.66288,0.71801,0.26963,0.33002,0.19035,0.38542,0.16373,0.39767,0.75159,0.63283,0.69692,0.69561,0.7137,0.74195,0.64963,0.63241,0.63208,0.63204,0.59472,0.76243,0.6095,0.70467,0.71466,0.53916,0.4858,0.29798,0.69511,0.43238,0.57934,0.53479,0.5789,0.52572,0.69697,0.75396,0.65634,0.72373,0.049556,0.17428,0.34594,0.34745,0.46884,0.52103,0.68993,0.67829,0.48296,0.23824,0.64985,0.65473,0.4321,0.54073,0.59129,0.54699,0.33824,0.49222,0.44372,0.72981,0.75094,0.72091,0.65222,0.77511,0.37718,0,0.66903,0.5105,0.68457,0.6215,0.2979,0.60247,0.37897,0.39646,0.19524,0.31145,0,0.16907,0.11339,0.33744,0.70767,0.65597,0.45648,0.45587,0.64547,0.07476
0.63181,0.61961,0.62279,0.83479,0.15539,0.48157,0.65163,1,0.26054,0.66405,0.27167,0.71777,0.47483,0.65437,0.45362,0.69321,0.50399,0.61516,0.71394,0.71386,0.32769,0.32153,0.61694,0.69931,0.45656,0.51968,0,0.28111,0.50307,0.65333,0.57826,0.6539,0.66423,0.76193,0.47012,0.67128,0.081808,0.34066,0,0.27589,0.021437,0.41894,0.60192,0.60798,0.62315,0.69768,0.64702,0.61236,0.48702,0.58416,0.52617,0.57011,0.49021,0.51098,0.36814,0.49307,0.62113,0.56204,0.34136,0.40404,0.55851,0.61924,0.66557,0.64243,0.43896,0.61658,0.47142,0.68639,0.61355,0.64133,0.23248,0.29915,0.40455,0.55611,0.45073,0.54042,0.5623,0.52806,0.51421,0.41464,0.69194,0.74079,0.42233,0.6641,0.65422,0.74128,0.2319,0.32986,0.2997,0.57009,0.54513,0.35782,0.34639,0.28293,0.35166,0.17325,0.46985,0.43383,0.64249,0.54055,0.31005,0.30457,0.34122,0.21637,0.14403,0.13233,0,0,0.071284,0.35464,0.51245,0.58162,0.43308,0.44555,0.48329,0
0.3422,0.25925,0.34558,0.2123,0.63728,0.29278,0.43109,0.26054,1,0.47318,0.34996,0.26223,0.35843,0.29043,0.54282,0.42986,0.17907,0.052089,0.32444,0.3613,0.075462,0.2196,0.27304,0.23826,0.29396,0.26433,0.377,0.45684,0.076643,0.020315,0.1648,0,0.23789,0.18463,0.21427,0.2489,0.28505,0.24064,0.051825,0.28777,0.11327,0.20588,0.21301,0,0.10877,0.14822,0.16622,0.19122,0.30581,0.24851,0.19398,0.16433,0.27754,0.27302,0.35685,0.24336,0.30351,0.22059,0.56688,0.45562,0.4262,0.32255,0.2821,0.19738,0.43316,0.40856,0.40458,0.33238,0.36936,0.41039,0.055916,0.15288,0.2084,0.27752,0.29499,0.42257,0.3967,0.43496,0.08604,0,0.24172,0.20111,0.2532,0.2303,0.20402,0.13944,0.17773,0.13624,0.36257,0.26336,0.47199,0.45691,0.30366,0.43768,0.26942,0.1004,0.28569,0.21605,0.38058,0.33301,0.47768,0.48526,0.52767,0.4999,0.35724,0.28551,0.11373,0.30891,0.25818,0.19477,0.30742,0.36598,0.39791,0.29163,0.32347,0.20293
0.28379,0.17626,0.29321,0.43131,0.4133,0.75748,0.35435,0.66405,0.47318,1,0.092902,0.3535,0.32199,0.38629,0.32859,0.63186,0.37299,0.26246,0.43123,0.42126,0.29559,0.34361,0.23974,0.32447,0.36633,0.37881,0.041358,0.34244,0.37645,0.47599,0.32417,0.41145,0.30251,0.39124,0.13159,0.34706,0.11513,0.19622,0,0.12568,0,0.20254,0.27278,0.21259,0.29276,0.37539,0.27248,0.26918,0.23604,0.30993,0.22971,0.24605,0.24421,0.24833,0.037411,0.23322,0.28348,0.13325,0.36559,0.36809,0.3111,0.38981,0.45233,0.31329,0.32761,0.49019,0.23949,0.41702,0.26699,0.29761,0.084427,0.22317,0.20543,0.39944,0.24303,0.43078,0.34699,0.35619,0.31962,0.19524,0.4383,0.42273,0.25017,0.43517,0.28284,0.4679,0.13549,0.064482,0.0053737,0.33634,0.39111,0.31149,0.20215,0.14231,0.21697,0.16316,0.13367,0.24064,0.47567,0.44206,0.31221,0.33093,0.2697,0.3732,0.24716,0.13722,0,0,0.14798,0.19272,0.29381,0.44972,0.40285,0.38161,0.32115,0.074499
0.61402,0.43297,0.4479,0.34444,0.018182,0.021729,0.59812,0.27167,0.34996,0.092902,1,0.56952,0.82183,0.50016,0.57909,0.34063,0.58541,0.41903,0.56309,0.53358,0.14456,0.082975,0.40303,0.28211,0.30965,0.21445,0,0.17718,0.51423,0.14706,0.29376,0.16753,0.46462,0.39904,0.44313,0.49804,0.43727,0.37189,0.19731,0.32438,0.17221,0.32752,0.44383,0.29436,0.27154,0.26441,0.45553,0.46227,0.42966,0.27788,0.3815,0.25981,0.5261,0.44555,0.58355,0.44011,0.48357,0.39239,0.40971,0.25263,0.59548,0.30615,0.39087,0.38128,0.43969,0.20974,0.53884,0.44186,0.51933,0.55566,0.047874,0,0.41821,0.21468,0.4355,0.38048,0.61414,0.52114,0.35955,0.2048,0.51814,0.45926,0.27236,0.25142,0.49176,0.20615,0.20003,0.15886,0.56438,0.36061,0.49221,0.45977,0.2508,0.36927,0.23984,0,0.61848,0.31766,0.52009,0.45356,0.34468,0.26205,0.37211,0.22442,0.11299,0.21813,0,0.086625,0.082835,0.18467,0.5344,0.33526,0.31268,0.41696,0.40937,0
0.6856,0.73327,0.50759,0.63141,0.080673,0.19027,0.61973,0.71777,0.26223,0.3535,0.56952,1,0.57539,0.84434,0.54284,0.74982,0.52282,0.70158,0.66864,0.66902,0.27526,0.22646,0.54158,0.54297,0.37188,0.42116,0.069491,0.35646,0.56773,0.59685,0.53772,0.45248,0.65037,0.66891,0.5105,0.64935,0.15786,0.3864,0.062276,0.38925,0.04523,0.4228,0.56809,0.49804,0.49198,0.54565,0.63243,0.58484,0.53706,0.49606,0.48324,0.4747,0.59491,0.4939,0.63215,0.54997,0.63729,0.66819,0.5202,0.5542,0.72911,0.71738,0.59424,0.76147,0.50846,0.58935,0.5906,0.66794,0.61754,0.70378,0.11619,0.24164,0.513,0.54457,0.5011,0.60062,0.61284,0.59612,0.55229,0.38998,0.67468,0.76343,0.40454,0.65244,0.5694,0.68294,0.16659,0.3381,0.47185,0.5584,0.47337,0.32372,0.20625,0.26099,0.50434,0.21462,0.64858,0.54677,0.63458,0.5415,0.34268,0.37816,0.3982,0.29261,0.080408,0.15724,0,0.13629,0.15926,0.43985,0.55417,0.50892,0.48215,0.5331,0.49622,0
0.56857,0.45289,0.56615,0.52806,0.086085,0.24005,0.68866,0.47483,0.35843,0.32199,0.82183,0.57539,1,0.59955,0.69267,0.49554,0.57808,0.4903,0.64552,0.62698,0.23089,0.1157,0.54771,0.42044,0.39822,0.24106,0,0.099951,0.54824,0.32773,0.36693,0.32968,0.52443,0.51158,0.43775,0.57049,0.47122,0.44904,0.17481,0.33037,0.27063,0.50017,0.47725,0.39373,0.4378,0.39883,0.50375,0.52548,0.46806,0.3726,0.49474,0.38986,0.61112,0.52009,0.5308,0.53281,0.44173,0.3593,0.37424,0.19054,0.59294,0.31792,0.57672,0.45371,0.48867,0.27147,0.53164,0.50372,0.54286,0.56654,0,0,0.40062,0.28399,0.48344,0.37575,0.62378,0.45211,0.33502,0.23742,0.59212,0.54459,0.41535,0.43909,0.6664,0.3972,0.34708,0.23179,0.51937,0.41113,0.60945,0.50781,0.43492,0.40351,0.19961,0,0.59436,0.28211,0.61119,0.52808,0.37488,0.24534,0.35747,0.22307,0.13683,0.20353,0,0,0.019805,0.23476,0.59444,0.43356,0.33974,0.46977,0.49268,0
0.57591,0.70597,0.45777,0.5887,0.12102,0.15004,0.58843,0.65437,0.29043,0.38629,0.50016,0.84434,0.59955,1,0.55393,0.77573,0.50645,0.65363,0.65642,0.64964,0.25263,0.24633,0.54014,0.52014,0.35724,0.37716,0.025438,0.27509,0.52711,0.639,0.5215,0.39316,0.61932,0.62117,0.45383,0.5569,0.19349,0.43565,0.017554,0.36693,0.11644,0.45445,0.55779,0.47444,0.53712,0.59431,0.61462,0.54778,0.55109,0.56365,0.53438,0.529,0.67046,0.52457,0.61887,0.55074,0.55206,0.61412,0.45949,0.50574,0.68795,0.65508,0.66077,0.78459,0.49269,0.54878,0.54227,0.62886,0.52947,0.66507,0.036721,0.25284,0.46243,0.54648,0.49501,0.56453,0.58897,0.53639,0.45518,0.39585,0.63857,0.76567,0.43166,0.67268,0.60206,0.70996,0.14432,0.30169,0.47678,0.48918,0.54277,0.38301,0.28885,0.29345,0.45125,0.21513,0.60979,0.48175,0.65069,0.53277,0.35652,0.31812,0.40116,0.30763,0.11946,0.17808,0,0.092231,0.19406,0.48335,0.53242,0.58673,0.51752,0.53745,0.52664,0
0.52399,0.5859,0.48323,0.48568,0.36612,0.33122,0.50708,0.45362,0.54282,0.32859,0.57909,0.54284,0.69267,0.55393,1,0.60976,0.48263,0.51069,0.63401,0.65672,0.37707,0.35585,0.55394,0.50309,0.59728,0.48563,0.24816,0.43701,0.42256,0.38554,0.51682,0.39166,0.51096,0.49945,0.48312,0.55598,0.44414,0.52549,0.15242,0.47901,0.21468,0.49808,0.40316,0.31895,0.36225,0.33091,0.4335,0.42679,0.37802,0.3242,0.4194,0.31557,0.52258,0.40056,0.57463,0.46821,0.47764,0.53542,0.44931,0.45477,0.52102,0.48449,0.48077,0.48829,0.5407,0.43115,0.55016,0.51266,0.65613,0.64613,0,0,0.44978,0.44625,0.53163,0.4668,0.60562,0.45872,0.38917,0.30684,0.58134,0.5795,0.6488,0.54609,0.70926,0.42466,0.50449,0.4259,0.60771,0.3571,0.58685,0.41806,0.40182,0.35538,0.33104,0.072503,0.55868,0.33707,0.56896,0.43388,0.59378,0.28659,0.5814,0.34159,0.17193,0.19737,0.0095995,0.065034,0.16931,0.25894,0.48938,0.36693,0.38257,0.48717,0.47409,0.0051455
0.50373,0.58185,0.43351,0.56175,0.235,0.3173,0.51877,0.69321,0.42986,0.63186,0.34063,0.74982,0.49554,0.77573,0.60976,1,0.45979,0.54621,0.59689,0.5962,0.38213,0.43129,0.50174,0.56542,0.39828,0.46009,0.15554,0.42822,0.49066,0.64936,0.61219,0.53167,0.54577,0.58068,0.40324,0.55911,0.22307,0.40427,0,0.38666,0.10398,0.4112,0.41878,0.3342,0.41948,0.46789,0.46074,0.4098,0.42094,0.45483,0.43123,0.47626,0.49977,0.42733,0.44878,0.5088,0.50746,0.49474,0.50487,0.52258,0.6293,0.62832,0.6388,0.6645,0.56024,0.65204,0.48449,0.59404,0.5229,0.59037,0.11434,0.32015,0.45088,0.57871,0.47539,0.64063,0.5272,0.54937,0.49811,0.35219,0.6296,0.7136,0.48102,0.71128,0.53921,0.74796,0.22243,0.35789,0.3256,0.56013,0.46418,0.32015,0.25292,0.25395,0.39061,0.24883,0.42919,0.4161,0.58373,0.48194,0.41754,0.3978,0.40686,0.38872,0.14278,0.15803,0,0.0085155,0.22897,0.40646,0.42893,0.50661,0.52174,0.57362,0.47485,0
0.70713,0.49822,0.4998,0.54809,0.02553,0.22337,0.54499,0.50399,0.17907,0.37299,0.58541,0.52282,0.57808,0.50645,0.48263,0.45979,1,0.6775,0.68913,0.67814,0.4081,0.26388,0.48962,0.50651,0.53303,0.54812,0,0.24005,0.86052,0.5797,0.61029,0.59201,0.64771,0.65167,0.41091,0.57238,0.30143,0.38531,0.0065284,0.34684,0.096783,0.42125,0.51609,0.46182,0.47344,0.42714,0.55439,0.5121,0.2978,0.25067,0.3509,0.29083,0.39032,0.33911,0.32364,0.39407,0.68028,0.45081,0.1273,0.12232,0.46624,0.28117,0.67024,0.47051,0.14169,0.17547,0.39533,0.52018,0.56824,0.55645,0.11333,0,0.5603,0.43239,0.53935,0.46953,0.58715,0.4942,0.79325,0.50448,0.85491,0.6881,0.44469,0.48577,0.56769,0.46007,0.23141,0.30519,0.21523,0.36076,0.43989,0.27715,0.24877,0.21263,0.27499,0,0.47262,0.31679,0.55749,0.41854,0.22443,0.15001,0.19471,0.10038,0,0.018586,0,0,0.10295,0.15032,0.42734,0.33315,0.23061,0.41705,0.40926,0
0.72539,0.78135,0.58083,0.72658,0,0.22128,0.52558,0.61516,0.052089,0.26246,0.41903,0.70158,0.4903,0.65363,0.51069,0.54621,0.6775,1,0.77906,0.7706,0.45614,0.35277,0.58775,0.57986,0.56558,0.53451,0,0.2384,0.62196,0.72959,0.68305,0.68072,0.75722,0.79285,0.5659,0.69457,0.3432,0.53778,0.096196,0.53177,0.1161,0.57634,0.66164,0.70128,0.68742,0.64333,0.72842,0.69941,0.51496,0.48786,0.58079,0.51231,0.59949,0.45,0.54638,0.61235,0.72702,0.75832,0.27892,0.33342,0.56651,0.55174,0.60854,0.79694,0.30804,0.37648,0.53226,0.64545,0.73043,0.68383,0.10483,0.14207,0.486,0.60347,0.52467,0.5117,0.6322,0.51267,0.6478,0.68396,0.77299,0.86922,0.49539,0.60459,0.6945,0.63972,0.36693,0.50687,0.32345,0.39375,0.49379,0.2315,0.30643,0.23003,0.37308,0.038361,0.64616,0.54961,0.67802,0.56092,0.34264,0.22306,0.33212,0.19998,0.052503,0.11925,0,0,0.20844,0.37478,0.61589,0.49074,0.38229,0.52664,0.51997,0
0.86079,0.78609,0.80725,0.84176,0.22839,0.35007,0.76888,0.71394,0.32444,0.43123,0.56309,0.66864,0.64552,0.65642,0.63401,0.59689,0.68913,0.77906,1,0.95995,0.35188,0.33274,0.75681,0.68269,0.63964,0.57476,0.089113,0.39398,0.60017,0.58384,0.6861,0.62966,0.8604,0.853,0.68428,0.76975,0.4302,0.5634,0.159,0.55097,0.20382,0.56465,0.76425,0.66828,0.71347,0.72078,0.77144,0.78451,0.64535,0.60477,0.63089,0.54436,0.65415,0.66978,0.63871,0.65543,0.78334,0.74187,0.51704,0.4599,0.71267,0.56147,0.68593,0.74676,0.52068,0.48512,0.75841,0.82131,0.87632,0.85759,0.10744,0.16874,0.54098,0.61999,0.63884,0.63587,0.80542,0.72688,0.6095,0.51346,0.8204,0.85249,0.50966,0.60839,0.76478,0.60869,0.34922,0.46097,0.4755,0.53952,0.71349,0.59156,0.44633,0.49235,0.45782,0.034361,0.74426,0.57535,0.80475,0.67224,0.51228,0.46778,0.55649,0.43904,0.23233,0.31962,0,0.14357,0.21625,0.37625,0.75326,0.65063,0.55042,0.64819,0.71281,0.08746
0.86854,0.81539,0.76281,0.81121,0.28738,0.33005,0.73895,0.71386,0.3613,0.42126,0.53358,0.66902,0.62698,0.64964,0.65672,0.5962,0.67814,0.7706,0.95995,1,0.34167,0.32749,0.71455,0.65027,0.67267,0.61582,0.11781,0.41381,0.59139,0.57059,0.65981,0.58177,0.85319,0.85143,0.65369,0.77085,0.44851,0.61369,0.2063,0.58399,0.27042,0.62591,0.76498,0.65787,0.70077,0.70182,0.79048,0.79662,0.6173,0.56979,0.60875,0.52942,0.65097,0.67316,0.65268,0.66026,0.79465,0.74934,0.50179,0.4623,0.67986,0.54707,0.6856,0.7452,0.45607,0.45215,0.75949,0.83254,0.91121,0.91067,0.023087,0.092474,0.59585,0.65115,0.6653,0.64366,0.80805,0.72144,0.60823,0.4342,0.84285,0.84924,0.54829,0.67172,0.77659,0.62257,0.39271,0.51971,0.51277,0.56829,0.72047,0.58915,0.43337,0.48004,0.49619,0.063358,0.78194,0.58677,0.82966,0.69206,0.52754,0.49072,0.59348,0.4641,0.26983,0.3294,0.0050864,0.20342,0.19918,0.41051,0.77946,0.65502,0.58651,0.68669,0.72586,0.058123
0.35096,0.36375,0.22698,0.3544,0.10234,0.35404,0.12611,0.32769,0.075462,0.29559,0.14456,0.27526,0.23089,0.25263,0.37707,0.38213,0.4081,0.45614,0.35188,0.34167,1,0.83307,0.29299,0.377,0.53484,0.54344,0.14939,0.43632,0.33318,0.48368,0.59695,0.65714,0.35063,0.38344,0.34706,0.36645,0.20604,0.29921,0,0.26704,0,0.26161,0.25828,0.24454,0.22348,0.24146,0.3213,0.29955,0.15433,0.19809,0.22927,0.24342,0.21559,0.12098,0.10723,0.17654,0.38014,0.35902,0.086374,0.23076,0.22368,0.13961,0.35718,0.3485,0.18171,0.27999,0.1943,0.2973,0.27391,0.31093,0.19761,0.047787,0.33861,0.30676,0.37347,0.24589,0.27508,0.18448,0.3118,0.52532,0.37903,0.45382,0.059986,0.20878,0.3372,0.31621,0,0.035989,0.11178,0.0656,0.12818,0,0,0,0.41194,0.25471,0.19794,0.30649,0.29048,0.22648,0.20687,0,0.17314,0.035271,0,0,0,0,0.47397,0.51683,0.16765,0.19228,0.13143,0.25431,0.19697,0
0.31181,0.36871,0.17965,0.30502,0.28592,0.36765,0.090832,0.32153,0.2196,0.34361,0.082975,0.22646,0.1157,0.24633,0.35585,0.43129,0.26388,0.35277,0.33274,0.32749,0.83307,1,0.26309,0.37109,0.51437,0.54476,0.37305,0.57473,0.16139,0.39641,0.58999,0.59015,0.35396,0.36024,0.37134,0.35268,0.28514,0.35927,0,0.3506,0,0.24337,0.2282,0.1322,0.18544,0.25133,0.25877,0.23895,0.19739,0.23373,0.20334,0.24264,0.16998,0.145,0.13337,0.14026,0.35599,0.38526,0.26214,0.41283,0.26344,0.2327,0.34874,0.36802,0.28289,0.40821,0.27699,0.36196,0.29743,0.36667,0.27525,0.19978,0.34976,0.46663,0.44814,0.39907,0.33152,0.31596,0.20762,0.41846,0.29562,0.40496,0.068287,0.15206,0.28026,0.32452,0,0.026073,0.14773,0.092461,0.15422,0.015663,0,0,0.36691,0.28047,0.19804,0.34891,0.31238,0.24919,0.3132,0.095123,0.36782,0.27237,0.1007,0,0,0,0.54726,0.55616,0.20533,0.25329,0.30512,0.33384,0.2277,0
0.71425,0.65298,0.90964,0.8197,0.17713,0.24578,0.81787,0.61694,0.27304,0.23974,0.40303,0.54158,0.54771,0.54014,0.55394,0.50174,0.48962,0.58775,0.75681,0.71455,0.29299,0.26309,1,0.92498,0.63775,0.60284,0.13964,0.37543,0.38199,0.36885,0.66681,0.61668,0.77129,0.72281,0.74788,0.69953,0.28893,0.44882,0.1971,0.50698,0.21675,0.46658,0.70623,0.63485,0.695,0.66555,0.69145,0.69944,0.58233,0.6161,0.6813,0.69427,0.5441,0.67869,0.60927,0.68098,0.6982,0.63714,0.35118,0.24636,0.58211,0.32763,0.55084,0.54921,0.54896,0.47511,0.66435,0.71014,0.67297,0.70784,0.10445,0.19339,0.3555,0.43766,0.50599,0.50213,0.6331,0.60435,0.4935,0.40321,0.63854,0.69634,0.50194,0.54302,0.6877,0.61227,0.41942,0.57563,0.4677,0.65017,0.66359,0.55092,0.58646,0.68423,0.31812,0.021433,0.62442,0.526,0.58999,0.51402,0.28012,0.45813,0.40615,0.29277,0.20278,0.31065,0,0.093073,0.11966,0.40748,0.64766,0.54647,0.36614,0.43424,0.66543,0.11827
0.66302,0.62997,0.80974,0.8336,0.11777,0.28039,0.69818,0.69931,0.23826,0.32447,0.28211,0.54297,0.42044,0.52014,0.50309,0.56542,0.50651,0.57986,0.68269,0.65027,0.377,0.37109,0.92498,1,0.62151,0.66701,0.13202,0.38418,0.41582,0.47552,0.69922,0.70723,0.71906,0.70966,0.67396,0.65528,0.16283,0.38774,0.024952,0.44589,0.081496,0.41724,0.61307,0.58611,0.64165,0.62246,0.63043,0.58529,0.46284,0.54092,0.60339,0.65343,0.42012,0.51682,0.45803,0.5514,0.69769,0.62767,0.22335,0.19802,0.49678,0.32274,0.56951,0.52502,0.45061,0.47486,0.51841,0.63487,0.64252,0.63668,0.21368,0.26276,0.30338,0.45174,0.42855,0.47424,0.53633,0.5274,0.56836,0.47832,0.6575,0.70263,0.4813,0.56837,0.65115,0.66933,0.34855,0.51629,0.35997,0.57881,0.53716,0.36239,0.48803,0.53798,0.28173,0.13262,0.48795,0.4972,0.4968,0.40549,0.20803,0.35156,0.33423,0.17475,0.15981,0.22283,0,0.004838,0.090198,0.39189,0.51197,0.46233,0.28592,0.38134,0.5549,0.051271
0.61309,0.51216,0.59067,0.56725,0.46179,0.55786,0.44142,0.45656,0.29396,0.36633,0.30965,0.37188,0.39822,0.35724,0.59728,0.39828,0.53303,0.56558,0.63964,0.67267,0.53484,0.51437,0.63775,0.62151,1,0.8813,0.41425,0.65404,0.39675,0.34273,0.70247,0.67492,0.64492,0.62156,0.66097,0.62299,0.49107,0.61099,0.13677,0.58657,0.25131,0.49892,0.5965,0.47849,0.48417,0.48212,0.55222,0.57567,0.42529,0.39741,0.48539,0.43796,0.36879,0.41047,0.41867,0.43262,0.61357,0.54341,0.34739,0.38908,0.38237,0.2391,0.37035,0.44326,0.31579,0.39647,0.61543,0.66796,0.62576,0.6684,0,0,0.45256,0.47667,0.53379,0.47981,0.5971,0.54479,0.51516,0.40113,0.64467,0.63026,0.50674,0.45485,0.57869,0.45586,0.46482,0.51512,0.35185,0.41195,0.47841,0.40179,0.22711,0.34327,0.35735,0.13474,0.53765,0.45052,0.57951,0.4895,0.49181,0.35498,0.57185,0.41094,0.30971,0.29208,0.051076,0.13148,0.25523,0.32942,0.54846,0.34665,0.32827,0.4612,0.5533,0.09027
0.61661,0.46396,0.51715,0.50403,0.41376,0.44811,0.4561,0.51968,0.26433,0.37881,0.21445,0.42116,0.24106,0.37716,0.48563,0.46009,0.54812,0.53451,0.57476,0.61582,0.54344,0.54476,0.60284,0.66701,0.8813,1,0.44044,0.69255,0.45644,0.38321,0.75329,0.71977,0.63995,0.63571,0.64258,0.65455,0.31493,0.47351,0,0.5047,0.098031,0.35243,0.57957,0.46843,0.46201,0.47821,0.54241,0.54049,0.31272,0.33031,0.3651,0.39901,0.24778,0.35819,0.32237,0.36907,0.65917,0.50006,0.278,0.34077,0.35637,0.24899,0.39766,0.38973,0.26878,0.4495,0.53966,0.67798,0.56712,0.62672,0,0.023749,0.43505,0.46962,0.49094,0.52374,0.54969,0.5589,0.60147,0.3812,0.65303,0.63502,0.44776,0.50882,0.47461,0.51299,0.33252,0.55139,0.21004,0.47559,0.40648,0.3468,0.18938,0.30433,0.45488,0.31971,0.4587,0.49302,0.51041,0.44608,0.33697,0.35859,0.44367,0.36757,0.21727,0.20327,0,0.11755,0.28863,0.3442,0.44698,0.35141,0.30517,0.43893,0.5249,0.047118
0.14032,0.12958,0.067515,0,0.66731,0.21403,0,0,0.377,0.041358,0,0.069491,0,0.025438,0.24816,0.15554,0,0,0.089113,0.11781,0.14939,0.37305,0.13964,0.13202,0.41425,0.44044,1,0.81218,0,0,0.22512,0.050352,0.089098,0,0.26974,0.086995,0.14958,0.19762,0,0.25884,0.017165,0,0.047241,0,0,0,0,0,0.095745,0.015621,0,0,0,0.097039,0.17367,0,0.15496,0.20957,0.42256,0.49933,0.12059,0.13901,0,0.021862,0.21706,0.29821,0.34546,0.24613,0.16007,0.25692,0.0066225,0.1359,0.23991,0.29732,0.31113,0.37855,0.21047,0.33471,0.070774,0,0.019702,0.040731,0.03901,0,0,0.017315,0,0.064766,0.25973,0.17127,0,0.19508,0,0.12111,0.25949,0.24721,0.10812,0.1489,0.053799,0.0028427,0.29908,0.38548,0.45814,0.47617,0.25707,0.20656,0.11148,0.212,0.34572,0.23047,0.081087,0.040137,0.27645,0.17261,0.17082,0.30583
0.43048,0.36374,0.30692,0.26411,0.57597,0.44851,0.24433,0.28111,0.45684,0.34244,0.17718,0.35646,0.099951,0.27509,0.43701,0.42822,0.24005,0.2384,0.39398,0.41381,0.43632,0.57473,0.37543,0.38418,0.65404,0.69255,0.81218,1,0.086651,0.12583,0.52828,0.38877,0.37969,0.31468,0.52864,0.44703,0.26923,0.31687,0,0.41217,0,0.10302,0.28537,0.097973,0.087622,0.1641,0.24589,0.29466,0.23778,0.17872,0.13937,0.19922,0.14004,0.31304,0.37448,0.2517,0.42308,0.3987,0.52524,0.5893,0.3339,0.28701,0.19353,0.27336,0.35971,0.45464,0.55057,0.52641,0.38694,0.5133,0.058184,0.15873,0.42031,0.47296,0.51374,0.58708,0.48012,0.54181,0.30074,0.18838,0.34317,0.39512,0.15453,0.15871,0.23806,0.29276,0.054955,0.1905,0.40522,0.41246,0.23556,0.33295,0,0.16655,0.47205,0.28146,0.34595,0.42037,0.37823,0.35125,0.42694,0.46264,0.57304,0.57532,0.32612,0.26093,0.028402,0.21254,0.51703,0.39728,0.36527,0.2996,0.4138,0.37467,0.41299,0.27383
0.57063,0.43454,0.37496,0.4567,0,0.17436,0.49183,0.50307,0.076643,0.37645,0.51423,0.56773,0.54824,0.52711,0.42256,0.49066,0.86052,0.62196,0.60017,0.59139,0.33318,0.16139,0.38199,0.41582,0.39675,0.45644,0,0.086651,1,0.66085,0.54885,0.54542,0.61591,0.65672,0.31878,0.53952,0.22633,0.35796,0,0.33912,0.10037,0.47743,0.47084,0.47772,0.46412,0.40722,0.53321,0.47023,0.25582,0.20049,0.34536,0.23963,0.41161,0.28957,0.2759,0.3917,0.55825,0.37889,0.083718,0.07898,0.42093,0.31119,0.6234,0.48098,0.10103,0.14472,0.32304,0.47356,0.49277,0.46947,0.046559,0,0.54002,0.32915,0.47181,0.37208,0.50298,0.41987,0.78323,0.43576,0.80883,0.63228,0.52199,0.61659,0.53199,0.49779,0.24481,0.31055,0.12159,0.31252,0.39781,0.21154,0.26341,0.14302,0.30211,0.13312,0.43981,0.38089,0.49419,0.4161,0.14278,0.073757,0.087405,0.052034,0,0.033084,0,0,0,0.097365,0.36431,0.30165,0.21685,0.40422,0.34159,0
0.4364,0.59213,0.30132,0.60273,0,0.30675,0.29136,0.65333,0.020315,0.47599,0.14706,0.59685,0.32773,0.639,0.38554,0.64936,0.5797,0.72959,0.58384,0.57059,0.48368,0.39641,0.36885,0.47552,0.34273,0.38321,0,0.12583,0.66085,1,0.55967,0.61127,0.56609,0.65686,0.27605,0.44468,0.035715,0.35691,0,0.29925,0,0.49123,0.39738,0.48281,0.49177,0.49157,0.5172,0.43809,0.28748,0.32474,0.38806,0.34089,0.46285,0.22901,0.22611,0.34253,0.4634,0.53071,0.12491,0.27815,0.42368,0.53732,0.65719,0.69194,0.24634,0.36226,0.22042,0.41999,0.45747,0.42656,0.18845,0.21527,0.41494,0.59432,0.38486,0.4176,0.40584,0.30083,0.66575,0.69841,0.70115,0.75599,0.44292,0.68324,0.58032,0.66626,0.1152,0.21129,0.14647,0.18903,0.32447,0.0016636,0.15273,0,0.35479,0.28148,0.34266,0.43588,0.50258,0.38033,0.21615,0,0.14079,0.01098,0,0,0,0,0.077087,0.31488,0.31525,0.41771,0.33283,0.47004,0.34255,0
0.65984,0.64402,0.5605,0.61068,0.09634,0.201,0.49586,0.57826,0.1648,0.32417,0.29376,0.53772,0.36693,0.5215,0.51682,0.61219,0.61029,0.68305,0.6861,0.65981,0.59695,0.58999,0.66681,0.69922,0.70247,0.75329,0.22512,0.52828,0.54885,0.55967,1,0.89422,0.80825,0.801,0.69834,0.73223,0.37851,0.58094,0.045523,0.55702,0.21672,0.52002,0.58303,0.52335,0.52689,0.51171,0.59006,0.56933,0.35667,0.34953,0.4697,0.4346,0.41713,0.423,0.47721,0.49356,0.70519,0.62685,0.25711,0.32465,0.50019,0.32715,0.64578,0.63159,0.3216,0.39072,0.57902,0.68994,0.61136,0.65795,0.20861,0.1616,0.56098,0.52771,0.59794,0.52707,0.6177,0.57685,0.59366,0.50404,0.72943,0.75078,0.54592,0.55578,0.67288,0.61816,0.37035,0.49412,0.34841,0.42466,0.42633,0.26093,0.17852,0.21927,0.34755,0.12563,0.49384,0.40857,0.56414,0.43385,0.4214,0.20421,0.44083,0.2742,0.056438,0.095145,0,0,0.24229,0.31429,0.45958,0.37174,0.34933,0.50957,0.49054,0
0.56746,0.49835,0.53214,0.65977,0,0.37017,0.40068,0.6539,0,0.41145,0.16753,0.45248,0.32968,0.39316,0.39166,0.53167,0.59201,0.68072,0.62966,0.58177,0.65714,0.59015,0.61668,0.70723,0.67492,0.71977,0.050352,0.38877,0.54542,0.61127,0.89422,1,0.69283,0.7508,0.59151,0.67354,0.29428,0.48719,0,0.43033,0.11676,0.44638,0.5065,0.54895,0.52235,0.51505,0.52915,0.51274,0.2718,0.3321,0.42865,0.42733,0.29461,0.29662,0.23723,0.39713,0.60928,0.50208,0.10563,0.17775,0.37201,0.27396,0.57359,0.51943,0.25092,0.36914,0.40763,0.58491,0.52471,0.50142,0.2557,0.15475,0.45712,0.48834,0.48703,0.42549,0.47748,0.41816,0.56213,0.58368,0.67247,0.69625,0.42378,0.49148,0.62023,0.60944,0.32711,0.40251,0.12471,0.34088,0.31118,0.12342,0.13867,0.08972,0.22908,0.090158,0.35806,0.34409,0.48124,0.38525,0.28564,0.085024,0.26781,0.12465,0,0,0,0,0.17083,0.27244,0.38406,0.29269,0.22304,0.42908,0.40972,0
0.84773,0.80837,0.75151,0.76126,0.14751,0.16213,0.75159,0.66423,0.23789,0.30251,0.46462,0.65037,0.52443,0.61932,0.51096,0.54577,0.64771,0.75722,0.8604,0.85319,0.35063,0.35396,0.77129,0.71906,0.64492,0.63995,0.089098,0.37969,0.61591,0.56609,0.80825,0.69283,1,0.96282,0.78082,0.81247,0.42631,0.59635,0.22832,0.62673,0.26885,0.61673,0.82239,0.7365,0.78831,0.75811,0.8335,0.80684,0.65802,0.57966,0.67141,0.59866,0.62608,0.64729,0.6772,0.67055,0.84044,0.78719,0.43259,0.40456,0.68752,0.47714,0.70386,0.76653,0.46552,0.48171,0.78408,0.8717,0.77402,0.83706,0.11459,0.1396,0.53481,0.52404,0.61943,0.57266,0.78365,0.73626,0.65402,0.4694,0.82215,0.84389,0.58546,0.66575,0.76549,0.67668,0.38175,0.54998,0.45614,0.5374,0.6555,0.50025,0.41811,0.48776,0.42337,0.085128,0.74417,0.59858,0.76001,0.63367,0.44,0.44617,0.52652,0.38411,0.22448,0.32554,0.032283,0.16987,0.11847,0.35644,0.72127,0.6166,0.53963,0.61662,0.68569,0.047742
0.81183,0.79071,0.72154,0.79463,0.1014,0.23757,0.71559,0.76193,0.18463,0.39124,0.39904,0.66891,0.51158,0.62117,0.49945,0.58068,0.65167,0.79285,0.853,0.85143,0.38344,0.36024,0.72281,0.70966,0.62156,0.63571,0,0.31468,0.65672,0.65686,0.801,0.7508,0.96282,1,0.73595,0.83987,0.35406,0.57272,0.14616,0.56645,0.20559,0.60208,0.80144,0.78836,0.81314,0.79083,0.82901,0.80961,0.61653,0.58125,0.65988,0.59476,0.60356,0.60668,0.58587,0.65489,0.8129,0.76621,0.37599,0.37493,0.65782,0.53756,0.71557,0.77954,0.421,0.50017,0.71626,0.85485,0.76856,0.7991,0.1316,0.14943,0.53794,0.54708,0.59963,0.54826,0.74949,0.67681,0.65637,0.51991,0.8254,0.85892,0.58277,0.71484,0.77694,0.72484,0.39085,0.53866,0.38322,0.53312,0.63692,0.43937,0.4282,0.41332,0.41361,0.10701,0.71193,0.58081,0.77598,0.64706,0.41402,0.38179,0.45226,0.31681,0.16454,0.23979,0,0.080203,0.092397,0.34684,0.70308,0.63701,0.50729,0.59617,0.63333,0
0.72088,0.61763,0.71686,0.62337,0.18965,0.16823,0.66288,0.47012,0.21427,0.13159,0.44313,0.5105,0.43775,0.45383,0.48312,0.40324,0.41091,0.5659,0.68428,0.65369,0.34706,0.37134,0.74788,0.67396,0.66097,0.64258,0.26974,0.52864,0.31878,0.27605,0.69834,0.59151,0.78082,0.73595,1,0.8512,0.41949,0.4657,0.1782,0.55265,0.08217,0.33532,0.73818,0.66331,0.63644,0.64278,0.70228,0.75048,0.60282,0.54318,0.64254,0.60369,0.51597,0.65696,0.64779,0.63273,0.7161,0.68617,0.50478,0.40641,0.63065,0.37398,0.38005,0.55949,0.59595,0.52088,0.80942,0.80968,0.62207,0.73103,0.14692,0.25281,0.39779,0.41327,0.51861,0.53116,0.7433,0.72749,0.44941,0.46605,0.56033,0.68715,0.36258,0.39606,0.61001,0.53808,0.30548,0.46346,0.50465,0.59379,0.55271,0.51406,0.32817,0.51225,0.42848,0.12676,0.71392,0.62818,0.66097,0.59595,0.41978,0.49241,0.53828,0.44296,0.26402,0.37202,0.0015282,0.18251,0.28618,0.38369,0.72829,0.58582,0.49829,0.53693,0.6481,0.14681
0.75392,0.63152,0.68959,0.67954,0.1546,0.26237,0.71801,0.67128,0.2489,0.34706,0.49804,0.64935,0.57049,0.5569,0.55598,0.55911,0.57238,0.69457,0.76975,0.77085,0.36645,0.35268,0.69953,0.65528,0.62299,0.65455,0.086995,0.44703,0.53952,0.44468,0.73223,0.67354,0.81247,0.83987,0.8512,1,0.3858,0.46656,0.11514,0.50362,0.10297,0.45269,0.73208,0.6986,0.67937,0.67324,0.75297,0.81676,0.52215,0.49159,0.60992,0.56765,0.59778,0.68199,0.61876,0.70411,0.72074,0.62765,0.46345,0.36527,0.63048,0.5024,0.57688,0.63182,0.49522,0.49911,0.75316,0.8379,0.72354,0.78197,0.10312,0.1314,0.51086,0.5007,0.61623,0.60892,0.80979,0.71648,0.5228,0.44503,0.71442,0.76879,0.45867,0.53036,0.70606,0.6365,0.3748,0.49704,0.47705,0.64895,0.66776,0.54689,0.41931,0.45376,0.39263,0.004432,0.70392,0.5751,0.78841,0.72523,0.4497,0.44663,0.5027,0.43049,0.20188,0.26827,0,0.12926,0.26215,0.30809,0.77713,0.63836,0.50268,0.58509,0.62919,0.035481
0.36674,0.30199,0.31278,0.21303,0.18838,0.1334,0.26963,0.081808,0.28505,0.11513,0.43727,0.15786,0.47122,0.19349,0.44414,0.22307,0.30143,0.3432,0.4302,0.44851,0.20604,0.28514,0.28893,0.16283,0.49107,0.31493,0.14958,0.26923,0.22633,0.035715,0.37851,0.29428,0.42631,0.35406,0.41949,0.3858,1,0.75009,0.42248,0.71275,0.62549,0.51895,0.32374,0.18897,0.24311,0.17974,0.30309,0.32953,0.35988,0.20595,0.35561,0.22534,0.32768,0.30636,0.46906,0.40361,0.33241,0.29833,0.38648,0.2222,0.32533,0.12488,0.20646,0.27495,0.28497,0.12831,0.561,0.42981,0.45857,0.47039,0,0,0.43637,0.34604,0.50778,0.41769,0.52667,0.46096,0.12536,0.057296,0.35584,0.32237,0.34538,0.17578,0.40868,0.1477,0.38225,0.30753,0.29463,0.20184,0.39671,0.41653,0.1931,0.28825,0,0,0.47243,0.19152,0.46732,0.42527,0.52966,0.30495,0.5537,0.46439,0.39656,0.44158,0.18964,0.18841,0.039296,0.077541,0.4987,0.25232,0.41499,0.48458,0.45247,0.184
0.48577,0.55723,0.40209,0.41661,0.20804,0.18896,0.33002,0.34066,0.24064,0.19622,0.37189,0.3864,0.44904,0.43565,0.52549,0.40427,0.38531,0.53778,0.5634,0.61369,0.29921,0.35927,0.44882,0.38774,0.61099,0.47351,0.19762,0.31687,0.35796,0.35691,0.58094,0.48719,0.59635,0.57272,0.4657,0.46656,0.75009,1,0.31911,0.83957,0.66306,0.72402,0.43064,0.37272,0.39286,0.32822,0.45084,0.43151,0.41038,0.30747,0.49735,0.37637,0.44625,0.312,0.50457,0.49379,0.482,0.52562,0.34546,0.29305,0.43411,0.31811,0.4043,0.54372,0.30082,0.24864,0.59653,0.54635,0.61888,0.59524,0,0,0.57425,0.53372,0.62242,0.49533,0.575,0.50268,0.2959,0.20056,0.54198,0.54132,0.53386,0.4645,0.61773,0.43696,0.45863,0.45156,0.39632,0.26377,0.437,0.31061,0.1868,0.21496,0.137,0,0.58534,0.33244,0.55171,0.44712,0.53518,0.22689,0.54389,0.35323,0.28137,0.34159,0.1373,0.061037,0,0.24844,0.53639,0.34861,0.47949,0.62012,0.53329,0.059022
0.17658,0.23593,0.25432,0.11584,0,0,0.19035,0,0.051825,0,0.19731,0.062276,0.17481,0.017554,0.15242,0,0.0065284,0.096196,0.159,0.2063,0,0,0.1971,0.024952,0.13677,0,0,0,0,0,0.045523,0,0.22832,0.14616,0.1782,0.11514,0.42248,0.31911,1,0.44968,0.67083,0.41041,0.1897,0.11447,0.17531,0.042447,0.10448,0.12513,0.17953,0.052232,0.1268,0.048173,0.10208,0.12345,0.48093,0.2467,0.13207,0.23625,0.12601,0.071346,0.069831,0.027329,0,0.1011,0,0,0.29244,0.17021,0.26875,0.27604,0,0,0.1657,0.033236,0.13052,0.06248,0.16909,0.15881,0,0,0.075743,0.065551,0.3356,0.20821,0.16559,0,0.46286,0.48977,0.30843,0.17939,0.15517,0.22054,0.22876,0.33432,0.034272,0,0.35928,0.060771,0.11059,0.097516,0.24921,0.20298,0.29542,0.1554,0.18926,0.3117,0.32139,0.44505,0,0,0.21133,0,0.14431,0.11396,0.22806,0.063017
0.51559,0.57518,0.47266,0.44013,0.19429,0.11353,0.38542,0.27589,0.28777,0.12568,0.32438,0.38925,0.33037,0.36693,0.47901,0.38666,0.34684,0.53177,0.55097,0.58399,0.26704,0.3506,0.50698,0.44589,0.58657,0.5047,0.25884,0.41217,0.33912,0.29925,0.55702,0.43033,0.62673,0.56645,0.55265,0.50362,0.71275,0.83957,0.44968,1,0.55895,0.72666,0.48394,0.41983,0.44939,0.35228,0.49925,0.4869,0.44729,0.32416,0.48539,0.41209,0.42391,0.34666,0.62,0.61534,0.51653,0.58135,0.40241,0.33203,0.42374,0.33521,0.30141,0.49619,0.29971,0.28727,0.63324,0.57383,0.64018,0.61623,0,0,0.51017,0.50448,0.54942,0.48004,0.55585,0.54829,0.36251,0.2321,0.50669,0.52695,0.53807,0.45504,0.50814,0.41164,0.44188,0.57118,0.37276,0.35854,0.43388,0.32658,0.26692,0.33198,0.28732,0.14884,0.63825,0.55368,0.54271,0.51117,0.46247,0.36402,0.55225,0.47278,0.31833,0.43256,0.21659,0.26497,0.10272,0.27181,0.58217,0.41067,0.48323,0.56194,0.55327,0.16991
0.13319,0.19499,0.20071,0.093836,0.062584,0,0.16373,0.021437,0.11327,0,0.17221,0.04523,0.27063,0.11644,0.21468,0.10398,0.096783,0.1161,0.20382,0.27042,0,0,0.21675,0.081496,0.25131,0.098031,0.017165,0,0.10037,0,0.21672,0.11676,0.26885,0.20559,0.08217,0.10297,0.62549,0.66306,0.67083,0.55895,1,0.61645,0.11845,0.026248,0.14165,0.041424,0.072784,0.093873,0.17949,0.099384,0.23514,0.15104,0.18373,0.11633,0.32452,0.25578,0.10752,0.10491,0.15066,0.042421,0.14789,0.022292,0.1774,0.18682,0.020296,0,0.31298,0.21898,0.31081,0.29198,0,0,0.42973,0.27246,0.38469,0.2457,0.20678,0.18847,0,0,0.19984,0.12055,0.43506,0.27947,0.30493,0.16121,0.49608,0.44266,0.20125,0.1542,0.19125,0.24476,0.13686,0.20426,0,0,0.28696,0,0.17401,0.15962,0.31222,0.11754,0.33054,0.2257,0.26576,0.32336,0.26162,0.22232,0,0,0.22937,0.0060502,0.20234,0.28628,0.30686,0.042154
0.44966,0.60369,0.43936,0.54208,0.073985,0.11329,0.39767,0.41894,0.20588,0.20254,0.32752,0.4228,0.50017,0.45445,0.49808,0.4112,0.42125,0.57634,0.56465,0.62591,0.26161,0.24337,0.46658,0.41724,0.49892,0.35243,0,0.10302,0.47743,0.49123,0.52002,0.44638,0.61673,0.60208,0.33532,0.45269,0.51895,0.72402,0.41041,0.72666,0.61645,1,0.42227,0.38471,0.49032,0.38879,0.49016,0.47654,0.38631,0.33999,0.53396,0.39341,0.56678,0.35497,0.54398,0.55254,0.42238,0.48964,0.23243,0.24045,0.35863,0.32547,0.54203,0.61084,0.15393,0.18002,0.44233,0.46317,0.62912,0.599,0,0,0.53078,0.49381,0.50172,0.34894,0.46716,0.34793,0.37018,0.21208,0.61676,0.58208,0.66101,0.6399,0.69169,0.49748,0.58082,0.53523,0.40073,0.2588,0.50229,0.27084,0.33198,0.23565,0.23072,0.035925,0.54949,0.3658,0.55669,0.48979,0.46362,0.13164,0.46024,0.25352,0.23756,0.2832,0.20442,0.20416,0,0.20926,0.49025,0.33214,0.35717,0.48139,0.48858,0
0.78834,0.67728,0.73045,0.70008,0.23068,0.22759,0.75159,0.60192,0.21301,0.27278,0.44383,0.56809,0.47725,0.55779,0.40316,0.41878,0.51609,0.66164,0.76425,0.76498,0.25828,0.2282,0.70623,0.61307,0.5965,0.57957,0.047241,0.28537,0.47084,0.39738,0.58303,0.5065,0.82239,0.80144,0.73818,0.73208,0.32374,0.43064,0.1897,0.48394,0.11845,0.42227,1,0.86831,0.86884,0.87312,0.937,0.90656,0.78948,0.71627,0.73433,0.68957,0.65124,0.71724,0.64643,0.67438,0.76781,0.69302,0.41954,0.38522,0.62263,0.36833,0.51433,0.62397,0.46059,0.49211,0.73218,0.84848,0.64636,0.76841,0,0.1468,0.30428,0.36654,0.41082,0.46185,0.67199,0.67466,0.5251,0.41782,0.67027,0.72502,0.42066,0.57492,0.60537,0.58033,0.2894,0.53837,0.3769,0.59368,0.70101,0.56911,0.49771,0.58531,0.50847,0.11142,0.76971,0.61937,0.77104,0.65235,0.39464,0.52724,0.48783,0.4173,0.18945,0.30087,0,0.20804,0.20253,0.44637,0.73266,0.68586,0.56762,0.5966,0.66187,0.043316
0.67688,0.61624,0.6555,0.69693,0.023592,0.19677,0.63283,0.60798,0,0.21259,0.29436,0.49804,0.39373,0.47444,0.31895,0.3342,0.46182,0.70128,0.66828,0.65787,0.24454,0.1322,0.63485,0.58611,0.47849,0.46843,0,0.097973,0.47772,0.48281,0.52335,0.54895,0.7365,0.78836,0.66331,0.6986,0.18897,0.37272,0.11447,0.41983,0.026248,0.38471,0.86831,1,0.89455,0.85833,0.88976,0.86137,0.69427,0.66552,0.74786,0.70097,0.60758,0.59943,0.52065,0.70485,0.66545,0.63989,0.23254,0.22072,0.47519,0.35045,0.45501,0.57212,0.33283,0.39888,0.5981,0.73533,0.59245,0.60724,0.0083496,0.12918,0.24664,0.29671,0.31105,0.28949,0.5198,0.45167,0.50378,0.53879,0.59574,0.6838,0.42332,0.55477,0.64074,0.62926,0.3314,0.5525,0.28479,0.5087,0.58526,0.38211,0.49266,0.40553,0.41381,0.13478,0.71382,0.63227,0.68953,0.60489,0.25285,0.29607,0.26246,0.21535,0.036793,0.17869,0,0,0.10524,0.34871,0.65957,0.63186,0.41146,0.49252,0.53152,0
0.68122,0.6634,0.7019,0.74546,0.11829,0.20544,0.69692,0.62315,0.10877,0.29276,0.27154,0.49198,0.4378,0.53712,0.36225,0.41948,0.47344,0.68742,0.71347,0.70077,0.22348,0.18544,0.695,0.64165,0.48417,0.46201,0,0.087622,0.46412,0.49177,0.52689,0.52235,0.78831,0.81314,0.63644,0.67937,0.24311,0.39286,0.17531,0.44939,0.14165,0.49032,0.86884,0.89455,1,0.93839,0.86754,0.82111,0.76993,0.76198,0.76781,0.74969,0.61877,0.62621,0.5226,0.67446,0.6873,0.66515,0.33338,0.30775,0.54379,0.41286,0.57583,0.65237,0.40613,0.49494,0.61999,0.77184,0.6057,0.65708,0.021981,0.16828,0.24209,0.3704,0.35388,0.38099,0.55596,0.50636,0.50347,0.45309,0.63327,0.71222,0.49298,0.62668,0.66116,0.68711,0.3827,0.5832,0.25745,0.52716,0.64723,0.45861,0.56113,0.5204,0.39039,0.11135,0.66946,0.58144,0.72438,0.60387,0.30137,0.41592,0.33023,0.29772,0.11332,0.22996,0,0.083524,0.10269,0.34546,0.65036,0.6734,0.47539,0.48684,0.57801,0
