1,0.35356,0.55033,0.53034,0.26455,0.23305,0.74715,0.43739,0.19636,0.28101,0.54571,0.1774,0.52971,0.30047,0.26621,0.23637,0.27326,0,0.69751,0.72406,0.10333,0.39619,0.30335,0.25969,0.12594,0,0.10933,0.13392,0.23208,0.1613,0.28169,0.41,0.58972,0.38739,0.27497,0.30912,0.23101,0.22157,0.17255,0.092601,0.093207,0,0.50581,0.58315,0.44322,0.54725,0.66191,0.66349,0.53142,0.51682,0.50438,0.40115,0.51076,0.49711,0.65769,0.72355,0.82279,0.4185,0.55171,0.50808,0.51066,0.34575,0.54295,0.30916,0.011341,0.049596,0.52685,0.51146,0.64794,0.72991,0.4289,0.51805,0.36683,0.54093,0.37589,0.4615,0.65017,0.6771,0,0.13173,0.21042,0.24407,0.059534,0.19301,0.33641,0.42389,0.12287,0.1523,0.39201,0.48408,0.46485,0.51234,0.44617,0.42624,0.28923,0.26747,0.53375,0.51369,0.52322,0.48635,0.20111,0.32492,0.29207,0.29276,0.38361,0.28524,0.30519,0.28927,0,0.026972,0.44815,0.3711,0.37255,0.25639,0.34272,0.36263
0.35356,1,0.034828,0.48493,0.1264,0.019585,0.11171,0.71178,0.30229,0.33296,0.38901,0.74761,0.37756,0.64452,0.34122,0.15887,0.062791,0.066563,0.33944,0.61056,0,0.2066,0.034373,0.049051,0,0,0,0,0,0.34077,0.16733,0.18477,0.50931,0.62233,0.16937,0.30164,0,0.14159,0,0,0,0.16392,0.13959,0.26996,0.048082,0.22029,0.27908,0.29515,0.32422,0.32145,0.31996,0.18237,0.36033,0.24686,0.41762,0.19101,0.53267,0.79904,0.24397,0.40531,0.37716,0.39146,0.45685,0.49822,0,0,0.20358,0.20953,0.39166,0.32802,0.22468,0.15132,0.21802,0.53173,0.39222,0.15358,0.44294,0.39489,0,0,0,0,0,0,0.1839,0.025968,0,0,0.16153,0,0.40374,0.091057,0.22349,0.0084772,0.057242,0.017313,0.23848,0.15458,0.29388,0.18673,0.25876,0,0.24064,0,0.28155,0.063236,0.22817,0.13103,0,0,0.17428,0.040612,0.12259,0.13274,0.21473,0.043586
0.55033,0.034828,1,0.7285,0.56853,0.60076,0.80019,0.30564,0.15273,0.14834,0.16024,0,0.41319,0.036024,0.10744,0.21103,0.055702,0,0.58417,0.49975,0.32773,0.40593,0.88016,0.82939,0.77472,0.63115,0.44216,0.51095,0.019765,0,0.4233,0.42434,0.427,0.26982,0.52417,0.37365,0.29689,0.30064,0.39869,0.27513,0.17182,0.11953,0.55861,0.51545,0.51049,0.52608,0.67114,0.56981,0.41443,0.42113,0.57346,0.48042,0.67004,0.48551,0.38449,0.57183,0.37442,0.066497,0.12461,0,0.44032,0.07722,0.24421,0,0.54185,0.51608,0.62161,0.61074,0.5034,0.61096,0.20389,0.28935,0.15995,0.2953,0.10645,0.37134,0.44493,0.49408,0,0.22577,0.17919,0.30798,0.21908,0.12534,0.45704,0.58871,0.26476,0.27712,0.56884,0.62791,0.58629,0.76147,0.70373,0.79551,0.35474,0.31927,0.51946,0.46614,0.49092,0.64472,0.085269,0.37388,0.037245,0.22345,0.28995,0.39909,0.10163,0.13476,0.15964,0.1681,0.67096,0.44872,0.40093,0.3726,0.51428,0.33942
0.53034,0.48493,0.7285,1,0.58741,0.55757,0.68549,0.7781,0.37823,0.28473,0.29237,0.30825,0.51919,0.43803,0.24354,0.17081,0.050345,0.007204,0.65056,0.7093,0.18409,0.43995,0.69773,0.71677,0.568,0.46596,0.35091,0.32173,0,0.10793,0.39424,0.46943,0.55017,0.52125,0.40036,0.3928,0.27684,0.38025,0.29918,0.19859,0.14999,0.24084,0.51629,0.5606,0.45541,0.55573,0.64592,0.60648,0.52045,0.54753,0.66614,0.5332,0.74083,0.44902,0.57071,0.50355,0.43986,0.39532,0.23272,0.27084,0.55346,0.43491,0.42185,0.25777,0.33331,0.45842,0.60102,0.64711,0.57596,0.66485,0.25155,0.22592,0.23781,0.42933,0.21621,0.29799,0.59729,0.59637,0,0.047419,0.13324,0.20463,0.10157,0.16666,0.50918,0.56363,0.12132,0.057126,0.54135,0.49352,0.75042,0.64107,0.76612,0.62366,0.31476,0.28582,0.57189,0.49273,0.57481,0.60401,0.27754,0.13596,0.19192,0.11663,0.35537,0.35624,0.23652,0.21704,0.012239,0.1771,0.65743,0.41091,0.40224,0.39058,0.53783,0.30799
0.26455,0.1264,0.56853,0.58741,1,0.75646,0.45988,0.41129,0.64325,0.48751,0.023968,0.036739,0.27618,0.20247,0.42934,0.18674,0,0,0.47357,0.4274,0.10688,0.34697,0.55876,0.50906,0.57337,0.49605,0.5508,0.52753,0,0,0.30502,0.36425,0.30289,0.27378,0.35441,0.36559,0.03282,0.19926,0.13595,0.16631,0.037151,0.11328,0.30783,0.33135,0.2686,0.40872,0.42402,0.4162,0.37815,0.39997,0.47476,0.39524,0.49384,0.36325,0.35036,0.38947,0.1097,0.063987,0.12873,0.12479,0.35064,0.20799,0.10846,0,0.31641,0.39408,0.37505,0.45756,0.34529,0.42412,0.32373,0.24595,0.19596,0.20056,0.22545,0.27566,0.33014,0.28615,0,0,0,0.062937,0.041622,0.13522,0.24909,0.37995,0.11383,0.036565,0.38246,0.50016,0.55366,0.48426,0.60748,0.50589,0.050061,0,0.35621,0.28453,0.45692,0.51875,0.2513,0.26003,0.20093,0.22234,0.30908,0.4188,0.070674,0.18927,0,0,0.54485,0.3409,0.36503,0.4406,0.48592,0.14748
0.23305,0.019585,0.60076,0.55757,0.75646,1,0.52092,0.33912,0.43419,0.50202,0.11959,0,0.31226,0.12796,0.34331,0.40273,0.066033,0,0.41861,0.36777,0.12323,0.3176,0.61189,0.60278,0.6336,0.59407,0.65667,0.70038,0,0,0.40973,0.41561,0.36047,0.30089,0.36394,0.36686,0.033991,0.1895,0.20719,0.20296,0.073188,0.046292,0.38479,0.39321,0.33015,0.4492,0.53352,0.4888,0.35386,0.38046,0.44083,0.4263,0.45244,0.36776,0.28672,0.28309,0.13374,0.016587,0.12588,0.052291,0.37004,0.17103,0.11639,0,0.39582,0.44531,0.45134,0.48373,0.292,0.34624,0.084243,0.11975,0.073722,0.19184,0.13557,0.17974,0.21658,0.19516,0.0040262,0.07189,0.11136,0.13895,0.17958,0.19509,0.30713,0.39167,0.09599,0.073665,0.4068,0.36936,0.45274,0.4773,0.58718,0.57031,0.10827,0,0.34815,0.20842,0.47738,0.43685,0.25108,0.36004,0.1692,0.30372,0.27733,0.36695,0.011391,0.098608,0.14712,0.075746,0.57973,0.41566,0.39908,0.43281,0.39219,0.086718
0.74715,0.11171,0.80019,0.68549,0.45988,0.52092,1,0.47252,0.26756,0.33789,0.44282,0.042745,0.64151,0.24567,0.23441,0.27318,0.22718,0,0.65459,0.58775,0.10195,0.2943,0.61471,0.57282,0.44918,0.35515,0.26603,0.31456,0.21283,0.065905,0.32703,0.37152,0.50786,0.34041,0.35427,0.27631,0.22027,0.12869,0.18831,0.090546,0.095091,0.018433,0.56262,0.57379,0.45275,0.55869,0.69047,0.61494,0.47318,0.53121,0.56305,0.5376,0.54418,0.53432,0.42365,0.54258,0.55336,0.1729,0.26892,0.23256,0.51317,0.32115,0.45819,0.23234,0.24967,0.33892,0.56686,0.57422,0.46127,0.59223,0.26353,0.37542,0.17089,0.33663,0.21615,0.42026,0.4817,0.5134,0,0.15329,0.22856,0.30794,0.25637,0.29871,0.40662,0.56429,0.18362,0.16083,0.3698,0.52492,0.45712,0.61724,0.57164,0.65625,0.16079,0.20174,0.42195,0.38357,0.48019,0.52883,0.083535,0.3358,0.05601,0.14687,0.30087,0.34858,0.07348,0.075765,0.059904,0.055419,0.52169,0.46281,0.35997,0.32289,0.46525,0.32123
0.43739,0.71178,0.30564,0.7781,0.41129,0.33912,0.47252,1,0.43507,0.42169,0.42618,0.67563,0.5202,0.75335,0.3078,0.24651,0.21428,0.10911,0.52042,0.67505,0,0.25255,0.30033,0.34112,0.13527,0.074613,0.20072,0.089861,0.13683,0.4594,0.18936,0.28551,0.46699,0.53066,0.1515,0.24258,0.10421,0.22311,0.066848,0.024655,0.03405,0.20333,0.29282,0.37504,0.22356,0.36127,0.42713,0.42651,0.41965,0.45019,0.50026,0.37346,0.56073,0.28828,0.52741,0.29341,0.42101,0.53001,0.19271,0.37648,0.43984,0.55568,0.49977,0.5219,0,0.18451,0.32663,0.40246,0.42497,0.44759,0.18715,0.10184,0.23348,0.50025,0.35309,0.21117,0.52084,0.47785,0,0.028287,0.18231,0.13558,0.083107,0.26319,0.39512,0.3482,0.010253,0,0.32732,0.18608,0.57221,0.28508,0.50419,0.2516,0.14271,0.13165,0.3661,0.30385,0.46933,0.34707,0.21605,0,0.16756,0,0.27922,0.15728,0.15112,0.038331,0,0.093891,0.38118,0.28806,0.25771,0.22684,0.36005,0.12989
0.19636,0.30229,0.15273,0.37823,0.64325,0.43419,0.26756,0.43507,1,0.57906,0.1968,0.24683,0.31367,0.37234,0.79532,0.26407,0,0,0.34341,0.33097,0,0.071037,0.089988,0.0681,0.011265,0,0.2737,0.085461,0,0.019371,0.0058294,0.089871,0.26997,0.26581,0.07086,0.22828,0.035933,0.11814,0,0.028711,0.024338,0.10001,0.29038,0.38953,0.18726,0.40315,0.34022,0.41952,0.42088,0.46023,0.40697,0.43591,0.18446,0.37232,0.2602,0.15771,0.082277,0.14226,0.12405,0.20833,0.26694,0.26454,0.11789,0.17941,0,0.041403,0.13947,0.2431,0.1543,0.16886,0.22705,0.17233,0.12468,0.12426,0.22994,0.10654,0.26103,0.25108,0,0,0,0,0,0.061782,0,0.1593,0,0,0.00037864,0.10025,0.20244,0.16099,0.19857,0.18645,0,0,0.24604,0.15125,0.21479,0.14887,0.039162,0,0.09219,0,0.25725,0.2192,0.055245,0.12144,0,0,0.31338,0.15931,0.22652,0.18483,0.33867,0.14849
0.28101,0.33296,0.14834,0.28473,0.48751,0.50202,0.33789,0.42169,0.57906,1,0.24777,0.23313,0.36399,0.36948,0.53254,0.60497,0.034996,0,0.31079,0.46296,0,0.31583,0.0481,0.027309,0.028432,0,0.16453,0.12331,0.11146,0.14995,0.10913,0.13318,0.35534,0.3465,0.078103,0.21381,0,0.0064958,0,0,0,0.071272,0.16599,0.30057,0.063269,0.27259,0.30257,0.36716,0.31034,0.35275,0.30697,0.34952,0.19437,0.41693,0.28227,0.17706,0.25097,0.26086,0.29659,0.36007,0.21586,0.28091,0.2806,0.33979,0,0,0.16893,0.24345,0.22984,0.26005,0.33219,0.29347,0.17122,0.32682,0.23445,0.11326,0.20517,0.15979,0,0,0,0,0,0.20983,0.049081,0.1538,0,0,0.016755,0.066834,0.20357,0.072724,0.17974,0.016586,0,0,0.14611,0.067791,0.35116,0.20658,0.11536,0.051406,0.16445,0.064711,0.19019,0.16291,0,0.0033457,0,0,0.22626,0.26155,0.30954,0.21874,0.27548,0.023833
0.54571,0.38901,0.16024,0.29237,0.023968,0.11959,0.44282,0.42618,0.1968,0.24777,1,0.47082,0.72217,0.61059,0.34815,0.29451,0.20993,0,0.25898,0.30278,0,0.022704,0,0.0058968,0,0,0.12018,0,0.17384,0.18039,0.16161,0.15972,0.43952,0.37293,0.19086,0.31363,0,0,0,0,0,0,0.20593,0.30845,0.072841,0.26784,0.38735,0.37771,0.23223,0.29249,0.17517,0.25138,0.19511,0.32647,0.3092,0.14603,0.46958,0.45978,0.28072,0.46996,0.52292,0.55797,0.60168,0.48104,0,0,0.25846,0.2528,0.20951,0.25301,0.14337,0.25013,0.23766,0.32227,0.42952,0.26825,0.47143,0.43493,0,0,0.022895,0,0.014109,0.057087,0.087313,0.08113,0,0,0.092135,0,0.1231,0.050622,0.11485,0.078366,0.021149,0,0.16273,0.048416,0.097961,0.01664,0.13615,0.044203,0.12675,0,0.30262,0.085762,0.17267,0.16268,0,0,0.15909,0.098853,0.064603,0.11619,0.12938,0.037291
0.1774,0.74761,0,0.30825,0.036739,0,0.042745,0.67563,0.24683,0.23313,0.47082,1,0.39334,0.8343,0.24746,0.14343,0.038762,0.10841,0.073779,0.27032,0,0.017332,0,0,0,0,0,0,0.074911,0.38831,0,0.0054933,0.1693,0.30265,0,0.098435,0,0,0,0,0,0.048466,0,0.0095239,0,0.044284,0.021221,0.0097366,0.12877,0.13403,0.096629,0.033336,0.10056,0.053898,0.13166,0,0.2775,0.55299,0.062193,0.24419,0.28813,0.47823,0.39884,0.4965,0,0,0,0,0.025647,0.013949,0.14286,0.061472,0.18183,0.37318,0.33423,0.15319,0.32486,0.30756,0,0,0,0,0,0,0,0,0,0,0,0,0.12839,0,0.050963,0,0,0,0.0077152,0,0,0,0.049105,0,0,0,0.13003,0,0.16741,0,0,0.016225,0,0,0,0,0.071879,0
0.52971,0.37756,0.41319,0.51919,0.27618,0.31226,0.64151,0.5202,0.31367,0.36399,0.72217,0.39334,1,0.59096,0.37854,0.31007,0.057913,0,0.26276,0.40683,0,0.033432,0.21911,0.22629,0.10121,0.016613,0.10519,0.015678,0.10589,0.085479,0.1248,0.065426,0.48817,0.40932,0.21417,0.30921,0.046885,0.022542,0,0,0,0.011467,0.26395,0.37671,0.16943,0.35886,0.46953,0.4509,0.38618,0.47092,0.43049,0.44313,0.42515,0.47369,0.30127,0.26086,0.44908,0.34952,0.2862,0.37781,0.63774,0.51216,0.68026,0.50557,0,0.072664,0.32048,0.33731,0.32942,0.32467,0.12129,0.22554,0,0.25594,0.24902,0.27303,0.29368,0.30329,0,0,0.032818,0.061155,0.0046565,0.15297,0.19731,0.25481,0,0,0.11194,0.1592,0.32653,0.34425,0.35626,0.32148,0,0,0.10009,0.026341,0.225,0.27357,0.082022,0.085553,0.024948,0,0.19008,0.12651,0,0.12215,0,0,0.2301,0.27141,0.19447,0.18024,0.30313,0.067133
0.30047,0.64452,0.036024,0.43803,0.20247,0.12796,0.24567,0.75335,0.37234,0.36948,0.61059,0.8343,0.59096,1,0.30252,0.31554,0.090116,0.035298,0.092261,0.32635,0,0,0,0,0,0,0.081395,0,0.1703,0.41281,0,0,0.20732,0.28832,0,0.14824,0,0.028182,0,0,0,0.086388,0.075518,0.18319,0,0.17248,0.21668,0.23751,0.28638,0.3055,0.28354,0.29029,0.25314,0.26603,0.27257,0.031381,0.23365,0.46263,0.10219,0.34374,0.29247,0.54075,0.4572,0.5955,0,0,0.00053685,0.1026,0.13284,0.15279,0.062912,0.01169,0.08733,0.36602,0.31631,0.14644,0.35109,0.33136,0,0,0.0028717,0,0,0.16729,0.032478,0.045309,0,0,0,0,0.27984,0.035189,0.18093,0.0022787,0,0,0.14992,0.043428,0.1315,0.082169,0.04944,0,0.0021616,0,0.1883,0.072043,0.076248,0.0037862,0,0.00942,0.1268,0.063087,0.050693,0.061966,0.20787,0
0.26621,0.34122,0.10744,0.24354,0.42934,0.34331,0.23441,0.3078,0.79532,0.53254,0.34815,0.24746,0.37854,0.30252,1,0.32471,0.053187,0,0.31291,0.32684,0,0.091745,0.033571,0.012973,0,0,0.20723,0.14209,0,0.070272,0.13125,0.17777,0.27787,0.26903,0.072904,0.25622,0,0.044654,0,0.039606,0,0.012316,0.2149,0.28769,0.12661,0.39687,0.31293,0.33762,0.29496,0.34739,0.22983,0.31863,0.14105,0.30955,0.23658,0.1739,0.24304,0.30445,0.10472,0.31548,0.29167,0.3227,0.23929,0.291,0,0.021843,0.17933,0.26267,0.18837,0.15507,0.23545,0.29134,0.15977,0.27889,0.30325,0.15282,0.27885,0.25378,0,0,0,0.020049,0,0.07556,0.11024,0.12309,0,0,0.06064,0.093923,0.12262,0.10921,0.14298,0.1113,0,0,0.11614,0.063484,0.17991,0.10362,0.16519,0,0.1836,0,0.17275,0.12156,0.047935,0.084202,0,0,0.17076,0.1358,0.17507,0.059347,0.11783,0
0.23637,0.15887,0.21103,0.17081,0.18674,0.40273,0.27318,0.24651,0.26407,0.60497,0.29451,0.14343,0.31007,0.31554,0.32471,1,0.34121,0.093574,0.14113,0.2261,0.03463,0.064158,0.17508,0.23001,0.093641,0.098945,0.29375,0.36413,0.38649,0.26038,0.17125,0.10404,0.2532,0.23428,0.018674,0.109,0.11811,0.11661,0.10699,0.058704,0.12735,0.11988,0.3467,0.35368,0.17873,0.37248,0.41993,0.39956,0.2912,0.37405,0.37867,0.48852,0.28047,0.33508,0.18596,0.098046,0.22101,0.19091,0.24722,0.19867,0.31134,0.19576,0.37594,0.39539,0.073408,0.16517,0.28139,0.28348,0.27106,0.14422,0,0,0.02923,0.19063,0.11736,0,0,0,0.34303,0.32136,0.38995,0.32043,0.28711,0.38956,0.22844,0.24927,0.070246,0.051516,0.13644,0,0.051847,0.15166,0.19268,0.16554,0.098103,0,0.20887,0.087744,0.32007,0.17827,0.0025277,0.21805,0.05489,0.12873,0.12706,0.16369,0,0,0.26298,0.12725,0.30445,0.39207,0.27447,0.27851,0.20706,0.019588
0.27326,0.062791,0.055702,0.050345,0,0.066033,0.22718,0.21428,0,0.034996,0.20993,0.038762,0.057913,0.090116,0.053187,0.34121,1,0.53012,0.3277,0.23695,0.20048,0.027027,0.099018,0.15306,0,0.017819,0.10051,0.27369,0.68681,0.58835,0.064455,0.14355,0.089621,0.06898,0,0,0.27914,0.22988,0.40442,0.33245,0.42626,0.29947,0.36656,0.1989,0.38884,0.36532,0.26727,0.20807,0.28808,0.33293,0.25995,0.30857,0.25137,0.06026,0.29555,0.21494,0.34439,0.18501,0.23534,0.3215,0.19048,0.28681,0.3622,0.40969,0.1772,0.28749,0.28201,0.24789,0.31922,0.1942,0,0,0.1099,0.20213,0.028366,0,0.090352,0.0057955,0.65407,0.60413,0.78804,0.64509,0.59673,0.54142,0.57336,0.5029,0.5432,0.45028,0.36558,0.11164,0.10449,0.16381,0.18,0.12484,0.3893,0.21929,0.25975,0.29008,0.32973,0.23729,0.2726,0.17886,0.28604,0.23597,0.056191,0.0066979,0,0,0.52642,0.44771,0.19681,0.42347,0.24378,0.18816,0,0
0,0.066563,0,0.007204,0,0,0,0.10911,0,0,0,0.10841,0,0.035298,0,0.093574,0.53012,1,0.10407,0.1361,0.25726,0,0.093018,0.1177,0.005479,0.095445,0,0.21502,0.55553,0.62559,0.0045918,0.033886,0,0,0,0,0.016762,0.13559,0.26677,0.30788,0.27529,0.29918,0.11673,0,0.19566,0.1374,0,0,0.1112,0.1027,0.11094,0.074187,0.21928,0,0.04673,0.12959,0.099074,0.15946,0.05984,0.16878,0.035155,0.11142,0.26535,0.38419,0.18829,0.18809,0.053359,0.010352,0.22333,0.014625,0,0,0.10434,0.28927,0.02572,0.064267,0,0,0.51314,0.59418,0.64377,0.66123,0.56105,0.50817,0.46576,0.28556,0.53529,0.42088,0.27809,0.11619,0.069592,0.066131,0.1056,0,0.17779,0.033559,0,0.1396,0.16963,0.25471,0.21115,0.03968,0.1276,0.18698,0,0,0,0,0.56667,0.42972,0,0.27782,0.13373,0.096006,0,0
0.69751,0.33944,0.58417,0.65056,0.47357,0.41861,0.65459,0.52042,0.34341,0.31079,0.25898,0.073779,0.26276,0.092261,0.31291,0.14113,0.3277,0.10407,1,0.82899,0.21824,0.49447,0.52829,0.48143,0.32263,0.22867,0.27488,0.31254,0.11995,0.14154,0.42476,0.56671,0.61487,0.51921,0.40427,0.33006,0.25853,0.37902,0.29764,0.23919,0.16473,0.15556,0.5582,0.54753,0.47961,0.54703,0.61629,0.59757,0.48628,0.47227,0.51651,0.32579,0.57117,0.37507,0.61679,0.62377,0.64697,0.42936,0.37535,0.35814,0.48068,0.33129,0.36395,0.15877,0.33583,0.35589,0.62809,0.6029,0.61956,0.70655,0.4054,0.39972,0.46656,0.53746,0.40982,0.4169,0.66279,0.64751,0,0.19825,0.23617,0.27571,0.12549,0.21338,0.50099,0.51311,0.23627,0.19957,0.59253,0.48713,0.52717,0.5113,0.57352,0.50869,0.36525,0.31325,0.56965,0.60486,0.60953,0.53567,0.30703,0.27306,0.4014,0.33201,0.38782,0.34174,0.24886,0.27424,0.044345,0.16767,0.56382,0.46254,0.45092,0.42259,0.41687,0.37163
0.72406,0.61056,0.49975,0.7093,0.4274,0.36777,0.58775,0.67505,0.33097,0.46296,0.30278,0.27032,0.40683,0.32635,0.32684,0.2261,0.23695,0.1361,0.82899,1,0.1911,0.54087,0.43957,0.40958,0.2421,0.11288,0.14922,0.1522,0.16563,0.29107,0.37898,0.48041,0.68381,0.61542,0.29343,0.31674,0.18145,0.36219,0.19984,0.1425,0.15374,0.22911,0.40852,0.50549,0.39386,0.48122,0.56788,0.58605,0.54359,0.53405,0.55258,0.37571,0.62594,0.47423,0.65102,0.65129,0.71833,0.5406,0.49583,0.50792,0.47918,0.39789,0.52068,0.39573,0.13005,0.19549,0.53615,0.54508,0.73625,0.75772,0.43217,0.4422,0.38804,0.63429,0.37765,0.39735,0.60134,0.60554,0,0.13352,0.23145,0.28251,0.033741,0.24159,0.48159,0.48572,0.14654,0.10371,0.49789,0.445,0.63499,0.49557,0.57036,0.37305,0.25388,0.25419,0.50303,0.51217,0.65944,0.55566,0.33338,0.11096,0.35397,0.21825,0.37185,0.31039,0.19213,0.22993,0,0.076866,0.48734,0.43213,0.44538,0.36296,0.42973,0.30564
0.10333,0,0.32773,0.18409,0.10688,0.12323,0.10195,0,0,0,0,0,0,0,0,0.03463,0.20048,0.25726,0.21824,0.1911,1,0.62017,0.31121,0.30728,0.35924,0.38831,0.13536,0.27989,0.21936,0.13224,0.14568,0.15338,0,0,0,0,0.45402,0.49247,0.60965,0.50564,0.49513,0.44812,0.29541,0.19411,0.48232,0.26713,0.14651,0.14813,0.22452,0.14791,0.28273,0.20637,0.21522,0.049521,0.22111,0.35152,0.044534,0,0.25261,0.11108,0.055381,0,0,0,0.30901,0.31628,0.31559,0.32329,0.30596,0.36093,0.30309,0.26532,0.24132,0.18858,0,0.10156,0.21057,0.2235,0.16141,0.26804,0.27912,0.306,0.13317,0.10005,0.29093,0.4091,0.49943,0.55138,0.45018,0.39918,0.27788,0.38318,0.24729,0.21462,0.43454,0.49825,0.34064,0.52219,0.28737,0.44274,0.14515,0.26576,0.15816,0.33453,0,0,0.0029619,0.094768,0.45362,0.34766,0.18948,0.35714,0.39245,0.064245,0,0.098675
0.39619,0.2066,0.40593,0.43995,0.34697,0.3176,0.2943,0.25255,0.071037,0.31583,0.022704,0.017332,0.033432,0,0.091745,0.064158,0.027027,0,0.49447,0.54087,0.62017,1,0.4021,0.36143,0.43415,0.37575,0.21296,0.27867,0.022003,0.023025,0.3966,0.44691,0.3459,0.30397,0.27597,0.25141,0.25795,0.47277,0.3185,0.24088,0.1284,0.27312,0.22322,0.29131,0.34264,0.30975,0.27266,0.34846,0.25658,0.21059,0.26423,0.15537,0.31302,0.20657,0.45476,0.52057,0.36773,0.23503,0.3821,0.28653,0.2286,0.1563,0.046779,0,0.20737,0.25292,0.46378,0.52203,0.47752,0.64272,0.59092,0.56626,0.44469,0.45929,0.20999,0.28684,0.56436,0.54878,0,0,0.0066934,0.041468,0,0,0.27523,0.37817,0.17634,0.15167,0.45887,0.49174,0.49161,0.41594,0.43146,0.30589,0.26658,0.37877,0.43724,0.57484,0.47004,0.49927,0.36971,0.27017,0.40213,0.44287,0.17301,0.23943,0.24509,0.33059,0,0.011983,0.33036,0.29953,0.42772,0.24454,0.18491,0.21238
0.30335,0.034373,0.88016,0.69773,0.55876,0.61189,0.61471,0.30033,0.089988,0.0481,0,0,0.21911,0,0.033571,0.17508,0.099018,0.093018,0.52829,0.43957,0.31121,0.4021,1,0.96768,0.87678,0.77816,0.52923,0.60397,0,0,0.55437,0.51827,0.41497,0.35427,0.5725,0.40208,0.23334,0.31535,0.38865,0.26105,0.17529,0.18707,0.45612,0.38726,0.40894,0.42968,0.54754,0.45366,0.28967,0.33929,0.48863,0.41038,0.63604,0.39318,0.26867,0.46032,0.24103,0.06487,0.0031845,0,0.39214,0.065726,0.1378,0,0.71924,0.68529,0.6305,0.61915,0.43453,0.51453,0.088612,0.13981,0.13657,0.21867,0.079741,0.2823,0.32519,0.3563,0.04778,0.30459,0.21213,0.32975,0.31986,0.11016,0.51557,0.5736,0.31528,0.2388,0.60127,0.56934,0.59475,0.68016,0.74458,0.77026,0.34063,0.25716,0.4469,0.40317,0.49804,0.60072,0.17131,0.30904,0.060109,0.22185,0.30279,0.4488,0.067545,0.099381,0.21064,0.18254,0.68036,0.43374,0.34428,0.47375,0.53559,0.27458
0.25969,0.049051,0.82939,0.71677,0.50906,0.60278,0.57282,0.34112,0.0681,0.027309,0.0058968,0,0.22629,0,0.012973,0.23001,0.15306,0.1177,0.48143,0.40958,0.30728,0.36143,0.96768,1,0.84824,0.77356,0.55625,0.63396,0.052094,0,0.53151,0.51779,0.38709,0.34223,0.51107,0.3584,0.25652,0.33871,0.41653,0.28593,0.19658,0.22247,0.47813,0.38481,0.41567,0.43993,0.54742,0.43894,0.29587,0.3493,0.50645,0.44199,0.65246,0.3547,0.26474,0.40299,0.19958,0.068833,0,0,0.40014,0.093295,0.17843,0,0.70578,0.7214,0.61823,0.61007,0.42094,0.47551,0.00090536,0.036063,0.098605,0.20067,0.02561,0.21938,0.28628,0.31694,0.13246,0.33434,0.28384,0.35658,0.38269,0.15628,0.55785,0.59967,0.33451,0.26114,0.59725,0.51758,0.58946,0.65785,0.74078,0.74209,0.38742,0.28398,0.44438,0.39904,0.48732,0.5746,0.17723,0.26993,0.036687,0.19209,0.28595,0.4123,0.11001,0.05605,0.27974,0.25624,0.67958,0.45176,0.32684,0.45366,0.4951,0.22454
0.12594,0,0.77472,0.568,0.57337,0.6336,0.44918,0.13527,0.011265,0.028432,0,0,0.10121,0,0,0.093641,0,0.005479,0.32263,0.2421,0.35924,0.43415,0.87678,0.84824,1,0.91881,0.56701,0.65363,0,0,0.6255,0.52244,0.28857,0.26485,0.56557,0.37918,0.10522,0.23061,0.28812,0.19969,0.070912,0.13893,0.32561,0.24547,0.31326,0.33894,0.40597,0.2992,0.1693,0.18444,0.33711,0.2877,0.49111,0.28709,0.14416,0.30308,0.080986,0,0,0,0.32524,0.01491,0.0031755,0,0.70083,0.64582,0.53623,0.53199,0.2993,0.38755,0.1107,0.12876,0.13118,0.097914,0,0.22256,0.2251,0.22467,0,0.1497,0.05747,0.17436,0.21322,0,0.38323,0.43461,0.22057,0.13353,0.52578,0.49364,0.49955,0.56668,0.63937,0.67603,0.21255,0.11734,0.32564,0.25208,0.38398,0.50986,0.24468,0.34412,0.085559,0.3015,0.22632,0.38346,0.08301,0.085529,0.16034,0.096844,0.51747,0.29525,0.30662,0.43818,0.3799,0.11129
0,0,0.63115,0.46596,0.49605,0.59407,0.35515,0.074613,0,0,0,0,0.016613,0,0,0.098945,0.017819,0.095445,0.22867,0.11288,0.38831,0.37575,0.77816,0.77356,0.91881,1,0.49361,0.68517,0,0,0.65078,0.55566,0.16996,0.18005,0.41069,0.20793,0.076561,0.17346,0.27091,0.26948,0.12505,0.17833,0.31671,0.18172,0.30364,0.32567,0.31971,0.20233,0.11477,0.13668,0.26819,0.25302,0.37347,0.16398,0.054796,0.20823,0,0,0,0,0.24164,0.04783,0,0,0.67477,0.68256,0.48765,0.4798,0.20391,0.25559,0.028489,0.073382,0.043535,0.032077,0,0.15851,0.095946,0.081425,0.086191,0.19964,0.12933,0.2384,0.29237,0.065743,0.37696,0.39832,0.28804,0.19842,0.47038,0.46198,0.3624,0.44521,0.54364,0.56773,0.14301,0.015049,0.22789,0.17887,0.31038,0.44367,0.23343,0.33288,0.081786,0.33326,0.13863,0.33172,0.0099341,0.010166,0.28498,0.19364,0.42735,0.29908,0.28817,0.38535,0.27314,0.038536
0.10933,0,0.44216,0.35091,0.5508,0.65667,0.26603,0.20072,0.2737,0.16453,0.12018,0,0.10519,0.081395,0.20723,0.29375,0.10051,0,0.27488,0.14922,0.13536,0.21296,0.52923,0.55625,0.56701,0.49361,1,0.7895,0,0,0.46937,0.40373,0.30706,0.31374,0.49781,0.47466,0.017984,0.18323,0.15619,0.03127,0,0,0.30399,0.22121,0.1596,0.31586,0.40991,0.33166,0.12338,0.13447,0.27184,0.30099,0.32698,0.25439,0.17431,0.21462,0.033692,0.061132,0.0039289,0,0.33021,0.09027,0,0,0.51241,0.51038,0.49157,0.53749,0.21293,0.27476,0,0,0.10249,0.15685,0.24477,0.25606,0.23446,0.24536,0.19764,0.23128,0.051504,0.061154,0.22585,0,0.17963,0.22467,0.047681,0,0.3589,0.27596,0.36952,0.31465,0.44075,0.39544,0.12788,0,0.27778,0.21562,0.30043,0.34243,0.23052,0.33246,0.11624,0.31799,0.1965,0.22201,0.19223,0.051496,0.12353,0,0.46608,0.29694,0.35232,0.47866,0.25572,0
0.13392,0,0.51095,0.32173,0.52753,0.70038,0.31456,0.089861,0.085461,0.12331,0,0,0.015678,0,0.14209,0.36413,0.27369,0.21502,0.31254,0.1522,0.27989,0.27867,0.60397,0.63396,0.65363,0.68517,0.7895,1,0.13784,0,0.51421,0.51435,0.14895,0.12159,0.32678,0.23546,0.089415,0.25357,0.37427,0.36725,0.12676,0.053791,0.36665,0.20037,0.36157,0.42086,0.42473,0.28512,0.17409,0.17647,0.283,0.32101,0.40793,0.13846,0.20222,0.30526,0.083611,0.0092402,0.11437,0.020714,0.29361,0.087599,0.0088357,0,0.62833,0.66289,0.54946,0.56514,0.33364,0.32588,0,0,0.14129,0.17346,0.084518,0.18895,0.12994,0.12846,0.40423,0.42209,0.36903,0.38369,0.50943,0.21843,0.45267,0.4259,0.38946,0.28913,0.56785,0.47831,0.35265,0.44342,0.52455,0.47838,0.21102,0,0.29146,0.26175,0.38631,0.45242,0.33844,0.45528,0.22073,0.53195,0.082117,0.25203,0.13688,0.032715,0.43376,0.19309,0.45658,0.41985,0.40445,0.42902,0.12714,0
0.23208,0,0.019765,0,0,0,0.21283,0.13683,0,0.11146,0.17384,0.074911,0.10589,0.1703,0,0.38649,0.68681,0.55553,0.11995,0.16563,0.21936,0.022003,0,0.052094,0,0,0,0.13784,1,0.7073,0,0.046978,0,0,0,0,0.18349,0.12388,0.2643,0.25552,0.27517,0.28156,0.19697,0.053684,0.2588,0.18673,0.1635,0.064519,0.22633,0.18966,0.15692,0.21772,0.18018,0.085749,0.17185,0.13081,0.18422,0.031545,0.16239,0.27924,0,0.21328,0.37706,0.45509,0,0.04246,0,0,0.23596,0.11265,0,0,0.18104,0.21734,0,0,0.04995,0,0.60228,0.4833,0.73397,0.61429,0.61651,0.59411,0.40693,0.32291,0.43389,0.37977,0.17216,0.078578,0.024429,0.10837,0.056709,0.025835,0.19758,0.18967,0.10991,0.18798,0.26484,0.19054,0.16298,0.045393,0.14254,0.097054,0,0,0,0,0.53345,0.38786,0,0.37095,0.1821,0.041783,0,0
0.1613,0.34077,0,0.10793,0,0,0.065905,0.4594,0.019371,0.14995,0.18039,0.38831,0.085479,0.41281,0.070272,0.26038,0.58835,0.62559,0.14154,0.29107,0.13224,0.023025,0,0,0,0,0,0,0.7073,1,0,0,0,0,0,0,0.072472,0.22725,0.18569,0.18515,0.19879,0.36455,0.14341,0.082977,0.22049,0.17329,0.10976,0.065453,0.30687,0.28032,0.21551,0.18171,0.19876,0,0.27155,0.094202,0.15251,0.20856,0.13552,0.34071,0.014761,0.22517,0.40556,0.57592,0,0,0,0,0.2075,0.037812,0,0,0.1319,0.40673,0.14273,0,0.10023,0.038954,0.42568,0.42721,0.61412,0.49354,0.41277,0.53068,0.34985,0.22731,0.30664,0.23704,0.12682,0,0.098439,0,0,0,0.19093,0.19038,0.11012,0.1909,0.28079,0.11725,0.11439,0,0.15933,0,0,0,0,0,0.40779,0.33457,0,0.25429,0.12835,0,0,0
0.28169,0.16733,0.4233,0.39424,0.30502,0.40973,0.32703,0.18936,0.0058294,0.10913,0.16161,0,0.1248,0,0.13125,0.17125,0.064455,0.0045918,0.42476,0.37898,0.14568,0.3966,0.55437,0.53151,0.6255,0.65078,0.46937,0.51421,0,0,1,0.87002,0.52725,0.55333,0.50259,0.41162,0,0.089492,0,0,0,0,0.28402,0.22725,0.1765,0.30948,0.41817,0.34015,0.15844,0.13044,0.19343,0.16071,0.33402,0.30545,0.21693,0.30224,0.38745,0.34121,0.17466,0.18953,0.34551,0.23627,0.1412,0,0.43953,0.3685,0.53371,0.48262,0.39192,0.38138,0.19637,0.28815,0.2665,0.34093,0.25293,0.38039,0.34037,0.33487,0,0.14284,0.023897,0.096475,0.15085,0,0.26958,0.14338,0,0,0.39813,0.28768,0.2993,0.21649,0.38348,0.33661,0,0,0.21029,0.10154,0.40486,0.31737,0.34144,0.20425,0.37708,0.38424,0.40645,0.34207,0.2402,0.16199,0,0,0.34611,0.24841,0.38551,0.49736,0.2877,0.14482
0.41,0.18477,0.42434,0.46943,0.36425,0.41561,0.37152,0.28551,0.089871,0.13318,0.15972,0.0054933,0.065426,0,0.17777,0.10404,0.14355,0.033886,0.56671,0.48041,0.15338,0.44691,0.51827,0.51779,0.52244,0.55566,0.40373,0.51435,0.046978,0,0.87002,1,0.48137,0.47097,0.4042,0.36442,0,0.17646,0.082828,0.11012,0,0,0.35119,0.28112,0.30014,0.37059,0.48507,0.4042,0.25816,0.17781,0.21811,0.13226,0.39583,0.2211,0.39815,0.45109,0.42468,0.36404,0.22216,0.26368,0.27558,0.27019,0.14998,0,0.34376,0.33393,0.51197,0.47735,0.44146,0.48502,0.2632,0.32934,0.39797,0.4423,0.25971,0.37997,0.48594,0.47545,0.00085593,0.13959,0.12193,0.15082,0.1917,0.029761,0.34098,0.23996,0.061981,0,0.49219,0.38672,0.3801,0.23787,0.39901,0.31375,0.13582,0,0.35532,0.30142,0.49554,0.3716,0.37278,0.18512,0.45259,0.44038,0.43867,0.39578,0.32869,0.21475,0.016921,0.060875,0.45992,0.28638,0.37653,0.42777,0.28773,0.1868
0.58972,0.50931,0.427,0.55017,0.30289,0.36047,0.50786,0.46699,0.26997,0.35534,0.43952,0.1693,0.48817,0.20732,0.27787,0.2532,0.089621,0,0.61487,0.68381,0,0.3459,0.41497,0.38709,0.28857,0.16996,0.30706,0.14895,0,0,0.52725,0.48137,1,0.8922,0.62439,0.61597,0.053327,0.10716,0,0,0,0,0.3735,0.50411,0.15533,0.39587,0.56499,0.58828,0.31864,0.41979,0.41283,0.30851,0.45651,0.43894,0.44956,0.42391,0.67148,0.54171,0.39526,0.29717,0.63431,0.35863,0.47928,0.23694,0.24896,0.22591,0.66614,0.59911,0.51663,0.54637,0.25463,0.34931,0.22746,0.39443,0.35856,0.31444,0.44331,0.46495,0,0.047688,0,0.011281,0,0,0.25919,0.2639,0,0,0.31075,0.22697,0.43133,0.30125,0.43381,0.34787,0.092687,0,0.36731,0.23706,0.42813,0.33122,0.24569,0.19341,0.27687,0.18411,0.51557,0.34732,0.20649,0.26729,0,0,0.46884,0.2847,0.3097,0.5131,0.494,0.2663
0.38739,0.62233,0.26982,0.52125,0.27378,0.30089,0.34041,0.53066,0.26581,0.3465,0.37293,0.30265,0.40932,0.28832,0.26903,0.23428,0.06898,0,0.51921,0.61542,0,0.30397,0.35427,0.34223,0.26485,0.18005,0.31374,0.12159,0,0,0.55333,0.47097,0.8922,1,0.61824,0.62813,0,0.057171,0,0,0,0,0.24753,0.36984,0,0.28427,0.4038,0.43484,0.17914,0.30266,0.29855,0.23291,0.38123,0.37724,0.33872,0.26338,0.55421,0.63501,0.28851,0.29644,0.53566,0.42742,0.39752,0.3132,0.23702,0.24484,0.6074,0.57511,0.42364,0.45556,0.1794,0.21196,0.16019,0.29587,0.30474,0.17124,0.37272,0.34938,0,0,0,0,0,0,0.23393,0.15044,0,0,0.25095,0.11735,0.4044,0.17954,0.39579,0.22762,0,0,0.22039,0.11407,0.35012,0.26661,0.29595,0.062679,0.27206,0.10513,0.44994,0.29098,0.15701,0.1984,0,0,0.35317,0.19855,0.24368,0.47505,0.45792,0.15334
0.27497,0.16937,0.52417,0.40036,0.35441,0.36394,0.35427,0.1515,0.07086,0.078103,0.19086,0,0.21417,0,0.072904,0.018674,0,0,0.40427,0.29343,0,0.27597,0.5725,0.51107,0.56557,0.41069,0.49781,0.32678,0,0,0.50259,0.4042,0.62439,0.61824,1,0.85605,0,0.027031,0,0,0,0,0.17101,0.21506,0,0.1391,0.31623,0.28524,0,0.036009,0.12183,0.040528,0.32382,0.28389,0.12944,0.22936,0.33608,0.31473,0.0024112,0,0.42076,0.096162,0.10214,0,0.53317,0.39652,0.60218,0.56154,0.23425,0.38343,0.14999,0.21073,0.20783,0.19566,0.24344,0.29051,0.38682,0.36825,0,0,0,0,0,0,0.13984,0.14603,0,0,0.28687,0.23409,0.37657,0.25859,0.47017,0.39908,0.04867,0,0.20803,0.12378,0.16758,0.26033,0.18458,0.22182,0.060346,0.18173,0.31029,0.31827,0.11076,0.21231,0,0,0.44316,0.063354,0.16122,0.41999,0.3914,0.15955
0.30912,0.30164,0.37365,0.3928,0.36559,0.36686,0.27631,0.24258,0.22828,0.21381,0.31363,0.098435,0.30921,0.14824,0.25622,0.109,0,0,0.33006,0.31674,0,0.25141,0.40208,0.3584,0.37918,0.20793,0.47466,0.23546,0,0,0.41162,0.36442,0.61597,0.62813,0.85605,1,0,0.084701,0,0,0,0,0.13749,0.24669,0,0.15486,0.33156,0.36968,0.02859,0.10649,0.089166,0.060794,0.28901,0.26316,0.23959,0.21338,0.34227,0.39455,0.043094,0.0097504,0.41113,0.21467,0.161,0,0.29765,0.25176,0.46995,0.51825,0.24917,0.40993,0.11039,0.18646,0.11887,0.20178,0.28684,0.18847,0.40084,0.40031,0,0,0,0,0,0,0.040801,0.082499,0,0,0.19265,0.14109,0.40794,0.17885,0.44358,0.26384,0.0067481,0,0.21102,0.10408,0.17028,0.15254,0.26844,0.10299,0.15642,0.20549,0.28734,0.27243,0.12495,0.25549,0,0,0.40809,0.005432,0.1419,0.3876,0.31396,0.071297
0.23101,0,0.29689,0.27684,0.03282,0.033991,0.22027,0.10421,0.035933,0,0,0,0.046885,0,0,0.11811,0.27914,0.016762,0.25853,0.18145,0.45402,0.25795,0.23334,0.25652,0.10522,0.076561,0.017984,0.089415,0.18349,0.072472,0,0,0.053327,0,0,0,1,0.67543,0.69627,0.47316,0.70329,0.46852,0.45658,0.38764,0.56187,0.40055,0.30814,0.3584,0.37094,0.34835,0.45645,0.4068,0.30069,0.18513,0.35929,0.28259,0.18164,0,0.22725,0.04653,0.20623,0.011104,0.13017,0.0027403,0.22471,0.29176,0.34031,0.38152,0.31635,0.38419,0.039621,0,0.14823,0.041877,0,0,0.23812,0.28637,0.14679,0.13213,0.30146,0.27497,0.11251,0.10495,0.36174,0.54584,0.40382,0.47929,0.35238,0.28972,0.34725,0.568,0.38885,0.4361,0.59731,0.67597,0.58666,0.6223,0.34537,0.41814,0.13851,0.35049,0.21402,0.23985,0.054823,0.15467,0.29426,0.29464,0.31485,0.39788,0.45529,0.40738,0.26492,0.14967,0.12998,0.28734
0.22157,0.14159,0.30064,0.38025,0.19926,0.1895,0.12869,0.22311,0.11814,0.0064958,0,0,0.022542,0.028182,0.044654,0.11661,0.22988,0.13559,0.37902,0.36219,0.49247,0.47277,0.31535,0.33871,0.23061,0.17346,0.18323,0.25357,0.12388,0.22725,0.089492,0.17646,0.10716,0.057171,0.027031,0.084701,0.67543,1,0.69512,0.61114,0.48999,0.62422,0.46275,0.43568,0.62094,0.45617,0.39011,0.46169,0.45112,0.37657,0.4768,0.36069,0.47567,0.1729,0.48625,0.44141,0.19059,0.073423,0.36593,0.2183,0.2515,0.036377,0.16937,0.032984,0.28552,0.27743,0.39535,0.45625,0.5159,0.51406,0.060783,0.026117,0.20827,0.28095,0.039466,0,0.34241,0.38433,0.040507,0.17527,0.27284,0.30092,0.094554,0.17754,0.4354,0.55284,0.34616,0.40448,0.50925,0.32957,0.54795,0.52924,0.49331,0.35772,0.56791,0.554,0.5886,0.63942,0.51772,0.50345,0.36869,0.23755,0.38902,0.41442,0.024933,0.027426,0.32829,0.44307,0.22842,0.28921,0.49104,0.49416,0.52581,0.28225,0.1046,0.24471
0.17255,0,0.39869,0.29918,0.13595,0.20719,0.18831,0.066848,0,0,0,0,0,0,0,0.10699,0.40442,0.26677,0.29764,0.19984,0.60965,0.3185,0.38865,0.41653,0.28812,0.27091,0.15619,0.37427,0.2643,0.18569,0,0.082828,0,0,0,0,0.69627,0.69512,1,0.82624,0.66159,0.54341,0.45022,0.30447,0.67149,0.38593,0.31397,0.28455,0.3284,0.25141,0.39697,0.32568,0.4182,0,0.46305,0.40804,0.1234,0,0.23748,0.088019,0.13054,0,0.067742,0,0.3615,0.44349,0.38695,0.41249,0.46013,0.45029,0,0,0.11426,0.1395,0,0,0.16741,0.19431,0.28529,0.36226,0.50368,0.50486,0.30472,0.31297,0.53453,0.67248,0.67683,0.77467,0.63212,0.47191,0.42393,0.55797,0.45248,0.40839,0.77966,0.6989,0.59957,0.64618,0.35097,0.43981,0.24059,0.26337,0.22848,0.3673,0,0.059194,0.18737,0.19938,0.5384,0.61403,0.44179,0.38684,0.35087,0.1416,0.010959,0.12854
0.092601,0,0.27513,0.19859,0.16631,0.20296,0.090546,0.024655,0.028711,0,0,0,0,0,0.039606,0.058704,0.33245,0.30788,0.23919,0.1425,0.50564,0.24088,0.26105,0.28593,0.19969,0.26948,0.03127,0.36725,0.25552,0.18515,0,0.11012,0,0,0,0,0.47316,0.61114,0.82624,1,0.6421,0.61844,0.33359,0.18863,0.61783,0.35914,0.19911,0.15907,0.30013,0.1857,0.32346,0.26536,0.34329,0,0.33323,0.32205,0.03237,0,0.20293,0.15345,0.072813,0.00091218,0.049132,0,0.28746,0.36722,0.23144,0.26411,0.38661,0.29394,0,0,0.0613,0.12713,0,0,0.055661,0.072507,0.26934,0.32258,0.50174,0.52655,0.35407,0.45845,0.5305,0.58815,0.64805,0.76624,0.55935,0.4401,0.29446,0.44829,0.35316,0.28566,0.58031,0.48776,0.40039,0.45934,0.24342,0.34244,0.192,0.1296,0.18977,0.27631,0,0,0.15578,0.18964,0.51535,0.62752,0.2584,0.30988,0.32081,0,0,0.072703
0.093207,0,0.17182,0.14999,0.037151,0.073188,0.095091,0.03405,0.024338,0,0,0,0,0,0,0.12735,0.42626,0.27529,0.16473,0.15374,0.49513,0.1284,0.17529,0.19658,0.070912,0.12505,0,0.12676,0.27517,0.19879,0,0,0,0,0,0,0.70329,0.48999,0.66159,0.6421,1,0.57086,0.36696,0.29284,0.53053,0.37628,0.18267,0.22779,0.36814,0.35548,0.39578,0.41092,0.25303,0.13753,0.23345,0.21969,0.045658,0,0.18511,0.16412,0.041202,0.0071184,0.048723,0.1107,0.17455,0.2843,0.20152,0.23852,0.2979,0.23921,0,0,0.030036,0,0,0,0,0,0.27344,0.33492,0.50052,0.51272,0.26926,0.40475,0.43519,0.56248,0.61666,0.64706,0.36542,0.23832,0.23671,0.41234,0.28201,0.27281,0.52667,0.49862,0.38487,0.43583,0.32748,0.38435,0.13782,0.18705,0.16346,0.16408,0,0.084079,0.057562,0.12311,0.49525,0.50838,0.28073,0.44472,0.28984,0.050903,0.0016298,0.14102
0,0.16392,0.11953,0.24084,0.11328,0.046292,0.018433,0.20333,0.10001,0.071272,0,0.048466,0.011467,0.086388,0.012316,0.11988,0.29947,0.29918,0.15556,0.22911,0.44812,0.27312,0.18707,0.22247,0.13893,0.17833,0,0.053791,0.28156,0.36455,0,0,0,0,0,0,0.46852,0.62422,0.54341,0.61844,0.57086,1,0.32437,0.28593,0.49003,0.32432,0.17903,0.23372,0.37833,0.32643,0.42777,0.36815,0.32452,0.13444,0.24045,0.14658,0.018787,0.039495,0.13955,0.16894,0.090704,0.029771,0.1771,0.20847,0.15539,0.17693,0.19227,0.22662,0.29848,0.20636,0,0,0.045199,0.18735,0,0,0.02834,0,0.037962,0.14872,0.34794,0.40357,0.14777,0.40811,0.44172,0.52036,0.32691,0.37457,0.30958,0.15392,0.33531,0.31626,0.30338,0.17176,0.38966,0.40002,0.34434,0.32966,0.35176,0.36584,0.26342,0,0.22364,0.083856,0,0,0.0030434,0.14222,0.27434,0.43667,0.19296,0.34969,0.3737,0.093113,0.073963,0.078084
0.50581,0.13959,0.55861,0.51629,0.30783,0.38479,0.56262,0.29282,0.29038,0.16599,0.20593,0,0.26395,0.075518,0.2149,0.3467,0.36656,0.11673,0.5582,0.40852,0.29541,0.22322,0.45612,0.47813,0.32561,0.31671,0.30399,0.36665,0.19697,0.14341,0.28402,0.35119,0.3735,0.24753,0.17101,0.13749,0.45658,0.46275,0.45022,0.33359,0.36696,0.32437,1,0.90035,0.82644,0.88192,0.85521,0.81286,0.75035,0.73768,0.75887,0.74279,0.51773,0.46536,0.50071,0.46001,0.36952,0.1869,0.31898,0.26182,0.41351,0.15817,0.259,0.17203,0.31466,0.30473,0.6184,0.59855,0.42472,0.42167,0.027468,0.094139,0.074541,0.26651,0.082789,0.16603,0.31361,0.37975,0.15596,0.28758,0.33066,0.34649,0.28745,0.28355,0.39911,0.54437,0.29904,0.35144,0.41029,0.28585,0.34711,0.50433,0.44283,0.51633,0.46346,0.34914,0.64913,0.52335,0.56424,0.50671,0.17498,0.35443,0.23225,0.27561,0.34124,0.24175,0.2325,0.1331,0.27834,0.32625,0.58926,0.56299,0.51555,0.32428,0.27086,0.28619
0.58315,0.26996,0.51545,0.5606,0.33135,0.39321,0.57379,0.37504,0.38953,0.30057,0.30845,0.0095239,0.37671,0.18319,0.28769,0.35368,0.1989,0,0.54753,0.50549,0.19411,0.29131,0.38726,0.38481,0.24547,0.18172,0.22121,0.20037,0.053684,0.082977,0.22725,0.28112,0.50411,0.36984,0.21506,0.24669,0.38764,0.43568,0.30447,0.18863,0.29284,0.28593,0.90035,1,0.71605,0.8384,0.86161,0.91201,0.76887,0.79842,0.7878,0.76966,0.52492,0.58799,0.54073,0.47651,0.42088,0.22815,0.39546,0.34798,0.43193,0.17644,0.29036,0.21995,0.15024,0.13922,0.59725,0.59722,0.4531,0.47498,0.14654,0.20749,0.082862,0.29331,0.1668,0.14167,0.35528,0.43954,0,0.12573,0.15829,0.20038,0.071483,0.2099,0.27896,0.48044,0.13581,0.18373,0.31334,0.23439,0.39193,0.48711,0.4275,0.48772,0.36882,0.32654,0.663,0.50062,0.6038,0.48119,0.15971,0.31305,0.2448,0.20318,0.42277,0.26673,0.24855,0.27205,0.030737,0.11467,0.59143,0.55778,0.52106,0.33237,0.37771,0.37707
0.44322,0.048082,0.51049,0.45541,0.2686,0.33015,0.45275,0.22356,0.18726,0.063269,0.072841,0,0.16943,0,0.12661,0.17873,0.38884,0.19566,0.47961,0.39386,0.48232,0.34264,0.40894,0.41567,0.31326,0.30364,0.1596,0.36157,0.2588,0.22049,0.1765,0.30014,0.15533,0,0,0,0.56187,0.62094,0.67149,0.61783,0.53053,0.49003,0.82644,0.71605,1,0.85217,0.72266,0.68175,0.80557,0.7062,0.71146,0.68548,0.53031,0.34747,0.52878,0.51505,0.29775,0.05122,0.40308,0.33946,0.32016,0.12086,0.19479,0.11934,0.3052,0.32064,0.51606,0.5239,0.51726,0.49149,0.078796,0.11695,0.079958,0.24964,0,0.067113,0.27259,0.35546,0.20569,0.29677,0.4397,0.46561,0.34169,0.36603,0.50236,0.65574,0.51215,0.59102,0.52317,0.43703,0.44057,0.63109,0.47897,0.50515,0.55407,0.5202,0.63387,0.59969,0.56723,0.57011,0.26223,0.3301,0.34286,0.3708,0.19077,0.19748,0.23396,0.24855,0.41748,0.45614,0.47645,0.54711,0.54663,0.20486,0.1224,0.20861
0.54725,0.22029,0.52608,0.55573,0.40872,0.4492,0.55869,0.36127,0.40315,0.27259,0.26784,0.044284,0.35886,0.17248,0.39687,0.37248,0.36532,0.1374,0.54703,0.48122,0.26713,0.30975,0.42968,0.43993,0.33894,0.32567,0.31586,0.42086,0.18673,0.17329,0.30948,0.37059,0.39587,0.28427,0.1391,0.15486,0.40055,0.45617,0.38593,0.35914,0.37628,0.32432,0.88192,0.8384,0.85217,1,0.83521,0.81043,0.85174,0.86812,0.81084,0.84474,0.57742,0.55106,0.53978,0.51576,0.39395,0.22414,0.45015,0.44265,0.51408,0.27196,0.3198,0.26609,0.31489,0.34663,0.6664,0.68156,0.52694,0.49459,0.1107,0.19568,0.084818,0.30217,0.096969,0.16311,0.31399,0.36827,0.15562,0.2904,0.37462,0.41207,0.35064,0.34397,0.48456,0.60049,0.34573,0.31548,0.45284,0.37436,0.45383,0.6081,0.52563,0.53704,0.35225,0.26098,0.59631,0.51901,0.62013,0.61673,0.31142,0.37652,0.34243,0.34606,0.33128,0.29948,0.26695,0.22991,0.2369,0.26344,0.52473,0.59813,0.54644,0.3527,0.26064,0.17845
0.66191,0.27908,0.67114,0.64592,0.42402,0.53352,0.69047,0.42713,0.34022,0.30257,0.38735,0.021221,0.46953,0.21668,0.31293,0.41993,0.26727,0,0.61629,0.56788,0.14651,0.27266,0.54754,0.54742,0.40597,0.31971,0.40991,0.42473,0.1635,0.10976,0.41817,0.48507,0.56499,0.4038,0.31623,0.33156,0.30814,0.39011,0.31397,0.19911,0.18267,0.17903,0.85521,0.86161,0.72266,0.83521,1,0.92182,0.77908,0.758,0.77914,0.73851,0.69304,0.6394,0.63769,0.60858,0.51532,0.29995,0.39585,0.36662,0.51322,0.23637,0.39918,0.17946,0.28504,0.26201,0.67108,0.64189,0.5558,0.57865,0.1018,0.18895,0.15454,0.37972,0.2473,0.2765,0.42896,0.49865,0.058195,0.24217,0.27888,0.30447,0.24877,0.2565,0.41268,0.49028,0.15257,0.15656,0.48445,0.38546,0.55152,0.60124,0.57574,0.58442,0.32554,0.22847,0.66111,0.48971,0.70812,0.61316,0.27484,0.32105,0.35609,0.32679,0.47375,0.33127,0.29226,0.18788,0.11377,0.13264,0.68937,0.62913,0.60254,0.46373,0.40731,0.27617
