1,0.58616,0.62942,0.24434,0,0,0.62638,0.39846,0.022657,0,0.44205,0.31035,0.51599,0.34088,0.17101,0.095412,0.3197,0.19764,0.80185,0.59642,0,0,0.30112,0.075901,0,0,0.035057,0,0.15726,0.14742,0,0.10262,0.15837,0.18239,0.1877,0.040956,0.2749,0.19848,0.036296,0,0.069118,0,0.30926,0.13691,0.27628,0.15932,0.39003,0.2337,0.33039,0.31008,0.52143,0.44879,0.3916,0.43501,0.44226,0.3411,0.65752,0.51878,0.64113,0.57995,0.65584,0.52059,0.31919,0.33887,0.48344,0.43278,0.55494,0.37365,0.5965,0.64711,0,0.077032,0.13301,0.18485,0.11278,0.18662,0.26724,0.21233,0.038995,0,0.23681,0.16145,0.20838,0.20812,0.37701,0.21229,0.085684,0.097956,0.32743,0.14599,0.62177,0.60006,0.53458,0.56864,0.26453,0.11146,0.30047,0.1853,0.4437,0.41854,0.45608,0.54056,0.42402,0.53538,0.4019,0.37108,0.20666,0.36013,0.20286,0.19472,0.2043,0.25901,0.40991,0.094357,0.13869,0.23642
0.58616,1,0.27115,0.3218,0,0,0.2689,0.35123,0,0.014527,0.16175,0.35116,0.33264,0.31522,0.067255,0.23273,0.3113,0.19825,0.44758,0.62598,0,0,0.16103,0.077779,0,0,0,0,0.020974,0.044958,0,0.14081,0.42181,0.41328,0.090383,0.032492,0.20292,0.11123,0.16994,0.23438,0.17351,0.029583,0.39561,0.29759,0.32722,0.33374,0.41912,0.4238,0.44419,0.41857,0.38569,0.29255,0.44053,0.41958,0.44525,0.45303,0.69734,0.76504,0.54466,0.50986,0.45534,0.52875,0.44,0.41837,0.12949,0.16788,0.41673,0.43736,0.44784,0.563,0.076153,0.033716,0.12087,0.31142,0.14149,0.27052,0.39052,0.35904,0,0,0.16744,0.15513,0.073017,0.30626,0.17771,0.13494,0.089686,0.2929,0.30081,0.27688,0.59848,0.52552,0.55038,0.41706,0.24894,0,0.41591,0.22857,0.53976,0.49599,0.56406,0.45835,0.65612,0.55189,0.39909,0.39008,0.25446,0.4139,0.0012781,0.21408,0.38415,0.49609,0.5433,0.2389,0.26158,0.29841
0.62942,0.27115,1,0.41409,0.079569,0.065419,0.84038,0.56017,0.029739,0,0.22519,0.075418,0.41941,0.15326,0.21098,0.083063,0.18476,0.10747,0.67795,0.44509,0,0,0.63313,0.24526,0.41819,0.068951,0.20561,0.072385,0.092132,0.14802,0.11987,0.34572,0.27908,0.31694,0.52379,0.32032,0.19574,0.12579,0,0,0,0,0.22453,0.11865,0.26865,0.051044,0.45539,0.29837,0.044448,0.0040189,0.37189,0.16629,0.4376,0.29389,0.37475,0.30108,0.2806,0.28151,0.2886,0.32026,0.34294,0.13841,0.060608,0,0.50062,0.27367,0.5952,0.36036,0.56416,0.54056,0.051936,0.17667,0,0.10367,0.12327,0.17763,0.27568,0.2816,0,0.016966,0.14631,0.14644,0.18202,0.18571,0.50361,0.4397,0.079722,0.11555,0.37459,0.26666,0.51968,0.33005,0.52111,0.44547,0.29661,0,0.27499,0.121,0.30666,0.27957,0.37854,0.40265,0.22749,0.30925,0.40521,0.40184,0.28937,0.30965,0.086419,0.17435,0.31739,0.16194,0.33793,0.054968,0.15277,0.2294
0.24434,0.3218,0.41409,1,0.23149,0.18477,0.52575,0.43338,0.21225,0.26813,0.21637,0.28122,0.21518,0.082039,0.26591,0.41447,0.034665,0.10168,0.4676,0.63373,0.18243,0.18875,0.6587,0.74682,0.21754,0.29788,0,0,0.1797,0.22593,0.37964,0.19149,0.4095,0.43926,0.3393,0.40867,0.23797,0.32181,0,0.01972,0.39055,0.3878,0.19202,0.21432,0.28701,0.26292,0.36669,0.35134,0.14493,0.079299,0.15392,0.082639,0.23013,0.15286,0.21228,0.23717,0.26064,0.22272,0.012363,0,0.21315,0.12127,0.20408,0.046787,0.22543,0.043166,0.41866,0.39139,0.051604,0.36652,0.025518,0.066781,0.037757,0.15456,0.17055,0.25133,0.30541,0.37185,0.14666,0.12798,0.39486,0.22047,0.39732,0.30866,0.41182,0.35349,0.17083,0.091768,0.29827,0.49669,0.13968,0.15672,0.45889,0.2022,0.067809,0,0.36927,0.21738,0.31874,0.32329,0.4786,0.39739,0.055934,0.34465,0,0.026362,0.083321,0.11427,0,0.12249,0.37836,0.32111,0.37135,0.24973,0,0.093474
0,0,0.079569,0.23149,1,0.70285,0.13848,0.02983,0.85778,0.49016,0.28383,0.14734,0.2716,0.16904,0.73733,0.47315,0,0.0024832,0.095786,0,0.63708,0.6004,0.36384,0.34198,0.6279,0.77344,0.63731,0.62726,0,0.046738,0.32674,0.13739,0.078317,0.06829,0.22259,0.18811,0.1805,0.36338,0.0074329,0.099054,0.027942,0.15749,0.071711,0,0.018431,0,0.21671,0.1781,0,0,0.22743,0.060519,0.1521,0,0.26284,0.17844,0,0,0,0,0.076661,0,0,0,0.18546,0.041715,0.24664,0.10949,0,0,0.31223,0.36942,0.11567,0,0.36836,0.25154,0.25196,0.33114,0,0.08784,0.108,0.10104,0.45122,0.18749,0.39048,0.26973,0.39453,0.1258,0.24339,0.32405,0.063282,0.043137,0.1814,0,0.16969,0,0.32105,0.15122,0.23329,0.12354,0.19534,0.065852,0.071001,0.19934,0.010572,0.10661,0.17181,0.18376,0,0.12496,0.28453,0.15823,0.1619,0.105,0.079324,0
0,0,0.065419,0.18477,0.70285,1,0.16497,0.22061,0.72745,0.79355,0.18087,0.14013,0.29171,0.26726,0.68293,0.5044,0,0.064028,0.15657,0.079796,0.49875,0.43048,0.11841,0.16977,0.46628,0.63566,0.6089,0.70279,0,0,0.14644,0.13605,0.15383,0.12432,0,0,0.078522,0.16001,0.033916,0.18053,0.0095964,0.00082558,0.10008,0,0.064281,0.084131,0.13852,0.089375,0.089203,0,0.21049,0.051585,0.11734,0,0.25104,0.17487,0.057744,0,0.055659,0.0086692,0.2215,0.038252,0.10443,0.054673,0.19395,0.1354,0.16505,0.12815,0.062024,0.046313,0.27334,0.24404,0.13629,0.088574,0.32959,0.28225,0.42758,0.44543,0,0,0,0,0.3385,0.30889,0.21253,0.23295,0.3938,0.31067,0.31952,0.29877,0.12612,0.098629,0.16397,0,0.25781,0.034729,0.20338,0.15422,0.21234,0.092476,0.19052,0.0099267,0.18091,0.21031,0.1956,0.22104,0.28824,0.27683,0,0.26276,0.2206,0.11904,0.1308,0.076196,0.19576,0.052859
0.62638,0.2689,0.84038,0.52575,0.13848,0.16497,1,0.72815,0.22704,0.064381,0.34004,0.26928,0.59935,0.31928,0.34312,0.26624,0.18008,0.096806,0.67053,0.49795,0.073607,0.031513,0.53358,0.30659,0.21743,0.052942,0.17825,0.11375,0.12386,0.16981,0.12291,0.28685,0.33793,0.34343,0.29222,0.22218,0.24255,0.23125,0,0.0059661,0.096901,0.063969,0.22293,0.12225,0.34607,0.20254,0.3838,0.24941,0.19486,0.052392,0.46054,0.30053,0.39188,0.22747,0.39457,0.3036,0.27387,0.15588,0.35596,0.29545,0.5614,0.30068,0.28333,0.1614,0.65813,0.46223,0.71129,0.52739,0.49439,0.52471,0.050097,0.14116,0.08078,0.19646,0.22701,0.30076,0.33857,0.34992,0,0,0.19652,0.17409,0.30356,0.30482,0.43858,0.43558,0.17588,0.17541,0.45871,0.37707,0.49268,0.3707,0.5477,0.4568,0.31045,0.077266,0.27492,0.18516,0.33423,0.29337,0.47537,0.46854,0.23451,0.38214,0.30535,0.33468,0.25193,0.31081,0.11873,0.25999,0.24838,0.16058,0.32995,0.14725,0.13006,0.24355
0.39846,0.35123,0.56017,0.43338,0.02983,0.22061,0.72815,1,0.14768,0.18554,0.11581,0.33378,0.42224,0.40966,0.18091,0.25303,0.35831,0.24341,0.42756,0.44899,0.0095316,0,0.19302,0.095252,0.17375,0.056007,0.23387,0.21332,0.19841,0.2724,0.13014,0.46104,0.35456,0.42039,0.13739,0.2189,0.23476,0.18633,0,0.082782,0.076374,0.019071,0.16034,0.19501,0.35094,0.38082,0.41819,0.3129,0.28656,0.1123,0.36271,0.32426,0.42192,0.19242,0.37051,0.28943,0.17968,0.16361,0.33711,0.40925,0.45623,0.40278,0.28453,0.30682,0.49907,0.59099,0.5952,0.6124,0.52352,0.45261,0.083295,0.081673,0.015433,0.38019,0.11731,0.29056,0.44717,0.46167,0,0,0.21691,0.24988,0.16916,0.39671,0.30929,0.45537,0.051109,0.19445,0.37596,0.31981,0.50522,0.31377,0.51195,0.3617,0.32268,0.078657,0.2451,0.21351,0.32917,0.28506,0.46249,0.33394,0.37451,0.30803,0.38921,0.40481,0.18431,0.19629,0.1648,0.27934,0.27125,0.17984,0.35876,0.19714,0.16582,0.2338
0.022657,0,0.029739,0.21225,0.85778,0.72745,0.22704,0.14768,1,0.51781,0.44953,0.34348,0.47882,0.3667,0.78496,0.54199,0,0.15055,0.16658,0.040172,0.63714,0.61415,0.23828,0.27557,0.38013,0.6248,0.49557,0.54908,0.031809,0.050019,0.23503,0.076537,0.0432,0.019927,0,0.026436,0.17957,0.31443,0,0.0072159,0.066521,0.16195,0.084715,0,0.018475,0.030047,0.11654,0.076192,0.16917,0.049291,0.38364,0.2693,0.1632,0,0.23397,0.09848,0.0073808,0,0.11503,0.059202,0.29146,0.12948,0.2506,0.16365,0.31993,0.26242,0.34946,0.2453,0.01629,0.020771,0.34027,0.35569,0.26475,0.07729,0.50193,0.3361,0.34249,0.41515,0,0,0.10435,0.083844,0.40605,0.20817,0.28166,0.18477,0.32639,0.087086,0.24332,0.28637,0.11964,0.14193,0.21673,0.03902,0.19915,0,0.247,0.062811,0.19737,0.077653,0.24624,0.18066,0.13298,0.27229,0.044611,0.10772,0.12349,0.17972,0,0.17211,0.17191,0.10465,0.11622,0.14566,0.13661,0.0094136
0,0.014527,0,0.26813,0.49016,0.79355,0.064381,0.18554,0.51781,1,0.059729,0.10503,0.15339,0.1818,0.50346,0.52762,0,0,0.072993,0.02314,0.38655,0.3276,0.14676,0.31939,0.35825,0.5041,0.29558,0.39445,0,0,0.10641,0,0.1243,0.091072,0,0,0,0.12109,0.066756,0.27805,0.083597,0.13302,0.062895,0,0,0.0052731,0,0,0,0,0.033413,0,0.01563,0,0.055751,0.071642,0,0,0,0,0.12899,0.066051,0.093386,0.12637,0.046994,0.034266,0,0,0,0,0.24046,0.11813,0,0,0.1111,0.13277,0.27001,0.25965,0,0,0,0,0.25084,0.19562,0.045188,0.042715,0.34584,0.26527,0.2179,0.23578,0,0.0024808,0.046262,0,0.12628,0,0.1157,0.05413,0.072331,0,0.1266,0,0.034194,0.13171,0,0,0.13828,0.20892,0,0.15246,0.093163,0.047365,0,0.0097098,0.0989,0
0.44205,0.16175,0.22519,0.21637,0.28383,0.18087,0.34004,0.11581,0.44953,0.059729,1,0.637,0.70158,0.5267,0.4126,0.29601,0.29251,0.36069,0.38529,0.12211,0.36482,0.27078,0.40684,0.4046,0.11842,0.18673,0.073256,0.041971,0.22702,0.17312,0.237,0.079361,0.0060827,0,0.090009,0.043935,0.23838,0.22005,0.036853,0,0.084398,0.096099,0,0,0.070744,0.045458,0.15476,0.0070366,0.29963,0.23057,0.52154,0.43138,0.17886,0.1647,0.24918,0.074465,0.26297,0.10638,0.24154,0.14469,0.48,0.31371,0.35212,0.36822,0.52504,0.38357,0.39604,0.27082,0,0.17901,0.19311,0.16232,0.19533,0,0.3177,0.13632,0.17092,0.21785,0.073147,0.11951,0.26986,0.15155,0.27942,0.05646,0.32601,0.13641,0.07039,0,0.16077,0.14074,0.30012,0.30338,0.41313,0.39384,0.15408,0,0.24879,0,0.24136,0.1414,0.36619,0.42041,0.16179,0.32624,0.09187,0.085444,0,0.076564,0,0.068843,0.19111,0.22255,0.27844,0.29674,0.18082,0.089749
0.31035,0.35116,0.075418,0.28122,0.14734,0.14013,0.26928,0.33378,0.34348,0.10503,0.637,1,0.55736,0.79082,0.32456,0.50591,0.4222,0.4758,0.30206,0.3013,0.27538,0.19769,0.18098,0.33167,0.018761,0.097503,0.04345,0.017058,0.42972,0.43856,0.12283,0.041037,0.10253,0,0,0.035392,0.37713,0.36597,0.098492,0,0.18194,0.17681,0.0042973,0.10503,0.20097,0.35344,0.32641,0.25901,0.48455,0.44348,0.51891,0.58715,0.33522,0.39404,0.40117,0.2684,0.20892,0.022096,0.25191,0.22109,0.41402,0.38339,0.35916,0.36075,0.2998,0.46565,0.45038,0.47538,0.10533,0.22996,0.10335,0.00024847,0.19242,0.19898,0.27857,0.27618,0.19276,0.29006,0.17763,0.14989,0.47841,0.39473,0.36389,0.41713,0.30875,0.3369,0.14274,0,0.19465,0.35839,0.39525,0.46998,0.48776,0.51257,0.30768,0.094019,0.33894,0.20595,0.40076,0.31914,0.50624,0.5557,0.38686,0.51363,0.24758,0.26072,0,0.14079,0.081788,0.16575,0.21883,0.25127,0.38942,0.37792,0.21467,0.19903
0.51599,0.33264,0.41941,0.21518,0.2716,0.29171,0.59935,0.42224,0.47882,0.15339,0.70158,0.55736,1,0.68963,0.54228,0.47674,0.29428,0.29848,0.5123,0.33531,0.2362,0.12591,0.33969,0.21874,0.11624,0.076971,0.2408,0.16828,0.13894,0.15569,0.077439,0.14713,0.1058,0.093077,0.031262,0,0.28595,0.29581,0.01849,0.06752,0.088523,0.054297,0.21841,0.015422,0.18746,0.093702,0.32194,0.18749,0.31729,0.11679,0.64039,0.41713,0.36402,0.16594,0.41567,0.2313,0.30411,0.19793,0.43204,0.33642,0.61657,0.39967,0.4929,0.37062,0.5753,0.4479,0.56277,0.40207,0.36077,0.3897,0.2661,0.30153,0.27447,0.14556,0.45785,0.38262,0.46963,0.46213,0,0,0.22166,0.22175,0.36327,0.33189,0.35429,0.25565,0.23471,0.16472,0.41754,0.21046,0.49539,0.358,0.49658,0.39017,0.26566,0.032976,0.27579,0.18787,0.37629,0.20013,0.45722,0.42192,0.35219,0.38378,0.32163,0.37595,0.14264,0.28442,0.0011841,0.20373,0.19957,0.2114,0.33604,0.11529,0.20153,0.17969
0.34088,0.31522,0.15326,0.082039,0.16904,0.26726,0.31928,0.40966,0.3667,0.1818,0.5267,0.79082,0.68963,1,0.42405,0.5603,0.38296,0.43419,0.3446,0.23811,0.23112,0.13428,0.10108,0.15112,0.085646,0.071641,0.21996,0.17226,0.28795,0.33106,0.010705,0.033417,0,0,0,0,0.33067,0.34314,0.025025,0.080655,0.024251,0.030877,0.013196,0.026035,0.03112,0.16584,0.35797,0.22216,0.32948,0.23973,0.57226,0.57423,0.41006,0.29974,0.42039,0.26026,0.21888,0.10303,0.34098,0.35914,0.4433,0.43613,0.35305,0.37849,0.2811,0.5517,0.40818,0.40182,0.33962,0.28925,0.19215,0.20992,0.2599,0.20314,0.39617,0.41927,0.32445,0.37198,0.04556,0.040221,0.36153,0.34076,0.36758,0.43917,0.32823,0.33227,0.19267,0.12275,0.34312,0.21971,0.45005,0.43706,0.48545,0.46232,0.28009,0.085927,0.20555,0.20566,0.35247,0.19698,0.453,0.45234,0.38698,0.41429,0.41573,0.38049,0.062869,0.17562,0.047753,0.16074,0.11711,0.082115,0.24874,0.1651,0.22211,0.17646
0.17101,0.067255,0.21098,0.26591,0.73733,0.68293,0.34312,0.18091,0.78496,0.50346,0.4126,0.32456,0.54228,0.42405,1,0.6036,0,0.15147,0.3617,0.21038,0.59724,0.54652,0.30405,0.32283,0.44116,0.59008,0.54667,0.55121,0.087388,0.13471,0.13896,0.056897,0.014828,0,0.014479,0.068433,0.38274,0.51033,0.03646,0.16074,0.16053,0.24032,0,0,0,0,0.22441,0.14792,0.032678,0,0.32296,0.21581,0.22029,0.060769,0.34443,0.25508,0.099676,0,0.10864,0.10211,0.28067,0.11674,0.12873,0.05602,0.33147,0.26401,0.29698,0.18386,0.15375,0.13059,0.36247,0.39027,0.2718,0.081747,0.47851,0.40119,0.33665,0.39807,0,0,0.20773,0.1883,0.64569,0.38096,0.47464,0.34073,0.49393,0.23967,0.43095,0.3753,0.16781,0.20222,0.2625,0.096409,0.26908,0.066044,0.25534,0.16795,0.29138,0.1851,0.22677,0.24317,0.094534,0.29454,0.13641,0.22123,0.086952,0.17326,0,0.16149,0.082275,0,0.083475,0.0089116,0.078115,0.07367
0.095412,0.23273,0.083063,0.41447,0.47315,0.5044,0.26624,0.25303,0.54199,0.52762,0.29601,0.50591,0.47674,0.5603,0.6036,1,0.11778,0.28675,0.29779,0.37412,0.40607,0.33882,0.31756,0.43222,0.30127,0.43136,0.31553,0.29404,0.24346,0.37148,0.24766,0.087791,0.1682,0.1115,0.051463,0.1396,0.42719,0.59204,0.12038,0.30175,0.28195,0.36773,0.060325,0.06701,0.087751,0.16826,0.39747,0.35174,0.16883,0.05797,0.33277,0.24623,0.30885,0.20412,0.45623,0.38797,0.12099,0.0071852,0.095016,0.07021,0.17804,0.14734,0.23917,0.13623,0.080239,0.15395,0.29308,0.29863,0.1623,0.22512,0.21696,0.24191,0.21188,0.21856,0.34971,0.41529,0.40262,0.48091,0.14295,0.12902,0.45698,0.44719,0.65688,0.69356,0.44806,0.44828,0.51481,0.35611,0.4396,0.50912,0.2795,0.35201,0.4173,0.22568,0.32599,0.13835,0.4202,0.39325,0.45913,0.33865,0.45424,0.38015,0.27186,0.43532,0.13145,0.22842,0.16314,0.28323,0,0.28318,0.22665,0.20129,0.3244,0.15916,0.031089,0.1062
0.3197,0.3113,0.18476,0.034665,0,0,0.18008,0.35831,0,0,0.29251,0.4222,0.29428,0.38296,0,0.11778,1,0.70082,0.23901,0.22765,0,0,0,0,0.10325,0,0.090319,0.0048568,0.63212,0.52811,0.19943,0.28008,0,0.0021622,0.09582,0.16302,0.29731,0.11893,0,0,0.12358,0,0.00090973,0.28813,0.044658,0.11011,0.2723,0.21013,0.25142,0.23863,0.41759,0.43173,0.29289,0.35872,0.15021,0.043456,0.16705,0.20422,0.21273,0.35601,0.16646,0.17677,0.1724,0.27633,0.14518,0.33755,0.28817,0.34662,0.38099,0.42301,0,0,0.34777,0.42343,0.13998,0.18724,0.23229,0.2607,0.44797,0.36533,0.5376,0.49333,0.043395,0.14801,0.32555,0.34318,0,0,0,0,0.32021,0.29617,0.46278,0.50704,0.14983,0.08605,0.071267,0.088644,0.10293,0.06432,0.37489,0.43234,0.38483,0.34117,0.36105,0.32318,0.020411,0,0.26656,0.11879,0.12447,0.12325,0.30008,0.28072,0.099318,0.23449
0.19764,0.19825,0.10747,0.10168,0.0024832,0.064028,0.096806,0.24341,0.15055,0,0.36069,0.4758,0.29848,0.43419,0.15147,0.28675,0.70082,1,0.17933,0.18148,0.098257,0.038271,0.057933,0.067074,0.18669,0.12308,0.17126,0.0040062,0.60346,0.60043,0.22188,0.25456,0,0,0.039291,0.16213,0.3999,0.2802,0,0,0.094762,0.00454,0,0.2535,0.04422,0.12457,0.23884,0.15532,0.26935,0.3149,0.4319,0.51287,0.28059,0.3984,0.12017,0,0.052024,0.13086,0.23346,0.31798,0.088962,0.10758,0.18584,0.26115,0.048899,0.27487,0.22493,0.29609,0.26753,0.31526,0.024765,0.048331,0.4235,0.35492,0.19284,0.31761,0.18077,0.26623,0.43975,0.4029,0.59339,0.55453,0.2098,0.27473,0.37535,0.32245,0,0,0.022055,0.022929,0.20907,0.25818,0.33611,0.41399,0.076167,0.061219,0.042962,0.027307,0.096138,0.071296,0.30269,0.41221,0.30483,0.33263,0.3413,0.30349,0.019069,0,0.19488,0,0.020247,0.038876,0.2128,0.25395,0.096219,0.19836
0.80185,0.44758,0.67795,0.4676,0.095786,0.15657,0.67053,0.42756,0.16658,0.072993,0.38529,0.30206,0.5123,0.3446,0.3617,0.29779,0.23901,0.17933,1,0.76044,0.06288,0,0.43481,0.26269,0.14463,0,0.099692,0,0.21635,0.23221,0.033697,0.10243,0.20014,0.23429,0.25407,0.13937,0.30913,0.34278,0,0,0.18306,0.0055046,0.25048,0.081128,0.2495,0.17787,0.43123,0.27485,0.1933,0.17621,0.44404,0.36029,0.33115,0.33938,0.39037,0.33541,0.45865,0.37263,0.45437,0.37434,0.56908,0.38068,0.20966,0.20571,0.49609,0.41615,0.51245,0.354,0.49653,0.56462,0,0.0809,0.19606,0.19882,0.24161,0.3053,0.31815,0.30861,0.10973,0,0.34315,0.27739,0.37864,0.33975,0.49993,0.36365,0.204,0.14695,0.37209,0.27274,0.47112,0.49755,0.53299,0.47819,0.20866,0.10329,0.26662,0.23123,0.41161,0.38603,0.45312,0.53981,0.30271,0.49448,0.3413,0.35942,0.16068,0.27186,0.066242,0.13306,0.18702,0.21004,0.36824,0.069318,0.13517,0.22345
0.59642,0.62598,0.44509,0.63373,0,0.079796,0.49795,0.44899,0.040172,0.02314,0.12211,0.3013,0.33531,0.23811,0.21038,0.37412,0.22765,0.18148,0.76044,1,0,0,0.31371,0.27344,0,0,0,0,0.241,0.27161,0.063795,0.17333,0.38948,0.40968,0.18245,0.1934,0.36034,0.3435,0,0.036082,0.40931,0.18452,0.27975,0.31005,0.4552,0.42556,0.49048,0.46229,0.28466,0.21044,0.25636,0.2276,0.27366,0.28217,0.42407,0.43284,0.50773,0.47425,0.38939,0.33785,0.39366,0.34436,0.26892,0.17191,0.23027,0.23006,0.46164,0.48197,0.46295,0.60327,0,0,0.23814,0.44492,0.22619,0.38125,0.43998,0.42564,0.12399,0,0.41882,0.34242,0.34772,0.49269,0.39074,0.39169,0.16917,0.25373,0.37409,0.42246,0.3776,0.41949,0.50101,0.3906,0.16338,0.15823,0.37212,0.41431,0.51667,0.53339,0.48062,0.5027,0.37271,0.47691,0.34993,0.40563,0.1614,0.2567,0.047635,0.21114,0.31075,0.38377,0.52021,0.17838,0.076225,0.25117
0,0,0,0.18243,0.63708,0.49875,0.073607,0.0095316,0.63714,0.38655,0.36482,0.27538,0.2362,0.23112,0.59724,0.40607,0,0.098257,0.06288,0,1,0.84814,0.25673,0.34114,0.38033,0.61703,0.36876,0.39094,0.0035951,0.053517,0.43491,0.17051,0.16703,0.13205,0.024438,0.10168,0.25179,0.30268,0.13975,0.20929,0.21645,0.37061,0,0,0,0,0.10965,0.064841,0.063561,0.0081618,0.11589,0.042626,0.10938,0,0.21826,0.19826,0.077397,0,0,0,0.18913,0.046434,0.22613,0.11586,0.22157,0.14788,0.14701,0.12135,0,0,0.56276,0.51082,0.31682,0.14212,0.44394,0.35834,0.31669,0.35469,0,0.017426,0.084522,0.026238,0.28241,0.080747,0.20137,0.10592,0.17729,0.0089439,0.064401,0.19449,0.010102,0.037963,0.16681,0.052554,0.20029,0,0.23217,0,0.16696,0.04386,0.18257,0.16928,0.1123,0.27101,0.076598,0.12903,0,0.14395,0,0.21277,0.23852,0.10743,0.13135,0.29649,0.34652,0.25075
0,0,0,0.18875,0.6004,0.43048,0.031513,0,0.61415,0.3276,0.27078,0.19769,0.12591,0.13428,0.54652,0.33882,0,0.038271,0,0,0.84814,1,0.14828,0.27913,0.26783,0.60656,0.29133,0.36812,0.026126,0.047353,0.4869,0.21236,0.16326,0.12452,0,0.085562,0.17608,0.20895,0.13157,0.15585,0.20658,0.43116,0,0,0,0.034854,0.0027066,0.011897,0.035929,0.052714,0.025482,0.052049,0.021124,0,0.15289,0.1459,0.023692,0,0,0,0.06869,0,0.23042,0.083656,0.15683,0.12442,0.10836,0.15757,0,0,0.50867,0.44523,0.3463,0.27186,0.4494,0.36069,0.22232,0.23961,0,0.019672,0.067078,0,0.20016,0.018552,0.098568,0.072444,0.092403,0,0,0.1664,0,0,0.0091634,0,0.09853,0,0.16214,0,0.046499,0,0.017031,0.12398,0,0.15887,0.0063913,0.065279,0,0.082417,0,0.17302,0.16393,0.04076,0.016549,0.2738,0.26222,0.15937
0.30112,0.16103,0.63313,0.6587,0.36384,0.11841,0.53358,0.19302,0.23828,0.14676,0.40684,0.18098,0.33969,0.10108,0.30405,0.31756,0,0.057933,0.43481,0.31371,0.25673,0.14828,1,0.78423,0.51903,0.40565,0.038954,0,0.032361,0.10528,0.36046,0.17584,0.31562,0.35557,0.61828,0.40792,0.20158,0.30278,0.010604,0.076814,0.15615,0.23622,0.1741,0,0.088748,0,0.36549,0.27258,0,0,0.22728,0,0.29406,0.16848,0.25,0.24491,0.25388,0.28205,0,0,0.14466,0.014571,0.054142,0,0.34876,0.0028789,0.3658,0.15603,0.095524,0.3359,0.14904,0.23474,0,0,0.24999,0.11384,0.21557,0.25943,0.020235,0.23389,0.25493,0.1397,0.35116,0.13684,0.52206,0.36298,0.20026,0.074349,0.29556,0.42664,0.27185,0.17845,0.4796,0.23865,0.15636,0,0.41028,0.094852,0.31467,0.23582,0.4176,0.36465,0.065237,0.31007,0.038118,0.058773,0.2126,0.23471,0,0.093799,0.4187,0.26915,0.32424,0.14995,0.053541,0.029906
0.075901,0.077779,0.24526,0.74682,0.34198,0.16977,0.30659,0.095252,0.27557,0.31939,0.4046,0.33167,0.21874,0.15112,0.32283,0.43222,0,0.067074,0.26269,0.27344,0.34114,0.27913,0.78423,1,0.33984,0.45992,0,0,0.10558,0.16167,0.33698,0,0.19877,0.23689,0.34839,0.34324,0.23728,0.36081,0.037508,0.089303,0.40901,0.4653,0,0,0,0,0.21617,0.17909,0,0,0.059933,0,0.093482,0.018927,0.10007,0.11258,0.16301,0.1002,0,0,0.07279,0.016942,0.031388,0,0.20623,0,0.14462,0.058927,0,0.18094,0.080108,0.1427,0,0,0.17968,0.11199,0.11133,0.18983,0.17328,0.2952,0.34736,0.16786,0.4162,0.14721,0.42967,0.30051,0.21821,0,0.23654,0.44766,0.012905,0.060056,0.37783,0.12786,0,0,0.3129,0.082108,0.20465,0.15734,0.35811,0.32048,0,0.2446,0,0,0.055216,0.03441,0,0.034135,0.31531,0.20716,0.19525,0.19234,0,0
0,0,0.41819,0.21754,0.6279,0.46628,0.21743,0.17375,0.38013,0.35825,0.11842,0.018761,0.11624,0.085646,0.44116,0.30127,0.10325,0.18669,0.14463,0,0.38033,0.26783,0.51903,0.33984,1,0.78419,0.59239,0.45766,0.21436,0.28955,0.41563,0.36665,0.013416,0.071047,0.54536,0.36832,0.26497,0.25214,0.039332,0.042562,0,0,0,0.10115,0.022781,0,0.44549,0.37461,0,0,0.19597,0,0.28496,0.1302,0.25233,0.13141,0,0.0017722,0,0,0,0,0,0,0.12224,0,0.23721,0.075647,0.13599,0.13957,0.15359,0.2156,0,0.045395,0.12062,0.16915,0.12667,0.21543,0.14858,0.37278,0.25934,0.27524,0.26958,0.16497,0.5691,0.46264,0.17742,0,0.11293,0.21551,0.14824,0.0077605,0.28306,0.064201,0.27971,0,0.36996,0.15276,0.16998,0.10858,0.14889,0.10901,0.11567,0.13442,0.20192,0.22198,0.17804,0.07471,0,0.13271,0.40046,0.1315,0.23321,0.15602,0.061755,0.029763
0,0,0.068951,0.29788,0.77344,0.63566,0.052942,0.056007,0.6248,0.5041,0.18673,0.097503,0.076971,0.071641,0.59008,0.43136,0,0.12308,0,0,0.61703,0.60656,0.40565,0.45992,0.78419,1,0.51499,0.53865,0.12669,0.18603,0.57018,0.38258,0.13998,0.16919,0.33741,0.30404,0.20328,0.24523,0.090444,0.08501,0.039855,0.18278,0,0,0,0,0.23179,0.21678,0,0,0.047557,0,0.07846,0,0.13285,0.061679,0,0,0,0,0,0,0,0,0.10076,0,0.11175,0.080127,0,0,0.26476,0.25548,0.13232,0.1029,0.29709,0.24774,0.19021,0.26152,0.059904,0.34169,0.20746,0.17665,0.31034,0.1534,0.37617,0.39425,0.20122,0,0.0079347,0.30101,0,0,0.15333,0,0.18115,0,0.28807,0.023271,0.076723,0,0.066803,0.02389,0,0.057422,0.038553,0.07797,0.038913,0.023149,0,0.13516,0.37346,0.1012,0.13687,0.24944,0.10761,0
0.035057,0,0.20561,0,0.63731,0.6089,0.17825,0.23387,0.49557,0.29558,0.073256,0.04345,0.2408,0.21996,0.54667,0.31553,0.090319,0.17126,0.099692,0,0.36876,0.29133,0.038954,0,0.59239,0.51499,1,0.83095,0.10239,0.19033,0.065427,0.27651,0,0,0.18914,0.15438,0.23179,0.31758,0,0.13224,0,0,0,0.022407,0.054333,0,0.34212,0.22229,0,0,0.19495,0.036792,0.24667,0.072087,0.43485,0.28187,0,0,0.046703,0.18675,0.044074,0,0,0,0.092737,0.17315,0.20042,0.15313,0.32023,0.061246,0.26988,0.37211,0.09018,0.13543,0.20595,0.29411,0.28848,0.34706,0.010813,0.028235,0.11856,0.25017,0.39386,0.38785,0.41628,0.46214,0.37131,0.27661,0.41047,0.28877,0.22621,0.11082,0.15922,0,0.43356,0.28131,0.21005,0.3134,0.26778,0.20805,0.082223,0,0.21644,0.093048,0.33395,0.43179,0.2838,0.20293,0.16955,0.28385,0.12729,0,0.15918,0,0.082386,0.079404
0,0,0.072385,0,0.62726,0.70279,0.11375,0.21332,0.54908,0.39445,0.041971,0.017058,0.16828,0.17226,0.55121,0.29404,0.0048568,0.0040062,0,0,0.39094,0.36812,0,0,0.45766,0.53865,0.83095,1,0,0,0.054797,0.23803,0.12374,0.099627,0.054836,0.063602,0.13149,0.16089,0.032318,0.21601,0,0,0,0,0.090525,0.046788,0.13121,0.077214,0,0,0.065261,0,0.099155,0,0.35684,0.24366,0.029994,0,0.060923,0.1165,0.12807,0,0.011939,0,0.13532,0.16576,0.16806,0.18872,0.21315,0.0093364,0.27607,0.27704,0.026209,0.079239,0.21804,0.20484,0.29212,0.31347,0,0,0,0.019314,0.30544,0.3185,0.18596,0.28256,0.30944,0.30836,0.36146,0.30315,0.15473,0.057457,0.086692,0,0.40112,0.17019,0.19854,0.22234,0.24003,0.17002,0.039799,0,0.15962,0.05656,0.22522,0.30882,0.23607,0.18963,0.056829,0.26162,0.13949,0.043806,0.13575,0,0.10047,0
0.15726,0.020974,0.092132,0.1797,0,0,0.12386,0.19841,0.031809,0,0.22702,0.42972,0.13894,0.28795,0.087388,0.24346,0.63212,0.60346,0.21635,0.241,0.0035951,0.026126,0.032361,0.10558,0.21436,0.12669,0.10239,0,1,0.9048,0.32334,0.26012,0,0,0.034918,0.14315,0.53894,0.43574,0,0,0.22428,0.079811,0,0.30465,0.087128,0.14361,0.36095,0.32022,0.174,0.23159,0.35842,0.42858,0.28015,0.45367,0.13179,0,0,0,0.00089147,0.19179,0,0,0,0,0,0.16802,0.27486,0.31662,0.18061,0.22482,0,0,0.41059,0.42321,0.11689,0.21496,0,0.0245,0.79626,0.56475,0.85662,0.77005,0.32888,0.30634,0.534,0.46705,0,0,0,0.03527,0.038432,0.23457,0.2831,0.43087,0.10485,0.30223,0.12391,0.25509,0.066042,0.146,0.1604,0.45786,0.11223,0.25744,0.20535,0.2483,0,0,0.42945,0.015123,0,0,0.21505,0.2709,0,0.20224
0.14742,0.044958,0.14802,0.22593,0.046738,0,0.16981,0.2724,0.050019,0,0.17312,0.43856,0.15569,0.33106,0.13471,0.37148,0.52811,0.60043,0.23221,0.27161,0.053517,0.047353,0.10528,0.16167,0.28955,0.18603,0.19033,0,0.9048,1,0.31423,0.31434,0,0,0.15035,0.25791,0.58219,0.56191,0,0,0.17297,0.1107,0,0.21974,0.11934,0.15005,0.47242,0.38266,0.11197,0.15072,0.31687,0.35258,0.27422,0.44224,0.23938,0.073875,0,0,0,0.18354,0,0,0,0,0,0.18678,0.24424,0.26058,0.24203,0.22882,0,0,0.30649,0.42314,0.062513,0.2155,0.013296,0.12833,0.73352,0.62223,0.87257,0.8876,0.44483,0.50975,0.63938,0.62375,0.062788,0,0.037025,0.13775,0.086458,0.20867,0.30575,0.34735,0.18056,0.26448,0.19275,0.31717,0.16703,0.20144,0.19699,0.41336,0.13961,0.23901,0.27586,0.30237,0.072816,0,0.34278,0.0075463,0.012845,0,0.24708,0.15792,0,0.20808
0,0,0.11987,0.37964,0.32674,0.14644,0.12291,0.13014,0.23503,0.10641,0.237,0.12283,0.077439,0.010705,0.13896,0.24766,0.19943,0.22188,0.033697,0.063795,0.43491,0.4869,0.36046,0.33698,0.41563,0.57018,0.065427,0.054797,0.32334,0.31423,1,0.71769,0.32084,0.37759,0.29174,0.27958,0.14839,0.033638,0.17546,0,0.1383,0.26591,0,0.20342,0.13346,0.12962,0.20774,0.26371,0.14032,0.096937,0.16005,0.097048,0.09731,0,0.026942,0.01958,0,0,0,0,0,0,0.20704,0.05196,0.094476,0,0.29772,0.33022,0,0.11163,0.20763,0.17062,0.35226,0.36233,0.24651,0.22887,0.094518,0.10662,0.20732,0.37757,0.33946,0.23285,0.02592,0,0.19492,0.18025,0,0,0,0.014669,0,0,0.20958,0.10056,0,0,0.27475,0.035895,0.015855,0,0.15585,0.16443,0.087852,0.1357,0.075569,0.0887,0,0,0,0.11157,0.4556,0.32527,0.30155,0.52435,0.22061,0.13039
0.10262,0.14081,0.34572,0.19149,0.13739,0.13605,0.28685,0.46104,0.076537,0,0.079361,0.041037,0.14713,0.033417,0.056897,0.087791,0.28008,0.25456,0.10243,0.17333,0.17051,0.21236,0.17584,0,0.36665,0.38258,0.27651,0.23803,0.26012,0.31434,0.71769,1,0.44099,0.52084,0.33293,0.31227,0.1282,0,0.11021,0,0,0,0,0.24813,0.38736,0.30088,0.35498,0.35397,0.20597,0.074153,0.15849,0.068961,0.21313,0.022151,0.23566,0.19737,0.042261,0.11987,0.065543,0.21451,0,0,0.19226,0.087067,0.21784,0.080514,0.40306,0.46201,0.32709,0.2708,0.19441,0.16778,0.26408,0.506,0.17812,0.24602,0.32469,0.29278,0.014574,0.22431,0.22246,0.26627,0,0.1699,0.20646,0.37235,0,0,0,0.073925,0.18119,0,0.2307,0.12029,0.17115,0,0.27707,0.11919,0.15532,0.12979,0.14107,0.078421,0.28729,0.080375,0.40945,0.40411,0.023957,0.065206,0.090147,0.19228,0.46738,0.33014,0.42008,0.38805,0.28641,0.26353
0.15837,0.42181,0.27908,0.4095,0.078317,0.15383,0.33793,0.35456,0.0432,0.1243,0.0060827,0.10253,0.1058,0,0.014828,0.1682,0,0,0.20014,0.38948,0.16703,0.16326,0.31562,0.19877,0.013416,0.13998,0,0.12374,0,0,0.32084,0.44099,1,0.89147,0.25134,0.20351,0,0,0.29064,0.37195,0.14358,0.1965,0.25654,0.12448,0.42405,0.3991,0.20637,0.24771,0.22589,0.092303,0,0,0.10306,0,0.34049,0.43561,0.38845,0.35592,0.18835,0.11218,0.28376,0.20064,0.40972,0.24998,0.25468,0.04192,0.33987,0.41004,0.18859,0.29044,0.23724,0.10923,0,0.24884,0.14114,0.13617,0.43636,0.35537,0,0,0,0,0,0.18245,0,0.11525,0.09474,0.3414,0.16496,0.41131,0.28924,0.13366,0.26369,0.081601,0.24445,0,0.40947,0.14385,0.4216,0.36408,0.35537,0.13091,0.33374,0.26909,0.17983,0.18959,0.090902,0.37354,0,0.2888,0.55426,0.54368,0.45315,0.3424,0.31713,0.17333
0.18239,0.41328,0.31694,0.43926,0.06829,0.12432,0.34343,0.42039,0.019927,0.091072,0,0,0.093077,0,0,0.1115,0.0021622,0,0.23429,0.40968,0.13205,0.12452,0.35557,0.23689,0.071047,0.16919,0,0.099627,0,0,0.37759,0.52084,0.89147,1,0.33747,0.26183,0,0,0.23692,0.28805,0.18791,0.15815,0.26453,0.11386,0.37741,0.29969,0.23513,0.26621,0.14958,0,0,0,0.12188,0,0.2327,0.34661,0.37213,0.41747,0.13575,0.10797,0.24679,0.20502,0.32808,0.24778,0.29603,0.037655,0.30525,0.33975,0.18696,0.36559,0.17798,0.12324,0,0.30841,0.14844,0.11634,0.45044,0.36841,0,0,0,0,0,0.12391,0,0.15304,0.0030719,0.28352,0.12431,0.31412,0.28225,0.079664,0.30714,0.021482,0.14256,0,0.35753,0.086559,0.3534,0.28381,0.32225,0.080529,0.29645,0.19434,0.22135,0.20355,0.14451,0.29942,0,0.2206,0.56712,0.51144,0.44885,0.29792,0.30173,0.15368
0.1877,0.090383,0.52379,0.3393,0.22259,0,0.29222,0.13739,0,0,0.090009,0,0.031262,0,0.014479,0.051463,0.09582,0.039291,0.25407,0.18245,0.024438,0,0.61828,0.34839,0.54536,0.33741,0.18914,0.054836,0.034918,0.15035,0.29174,0.33293,0.25134,0.33747,1,0.7517,0.10073,0.12301,0,0,0,0,0.21166,0.16294,0.22226,0,0.46078,0.34849,0,0,0.053706,0,0.14863,0.13933,0.19917,0.091926,0.141,0.23138,0,0,0,0,0,0,0.17253,0,0.25064,0.098975,0.13942,0.29114,0.092862,0.19562,0,0.0094615,0,0,0.19428,0.23437,0.099685,0.36895,0.22396,0.25994,0.16844,0.12422,0.52043,0.49347,0.14408,0.10954,0.15054,0.29594,0.18132,0.013577,0.30524,0.03276,0.13915,0,0.35065,0.087611,0.24002,0.18516,0.21242,0.1251,0.068433,0.092134,0.14813,0.11142,0.24588,0.1268,0,0.00034737,0.43792,0.20652,0.32992,0.030565,0.0044334,0
0.040956,0.032492,0.32032,0.40867,0.18811,0,0.22218,0.2189,0.026436,0,0.043935,0.035392,0,0,0.068433,0.1396,0.16302,0.16213,0.13937,0.1934,0.10168,0.085562,0.40792,0.34324,0.36832,0.30404,0.15438,0.063602,0.14315,0.25791,0.27958,0.31227,0.20351,0.26183,0.7517,1,0.20919,0.26298,0,0,0.095103,0.093351,0.088099,0.13973,0.24521,0.1834,0.33561,0.24828,0,0,0,0,0.016405,0.082064,0.11695,0.080702,0.0025802,0.052932,0,0,0,0,0,0,0.12384,0,0.16128,0.18386,0.11534,0.16537,0.11398,0.23792,0,0.10146,0,0,0.25158,0.3461,0.2,0.37598,0.34733,0.3388,0.2963,0.27017,0.47287,0.5098,0.18641,0.15392,0.20339,0.37869,0.022249,0,0.24203,0.026241,0.07375,0,0.20376,0.065627,0.15761,0.1332,0.22224,0.16744,0,0.1173,0.083851,0.10879,0.10945,0,0,0.021185,0.28615,0.069897,0.25324,0.030083,0,0
0.2749,0.20292,0.19574,0.23797,0.1805,0.078522,0.24255,0.23476,0.17957,0,0.23838,0.37713,0.28595,0.33067,0.38274,0.42719,0.29731,0.3999,0.30913,0.36034,0.25179,0.17608,0.20158,0.23728,0.26497,0.20328,0.23179,0.13149,0.53894,0.58219,0.14839,0.1282,0,0,0.10073,0.20919,1,0.70619,0.34367,0.19365,0.54249,0.38758,0,0.12064,0.087645,0.11442,0.39641,0.33819,0.037934,0.1079,0.21792,0.23655,0.30088,0.29606,0.43984,0.35334,0.17862,0.058811,0.12657,0.28183,0.088061,0.014576,0,0,0.11539,0.20822,0.23505,0.26874,0.31491,0.2911,0.10782,0.12834,0.33766,0.27189,0.16785,0.24305,0.14456,0.25167,0.39834,0.28937,0.58602,0.56401,0.54535,0.52992,0.54831,0.47052,0.2778,0.10976,0.24352,0.29116,0.26293,0.32083,0.34307,0.35564,0.31885,0.36503,0.35369,0.46061,0.37136,0.43925,0.26516,0.43145,0.23255,0.39691,0.13253,0.26357,0.073344,0.065498,0.23466,0.26818,0.12054,0.088972,0.32947,0.2146,0,0.085455
0.19848,0.11123,0.12579,0.32181,0.36338,0.16001,0.23125,0.18633,0.31443,0.12109,0.22005,0.36597,0.29581,0.34314,0.51033,0.59204,0.11893,0.2802,0.34278,0.3435,0.30268,0.20895,0.30278,0.36081,0.25214,0.24523,0.31758,0.16089,0.43574,0.56191,0.033638,0,0,0,0.12301,0.26298,0.70619,1,0.075899,0.23201,0.4399,0.49479,0,0.052852,0.054965,0.086707,0.42183,0.31449,0,0.013905,0.17541,0.18951,0.24333,0.25641,0.41521,0.38475,0.10946,0.028373,0.084954,0.17952,0.10611,0.082754,0,0,0.099403,0.22461,0.18932,0.15291,0.25529,0.21554,0.1871,0.28107,0.12351,0.094007,0.16931,0.23574,0.18246,0.33474,0.36155,0.26419,0.5991,0.60465,0.80513,0.6835,0.63565,0.51105,0.54223,0.31367,0.47752,0.46682,0.20617,0.34264,0.30583,0.15371,0.22097,0.32191,0.30249,0.44958,0.45123,0.44565,0.31392,0.36032,0.094779,0.36366,0.046476,0.17189,0.15608,0.098908,0,0.0084571,0,0,0.19886,0,0,0.00010575
0.036296,0.16994,0,0,0.0074329,0.033916,0,0,0,0.066756,0.036853,0.098492,0.01849,0.025025,0.03646,0.12038,0,0,0,0,0.13975,0.13157,0.010604,0.037508,0.039332,0.090444,0,0.032318,0,0,0.17546,0.11021,0.29064,0.23692,0,0,0.34367,0.075899,1,0.67673,0.28276,0.3095,0.12552,0.026212,0.0068652,0.058368,0.028927,0.11852,0.062311,0.071965,0,0,0.094804,0,0.30427,0.34338,0.2452,0.14922,0.076575,0.11172,0.082897,0.082251,0.17033,0.17947,0.079998,0.04755,0.050047,0.10681,0.021694,0.085454,0.067557,0,0,0.036786,0,0,0,0,0,0,0,0,0.058088,0.092305,0,0,0.22797,0.19685,0.0086543,0.12481,0.23376,0.15497,0.05776,0.059309,0.33085,0.15122,0.39014,0.28593,0.23859,0.26089,0.1262,0.01989,0.29098,0.22939,0,0,0,0.32854,0.027243,0.41113,0.26734,0.38115,0.19134,0.32912,0.10251,0.012546
0,0.23438,0,0.01972,0.099054,0.18053,0.0059661,0.082782,0.0072159,0.27805,0,0,0.06752,0.080655,0.16074,0.30175,0,0,0,0.036082,0.20929,0.15585,0.076814,0.089303,0.042562,0.08501,0.13224,0.21601,0,0,0,0,0.37195,0.28805,0,0,0.19365,0.23201,0.67673,1,0.18988,0.33843,0.18838,0,0,0,0.11613,0.14427,0,0,0,0,0.13393,0,0.45179,0.56626,0.28592,0.23595,0.11853,0.099714,0.17087,0.24824,0.15772,0.1908,0.042256,0.025862,0,0,0.13356,0.007859,0.28283,0.23115,0,0,0,0.016865,0.22183,0.16603,0,0,0,0,0.17607,0.26987,0,0,0.3854,0.54153,0.34999,0.25271,0.32099,0.15136,0.077232,0,0.35342,0.093616,0.32944,0.32256,0.42591,0.37927,0.1768,0,0.22552,0.14812,0,0.01768,0.06331,0.36473,0,0.35092,0.21187,0.29038,0.12594,0.030498,0.14614,0.013553
0.069118,0.17351,0,0.39055,0.027942,0.0095964,0.096901,0.076374,0.066521,0.083597,0.084398,0.18194,0.088523,0.024251,0.16053,0.28195,0.12358,0.094762,0.18306,0.40931,0.21645,0.20658,0.15615,0.40901,0,0.039855,0,0,0.22428,0.17297,0.1383,0,0.14358,0.18791,0,0.095103,0.54249,0.4399,0.28276,0.18988,1,0.64814,0,0.055354,0.043972,0.14773,0,0.056962,0,0.015505,0,0,0,0,0.045565,0.19307,0.27279,0.090203,0.023523,0,0.15168,0.096726,0.20351,0.090629,0.040111,0.069893,0,0.13779,0,0.18458,0.0057957,0.045204,0.33621,0.2148,0.21476,0.23727,0.072611,0.11046,0.27459,0.018539,0.34105,0.1782,0.34886,0.23933,0.13257,0.11534,0.18136,0.11456,0.12095,0.29986,0,0.12226,0.16462,0.12642,0,0.17507,0.13921,0.26993,0.17803,0.30126,0.24617,0.27443,0.081214,0.32714,0,0,0,0.0082192,0,0.14237,0.021218,0.17989,0.16003,0.23965,0,0.056559
0,0.029583,0,0.3878,0.15749,0.00082558,0.063969,0.019071,0.16195,0.13302,0.096099,0.17681,0.054297,0.030877,0.24032,0.36773,0,0.00454,0.0055046,0.18452,0.37061,0.43116,0.23622,0.4653,0,0.18278,0,0,0.079811,0.1107,0.26591,0,0.1965,0.15815,0,0.093351,0.38758,0.49479,0.3095,0.33843,0.64814,1,0,0,0.006769,0.11299,0,0.075232,0.040103,0.071013,0,0.028706,0.009188,0,0.052787,0.16811,0.084863,0,0,0,0.06296,0.075347,0.21738,0.11768,0.062386,0.078368,0.020991,0.11205,0,0.011868,0.23376,0.19905,0.19918,0.15707,0.25568,0.16552,0.073767,0.10287,0.094509,0.092122,0.22608,0.11155,0.32474,0.18057,0.098312,0.065277,0.20247,0.080411,0.093554,0.29696,0,0.069179,0.083966,0.015861,0,0.035971,0.18401,0.18687,0.18548,0.24169,0.18576,0.21571,0,0.22638,0,0,0,0.076377,0,0.024949,0.040624,0.11761,0.088248,0.21826,0,0
0.30926,0.39561,0.22453,0.19202,0.071711,0.10008,0.22293,0.16034,0.084715,0.062895,0,0.0042973,0.21841,0.013196,0,0.060325,0.00090973,0,0.25048,0.27975,0,0,0.1741,0,0,0,0,0,0,0,0,0,0.25654,0.26453,0.21166,0.088099,0,0,0.12552,0.18838,0,0,1,0.51229,0.41541,0.3238,0.36978,0.37213,0.40814,0.33,0.39391,0.23523,0.32493,0.28996,0.32214,0.31924,0.36533,0.44176,0.33029,0.23936,0.3395,0.28421,0.20832,0.26583,0.11882,0,0.37645,0.26982,0.21884,0.38039,0.048564,0.066067,0,0.06719,0.060109,0.034681,0.36189,0.34096,0,0,0,0,0,0.114,0.012164,0,0.21466,0.40553,0.24047,0.23904,0.50448,0.4339,0.31403,0.053425,0.085429,0,0.36614,0.2639,0.4641,0.37784,0.44141,0.17286,0.44621,0.43515,0.099898,0.10764,0.31715,0.49687,0,0.12914,0.39319,0.52286,0.42418,0.053383,0.10939,0.053618
0.13691,0.29759,0.11865,0.21432,0,0,0.12225,0.19501,0,0,0,0.10503,0.015422,0.026035,0,0.06701,0.28813,0.2535,0.081128,0.31005,0,0,0,0,0.10115,0,0.022407,0,0.30465,0.21974,0.20342,0.24813,0.12448,0.11386,0.16294,0.13973,0.12064,0.052852,0.026212,0,0.055354,0,0.51229,1,0.48596,0.46902,0.51762,0.6715,0.39841,0.4079,0.3545,0.36578,0.38571,0.46007,0.25137,0.258,0.15402,0.22298,0.17372,0.27129,0,0,0.054765,0.028657,0,0,0.43591,0.51231,0.22084,0.42397,0,0,0.30063,0.50477,0.14928,0.26336,0.18948,0.25245,0.23665,0.056793,0.28301,0.24684,0,0.10514,0.11782,0.18152,0,0,0,0.19401,0.19915,0.31459,0.23133,0.18755,0.040937,0.05508,0.4087,0.38163,0.34173,0.41378,0.32282,0.28098,0.41568,0.40213,0.24866,0.27925,0,0.13583,0.12627,0.13608,0.43522,0.49567,0.46399,0.42986,0.14605,0.21938
0.27628,0.32722,0.26865,0.28701,0.018431,0.064281,0.34607,0.35094,0.018475,0,0.070744,0.20097,0.18746,0.03112,0,0.087751,0.044658,0.04422,0.2495,0.4552,0,0,0.088748,0,0.022781,0,0.054333,0.090525,0.087128,0.11934,0.13346,0.38736,0.42405,0.37741,0.22226,0.24521,0.087645,0.054965,0.0068652,0,0.043972,0.006769,0.41541,0.48596,1,0.83967,0.44441,0.51995,0.65662,0.46481,0.30681,0.28384,0.20817,0.23599,0.38641,0.31459,0.17623,0.17831,0.28728,0.22741,0.29682,0.1119,0.22117,0.10936,0.30302,0.11309,0.57411,0.61861,0.22472,0.33533,0,0,0.047794,0.35383,0.042412,0.13186,0.27,0.29302,0,0,0.14356,0.18604,0.081033,0.31827,0.14945,0.22216,0.045696,0.21518,0.13589,0.37822,0.30728,0.21869,0.25164,0.16024,0.12689,0.034205,0.44166,0.36625,0.49794,0.52331,0.36704,0.28409,0.42719,0.38506,0.33917,0.40101,0.18627,0.31119,0.018006,0.14057,0.47866,0.54281,0.64413,0.36848,0.23477,0.20841
0.15932,0.33374,0.051044,0.26292,0,0.084131,0.20254,0.38082,0.030047,0.0052731,0.045458,0.35344,0.093702,0.16584,0,0.16826,0.11011,0.12457,0.17787,0.42556,0,0.034854,0,0,0,0,0,0.046788,0.14361,0.15005,0.12962,0.30088,0.3991,0.29969,0,0.1834,0.11442,0.086707,0.058368,0,0.14773,0.11299,0.3238,0.46902,0.83967,1,0.31962,0.41677,0.71244,0.6494,0.27425,0.44845,0.16183,0.3022,0.32051,0.31002,0.13735,0.096105,0.2928,0.248,0.29718,0.23594,0.34079,0.27628,0.17001,0.25255,0.4596,0.67564,0.14154,0.19633,0.025442,0,0.11496,0.42263,0.033416,0.20756,0.26498,0.32317,0,0,0.17476,0.16473,0.053135,0.33369,0.00042176,0.16909,0.020524,0.18768,0.093244,0.41446,0.2316,0.31374,0.20736,0.21281,0.075886,0.085689,0.32293,0.31374,0.41467,0.48216,0.36475,0.31943,0.42478,0.45207,0.29139,0.3504,0.076019,0.25615,0.072455,0.16812,0.35837,0.46529,0.54351,0.41766,0.2495,0.21198
0.39003,0.41912,0.45539,0.36669,0.21671,0.13852,0.3838,0.41819,0.11654,0,0.15476,0.32641,0.32194,0.35797,0.22441,0.39747,0.2723,0.23884,0.43123,0.49048,0.10965,0.0027066,0.36549,0.21617,0.44549,0.23179,0.34212,0.13121,0.36095,0.47242,0.20774,0.35498,0.20637,0.23513,0.46078,0.33561,0.39641,0.42183,0.028927,0.11613,0,0,0.36978,0.51762,0.44441,0.31962,1,0.89138,0.24664,0.16603,0.46279,0.28327,0.65993,0.48862,0.71891,0.54177,0.26364,0.31883,0.21041,0.39865,0.16145,0.095582,0,0,0.13167,0.1421,0.56321,0.50048,0.50541,0.56103,0.15217,0.18953,0.12251,0.42423,0.1975,0.37669,0.42771,0.50119,0.15835,0.21039,0.4807,0.55231,0.35068,0.5089,0.6449,0.62886,0.22957,0.24823,0.31963,0.39519,0.53221,0.42257,0.56793,0.27665,0.43225,0.044196,0.70693,0.56034,0.70388,0.59326,0.51044,0.4001,0.5268,0.46922,0.45601,0.48155,0.31921,0.32853,0.016191,0.28409,0.64568,0.488,0.68055,0.28831,0.13234,0.22825
0.2337,0.4238,0.29837,0.35134,0.1781,0.089375,0.24941,0.3129,0.076192,0,0.0070366,0.25901,0.18749,0.22216,0.14792,0.35174,0.21013,0.15532,0.27485,0.46229,0.064841,0.011897,0.27258,0.17909,0.37461,0.21678,0.22229,0.077214,0.32022,0.38266,0.26371,0.35397,0.24771,0.26621,0.34849,0.24828,0.33819,0.31449,0.11852,0.14427,0.056962,0.075232,0.37213,0.6715,0.51995,0.41677,0.89138,1,0.29999,0.23064,0.36117,0.22458,0.57099,0.44404,0.59027,0.52369,0.20367,0.31577,0.15344,0.31976,0.067688,0.02897,0,0.0033229,0.03923,0,0.52367,0.5151,0.36119,0.48438,0.1277,0.07499,0.16988,0.49525,0.19067,0.38892,0.36632,0.43509,0.15986,0.18735,0.40448,0.46951,0.20879,0.38913,0.4697,0.47144,0.11418,0.1854,0.15555,0.33178,0.40129,0.33897,0.45171,0.20216,0.33688,0,0.71354,0.55465,0.643,0.59878,0.47635,0.34442,0.53257,0.45736,0.33522,0.38999,0.1775,0.28758,0.00090299,0.29801,0.68607,0.61488,0.66964,0.40526,0.16941,0.23709
