1,0.73737,0.41617,0.28755,0,0.11527,0.4405,0.44391,0,0.089376,0.53705,0.62746,0.36712,0.34556,0.20621,0.13089,0.47008,0.52567,0.71756,0.59709,0.25009,0.29661,0.15342,0.18767,0,0,0,0,0.51148,0.28739,0.046108,0,0.69052,0.66917,0,0.27016,0.32539,0.41421,0.03075,0.22531,0.17131,0.31646,0.25408,0.18773,0.29324,0.26625,0.28279,0.36333,0.34092,0.2432,0.19004,0.17933,0.29853,0.31192,0.29714,0.37541,0.81638,0.7928,0.61233,0.37109,0.6155,0.60094,0.60519,0.66835,0.080646,0.25243,0.45757,0.31941,0.71416,0.4667,0.20246,0.03027,0.45982,0.49635,0.38032,0.47483,0.63176,0.63896,0.30741,0.18093,0.45711,0.44434,0.4858,0.20054,0.13352,0.295,0.27257,0,0,0.41227,0.29179,0.35854,0,0,0.35161,0.28347,0.29171,0.10584,0.35766,0.32297,0.15168,0.15413,0.30669,0.30213,0.24508,0.25791,0.18602,0,0.17395,0.24795,0.45739,0.25061,0.19549,0.27891,0.17165,0.0077989
0.73737,1,0.16935,0.39318,0,0,0.20041,0.47045,0,0,0.42931,0.67586,0.20147,0.31189,0.088953,0.027771,0.45613,0.65278,0.68277,0.7531,0.050445,0.12726,0,0.15266,0,0,0,0,0.46824,0.41154,0.10995,0,0.64448,0.66182,0.031144,0.33815,0.36342,0.56885,0.050236,0.40524,0.17324,0.40767,0.41418,0.39874,0.3971,0.43063,0.4612,0.54862,0.36821,0.35418,0.23884,0.23026,0.40401,0.38496,0.35034,0.40921,0.65562,0.91727,0.52734,0.49916,0.55764,0.7177,0.63562,0.80622,0.0098164,0.29139,0.46335,0.38627,0.6452,0.45521,0.14617,0,0.41187,0.53026,0.38443,0.39375,0.62817,0.69338,0.38303,0.23426,0.55958,0.51893,0.49336,0.1796,0.19101,0.26112,0.25724,0,0,0.13994,0.39727,0.28365,0.044974,0,0.39973,0.22183,0.44186,0.16386,0.54936,0.45102,0.38876,0.03958,0.50516,0.29325,0.33732,0.15073,0.27521,0.090738,0.17592,0.19207,0.51834,0.30341,0.27191,0.28034,0.18804,0
0.41617,0.16935,1,0.58338,0.17022,0.23436,0.84051,0.5653,0.065115,0.16495,0.41497,0.28341,0.62204,0.43977,0.36198,0.35087,0.11479,0.04533,0.46499,0.2593,0.42623,0.4447,0.86541,0.76445,0.27669,0.23864,0.08277,0.1045,0.14728,0,0.23613,0.085866,0.40529,0.36905,0.44319,0.42546,0.3133,0.12708,0.23024,0.25349,0.21627,0.14094,0.22895,0.0014322,0.046609,0.016562,0.17338,0.1061,0.10063,0.072848,0.28684,0.15165,0.25803,0.17633,0.17059,0.092806,0.16551,0.16325,0.19266,0,0.34599,0.19188,0.23612,0.24787,0.35671,0.29925,0.36658,0.26285,0.18241,0.085838,0.34784,0.16388,0.2509,0.18984,0.30051,0.32617,0.45432,0.4336,0.087082,0.026981,0.063362,0.1084,0.43178,0.15403,0.37335,0.28048,0.27396,0.039641,0.52064,0.62586,0.35379,0.5043,0.42517,0.4698,0.21618,0.29256,0.10088,0.065638,0.049738,0,0,0.12856,0,0,0.15039,0.39975,0.0075579,0,0.080405,0.29441,0.19546,0.12556,0,0.18521,0.30545,0.11699
0.28755,0.39318,0.58338,1,0.3294,0.45178,0.40382,0.82793,0.40519,0.4386,0.38536,0.54745,0.38216,0.6777,0.50029,0.59608,0.2437,0.261,0.56633,0.56306,0.42466,0.46847,0.64942,0.81726,0.43939,0.56054,0.12263,0.27403,0.184,0.22835,0.55039,0.3207,0.56256,0.56357,0.32186,0.50496,0.23193,0.28533,0.074699,0.31865,0.12077,0.43113,0.47706,0.39032,0.30696,0.39133,0.45061,0.44813,0.29792,0.31938,0.4121,0.33877,0.4281,0.32824,0.32432,0.22887,0.077062,0.26424,0.26389,0.27381,0.45046,0.49639,0.41942,0.50808,0.35916,0.5295,0.45427,0.52991,0.17736,0.29652,0.44554,0.20379,0.49716,0.53821,0.53675,0.55796,0.52611,0.57118,0.27387,0.17968,0.28296,0.35231,0.40057,0.26514,0.39231,0.38659,0.18922,0,0.42978,0.37817,0.55766,0.45376,0.56971,0.14731,0.2508,0.16579,0.26932,0.13345,0.29781,0.18861,0.21869,0.015668,0.14843,0.087828,0.22001,0.16309,0.18265,0,0.20483,0.23723,0.38694,0.26423,0.15513,0.20326,0.22176,0
0,0,0.17022,0.3294,1,0.76186,0.039937,0.23661,0.8687,0.70118,0.12021,0,0.11614,0.40907,0.61485,0.66443,0,0,0,0,0.57253,0.56176,0.29246,0.25346,0.69906,0.67121,0.71618,0.8134,0,0,0.38223,0.28893,0.048943,0.0070231,0.11739,0.089825,0,0,0,0,0,0,0,0.036083,0,0,0.026619,0.0086444,0.042219,0.074213,0.142,0.064666,0.11491,0,0.27207,0.053945,0,0,0.086745,0,0.098135,0,0,0,0.17792,0.090892,0.023674,0.084704,0,0,0.47633,0.52628,0.27674,0.22092,0.24901,0.40281,0.20494,0.14503,0,0,0,0,0.081026,0.16222,0,0.029461,0.16084,0.026419,0.36657,0.25177,0.10127,0.074604,0.18041,0.15899,0.1436,0.12643,0.016522,0.0096918,0,0,0,0,0,0,0,0.096936,0,0,0.24218,0.032964,0,0,0,0.065937,0.14678,0.051228
0.11527,0,0.23436,0.45178,0.76186,1,0.12661,0.28687,0.80726,0.95757,0.15686,0.10807,0.10757,0.44522,0.50109,0.73314,0,0,0.11426,0.018989,0.48036,0.48641,0.29051,0.33107,0.63562,0.73188,0.48058,0.63789,0,0,0.31731,0.11222,0.21496,0.11354,0.027628,0.11417,0,0.033945,0,0,0,0.13635,0.076932,0.15097,0.084954,0.14436,0.13736,0.19235,0.20743,0.18491,0.21052,0.17637,0.20733,0.16734,0.25963,0.19064,0.033355,0,0.20888,0.084395,0.19112,0.10611,0.032336,0.047738,0.096545,0.14448,0.10853,0.18127,0,0.056181,0.40695,0.25951,0.24281,0.29072,0.25256,0.42983,0.26541,0.18636,0,0,0,0.071682,0.011106,0.044873,0,0.12372,0,0,0.21727,0.31403,0.23602,0.19158,0.20454,0.12374,0.088551,0.085375,0.077827,0.073863,0.099538,0.011275,0.035176,0,0.035461,0.045678,0.10404,0.1479,0.087077,0,0.18025,0.15051,0.16833,0.070128,0.048931,0.15998,0.13833,0.022876
0.4405,0.20041,0.84051,0.40382,0.039937,0.12661,1,0.50285,0,0.099708,0.40264,0.32737,0.55684,0.37214,0.14381,0.26102,0.21227,0.1404,0.38349,0.27579,0.2417,0.28709,0.62732,0.58592,0.11281,0.082812,0,0,0.25508,0.064652,0.1084,0,0.36817,0.34277,0.23809,0.29075,0.26391,0.23667,0.21069,0.2981,0.21701,0.14148,0.17978,0,0.080101,0.042958,0.12283,0.067803,0.18145,0.15837,0.30095,0.22442,0.24654,0.21534,0.17975,0.18072,0.25025,0.2073,0.25851,0,0.41764,0.2531,0.24512,0.28805,0.22869,0.27903,0.31024,0.21494,0.20063,0.11472,0.26521,0.13487,0.25107,0.21656,0.22087,0.22241,0.43476,0.47377,0.1753,0.10375,0.13322,0.17781,0.3205,0.17295,0.18589,0.21395,0.2813,0.17016,0.33437,0.59953,0.22055,0.34956,0.26072,0.42313,0.1401,0.32603,0.023335,0.12152,0.0044225,0,0,0.25562,0,0.0098641,0.10809,0.28808,0,0,0.025526,0.1983,0.094682,0.036705,0,0.10245,0.20197,0.15932
0.44391,0.47045,0.5653,0.82793,0.23661,0.28687,0.50285,1,0.26103,0.2674,0.37094,0.60605,0.44045,0.71388,0.41649,0.4409,0.2927,0.33593,0.5987,0.50625,0.42902,0.46093,0.5478,0.64639,0.2454,0.36927,0.050031,0.20861,0.34299,0.30213,0.43499,0.23139,0.61187,0.66877,0.11963,0.35281,0.22403,0.30416,0.080869,0.33662,0.15327,0.445,0.41677,0.35238,0.34415,0.3798,0.43233,0.44224,0.41511,0.3779,0.4547,0.40708,0.48029,0.35398,0.39871,0.25041,0.14048,0.3973,0.36235,0.28055,0.52604,0.5539,0.41461,0.64035,0.23071,0.47148,0.44647,0.48739,0.28451,0.31469,0.44652,0.15479,0.54887,0.54642,0.54487,0.52528,0.63516,0.63304,0.28066,0.10724,0.33179,0.34421,0.46199,0.29061,0.30944,0.30564,0.24959,0,0.38391,0.3116,0.48492,0.42705,0.40873,0.056083,0.2621,0.2602,0.20881,0.099507,0.235,0.14825,0.18153,0,0.18495,0.11305,0.20448,0.17225,0.13263,0,0.16808,0.20118,0.27534,0.13218,0.088814,0.18332,0.1673,0
0,0,0.065115,0.40519,0.8687,0.80726,0,0.26103,1,0.81248,0.048469,0,0,0.41663,0.51309,0.6538,0,0,0,0,0.40772,0.41553,0.18694,0.21191,0.66396,0.75703,0.57185,0.69018,0,0,0.29527,0.25009,0.045699,0.010775,0.0040118,0.025268,0,0,0,0,0,0.065657,0,0.11045,0,0.057682,0.098998,0.088977,0.11455,0.13774,0.16709,0.090314,0.19994,0.096996,0.27027,0.10149,0,0,0.085406,0.017397,0.086864,0,0,0,0.083334,0.035482,0.011906,0.08831,0,0,0.33743,0.40322,0.25381,0.20921,0.18174,0.31772,0.16271,0.12006,0,0,0,0,0,0.070797,0,0,0,0,0.28759,0.12808,0.1191,0.021861,0.18185,0.036549,0.052709,0.037787,0.018558,0.033795,0,0,0,0,0,0,0,0.018141,0,0,0.16902,0,0.0063042,0,0,0,0.07119,0.0012128
0.089376,0,0.16495,0.4386,0.70118,0.95757,0.099708,0.2674,0.81248,1,0.1306,0.13813,0,0.44775,0.37582,0.7625,0,0,0.12461,0.061742,0.35468,0.37154,0.21996,0.31136,0.61438,0.74379,0.44158,0.59293,0,0.0016362,0.33089,0.13581,0.19782,0.095826,0.0018459,0.089109,0,0.095513,0,0,0,0.21406,0.10101,0.19069,0.077928,0.14795,0.15649,0.20751,0.23562,0.23791,0.2431,0.22926,0.25572,0.2138,0.2558,0.22685,0,0,0.19151,0.10197,0.16183,0.11614,0.046675,0.06216,0.0067355,0.13099,0.10423,0.18656,0,0.049371,0.40011,0.2597,0.28255,0.31863,0.23283,0.35187,0.22013,0.18431,0.052496,0.031249,0.0079871,0.093355,0,0.030723,0,0.081491,0,0,0.16914,0.24023,0.14624,0.066389,0.13263,0.031901,0.030462,0.028,0.061588,0.093941,0.060126,0,0.0036178,0,0.0082972,0.0094956,0.037517,0.039018,0.0027223,0,0.13773,0.070747,0.11921,0.012029,0,0.073164,0.085746,0.028794
0.53705,0.42931,0.41497,0.38536,0.12021,0.15686,0.40264,0.37094,0.048469,0.1306,1,0.62029,0.58892,0.56788,0.47267,0.40469,0.5281,0.53909,0.57274,0.51996,0.41956,0.44103,0.38959,0.42649,0.13642,0.11009,0,0.072859,0.49733,0.48604,0.37246,0.11206,0.66049,0.5424,0.23214,0.40548,0.13029,0.3018,0,0,0.012619,0.25943,0.36525,0.24123,0.26333,0.27372,0.22163,0.35108,0.2616,0.22184,0.20974,0.24321,0.23666,0.28011,0.15186,0.16256,0.50662,0.44802,0.30681,0.19241,0.53179,0.41645,0.66652,0.47717,0.44054,0.36711,0.24097,0.27236,0.23882,0.424,0.35719,0.31146,0.44755,0.50091,0.40692,0.50733,0.43374,0.47196,0.41155,0.51561,0.54302,0.60933,0.46333,0.32625,0.40481,0.56232,0.13776,0,0.12592,0.43238,0.48035,0.45168,0.3718,0.12372,0.32512,0.32581,0.227,0.082117,0.2804,0.23449,0.14913,0.051535,0.10812,0.079011,0.26519,0.27618,0.3738,0,0.26587,0.45105,0.43721,0.30834,0.099816,0.34332,0.21821,0.19179
0.62746,0.67586,0.28341,0.54745,0,0.10807,0.32737,0.60605,0,0.13813,0.62029,1,0.36773,0.68309,0.26466,0.37158,0.59219,0.74199,0.72819,0.76996,0.17929,0.23333,0.22746,0.41331,0,0.08374,0,0,0.60385,0.63956,0.40227,0.19528,0.79747,0.75191,0.097968,0.34021,0.23516,0.51212,0,0.26699,0.15181,0.54417,0.58623,0.52465,0.55865,0.60082,0.51579,0.60347,0.54536,0.53415,0.48225,0.51738,0.46076,0.51276,0.36061,0.44133,0.48496,0.64454,0.54297,0.50303,0.70064,0.77844,0.71433,0.76945,0.27398,0.54364,0.52146,0.5626,0.44015,0.61979,0.21392,0.10685,0.56519,0.68528,0.48023,0.4955,0.50742,0.61081,0.45534,0.4271,0.57254,0.64716,0.42674,0.35471,0.26757,0.51678,0.19225,0,0,0.29011,0.44306,0.35158,0.23632,0,0.18453,0.1338,0.31693,0.22304,0.42218,0.44844,0.36994,0.16121,0.37411,0.32727,0.29931,0.12564,0.2929,0,0.18606,0.24255,0.50864,0.33532,0.29919,0.27339,0.12228,0
0.36712,0.20147,0.62204,0.38216,0.11614,0.10757,0.55684,0.44045,0,0,0.58892,0.36773,1,0.55539,0.59285,0.29405,0.31726,0.24613,0.363,0.25945,0.53363,0.50651,0.65628,0.52589,0.21443,0.17798,0.13274,0.1179,0.35844,0.25945,0.35928,0.16112,0.44035,0.41385,0.45085,0.42869,0.20961,0.087296,0,0,0.26357,0.17788,0.28314,0.084371,0.13135,0.11035,0.15468,0.16529,0.16347,0.14924,0.32842,0.2123,0.22159,0.2177,0.18561,0.079927,0.29227,0.23632,0.23721,0.031676,0.51817,0.26661,0.37064,0.31268,0.60038,0.35771,0.30771,0.24016,0.12535,0.26598,0.34828,0.16574,0.29828,0.29954,0.36497,0.40471,0.44634,0.34697,0.19792,0.28103,0.24133,0.34558,0.48268,0.24346,0.39633,0.40036,0.10813,0,0.36389,0.51038,0.41893,0.52651,0.35124,0.31159,0.19435,0.28337,0.097298,0.013542,0.12906,0.049278,0,0.090298,0,0,0.26239,0.41178,0.23674,0,0.089075,0.38713,0.2422,0.14319,0,0.29278,0.38866,0.11101
0.34556,0.31189,0.43977,0.6777,0.40907,0.44522,0.37214,0.71388,0.41663,0.44775,0.56788,0.68309,0.55539,1,0.50838,0.67725,0.44264,0.43265,0.48568,0.46415,0.44614,0.47671,0.48484,0.54981,0.42409,0.48398,0.13941,0.30177,0.47666,0.49699,0.57288,0.36356,0.58328,0.52855,0.17437,0.30272,0.096399,0.3025,0,0.14859,0.079065,0.44032,0.49934,0.43594,0.39842,0.43519,0.43741,0.49282,0.50095,0.49758,0.55729,0.5416,0.49833,0.45398,0.40951,0.3439,0.19303,0.26015,0.37207,0.27581,0.55088,0.46785,0.49919,0.53193,0.34505,0.46616,0.39946,0.48194,0.14704,0.40426,0.38474,0.34358,0.5344,0.58272,0.44704,0.51423,0.47607,0.51156,0.37472,0.33987,0.42332,0.50848,0.38901,0.4353,0.2968,0.47002,0.14343,0,0.28143,0.40934,0.47588,0.41834,0.38536,0.0945,0.11879,0.21791,0.20048,0.17558,0.2319,0.19843,0.075717,0,0.062774,0.052306,0.25399,0.22701,0.18189,0,0.22933,0.29785,0.26867,0.19926,0.013235,0.16995,0.1927,0.12467
0.20621,0.088953,0.36198,0.50029,0.61485,0.50109,0.14381,0.41649,0.51309,0.37582,0.47267,0.26466,0.59285,0.50838,1,0.57812,0.076557,0.083543,0.3824,0.24933,0.7407,0.70533,0.50164,0.43781,0.49491,0.50341,0.48795,0.56561,0.081719,0.079368,0.49812,0.3159,0.36805,0.33393,0.37142,0.3908,0.1421,0.13207,0,0,0.020914,0.17244,0.21431,0.15706,0.13624,0.185,0.17737,0.18788,0.15209,0.18635,0.29066,0.17157,0.2097,0.18475,0.34822,0.12891,0.12521,0.069899,0.27297,0.18381,0.45581,0.21992,0.23633,0.18739,0.62202,0.35648,0.29788,0.29244,0.022907,0.34761,0.5305,0.42365,0.45168,0.40414,0.5225,0.64615,0.43387,0.32651,0.044389,0.15258,0.14702,0.283,0.57956,0.29959,0.33713,0.423,0.30085,0,0.44526,0.38318,0.47988,0.46877,0.40755,0.22596,0.397,0.27415,0.29684,0.12326,0.23422,0.17996,0.22292,0.026966,0.1544,0.11675,0.23608,0.30947,0.32177,0.10896,0.27948,0.37093,0.36741,0.23922,0.14952,0.40051,0.36383,0
0.13089,0.027771,0.35087,0.59608,0.66443,0.73314,0.26102,0.4409,0.6538,0.7625,0.40469,0.37158,0.29405,0.67725,0.57812,1,0.18531,0.16101,0.35472,0.30897,0.48697,0.52444,0.44127,0.56151,0.72713,0.75423,0.47719,0.59505,0.18159,0.24183,0.61524,0.38704,0.39252,0.3182,0.25634,0.30136,0.037621,0.26291,0,0.093424,0,0.3343,0.34583,0.36284,0.22332,0.31518,0.31107,0.31838,0.31955,0.35994,0.38088,0.40581,0.31706,0.32008,0.27837,0.29902,0.023232,0,0.25835,0.1991,0.35734,0.27707,0.27134,0.20609,0.32586,0.45223,0.27775,0.40628,0,0.2631,0.53365,0.45778,0.53199,0.50086,0.46786,0.49904,0.34739,0.39964,0.23315,0.24715,0.1984,0.33264,0.26245,0.39712,0.15698,0.36959,0.17408,0,0.27957,0.44635,0.26072,0.19288,0.31369,0.16559,0.13853,0.13856,0.15198,0.17827,0.027343,0.061356,0,0,0,0.011096,0.1664,0.1424,0.075812,0,0.24619,0.21388,0.19436,0.10108,0,0.14187,0.19989,0.14625
0.47008,0.45613,0.11479,0.2437,0,0,0.21227,0.2927,0,0,0.5281,0.59219,0.31726,0.44264,0.076557,0.18531,1,0.79165,0.44245,0.56653,0.094016,0.15018,0.050279,0.1607,0,0,0,0,0.86601,0.81083,0.25417,0.053278,0.52295,0.47942,0,0.1725,0.20412,0.41272,0,0.16532,0.29285,0.59515,0.43615,0.33615,0.43495,0.39816,0.20555,0.35444,0.34271,0.26626,0.23708,0.37069,0.13743,0.27034,0.12,0.19945,0.55841,0.52781,0.29049,0.27901,0.41864,0.3936,0.82492,0.55958,0.21339,0.33527,0.24391,0.4211,0.37933,0.53911,0.0067605,0.004248,0.40935,0.55329,0.27815,0.3057,0.26745,0.33752,0.86233,0.7415,0.85785,0.81471,0.36388,0.47629,0.4235,0.7005,0,0,0,0.31824,0.30936,0.22211,0.11289,0,0.061439,0.12585,0.19635,0.30135,0.31484,0.31357,0.22073,0.15522,0.10269,0.15816,0.070079,0,0.23529,0,0.15869,0.35455,0.25845,0.36256,0.16333,0.036546,0,0.035836
0.52567,0.65278,0.04533,0.261,0,0,0.1404,0.33593,0,0,0.53909,0.74199,0.24613,0.43265,0.083543,0.16101,0.79165,1,0.56812,0.70569,0,0.084551,0,0.12654,0,0,0,0,0.77711,0.83615,0.29575,0.19307,0.64446,0.62017,0.0247,0.19186,0.22642,0.52847,0,0.27673,0.30393,0.61773,0.52794,0.45179,0.49108,0.49087,0.31763,0.44161,0.38847,0.35065,0.30864,0.35764,0.24156,0.34927,0.17777,0.25544,0.59801,0.7142,0.30084,0.30709,0.51323,0.54188,0.85342,0.70937,0.22683,0.3737,0.26941,0.42247,0.43306,0.63489,0.023633,0.058293,0.45009,0.55309,0.3242,0.30062,0.31604,0.38277,0.72092,0.74311,0.83121,0.8703,0.36969,0.44184,0.3731,0.59973,0.080343,0,0,0.14795,0.2739,0.12105,0.053244,0,0.19153,0.18149,0.29078,0.31692,0.37166,0.38493,0.2772,0.039539,0.20086,0.12147,0.081532,0,0.20061,0,0.16507,0.35428,0.32232,0.32673,0.1603,0.019238,0,0.0052645
0.71756,0.68277,0.46499,0.56633,0,0.11426,0.38349,0.5987,0,0.12461,0.57274,0.72819,0.363,0.48568,0.3824,0.35472,0.44245,0.56812,1,0.85504,0.29123,0.3641,0.30939,0.45622,0.097442,0.13911,0,0.024233,0.40234,0.3702,0.36588,0.1089,0.76598,0.73264,0.21915,0.51141,0.3946,0.53268,0.092391,0.32881,0.17336,0.46126,0.56146,0.4422,0.43546,0.48976,0.48807,0.54265,0.44536,0.45871,0.41945,0.45854,0.46634,0.56224,0.37779,0.49077,0.51383,0.62142,0.58169,0.46796,0.68803,0.69182,0.67096,0.71022,0.3579,0.56805,0.62863,0.57104,0.66143,0.67618,0.35469,0.11,0.61677,0.60703,0.61356,0.56759,0.64256,0.70187,0.35495,0.32197,0.52244,0.57435,0.5838,0.33197,0.35711,0.49213,0.35797,0,0.1048,0.45087,0.4456,0.44273,0.17376,0.070988,0.43138,0.30042,0.45614,0.28965,0.41097,0.47564,0.28082,0.19517,0.35274,0.3433,0.27465,0.17418,0.26329,0.084015,0.23882,0.32756,0.61627,0.33561,0.22973,0.37135,0.24922,0
0.59709,0.7531,0.2593,0.56306,0,0.018989,0.27579,0.50625,0,0.061742,0.51996,0.76996,0.25945,0.46415,0.24933,0.30897,0.56653,0.70569,0.85504,1,0.094788,0.20669,0.14543,0.36651,0.044874,0.10605,0,0,0.52222,0.52219,0.37339,0.13251,0.72245,0.70588,0.19474,0.45635,0.40683,0.65437,0.11989,0.45308,0.29386,0.55494,0.65998,0.5608,0.52697,0.58653,0.55066,0.6066,0.4682,0.53502,0.44852,0.49254,0.48726,0.59159,0.40163,0.55997,0.5398,0.67959,0.56634,0.56177,0.67661,0.73862,0.73234,0.76273,0.29013,0.55928,0.62826,0.61407,0.66395,0.78062,0.22003,0.074816,0.61762,0.65215,0.55287,0.50863,0.55798,0.68395,0.52186,0.47871,0.65338,0.70612,0.5667,0.36698,0.34033,0.53141,0.32597,0,0,0.3649,0.40955,0.30043,0.13903,0,0.3797,0.22947,0.49098,0.37273,0.48228,0.52032,0.38809,0.2581,0.39208,0.38334,0.24439,0.052692,0.24373,0.096374,0.24795,0.32046,0.60183,0.41669,0.29469,0.28606,0.18186,0
0.25009,0.050445,0.42623,0.42466,0.57253,0.48036,0.2417,0.42902,0.40772,0.35468,0.41956,0.17929,0.53363,0.44614,0.7407,0.48697,0.094016,0,0.29123,0.094788,1,0.89556,0.48565,0.40707,0.4897,0.46251,0.52847,0.58286,0.071937,0.051907,0.40387,0.18688,0.35554,0.34663,0.24236,0.35256,0.085496,0.044309,0,0,0,0.10328,0.11393,0.074217,0.068692,0.10646,0.15757,0.17634,0.19174,0.13002,0.23014,0.18843,0.23731,0.13167,0.28978,0.064777,0.15485,0.057001,0.29118,0.14862,0.34109,0.14155,0.17657,0.17263,0.35406,0.24127,0.22427,0.25065,0.024444,0.16504,0.64653,0.41895,0.42059,0.38587,0.48933,0.61601,0.47546,0.31613,0.040726,0.10472,0.10041,0.18911,0.37378,0.21675,0.19163,0.29398,0.11557,0,0.38789,0.37654,0.47692,0.47743,0.45638,0.2547,0.39896,0.32975,0.17099,0,0.11332,0.039247,0.045161,0,0.010881,0,0.20929,0.32673,0.29254,0.0037136,0.27943,0.29447,0.24838,0.20004,0.073798,0.32496,0.31041,0.12082
0.29661,0.12726,0.4447,0.46847,0.56176,0.48641,0.28709,0.46093,0.41553,0.37154,0.44103,0.23333,0.50651,0.47671,0.70533,0.52444,0.15018,0.084551,0.3641,0.20669,0.89556,1,0.48332,0.4313,0.52264,0.5021,0.50806,0.60923,0.13373,0.10908,0.45021,0.18829,0.42341,0.39227,0.20301,0.31793,0.13868,0.16296,0,0,0.047403,0.18513,0.18573,0.13661,0.088949,0.12272,0.20551,0.22978,0.21151,0.1682,0.22835,0.19144,0.26823,0.17302,0.3322,0.13882,0.22929,0.12691,0.30117,0.14569,0.37674,0.17066,0.24893,0.22639,0.32411,0.2286,0.22689,0.23994,0.077978,0.21306,0.71468,0.54066,0.50808,0.47452,0.55107,0.66544,0.49951,0.41362,0.1358,0.16707,0.18554,0.27343,0.40629,0.29965,0.17325,0.30205,0.17095,0,0.37523,0.4059,0.47683,0.41867,0.43659,0.23091,0.43194,0.3207,0.23058,0.047283,0.16442,0.077933,0.068926,0.00046466,0.046886,0.02726,0.20242,0.2665,0.30078,0,0.31268,0.3091,0.24994,0.23504,0.041877,0.32252,0.27493,0.1098
0.15342,0,0.86541,0.64942,0.29246,0.29051,0.62732,0.5478,0.18694,0.21996,0.38959,0.22746,0.65628,0.48484,0.50164,0.44127,0.050279,0,0.30939,0.14543,0.48565,0.48332,1,0.89137,0.42231,0.4161,0.27351,0.27413,0.061976,0,0.46322,0.34473,0.36508,0.33802,0.61651,0.49301,0.22965,0.025901,0.17477,0.17774,0.19796,0.13668,0.21817,0.024277,0,0,0.12843,0.078746,0.0054033,0.03375,0.3128,0.15764,0.21154,0.074682,0.14337,0,0,0,0.038484,0,0.29934,0.090176,0.16948,0.12372,0.53387,0.37444,0.29197,0.29296,0,0.015986,0.42707,0.24889,0.26032,0.20626,0.35321,0.3153,0.33133,0.28033,0.044257,0.06115,0,0.081194,0.33707,0.1526,0.41517,0.3247,0.17398,0,0.63695,0.51878,0.37648,0.46954,0.5488,0.42435,0.15184,0.19192,0.063743,0.021408,0,0,0,0.0025675,0,0,0.12295,0.37091,0.0082152,0,0.061352,0.24854,0.14552,0.071243,0,0.18891,0.33276,0.054739
0.18767,0.15266,0.76445,0.81726,0.25346,0.33107,0.58592,0.64639,0.21191,0.31136,0.42649,0.41331,0.52589,0.54981,0.43781,0.56151,0.1607,0.12654,0.45622,0.36651,0.40707,0.4313,0.89137,1,0.4406,0.4931,0.20008,0.26227,0.091998,0.095941,0.54907,0.35822,0.49542,0.46954,0.58894,0.61296,0.25433,0.20415,0.16687,0.29039,0.19021,0.29047,0.36635,0.1852,0.097703,0.16543,0.26509,0.22305,0.10623,0.14069,0.36261,0.26961,0.27804,0.18261,0.18566,0.099524,0,0.081002,0.12456,0.059063,0.36224,0.31061,0.30901,0.27442,0.51734,0.56086,0.39129,0.45683,0.029406,0.13443,0.45814,0.22249,0.37203,0.37745,0.48415,0.39389,0.40415,0.43539,0.17764,0.15951,0.13342,0.22559,0.34229,0.21924,0.45092,0.41639,0.22325,0,0.5513,0.53341,0.44619,0.44773,0.60455,0.40663,0.19423,0.20617,0.16586,0.10899,0.10498,0.052093,0.013317,0.084714,0,0.0073589,0.21811,0.31236,0.10566,0,0.15006,0.23267,0.28612,0.15858,0.0014292,0.23368,0.31393,0.059762
0,0,0.27669,0.43939,0.69906,0.63562,0.11281,0.2454,0.66396,0.61438,0.13642,0,0.21443,0.42409,0.49491,0.72713,0,0,0.097442,0.044874,0.4897,0.52264,0.42231,0.4406,1,0.84435,0.58339,0.62861,0,0,0.54439,0.3997,0.16162,0.14387,0.37766,0.30391,0.10897,0.14656,0.03655,0.11841,0,0.093843,0.15083,0.17686,0,0.11126,0.13795,0.070638,0.060029,0.10446,0.22507,0.17836,0.14829,0.05643,0.21218,0.16908,0,0,0.074943,0.025209,0.15059,0,0.013923,0,0.28799,0.30126,0.14603,0.26231,0,0,0.51576,0.47375,0.33802,0.24273,0.34822,0.34314,0.24994,0.22583,0,0.063971,0,0.099205,0.16844,0.26639,0.057116,0.12725,0.2327,0.043723,0.38837,0.33022,0.13335,0.08619,0.28675,0.17471,0.12597,0.087615,0.093057,0.15322,0,0,0,0,0,0,0.10545,0.1526,0,0,0.26997,0.14042,0.062146,0.027732,0,0.052814,0.22253,0.10579
0,0,0.23864,0.56054,0.67121,0.73188,0.082812,0.36927,0.75703,0.74379,0.11009,0.08374,0.17798,0.48398,0.50341,0.75423,0,0,0.13911,0.10605,0.46251,0.5021,0.4161,0.4931,0.84435,1,0.66142,0.72066,0,0.079409,0.6198,0.50809,0.24958,0.23018,0.30019,0.25488,0.041959,0.11125,0.029862,0.13558,0.0044075,0.21056,0.19585,0.2284,0.024632,0.14892,0.19207,0.15287,0.14297,0.18657,0.31868,0.2405,0.26273,0.16192,0.259,0.14917,0,0,0.046646,0.0033263,0.19048,0.05652,0.071217,0.080749,0.24255,0.29266,0.15503,0.29037,0,0.069133,0.48455,0.39113,0.33834,0.2795,0.34793,0.30245,0.22219,0.1757,0,0.083097,0,0.11091,0.12609,0.17384,0.064469,0.11157,0.057161,0,0.34409,0.22738,0.15173,0.048807,0.31946,0.1158,0.079635,0.098776,0.047587,0.11565,0,0,0,0,0,0,0.069476,0.085127,0,0,0.15959,0.095509,0.059924,0.0072961,0,0.04257,0.16226,0
0,0,0.08277,0.12263,0.71618,0.48058,0,0.050031,0.57185,0.44158,0,0,0.13274,0.13941,0.48795,0.47719,0,0,0,0,0.52847,0.50806,0.27351,0.20008,0.58339,0.66142,1,0.9091,0,0,0.47498,0.47073,0,0,0.26983,0.087199,0,0,0.089261,0,0,0,0,0,0,0,0,0,0,0,0.14648,0.0010239,0.075098,0,0.12842,0,0,0,0,0,0,0,0,0,0.19071,0.0035483,0,0,0,0,0.52747,0.47623,0.181,0.087338,0.17696,0.15656,0.0037735,0,0,0,0,0,0.039151,0.053217,0,0,0.060713,0.06561,0.28735,0.047416,0,0,0.099558,0.14291,0.066354,0.057265,0,0,0,0,0,0,0,0,0,0,0,0,0.0054671,0,0,0,0,0,0.1229,0.011205
0,0,0.1045,0.27403,0.8134,0.63789,0,0.20861,0.69018,0.59293,0.072859,0,0.1179,0.30177,0.56561,0.59505,0,0,0.024233,0,0.58286,0.60923,0.27413,0.26227,0.62861,0.72066,0.9091,1,0,0,0.52163,0.43189,0.11966,0.1369,0.23238,0.16414,0,0.053859,0.086109,0,0,0.048989,0,0.069101,0,0,0.055803,0.0024523,0.0058688,0.046747,0.18172,0.058142,0.14239,0.00065686,0.26758,0.047656,0,0,0.031951,0,0.10581,0,0,0,0.18361,0.095276,0.04876,0.096139,0,0.024958,0.61676,0.53658,0.36307,0.31348,0.31946,0.374,0.18893,0.11893,0,0,0,0,0.11906,0.11004,0,0,0.14891,0.018961,0.27615,0.13735,0,0,0.13056,0.12078,0.13169,0.12757,0,0,0,0,0,0,0,0,0,0.045915,0,0,0.094459,0,0,0,0,0.073841,0.13795,0
0.51148,0.46824,0.14728,0.184,0,0,0.25508,0.34299,0,0,0.49733,0.60385,0.35844,0.47666,0.081719,0.18159,0.86601,0.77711,0.40234,0.52222,0.071937,0.13373,0.061976,0.091998,0,0,0,0,1,0.82494,0.24652,0.16714,0.50322,0.50603,0,0.099141,0.28762,0.47191,0,0.26085,0.4255,0.60793,0.3845,0.28435,0.34919,0.31802,0.19893,0.30035,0.32414,0.26616,0.26468,0.31999,0.22016,0.27024,0.1587,0.21698,0.52277,0.55678,0.3015,0.24319,0.46197,0.40704,0.72391,0.58317,0.14009,0.25541,0.25059,0.34656,0.40057,0.47852,0.021347,0.11282,0.52157,0.50706,0.28214,0.27316,0.32725,0.35533,0.73941,0.62026,0.75591,0.72363,0.43908,0.48877,0.35851,0.55399,0.049072,0,0,0.23864,0.1941,0.13736,0.016649,0,0.049754,0.12958,0.12309,0.20766,0.2069,0.20259,0.12452,0.071683,0.052277,0.12069,0,0,0.043558,0,0.10143,0.26684,0.13,0.2319,0.042989,0,0,0.058772
0.28739,0.41154,0,0.22835,0,0,0.064652,0.30213,0,0.0016362,0.48604,0.63956,0.25945,0.49699,0.079368,0.24183,0.81083,0.83615,0.3702,0.52219,0.051907,0.10908,0,0.095941,0,0.079409,0,0,0.82494,1,0.41459,0.31687,0.4971,0.48441,0,0.085365,0.041327,0.40069,0,0.14696,0.25569,0.61501,0.47359,0.43997,0.46029,0.4546,0.27645,0.39515,0.40415,0.35244,0.30732,0.41111,0.22619,0.31371,0.11689,0.18686,0.343,0.45058,0.16368,0.24705,0.37373,0.39064,0.72375,0.54035,0.18972,0.31141,0.1437,0.33288,0.23108,0.47595,0.075241,0.10672,0.40259,0.5331,0.24016,0.20787,0.15607,0.22143,0.71168,0.75316,0.74999,0.7851,0.27128,0.45635,0.30959,0.55074,0,0,0,0.0495,0.24713,0.06643,0.14092,0,0,0.0062102,0.13265,0.20842,0.22436,0.2289,0.22391,0,0.075994,0,0,0,0.083001,0,0.13393,0.26321,0.17047,0.23955,0.075661,0,0,0
0.046108,0.10995,0.23613,0.55039,0.38223,0.31731,0.1084,0.43499,0.29527,0.33089,0.37246,0.40227,0.35928,0.57288,0.49812,0.61524,0.25417,0.29575,0.36588,0.37339,0.40387,0.45021,0.46322,0.54907,0.54439,0.6198,0.47498,0.52163,0.24652,0.41459,1,0.81259,0.51761,0.49348,0.506,0.50522,0.13083,0.26966,0.0070553,0.20167,0.077902,0.37778,0.35206,0.32076,0.14646,0.26882,0.21906,0.26516,0.16361,0.23748,0.39388,0.36206,0.25009,0.20478,0.20999,0.12388,0,0.069868,0.10189,0.11847,0.36868,0.29526,0.34085,0.29326,0.49672,0.56636,0.28853,0.43451,0.019326,0.32585,0.59105,0.45903,0.48859,0.51469,0.54026,0.3882,0.29488,0.29159,0.23814,0.33885,0.28263,0.41473,0.35627,0.38502,0.34989,0.43984,0.22994,0,0.24604,0.18786,0.21279,0.097947,0.27239,0,0.12037,0.092898,0.13153,0.13566,0.0091199,0.045236,0.13004,0,0,0,0.037329,0,0.099733,0,0.20025,0.11214,0.19136,0.059308,0,0.12314,0.10094,0
0,0,0.085866,0.3207,0.28893,0.11222,0,0.23139,0.25009,0.13581,0.11206,0.19528,0.16112,0.36356,0.3159,0.38704,0.053278,0.19307,0.1089,0.13251,0.18688,0.18829,0.34473,0.35822,0.3997,0.50809,0.47073,0.43189,0.16714,0.31687,0.81259,1,0.28198,0.32634,0.49485,0.32936,0.032182,0.11792,0.11446,0.2062,0.051096,0.21696,0.18529,0.18181,0.026186,0.12138,0.083648,0.056629,0,0.089389,0.26639,0.17012,0.095067,0,0.062205,0,0,0,0,0,0.17036,0.065577,0.14128,0.1167,0.38028,0.3678,0.13846,0.28612,0,0.15736,0.30841,0.41837,0.25983,0.18793,0.26451,0.051798,0.051957,0.032075,0.070969,0.2011,0.085417,0.20492,0.20915,0.34244,0.27876,0.2432,0.19182,0,0.2161,0,0,0,0.15565,0,0.0080954,0.029954,0,0.022244,0,0,0,0,0,0,0,0,0,0,0.10817,0,0,0,0,0,0,0
0.69052,0.64448,0.40529,0.56256,0.048943,0.21496,0.36817,0.61187,0.045699,0.19782,0.66049,0.79747,0.44035,0.58328,0.36805,0.39252,0.52295,0.64446,0.76598,0.72245,0.35554,0.42341,0.36508,0.49542,0.16162,0.24958,0,0.11966,0.50322,0.4971,0.51761,0.28198,1,0.93626,0.29684,0.54566,0.31498,0.47736,0,0.27734,0.16759,0.42797,0.41013,0.32135,0.3582,0.44273,0.31629,0.43855,0.3632,0.35828,0.35563,0.39969,0.32337,0.35546,0.29871,0.3087,0.61332,0.66735,0.57125,0.40478,0.77121,0.72323,0.74543,0.79038,0.41492,0.61738,0.57199,0.6268,0.47428,0.60133,0.35487,0.13766,0.571,0.60725,0.58131,0.5502,0.62374,0.62859,0.38383,0.39357,0.52915,0.64248,0.50675,0.2924,0.3162,0.55737,0.24156,0,0.062504,0.42417,0.39433,0.38381,0.19215,0,0.27096,0.29942,0.31209,0.20964,0.3482,0.35522,0.32021,0.17323,0.33318,0.32675,0.34011,0.27645,0.3482,0.070477,0.21502,0.31443,0.57464,0.31468,0.22233,0.33899,0.17661,0
0.66917,0.66182,0.36905,0.56357,0.0070231,0.11354,0.34277,0.66877,0.010775,0.095826,0.5424,0.75191,0.41385,0.52855,0.33393,0.3182,0.47942,0.62017,0.73264,0.70588,0.34663,0.39227,0.33802,0.46954,0.14387,0.23018,0,0.1369,0.50603,0.48441,0.49348,0.32634,0.93626,1,0.31707,0.5452,0.35947,0.47989,0.10137,0.37602,0.27429,0.48006,0.39047,0.31891,0.34305,0.42343,0.30982,0.37465,0.33968,0.31618,0.36528,0.37804,0.31913,0.29786,0.29769,0.27928,0.57822,0.69085,0.55198,0.44647,0.74338,0.7218,0.69098,0.79959,0.39399,0.6313,0.59763,0.65715,0.53165,0.55223,0.35181,0.10597,0.6081,0.62548,0.59235,0.53841,0.62261,0.6175,0.36628,0.31941,0.48514,0.58068,0.527,0.27611,0.32431,0.48528,0.2984,0,0.10346,0.33315,0.30602,0.28244,0.16029,0,0.27005,0.26665,0.27539,0.15876,0.26653,0.26103,0.33815,0.16918,0.33972,0.32751,0.30334,0.23064,0.25731,0.088374,0.15479,0.20409,0.48165,0.20793,0.20852,0.2646,0.17393,0
0,0.031144,0.44319,0.32186,0.11739,0.027628,0.23809,0.11963,0.0040118,0.0018459,0.23214,0.097968,0.45085,0.17437,0.37142,0.25634,0,0.0247,0.21915,0.19474,0.24236,0.20301,0.61651,0.58894,0.37766,0.30019,0.26983,0.23238,0,0,0.506,0.49485,0.29684,0.31707,1,0.76849,0.43633,0.23176,0.39428,0.37084,0.31214,0.15921,0.16766,0,0,0,0.015435,0,0,0,0.20354,0.01389,0,0,0.037005,0,0.030367,0.042939,0.014671,0,0.26568,0.078753,0.12222,0.025156,0.65654,0.47233,0.41955,0.3929,0.062808,0.083486,0.3236,0.20403,0.20712,0.14407,0.3199,0.15163,0.23446,0.20277,0.0089253,0.084628,0,0.10898,0.34961,0.13007,0.47001,0.3712,0.27747,0.1013,0.46038,0.34793,0.042387,0.12644,0.17617,0.22449,0.075176,0.11096,0.098131,0.068076,0,0,0,0.11822,0,0.028434,0.083023,0.31121,0,0,0,0.10596,0.22579,0.045216,0,0.22824,0.40067,0
0.27016,0.33815,0.42546,0.50496,0.089825,0.11417,0.29075,0.35281,0.025268,0.089109,0.40548,0.34021,0.42869,0.30272,0.3908,0.30136,0.1725,0.19186,0.51141,0.45635,0.35256,0.31793,0.49301,0.61296,0.30391,0.25488,0.087199,0.16414,0.099141,0.085365,0.50522,0.32936,0.54566,0.5452,0.76849,1,0.46887,0.42403,0.21366,0.34245,0.17373,0.23445,0.25637,0.11391,0.027317,0.14887,0.15993,0.1953,0,0.00014027,0.18806,0.12485,0.10715,0.10015,0.15212,0.12272,0.26229,0.31949,0.27116,0.22426,0.4719,0.43972,0.38026,0.35405,0.59834,0.62594,0.52354,0.53527,0.22593,0.21688,0.3946,0.10864,0.37267,0.37556,0.56165,0.41013,0.51656,0.50101,0.14431,0.16968,0.23665,0.33115,0.43399,0.15086,0.45797,0.50243,0.27027,0,0.32486,0.44602,0.33506,0.35373,0.28634,0.17686,0.27635,0.2418,0.26184,0.12245,0.20528,0.2275,0.27054,0.21997,0.19462,0.25081,0.24614,0.31432,0.24659,0.13654,0.15763,0.17304,0.52402,0.16485,0.16893,0.37998,0.40361,0
0.32539,0.36342,0.3133,0.23193,0,0,0.26391,0.22403,0,0,0.13029,0.23516,0.20961,0.096399,0.1421,0.037621,0.20412,0.22642,0.3946,0.40683,0.085496,0.13868,0.22965,0.25433,0.10897,0.041959,0,0,0.28762,0.041327,0.13083,0.032182,0.31498,0.35947,0.43633,0.46887,1,0.50824,0.65316,0.63105,0.59839,0.43462,0.25194,0.098462,0.067849,0.081519,0.21538,0.12157,0.082622,0.077649,0.30817,0.12575,0.26578,0.14315,0.38793,0.2672,0.34074,0.38801,0.3404,0.32765,0.35578,0.3128,0.25111,0.32595,0.19892,0.25432,0.52895,0.42798,0.43312,0.23511,0.17599,0,0.42385,0.35017,0.4107,0.32027,0.53639,0.46689,0.18084,0.0052771,0.21774,0.15777,0.49464,0.014814,0.42014,0.26786,0.39854,0.057341,0.29286,0.25992,0.12147,0.13525,0.10749,0.17968,0.18529,0.21056,0.37475,0.31855,0.23668,0.21225,0.27052,0.29543,0.25376,0.31781,0.13292,0.22831,0.085066,0.19613,0,0.16493,0.32982,0.1708,0.18209,0.3038,0.32027,0
0.41421,0.56885,0.12708,0.28533,0,0.033945,0.23667,0.30416,0,0.095513,0.3018,0.51212,0.087296,0.3025,0.13207,0.26291,0.41272,0.52847,0.53268,0.65437,0.044309,0.16296,0.025901,0.20415,0.14656,0.11125,0,0.053859,0.47191,0.40069,0.26966,0.11792,0.47736,0.47989,0.23176,0.42403,0.50824,1,0.31755,0.66305,0.36883,0.53664,0.38932,0.33627,0.2207,0.30058,0.33962,0.32838,0.20322,0.28914,0.29354,0.28032,0.30652,0.30242,0.42191,0.532,0.4531,0.56002,0.44467,0.46953,0.50339,0.53021,0.46684,0.51062,0.11309,0.36429,0.4652,0.46458,0.49601,0.43359,0.31122,0.27033,0.60404,0.58642,0.52799,0.40316,0.55946,0.66711,0.4502,0.30502,0.55931,0.5304,0.52009,0.36786,0.21888,0.40317,0.41785,0.046387,0.10407,0.31409,0.19766,0.072003,0,0,0.34413,0.25671,0.4695,0.44502,0.39147,0.51981,0.2658,0.24577,0.26801,0.35674,0.10491,0,0.074661,0.10738,0.32542,0.13119,0.366,0.32757,0.1785,0.22896,0.18377,0.11509
0.03075,0.050236,0.23024,0.074699,0,0,0.21069,0.080869,0,0,0,0,0,0,0,0,0,0,0.092391,0.11989,0,0,0.17477,0.16687,0.03655,0.029862,0.089261,0.086109,0,0,0.0070553,0.11446,0,0.10137,0.39428,0.21366,0.65316,0.31755,1,0.74672,0.58217,0.23131,0,0,0,0,0.049786,0,0,0,0.1929,0,0.14735,0,0.3176,0.14061,0,0.10238,0.093755,0.12161,0.062603,0.0043241,0,0.00016556,0.013047,0.048679,0.39153,0.24944,0.3169,0,0.076605,0,0.21104,0.058234,0.18301,0,0.23928,0.21334,0,0,0,0,0.29777,0,0.25631,0,0.47084,0.3778,0.43958,0.079706,0,0,0,0.19087,0.032999,0.12709,0.19615,0.30586,0,0,0,0.18759,0,0.13789,0,0.023284,0,0.13779,0,0,0,0,0,0,0.21141,0
0.22531,0.40524,0.25349,0.31865,0,0,0.2981,0.33662,0,0,0,0.26699,0,0.14859,0,0.093424,0.16532,0.27673,0.32881,0.45308,0,0,0.17774,0.29039,0.11841,0.13558,0,0,0.26085,0.14696,0.20167,0.2062,0.27734,0.37602,0.37084,0.34245,0.63105,0.66305,0.74672,1,0.60209,0.51154,0.2522,0.18926,0.04454,0.086139,0.27501,0.12903,0.045213,0.12893,0.30179,0.14938,0.30815,0.13232,0.35955,0.31734,0.16527,0.38948,0.19299,0.23305,0.25365,0.30031,0.20906,0.36752,0,0.22444,0.4699,0.40572,0.44517,0.13647,0.18361,0.075901,0.4054,0.33534,0.32675,0.11152,0.3977,0.46886,0.24613,0,0.21757,0.15916,0.40126,0.1276,0.27572,0.072716,0.42466,0.20881,0.32257,0.10412,0,0,0,0,0.09656,0.11565,0.2682,0.32996,0.076124,0.085797,0.012468,0.083394,0.0088655,0.12009,0,0,0,0,0.014454,0,0.11314,0,0,0,0.18019,0
0.17131,0.17324,0.21627,0.12077,0,0,0.21701,0.15327,0,0,0.012619,0.15181,0.26357,0.079065,0.020914,0,0.29285,0.30393,0.17336,0.29386,0,0.047403,0.19796,0.19021,0,0.0044075,0,0,0.4255,0.25569,0.077902,0.051096,0.16759,0.27429,0.31214,0.17373,0.59839,0.36883,0.58217,0.60209,1,0.52994,0.25029,0.077553,0.053084,0.018225,0.11525,0,0.036326,0.022959,0.28985,0.10066,0.16824,0.078168,0.22248,0.12913,0.20919,0.27658,0.096127,0.12999,0.18159,0.14452,0.24993,0.22153,0.17947,0.15991,0.34019,0.27769,0.32272,0.15331,0.044503,0,0.35149,0.26877,0.19251,0.10945,0.17328,0.15221,0.26676,0.12144,0.23708,0.19701,0.38407,0.028652,0.41478,0.21342,0.22082,0.18399,0.23503,0.12875,0,0,0.02477,0.1379,0,0.033348,0.14266,0.28016,0.049457,0.037375,0.038582,0.17105,0,0.07051,0,0,0,0,0,0.10611,0.034153,0.097259,0.017099,0,0.10871,0
0.31646,0.40767,0.14094,0.43113,0,0.13635,0.14148,0.445,0.065657,0.21406,0.25943,0.54417,0.17788,0.44032,0.17244,0.3343,0.59515,0.61773,0.46126,0.55494,0.10328,0.18513,0.13668,0.29047,0.093843,0.21056,0,0.048989,0.60793,0.61501,0.37778,0.21696,0.42797,0.48006,0.15921,0.23445,0.43462,0.53664,0.23131,0.51154,0.52994,1,0.48927,0.43626,0.38625,0.37714,0.37313,0.38978,0.37973,0.31537,0.44205,0.40697,0.36704,0.33793,0.37892,0.3219,0.29048,0.43402,0.31607,0.42071,0.3596,0.46175,0.50396,0.47196,0.18799,0.39928,0.4315,0.50976,0.35712,0.41966,0.23104,0.071619,0.57296,0.68185,0.42431,0.46296,0.34472,0.36358,0.58377,0.41627,0.58268,0.55097,0.3716,0.26506,0.48278,0.49939,0.12563,0,0.14963,0.14379,0.18654,0.020509,0.10279,0,0.10252,0.028346,0.30572,0.33984,0.27195,0.24917,0.30338,0.12591,0.18665,0.248,0.0065588,0,0.014859,0.0016276,0.096145,0.17456,0.29324,0.23325,0.22017,0.09187,0.053685,0
0.25408,0.41418,0.22895,0.47706,0,0.076932,0.17978,0.41677,0,0.10101,0.36525,0.58623,0.28314,0.49934,0.21431,0.34583,0.43615,0.52794,0.56146,0.65998,0.11393,0.18573,0.21817,0.36635,0.15083,0.19585,0,0,0.3845,0.47359,0.35206,0.18529,0.41013,0.39047,0.16766,0.25637,0.25194,0.38932,0,0.2522,0.25029,0.48927,1,0.89766,0.79812,0.82612,0.86134,0.82818,0.73818,0.71818,0.75798,0.72496,0.68218,0.73429,0.50576,0.61441,0.16893,0.30543,0.36081,0.41138,0.41421,0.43322,0.50764,0.48568,0.27045,0.44693,0.52345,0.56385,0.22341,0.56369,0.13312,0.036244,0.4134,0.45655,0.38551,0.29303,0.2826,0.37722,0.36409,0.41696,0.45978,0.50216,0.39191,0.29574,0.29628,0.45119,0.19287,0,0.055479,0.23222,0.55434,0.36058,0.35376,0.07088,0.16085,0.079316,0.52489,0.45359,0.57401,0.52601,0.28651,0.13251,0.21374,0.21378,0.25963,0.11202,0.20828,0.0087758,0.20561,0.41098,0.48252,0.57075,0.37854,0.27784,0.17148,0
0.18773,0.39874,0.0014322,0.39032,0.036083,0.15097,0,0.35238,0.11045,0.19069,0.24123,0.52465,0.084371,0.43594,0.15706,0.36284,0.33615,0.45179,0.4422,0.5608,0.074217,0.13661,0.024277,0.1852,0.17686,0.2284,0,0.069101,0.28435,0.43997,0.32076,0.18181,0.32135,0.31891,0,0.11391,0.098462,0.33627,0,0.18926,0.077553,0.43626,0.89766,1,0.80978,0.86826,0.90236,0.89877,0.78414,0.77617,0.70839,0.73419,0.67873,0.72535,0.56081,0.68407,0.11418,0.24645,0.37291,0.46275,0.33226,0.40596,0.40695,0.45451,0.093779,0.35544,0.43402,0.51027,0.13224,0.46141,0.10067,0,0.39651,0.47182,0.36419,0.28263,0.23663,0.34887,0.27286,0.3062,0.34568,0.40305,0.22716,0.20088,0.056625,0.29689,0.11535,0,0,0.084331,0.46431,0.2188,0.24411,0,0.11828,0,0.54068,0.455,0.56198,0.49675,0.29996,0.045902,0.28009,0.18745,0.23256,0.013036,0.16391,0.055236,0.17077,0.29601,0.47211,0.47739,0.39068,0.24953,0.1371,0
0.29324,0.3971,0.046609,0.30696,0,0.084954,0.080101,0.34415,0,0.077928,0.26333,0.55865,0.13135,0.39842,0.13624,0.22332,0.43495,0.49108,0.43546,0.52697,0.068692,0.088949,0,0.097703,0,0.024632,0,0,0.34919,0.46029,0.14646,0.026186,0.3582,0.34305,0,0.027317,0.067849,0.2207,0,0.04454,0.053084,0.38625,0.79812,0.80978,1,0.93539,0.75644,0.78208,0.87059,0.76121,0.61356,0.71969,0.50235,0.62201,0.45607,0.54967,0.22166,0.2984,0.47094,0.48437,0.36269,0.46646,0.43449,0.46046,0.1187,0.39174,0.45656,0.52412,0.20349,0.54123,0,0,0.23281,0.36514,0.20776,0.27773,0.18329,0.24979,0.30602,0.35679,0.43041,0.43786,0.28211,0.21068,0.17944,0.41717,0.14892,0,0,0.12614,0.45989,0.28655,0.24223,0,0.066803,0.064842,0.50211,0.45715,0.56395,0.504,0.39667,0.18274,0.3411,0.30189,0.2938,0.10841,0.3602,0.11365,0.13857,0.34244,0.48455,0.51511,0.50978,0.26737,0.017236,0
0.26625,0.43063,0.016562,0.39133,0,0.14436,0.042958,0.3798,0.057682,0.14795,0.27372,0.60082,0.11035,0.43519,0.185,0.31518,0.39816,0.49087,0.48976,0.58653,0.10646,0.12272,0,0.16543,0.11126,0.14892,0,0,0.31802,0.4546,0.26882,0.12138,0.44273,0.42343,0,0.14887,0.081519,0.30058,0,0.086139,0.018225,0.37714,0.82612,0.86826,0.93539,1,0.78215,0.84153,0.83301,0.79195,0.63613,0.76259,0.53606,0.67684,0.46114,0.61716,0.21041,0.29397,0.51199,0.55341,0.46194,0.54509,0.46323,0.52167,0.19744,0.5119,0.52937,0.63703,0.17972,0.56994,0.0065405,0,0.32022,0.43142,0.2971,0.33434,0.24755,0.33332,0.25977,0.34971,0.39498,0.47051,0.27004,0.21743,0.11239,0.42753,0.14388,0,0,0.16126,0.5113,0.34047,0.24632,0,0.096727,0.056165,0.51809,0.46621,0.58544,0.57059,0.4363,0.193,0.4134,0.37054,0.34347,0.13458,0.35574,0.17804,0.15838,0.31461,0.54908,0.52437,0.4847,0.30619,0.057089,0
0.28279,0.4612,0.17338,0.45061,0.026619,0.13736,0.12283,0.43233,0.098998,0.15649,0.22163,0.51579,0.15468,0.43741,0.17737,0.31107,0.20555,0.31763,0.48807,0.55066,0.15757,0.20551,0.12843,0.26509,0.13795,0.19207,0,0.055803,0.19893,0.27645,0.21906,0.083648,0.31629,0.30982,0.015435,0.15993,0.21538,0.33962,0.049786,0.27501,0.11525,0.37313,0.86134,0.90236,0.75644,0.78215,1,0.9139,0.78381,0.76704,0.7221,0.6646,0.80287,0.74392,0.67755,0.71668,0.11724,0.28847,0.44762,0.48041,0.33946,0.42587,0.30569,0.45356,0.0042353,0.27147,0.50026,0.46056,0.2268,0.38171,0.16229,0.0087225,0.40064,0.44803,0.3869,0.34061,0.40463,0.46657,0.13521,0.10132,0.23381,0.24836,0.31576,0.1449,0.053314,0.15894,0.19861,0,0.093602,0.11978,0.53179,0.35228,0.3276,0.025987,0.21232,0.074033,0.60631,0.39355,0.60281,0.50396,0.27577,0.073659,0.3069,0.21838,0.29191,0.14419,0.16609,0.090225,0.21898,0.26741,0.52181,0.51266,0.40327,0.33348,0.25281,0
0.36333,0.54862,0.1061,0.44813,0.0086444,0.19235,0.067803,0.44224,0.088977,0.20751,0.35108,0.60347,0.16529,0.49282,0.18788,0.31838,0.35444,0.44161,0.54265,0.6066,0.17634,0.22978,0.078746,0.22305,0.070638,0.15287,0,0.0024523,0.30035,0.39515,0.26516,0.056629,0.43855,0.37465,0,0.1953,0.12157,0.32838,0,0.12903,0,0.38978,0.82818,0.89877,0.78208,0.84153,0.9139,1,0.79704,0.76648,0.64088,0.68248,0.71708,0.75442,0.58385,0.68853,0.22106,0.38132,0.48278,0.48609,0.4212,0.52269,0.45626,0.57083,0.053285,0.34154,0.4674,0.47903,0.22696,0.47635,0.1298,0,0.40743,0.51893,0.39766,0.41432,0.40335,0.46484,0.23244,0.24015,0.36879,0.40961,0.2706,0.16297,0.041308,0.30816,0.050034,0,0,0.15309,0.63302,0.44374,0.27801,0,0.21953,0.073591,0.56438,0.34571,0.65818,0.56245,0.37111,0.060987,0.41064,0.27224,0.32519,0.15848,0.29378,0.13694,0.18078,0.32561,0.6036,0.52092,0.42636,0.38059,0.20284,0
