1,0.49984,0.48604,0.09751,0,0,0.49272,0.088121,0.11977,0,0.0085387,0,0.0044502,0,0,0,0,0,0.61614,0.52482,0,0,0.31334,0.046923,0,0.015152,0,0,0,0,0,0,0.46044,0.30426,0.13297,0.19607,0,0,0,0,0,0,0,0,0,0,0,0,0.16071,0.23626,0.11341,0.16637,0.0048906,0.29167,0,0,0.74046,0.45113,0.41893,0.31355,0.69417,0.31627,0.19431,0.14674,0.50722,0.16215,0.3366,0,0.61481,0.49473,0,0.17893,0.038893,0,0.11516,0,0,0,0,0,0,0,0,0,0,0,0.09392,0.13117,0,0.34088,0,0,0.073367,0.42047,0.11767,0,0,0,0.0297,0,0.081502,0.42026,0.049956,0.33568,0.13796,0.25394,0.10998,0.071124,0.2587,0,0,0.17293,0.063391,0,0.1282,0.11628
0.49984,1,0.40514,0.5581,0,0,0.39331,0.59107,0.18479,0.0070785,0,0.19586,0,0.20275,0,0.0035298,0,0.17108,0.52205,0.666,0,0,0.23637,0.20394,0.053859,0.19706,0,0,0,0,0,0,0.32185,0.27144,0.069914,0.17024,0,0,0,0,0,0,0.0088737,0.019192,0,0.23029,0.20213,0,0.47613,0.59721,0.50008,0.51015,0.49829,0.6254,0.18609,0.25101,0.64627,0.68846,0.35167,0.38476,0.60613,0.53741,0.12731,0.46376,0.17232,0.19522,0.53587,0.35024,0.64532,0.53706,0,0,0,0,0,0,0.069975,0,0,0,0,0,0,0,0,0.20385,0.157,0.16697,0.188,0.47036,0.37501,0.050143,0.31424,0.13541,0.19014,0.094079,0.047935,0,0.3679,0.22893,0.11914,0.23383,0.034647,0.25303,0.12794,0.068577,0.049885,0.070082,0.10562,0,0,0.23867,0.1293,0.013832,0.048744,0.020535
0.48604,0.40514,1,0.62011,0.072316,0,0.81912,0.4454,0.10834,0,0,0,0.062244,0.2349,0,0,0,0,0.66086,0.42748,0,0,0.83019,0.65737,0.24914,0.11652,0,0,0,0,0,0,0.036358,0.05231,0.32813,0.21569,0,0,0,0,0,0,0.13592,0,0,0.034284,0.15307,0.04478,0.1016,0.21759,0.36061,0.36333,0.32171,0.56667,0.16115,0.040775,0.21418,0.059552,0,0,0.20682,0.042136,0,0,0.3333,2.2985e-05,0.28756,0.095005,0.30121,0.26478,0,0.17974,0,0,0.043941,0,0.10366,0,0,0,0,0,0,0,0.07308,0.1812,0,0.057802,0.25426,0.25683,0.2747,0.29508,0.18734,0.24578,0.18714,0,0.020689,0,0.2658,0.11913,0,0,0,0,0.10163,0.19795,0,0,0.087233,0.024151,0.0084727,0.26641,0.23312,0.10822,0.31056,0.12551
0.09751,0.5581,0.62011,1,0.30424,0.24936,0.60162,0.88315,0.32946,0.31044,0,0.40658,0.13921,0.53826,0,0,0,0.13778,0.51905,0.54991,0.1716,0.19519,0.52167,0.74993,0.22182,0.24215,0.21696,0.17536,0,0,0,0.043235,0.090244,0.2092,0.18558,0.20626,0,0.015354,0,0,0.0026621,0,0.2213,0.075312,0,0.14691,0.26822,0.13429,0.24085,0.30265,0.39279,0.40771,0.54369,0.55573,0.46065,0.157,0,0,0,0,0.067101,0.25659,0.14721,0.41394,0.084364,0.14582,0.14834,0.28605,0.16383,0.10188,0,0.14431,0,0,0,0.051021,0.25196,0.1509,0,0,0.072953,0,0,0,0.13024,0.19328,0.019026,0.021009,0.54563,0.092513,0.48984,0.205,0.10482,0,0.18366,0,0.16701,0.090096,0.41107,0.14912,0,0,0,0,0.049864,0.054138,0,0,0.13579,0.22749,0.14526,0.29466,0.28823,0.33393,0.36368,0
0,0,0.072316,0.30424,1,0.71844,0.1189,0.29375,0.64934,0.72127,0.098852,0.35906,0.35903,0.29502,0.38642,0.46412,0,0,0.20834,0.20007,0.53253,0.44487,0.18022,0.26672,0.40955,0.36442,0.77508,0.71884,0,0,0.31523,0.15834,0.18264,0.28365,0.15863,0.19772,0,0.16304,0,0,0,0,0.12529,0,0,0,0.042363,0,0,0,0,0,0.020233,0,0.26412,0.056688,0,0,0,0,0,0,0.21365,0.18382,0.18254,0,0,0.038312,0,0,0.41781,0.24363,0.10535,0.20197,0.18834,0.26846,0.46042,0.51647,0,0,0.042293,0,0.14978,0.032935,0.1624,0,0.2578,0.063149,0.43301,0.051599,0,0.12669,0,0,0,0.013927,0,0,0.079679,0,0,0,0,0,0,0.029715,0,0,0.10374,0.073422,0.12175,0.046845,0.091957,0.21817,0.2848,0
0,0,0,0.24936,0.71844,1,0,0.2442,0.43627,0.88818,0.16261,0.3479,0.30257,0.29896,0.27156,0.49611,0.064583,0.1584,0,0.055116,0.61788,0.51319,0,0.14188,0.361,0.38833,0.75633,0.67467,0.11697,0.084731,0.36831,0.20437,0.16649,0.28823,0,0,0.014128,0.29274,0,0.10978,0.098818,0.11827,0.11771,0.14898,0,0.00039859,0.0025193,0.019883,0.016549,0,0,0,0.0045558,0,0.23967,0.057568,0,0,0,0,0,0,0.20431,0.24219,0,0,0,0.061742,0,0,0.32077,0.14894,0,0.22629,0,0.31564,0.31176,0.38543,0.0054545,0.0023782,0.15283,0.046826,0.158,0.14942,0.10308,0,0.1158,0,0.3044,0,0,0,0,0,0,0,0.018129,0.077364,0,0,0,0,0,0,0,0,0.00042709,0,0.021292,0.18986,0.14078,0,0.0042938,0.12696,0.067307,0
0.49272,0.39331,0.81912,0.60162,0.1189,0,1,0.57363,0.1046,0,0,0.19322,0.26358,0.38012,0,0,0.0038692,0,0.56023,0.40328,0.04619,0.004724,0.70394,0.62015,0.2653,0.13155,0,0,0,0,0,0.071087,0,0.092477,0.16917,0.13408,0.012931,0,0,0,0.025772,0,0.056096,0,0,0,0.11887,0.077337,0.14405,0.19422,0.35387,0.33657,0.33885,0.55093,0.21243,0.045973,0.18927,0,0,0,0.21675,0.0682,0.084784,0.10421,0.4136,0.0061616,0.14099,0.027271,0.22075,0.22329,0,0.18513,0.011289,0,0.060895,0,0.03882,0,0,0,0,0,0,0,0.092471,0.17397,0,0,0.3091,0.18522,0.30017,0.39322,0.098769,0.090284,0.11474,0,0.037651,0.029468,0.2352,0.12962,0,0,0,0,0,0.11416,0,0,0.069351,0.14583,0.065747,0.2455,0.25317,0.27874,0.36744,0
0.088121,0.59107,0.4454,0.88315,0.29375,0.2442,0.57363,1,0.33595,0.36393,0,0.51558,0.16484,0.60646,0,0.06122,0.033031,0.13058,0.41478,0.50633,0.16116,0.14074,0.37177,0.65064,0.24259,0.32624,0.21858,0.19545,0,0,0.039381,0.12609,0.11121,0.28925,0.065546,0.17389,0,0.0036533,0,0,0,0,0.15675,0.031741,0,0.14912,0.22612,0.13074,0.2552,0.29684,0.36012,0.38873,0.44879,0.46136,0.4016,0.12733,0.014227,0.013146,0,0,0.13012,0.38256,0.23325,0.51977,0.094716,0.24728,0.12547,0.29783,0.21469,0.14997,0.018716,0.10422,0,0.058635,0.011497,0.04937,0.20508,0.13497,0,0,0.14751,0,0,0,0.11866,0.21346,0.05568,0,0.49934,0.16122,0.47405,0.16785,0.08691,0,0.11612,0,0.18504,0.1015,0.34401,0.091516,0,0,0,0,0.015979,0.0049105,0,0,0.096907,0.21565,0.16092,0.20015,0.22888,0.27112,0.27118,0
0.11977,0.18479,0.10834,0.32946,0.64934,0.43627,0.1046,0.33595,1,0.55556,0,0.35574,0.10129,0.39785,0.40455,0.43818,0.016022,0.069126,0.20685,0.26383,0.27522,0.14996,0.19048,0.25647,0.1821,0.27702,0.39082,0.43285,0.028627,0.02509,0,0,0.0474,0.087697,0,0,0.12568,0.089544,0.056564,0.04172,0.056919,0,0,0,0,0,0.026188,0,0,0.044602,0.0099809,0.033567,0.1195,0.067557,0.15884,0.11356,0,0,0,0,0,0.064343,0.093276,0.26188,0.043391,0.0096236,0,0,0.12546,0.08182,0.1486,0.12226,0.028679,0.0050688,0.0022993,0,0.1675,0.16303,0.054139,0,0.080033,0,0.12484,0.0012861,0.12046,0.030105,0.27997,0.24392,0.31845,0.12604,0,0.082264,0,0,0.11358,0.05657,0.06423,0.081478,0.070423,0,0,0,0,0,0,0,0,0,0.089273,0.17094,0.042658,0.031252,0.047451,0.15221,0.22168,0
0,0.0070785,0,0.31044,0.72127,0.88818,0,0.36393,0.55556,1,0.14763,0.45796,0.32461,0.38661,0.27676,0.55508,0.005236,0.14558,0.024719,0.15399,0.54455,0.43124,0,0.14651,0.25359,0.31067,0.64011,0.58037,0.11962,0.075365,0.28325,0.16081,0.14289,0.2666,0,0.0042101,0,0.26187,0,0.068218,0.08001,0.036779,0,0,0,0,0,0,0,0,0,0,0.037712,0,0.23677,0.04335,0,0,0,0,0,0.026538,0.27,0.32891,0,0.018929,0,0,0,0,0.29787,0.11686,0,0.18746,0,0.3007,0.28769,0.36783,0,0,0.15641,0.039415,0.13632,0.097008,0.082461,0,0.17692,0.0023335,0.33197,0,0,0.0088968,0,0,0,0,0,0.072617,0,0,0,0,0,0,0,0,0,0,0.028346,0.17922,0.079052,0,0.015307,0.2406,0.12215,0
0.0085387,0,0,0,0.098852,0.16261,0,0,0,0.14763,1,0.18819,0.66644,0.24817,0.39251,0.13236,0.53941,0.27219,0,0,0.27955,0.20389,0.069765,0.13561,0.11078,0.046824,0.094751,0.064198,0.5694,0.41135,0.38913,0.3528,0,0.10238,0,0,0.24383,0.26181,0.13007,0.3923,0.41156,0.51294,0.27656,0.16944,0.12839,0.098669,0.22023,0.39792,0.051703,0,0.14031,0.055411,0.19233,0,0.23074,0.11784,0,0,0,0,0,0,0.23013,0,0.082852,0,0,0,0,0,0.1976,0.099347,0.062612,0.33905,0,0.15309,0,0,0.40014,0.43719,0.50637,0.47056,0.40759,0.20589,0.47066,0.11368,0,0,0.33389,0,0.21855,0.34183,0,0,0,0.081111,0.1278,0.38002,0.00068328,0.12031,0,0,0,0,0,0,0,0,0,0.33839,0.35689,0.061252,0.27296,0,0,0
0,0.19586,0,0.40658,0.35906,0.3479,0.19322,0.51558,0.35574,0.45796,0.18819,1,0.42976,0.77767,0.29038,0.46969,0.34311,0.43886,0,0.11296,0.34288,0.23235,0.15585,0.38863,0.37121,0.36868,0.29483,0.28103,0.26069,0.3293,0.33294,0.31166,0.022154,0.15077,0,0,0,0.12397,0.037105,0.22965,0.2313,0.12907,0,0.021704,0,0.11776,0.067456,0.1758,0.17809,0.15126,0.14871,0.1793,0.11021,0.077992,0.17782,0.16377,0,0,0,0,0.0020631,0.26358,0.30652,0.46181,0.21483,0.35797,0,0.10083,0.015637,0.057671,0.26797,0.27022,0,0.15377,0,0.037435,0.04909,0.12663,0.22992,0.2709,0.32377,0.28354,0.16566,0.11326,0.24433,0.28722,0.0086319,0.063897,0.34721,0.18115,0.22391,0.18017,0,0,0.13672,0.071888,0.17283,0.25905,0.065052,0.0055611,0,0,0,0,0,0,0,0,0,0.32083,0.16256,0,0.022021,0.086863,0.054194,0
0.0044502,0,0.062244,0.13921,0.35903,0.30257,0.26358,0.16484,0.10129,0.32461,0.66644,0.42976,1,0.50504,0.31486,0.14914,0.38845,0.28629,0.034005,0,0.39243,0.25548,0.14829,0.2478,0.21469,0.046809,0.30233,0.1958,0.4317,0.30864,0.37097,0.26883,0,0.10289,0,0,0.12223,0.19859,0.0079803,0.23335,0.26599,0.29933,0.2204,0.095791,0.088297,0.046868,0.1717,0.24313,0.14066,0.059117,0.18616,0.071726,0.19338,0.039864,0.25238,0.10701,0,0,0,0,0,0,0.36332,0.18378,0.18734,0,0,0,0,0,0.24143,0.089062,0.086808,0.30505,0,0.1722,0.020981,0.013263,0.24892,0.33232,0.42896,0.36041,0.22755,0.032518,0.37746,0.068817,0,0,0.43941,0,0.17272,0.31255,0,0,0,0,0.069,0.24053,0.082309,0,0,0,0,0,0,0,0,0,0,0.25899,0.23927,0,0.15904,0.073912,0.07928,0
0,0.20275,0.2349,0.53826,0.29502,0.29896,0.38012,0.60646,0.39785,0.38661,0.24817,0.77767,0.50504,1,0.29305,0.38371,0.40731,0.4705,0.1081,0.14025,0.30399,0.15967,0.32606,0.5713,0.4212,0.38897,0.25986,0.23294,0.36118,0.37784,0.30866,0.35623,0,0.0289,0,0,0.077875,0.17956,0.10921,0.28093,0.29263,0.14362,0.19202,0.14319,0.083292,0.23117,0.27407,0.36206,0.2862,0.27046,0.37641,0.38015,0.32257,0.29511,0.307,0.27642,0,0,0,0,0,0.014608,0.30185,0.43622,0.10019,0.13612,0,0.074139,0,0.032428,0.10323,0.21925,0,0.1733,0,0,0,0,0.33297,0.36881,0.48875,0.37934,0.17175,0.060838,0.40572,0.40999,0,0.041916,0.43639,0.18553,0.37279,0.36615,0,0,0.13265,0.092114,0.31332,0.40499,0.23081,0.15439,0,0,0,0,0,0,0,0,0,0.45039,0.32965,0.069163,0.21344,0.19988,0.21355,0
0,0,0,0,0.38642,0.27156,0,0,0.40455,0.27676,0.39251,0.29038,0.31486,0.29305,1,0.71499,0.42263,0.16834,0,0,0.27997,0.15202,0.16813,0.077048,0.48096,0.55047,0.36001,0.37499,0.58503,0.54647,0.53928,0.46421,0,0,0,0,0.42662,0.41419,0.39521,0.49998,0.46143,0.22493,0.23655,0.18676,0.163,0.19089,0.34799,0.49029,0.068028,0.083944,0.20678,0.059259,0.053209,0,0.23995,0.41197,0,0,0.055348,0.1093,0,0,0.10028,0,0.18099,0.022156,0,0,0.092794,0.23585,0.3036,0.28986,0.24568,0.46217,0.081401,0.074638,0.16683,0.23061,0.41441,0.41019,0.50946,0.45448,0.69896,0.51636,0.65907,0.33275,0.11595,0.15363,0.41975,0.36356,0.18516,0.36037,0,0.11438,0.18591,0.25395,0.42415,0.50826,0.091887,0.25516,0.054209,0.055823,0.051929,0,0,0,0.074971,0.024178,0,0.4365,0.49311,0,0.15415,0,0,0
0,0.0035298,0,0,0.46412,0.49611,0,0.06122,0.43818,0.55508,0.13236,0.46969,0.14914,0.38371,0.71499,1,0.25499,0.20104,0,0.13306,0.30922,0.16703,0,0,0.42957,0.5752,0.46758,0.5115,0.35235,0.35654,0.46014,0.36434,0.0066799,0.00067041,0,0,0.153,0.29587,0.22406,0.30256,0.27551,0.031451,0,0.073977,0,0.10199,0.16332,0.20667,0.03587,0.031083,0.012394,0,0,0,0.17299,0.39157,0,0,0.2193,0.20689,0.073522,0.02614,0.26267,0.18251,0.022996,0.084668,0,0.068149,0.11599,0.2081,0.2878,0.2942,0.090079,0.32871,0.10446,0.18457,0.16201,0.29635,0.24432,0.16597,0.32688,0.26584,0.46278,0.49724,0.33343,0.27767,0.24675,0.29845,0.25895,0.42059,0.019933,0.12207,0,0.022141,0.1296,0.21462,0.22886,0.32533,0.014927,0.1552,0.068552,0.1897,0.11633,0.089327,0,0,0.20071,0.18044,0,0.30643,0.23845,0,0.044064,0,0,0
0,0,0,0,0,0.064583,0.0038692,0.033031,0.016022,0.005236,0.53941,0.34311,0.38845,0.40731,0.42263,0.25499,1,0.55661,0,0,0.18617,0.038029,0.090372,0.14088,0.39992,0.36902,0.057942,0.0479,0.75763,0.7476,0.4729,0.51872,0,0,0,0,0.40238,0.44267,0.47782,0.71049,0.66108,0.53196,0.25756,0.34196,0.32253,0.39313,0.35158,0.65088,0.2684,0.33192,0.43994,0.40858,0.33242,0.12696,0.31319,0.44317,0,0,0,0,0,0,0.012023,0,0,0.028022,0,0,0,0.097604,0,0.071548,0,0.24589,0,0,0,0,0.82158,0.77382,0.77184,0.73085,0.52204,0.40153,0.60913,0.51038,0,0,0.271,0.10879,0.3218,0.39357,0,0,0.013692,0.30242,0.47231,0.73283,0.046078,0.25668,0.020028,0,0,0,0,0,0,0,0,0.54621,0.49283,0,0.17323,0,0,0
0,0.17108,0,0.13778,0,0.1584,0,0.13058,0.069126,0.14558,0.27219,0.43886,0.28629,0.4705,0.16834,0.20104,0.55661,1,0,0,0.14798,0.10357,0,0.082255,0.21753,0.20379,0.055378,0.092486,0.43746,0.52608,0.23831,0.34063,0,0,0,0,0.18036,0.24535,0.24964,0.41011,0.28488,0.26745,0.3203,0.47878,0.28556,0.4495,0.34148,0.41375,0.4054,0.42941,0.46709,0.47011,0.38137,0.28611,0.2862,0.4634,0.055406,0.10256,0.015083,0,0,0.018671,0.17498,0.29931,0,0.094571,0.065898,0.21432,0,0.052043,0,0.040829,0,0.14294,0,0,0,0.015016,0.50117,0.57462,0.52914,0.56015,0.14895,0.16201,0.35504,0.50139,0,0,0.17587,0.23761,0.37629,0.28152,0,0,0.06263,0.17446,0.36496,0.51186,0.2352,0.26147,0,0,0,0,0,0,0,0,0,0.46111,0.30262,0.08881,0.17299,0,0,0
0.61614,0.52205,0.66086,0.51905,0.20834,0,0.56023,0.41478,0.20685,0.024719,0,0,0.034005,0.1081,0,0,0,0,1,0.807,0,0,0.44149,0.35664,0,0,0.043326,0.076084,0,0,0,0,0.40492,0.32818,0.31739,0.42359,0,0,0,0,0,0,0.063352,0,0,0,0.083012,0,0.14255,0.10871,0.10701,0.10032,0.22249,0.41844,0.09678,0,0.31168,0.1812,0.083466,0.093812,0.41798,0.26957,0.28968,0.31302,0.34076,0.099564,0.28052,0.15546,0.50857,0.33534,0,0.064462,0.10507,0,0.20266,0.088602,0.34407,0.14635,0,0,0,0,0,0,0,0,0.13113,0.10071,0.24122,0.22881,0.18942,0.070816,0.18866,0.14227,0.18659,0,0,0,0.29736,0.096113,0,0.048247,0,0.20117,0.33737,0.40518,0,0.046961,0.41501,0,0,0.38653,0.20364,0.22189,0.48066,0.2722
0.52482,0.666,0.42748,0.54991,0.20007,0.055116,0.40328,0.50633,0.26383,0.15399,0,0.11296,0,0.14025,0,0.13306,0,0,0.807,1,0,0.006417,0.21332,0.2379,0,0.09766,0.098395,0.17177,0,0,0,0,0.4685,0.43325,0.17288,0.38151,0,0,0,0,0,0,0.092124,0,0,0.099801,0.19153,0,0.3329,0.28146,0.17065,0.17442,0.30951,0.41414,0.14919,0.11956,0.39422,0.29884,0.26295,0.26959,0.5497,0.46186,0.38774,0.53531,0.22916,0.21301,0.39846,0.37698,0.59719,0.44409,0.012364,0.020018,0.13603,0,0.19669,0.1647,0.3156,0.20059,0,0,0,0,0,0,0,0.021596,0.22756,0.15117,0.28271,0.33247,0.23317,0.026978,0.22436,0.052496,0.24153,0.02958,0,0,0.36425,0.13343,0.10982,0.13013,0.078924,0.31445,0.2529,0.25933,0.10589,0.18014,0.43006,0,0,0.27936,0.16714,0.199,0.34429,0.17428
0,0,0,0.1716,0.53253,0.61788,0.04619,0.16116,0.27522,0.54455,0.27955,0.34288,0.39243,0.30399,0.27997,0.30922,0.18617,0.14798,0,0,1,0.76452,0,0.21573,0.41326,0.33578,0.68433,0.55024,0.30832,0.28023,0.40311,0.25981,0.026194,0.14038,0,0,0.26033,0.42524,0.07135,0.32258,0.37961,0.3129,0.074565,0.10256,0,0,0.052797,0.23201,0.026201,0,0,0,0.064519,0,0.30676,0.090644,0,0,0,0,0,0,0.06687,0.036758,0,0,0,0,0,0,0.42877,0.36697,0.026167,0.18109,0.039072,0.239,0.15253,0.18134,0.14213,0.1852,0.34595,0.30346,0.22111,0.062395,0.22072,0,0.002652,0,0.29188,0,0,0.15754,0,0,0,0.038813,0.1101,0.27137,0,0.017841,0,0,0,0,0,0,0,0,0,0.30503,0.27345,0,0.07117,0.24973,0.10628,0
0,0,0,0.19519,0.44487,0.51319,0.004724,0.14074,0.14996,0.43124,0.20389,0.23235,0.25548,0.15967,0.15202,0.16703,0.038029,0.10357,0,0.006417,0.76452,1,0.10181,0.29384,0.41591,0.27524,0.5373,0.4349,0.16464,0.13894,0.4207,0.34762,0.17635,0.27909,0.040287,0,0.077762,0.27721,0,0.15316,0.12176,0.34801,0.18132,0.19799,0,0.0039564,0.076044,0.18107,0,0,0,0,0,0,0.22873,0,0,0,0,0,0,0,0.13233,0.08524,0,0,0,0.10476,0,0,0.46169,0.43257,0.14303,0.29403,0.18485,0.37867,0.29412,0.293,0.07669,0.077094,0.2055,0.16882,0.017706,0.0050332,0.16952,0,0,0,0.1865,0,0.067864,0.15298,0,0,0,0,0.034594,0.10978,0.0020067,0,0,0,0,0,0,0,0,0,0,0.17856,0.29339,0.10861,0.21255,0.22697,0.1546,0
0.31334,0.23637,0.83019,0.52167,0.18022,0,0.70394,0.37177,0.19048,0,0.069765,0.15585,0.14829,0.32606,0.16813,0,0.090372,0,0.44149,0.21332,0,0.10181,1,0.78126,0.47401,0.32004,0.016209,0,0,0,0.15843,0.27562,0,0.032268,0.28792,0.16315,0.066915,0,0.072338,0.12881,0.10613,0.056727,0.16718,0,0,0.058241,0.18175,0.22618,0,0.14266,0.3327,0.34801,0.24972,0.44179,0.21679,0.095385,0.0031563,0,0,0,0.018659,0,0,0,0.38949,0.1061,0.21184,0.057331,0.20046,0.3016,0.11767,0.36932,0.037753,0.074042,0.053905,0,0.11844,0,0.0831,0.093202,0.01371,0.028567,0,0,0.32451,0.32392,0,0.027003,0.34815,0.24507,0.29439,0.44495,0.071148,0.19245,0.20445,0,0.13068,0.1504,0.16952,0.11946,0,0,0,0,0.038805,0.1767,0,0,0,0.18662,0.19286,0.21816,0.28023,0,0.21854,0.057378
0.046923,0.20394,0.65737,0.74993,0.26672,0.14188,0.62015,0.65064,0.25647,0.14651,0.13561,0.38863,0.2478,0.5713,0.077048,0,0.14088,0.082255,0.35664,0.2379,0.21573,0.29384,0.78126,1,0.40145,0.32554,0.20026,0.15456,0.017458,0.030231,0.22828,0.3103,0.018783,0.16718,0.23227,0.13572,0.013797,0.056614,0.013589,0.16053,0.1693,0.20553,0.26373,0.055331,0,0.16112,0.20484,0.26648,0.0829,0.15414,0.32757,0.37637,0.34706,0.4449,0.39704,0.056908,0,0,0,0,0,0.02233,0.094875,0.16808,0.21013,0.18695,0.081737,0.20677,0.027659,0.090593,0.16446,0.31554,0.049578,0.12114,0.01506,0,0.13143,0.057533,0.072378,0.092424,0.1881,0.096372,0.022057,0,0.3726,0.32114,0,0,0.54292,0.056828,0.40352,0.3366,0.0021216,0,0.15162,0,0.20698,0.18133,0.22025,0.018566,0,0,0,0,0,0.024597,0,0,0,0.29614,0.30611,0.19342,0.3336,0.24696,0.3633,0
0,0.053859,0.24914,0.22182,0.40955,0.361,0.2653,0.24259,0.1821,0.25359,0.11078,0.37121,0.21469,0.4212,0.48096,0.42957,0.39992,0.21753,0,0,0.41326,0.41591,0.47401,0.40145,1,0.84356,0.46481,0.363,0.33628,0.36172,0.55169,0.58207,0,0,0.019851,0,0.17024,0.33664,0.19219,0.38241,0.30307,0.27998,0.22922,0.2642,0.066046,0.22698,0.27973,0.4234,0.083343,0.13279,0.30529,0.27584,0.11184,0.15307,0.23644,0.29775,0,0,0,0.033252,0,0,0,0,0.19037,0.10243,0.15749,0.20365,0.012197,0.19494,0.26862,0.42848,0.078421,0.39116,0.16785,0.056531,0.17652,0.26017,0.41641,0.37584,0.37958,0.36508,0.28527,0.31725,0.47682,0.47916,0,0.029822,0.26061,0.39487,0.22617,0.35697,0,0.068472,0,0.096659,0.31985,0.41073,0.059537,0.087055,0.080319,0.029713,0,0,0,0,0.019696,0.041885,0,0.36867,0.44627,0,0.19384,0,0,0
0.015152,0.19706,0.11652,0.24215,0.36442,0.38833,0.13155,0.32624,0.27702,0.31067,0.046824,0.36868,0.046809,0.38897,0.55047,0.5752,0.36902,0.20379,0,0.09766,0.33578,0.27524,0.32004,0.32554,0.84356,1,0.48077,0.47824,0.3715,0.37708,0.55744,0.55062,0.037693,0.11852,0,0.0046594,0.19609,0.32177,0.27539,0.38986,0.31837,0.1998,0.23194,0.31489,0.094825,0.33759,0.32822,0.42798,0.15665,0.21358,0.316,0.29579,0.13758,0.14361,0.31179,0.43976,0.025893,0,0.13461,0.24537,0.117,0.1333,0.084209,0.074468,0.10819,0.19986,0.29361,0.37389,0.16838,0.3078,0.24083,0.36927,0.17622,0.42145,0.21727,0.10812,0.17971,0.29759,0.39752,0.32742,0.40133,0.36835,0.41793,0.39089,0.44355,0.50345,0.090942,0.14418,0.34114,0.56855,0.2412,0.22746,0.10505,0.062507,0.10613,0.18633,0.38855,0.43096,0.092048,0.13095,0.24546,0.17021,0.1355,0.051135,0,0,0.24523,0.18967,0,0.34656,0.43523,0,0.13958,0,0,0
0,0,0,0.21696,0.77508,0.75633,0,0.21858,0.39082,0.64011,0.094751,0.29483,0.30233,0.25986,0.36001,0.46758,0.057942,0.055378,0.043326,0.098395,0.68433,0.5373,0.016209,0.20026,0.46481,0.48077,1,0.92704,0.10741,0.07534,0.4977,0.28485,0.16845,0.31089,0.07516,0.048305,0.061403,0.3036,0.031303,0.13319,0.12178,0.084416,0.19138,0.21299,0,0.058178,0.098687,0.085897,0,0,0,0,0.024815,0,0.35414,0.17582,0,0,0,0,0,0,0.2353,0.17196,0,0,0,0.18787,0,0,0.36855,0.21932,0.044423,0.27693,0.17599,0.34219,0.38624,0.43393,0.0030994,0,0.17455,0.098231,0.26513,0.14847,0.17013,0,0.23784,0.022974,0.44218,0.078079,0.038387,0.064766,0,0,0,0.090733,0.10572,0.11369,0.033339,0,0,0,0,0,0,0,0.031375,0,0.039878,0.1133,0.22886,0,0.080723,0.19173,0.13836,0
0,0,0,0.17536,0.71884,0.67467,0,0.19545,0.43285,0.58037,0.064198,0.28103,0.1958,0.23294,0.37499,0.5115,0.0479,0.092486,0.076084,0.17177,0.55024,0.4349,0,0.15456,0.363,0.47824,0.92704,1,0.068987,0.027221,0.44244,0.26707,0.22837,0.35953,0.058359,0.05003,0.062302,0.26279,0.041335,0.11434,0.0767,0,0.18266,0.22773,0,0.13888,0.10946,0.067949,0.051179,0,0,0,0.036113,0,0.33966,0.23312,0,0,0,0,0,0,0.31924,0.2494,0.019033,0,0.00033521,0.24493,0,0,0.32444,0.17974,0.066534,0.24019,0.22324,0.30939,0.3662,0.42016,0.0062279,0,0.143,0.079191,0.25069,0.14624,0.14355,0.033699,0.26274,0.046108,0.43206,0.17749,0.062525,0.024167,0,0,0,0.10321,0.10239,0.10757,0.041453,0.012436,0,0,0,0,0,0,0.11184,0,0.064327,0.079442,0.18765,0,0.08791,0.14828,0.12873,0
0,0,0,0,0,0.11697,0,0,0.028627,0.11962,0.5694,0.26069,0.4317,0.36118,0.58503,0.35235,0.75763,0.43746,0,0,0.30832,0.16464,0,0.017458,0.33628,0.3715,0.10741,0.068987,1,0.89309,0.51196,0.50121,0,0,0,0,0.58035,0.59657,0.52077,0.74469,0.70279,0.57127,0.38103,0.44179,0.35063,0.36709,0.46518,0.73001,0.26065,0.2035,0.40754,0.2455,0.24184,0,0.32609,0.44135,0,0,0,0,0,0,0,0,0,0,0,0,0,0.00041776,0.043764,0.069193,0.098057,0.40331,0,0.0076488,0,0,0.77037,0.79226,0.88414,0.83536,0.69213,0.4603,0.72208,0.369,0,0,0.32588,0.062969,0.30351,0.38686,0,0,0.036852,0.3227,0.5659,0.75858,0.072413,0.30595,0.025396,0,0,0,0,0,0,0,0,0.61565,0.64537,0,0.1546,0,0,0
0,0,0,0,0,0.084731,0,0,0.02509,0.075365,0.41135,0.3293,0.30864,0.37784,0.54647,0.35654,0.7476,0.52608,0,0,0.28023,0.13894,0,0.030231,0.36172,0.37708,0.07534,0.027221,0.89309,1,0.50482,0.50204,0,0,0,0,0.51187,0.60213,0.58677,0.78789,0.7189,0.55078,0.286,0.41687,0.3011,0.31716,0.42834,0.74702,0.18696,0.17605,0.3622,0.25097,0.21088,0.00022408,0.30133,0.47347,0,0,0,0,0,0,0,0,0,0,0,0,0,0.029119,0.029414,0.10801,0,0.35809,0,0,0,0,0.77516,0.83566,0.84916,0.84596,0.69598,0.5704,0.69665,0.45414,0,0,0.25471,0.10012,0.29602,0.41757,0,0,0.050556,0.3302,0.61695,0.78457,0.056915,0.3605,0.061482,0,0,0,0,0,0.022225,0,0,0.61902,0.61506,0,0.12316,0,0,0
0,0,0,0,0.31523,0.36831,0,0.039381,0,0.28325,0.38913,0.33294,0.37097,0.30866,0.53928,0.46014,0.4729,0.23831,0,0,0.40311,0.4207,0.15843,0.22828,0.55169,0.55744,0.4977,0.44244,0.51196,0.50482,1,0.86928,0,0.16746,0,0,0.17683,0.35972,0.13626,0.39975,0.36333,0.5288,0.37396,0.37842,0.1901,0.24506,0.33973,0.52895,0.010736,0,0.021561,0,0,0,0.24512,0.24452,0,0,0,0,0,0,0.29732,0.079864,0.082968,0.14166,0,0.19015,0,0.0064519,0.44162,0.29767,0.25201,0.56235,0.18304,0.25699,0.24,0.27422,0.36634,0.35051,0.5221,0.45478,0.52307,0.39463,0.57582,0.25956,0,0,0.38947,0.1616,0.20799,0.3298,0,0,0,0.036217,0.27493,0.39908,0,0.10824,0.13793,0,0.12591,0,0,0,0.0027346,0,0,0.3284,0.53857,0,0.26201,0,0,0
0,0,0,0.043235,0.15834,0.20437,0.071087,0.12609,0,0.16081,0.3528,0.31166,0.26883,0.35623,0.46421,0.36434,0.51872,0.34063,0,0,0.25981,0.34762,0.27562,0.3103,0.58207,0.55062,0.28485,0.26707,0.50121,0.50204,0.86928,1,0,0.12004,0,0,0.21019,0.35101,0.14299,0.43275,0.36799,0.56483,0.39484,0.4094,0.19092,0.32115,0.40163,0.58626,0.079807,0.053855,0.16451,0.16619,0.053528,0,0.25459,0.29389,0,0,0,0.0079888,0,0,0.28078,0.082808,0.13371,0.2375,0.011905,0.20669,0,0.15204,0.32128,0.26616,0.20977,0.49038,0.15632,0.10515,0.13903,0.17991,0.45341,0.41429,0.5352,0.49868,0.40274,0.30572,0.62133,0.43005,0,0,0.33521,0.22055,0.34914,0.41898,0,0,0,0.084082,0.33859,0.49677,0.055366,0.20352,0.14911,0.00051302,0.11173,0,0,0,0,0,0,0.42568,0.57278,0.051124,0.37813,0,0,0
0.46044,0.32185,0.036358,0.090244,0.18264,0.16649,0,0.11121,0.0474,0.14289,0,0.022154,0,0,0,0.0066799,0,0,0.40492,0.4685,0.026194,0.17635,0,0.018783,0,0.037693,0.16845,0.22837,0,0,0,0,1,0.89366,0.28572,0.42713,0,0,0,0,0,0,0.019999,0,0.029306,0.11382,0,0,0.17838,0.13071,0,0,0,0,0,0,0.40533,0.33737,0.29237,0.28008,0.52836,0.41129,0.52395,0.48283,0.29414,0.38024,0.28562,0.36262,0.31579,0.17511,0.25232,0.10616,0.22162,0.091486,0.32498,0.30591,0.26556,0.25,0,0,0,0,0,0,0,0,0.0021049,0,0,0.10316,0,0,0.06983,0.083516,0,0,0,0,0,0,0.19999,0.22977,0.24491,0.38193,0.33899,0.35756,0.067124,0.14823,0.38905,0,0,0.17062,0,0,0.10795,0.28073
0.30426,0.27144,0.05231,0.2092,0.28365,0.28823,0.092477,0.28925,0.087697,0.2666,0.10238,0.15077,0.10289,0.0289,0,0.00067041,0,0,0.32818,0.43325,0.14038,0.27909,0.032268,0.16718,0,0.11852,0.31089,0.35953,0,0,0.16746,0.12004,0.89366,1,0.21609,0.37341,0,0,0,0,0,0,0.15902,0.10206,0.063472,0.16869,0,0,0.21967,0.12677,0,0.005167,0,0,0,0,0.22367,0.16493,0.14094,0.13794,0.39435,0.34092,0.59242,0.53341,0.27425,0.36489,0.18845,0.37933,0.17999,0.060105,0.28088,0.099395,0.22551,0.20532,0.28498,0.35689,0.28524,0.29216,0,0,0,0,0,0,0,0,0,0,0.054155,0.0356,0,0,0.022923,0,0,0,0,0,0,0,0.13311,0.034962,0.13575,0.1962,0.14389,0.22024,0.027858,0.022836,0.33619,0,0,0.14915,0.074497,0.011381,0.10068,0.12225
0.13297,0.069914,0.32813,0.18558,0.15863,0,0.16917,0.065546,0,0,0,0,0,0,0,0,0,0,0.31739,0.17288,0,0.040287,0.28792,0.23227,0.019851,0,0.07516,0.058359,0,0,0,0,0.28572,0.21609,1,0.75305,0,0,0,0,0,0,0.15929,0.089233,0.14248,0.1272,0,0,0.018607,0,0,0.043697,0,0.05063,0,0,0.045715,0.049785,0.012483,0.060907,0.1401,0.18338,0,0,0.31458,0.23018,0.45991,0.4313,0.0029904,0,0.0099089,0.054993,0.088694,0,0.2001,0.095256,0.31632,0.26186,0,0,0,0,0,0,0,0.099714,0.071651,0.10342,0,0.10265,0,0,0.20106,0.15675,0.1983,0,0,0,0.047492,0,0.024832,0.04499,0.015152,0.1905,0.41532,0.34334,0,0.254,0.26943,0,0,0.18857,0,0.055861,0.20137,0.33841
0.19607,0.17024,0.21569,0.20626,0.19772,0,0.13408,0.17389,0,0.0042101,0,0,0,0,0,0,0,0,0.42359,0.38151,0,0,0.16315,0.13572,0,0.0046594,0.048305,0.05003,0,0,0,0,0.42713,0.37341,0.75305,1,0,0,0,0,0,0,0.14134,0.065477,0.084093,0.12422,0,0,0.050953,0,0,0.0090524,0,0.026775,0,0,0.1364,0.075655,0.092838,0.17039,0.29059,0.42346,0.20105,0.17324,0.33874,0.41196,0.40791,0.49894,0.17057,0.071615,0.12948,0.068319,0.22607,0.046338,0.33733,0.23614,0.43135,0.39114,0,0,0,0,0,0,0,0.014275,0.033704,0.014598,0,0.1354,0,0,0.13913,0.093819,0.18467,0,0,0,0.083838,0,0.15577,0.086604,0.20143,0.32015,0.49224,0.46757,0,0.25615,0.38998,0,0,0.21407,0,0.12138,0.25086,0.39424
0,0,0,0,0,0.014128,0.012931,0,0.12568,0,0.24383,0,0.12223,0.077875,0.42662,0.153,0.40238,0.18036,0,0,0.26033,0.077762,0.066915,0.013797,0.17024,0.19609,0.061403,0.062302,0.58035,0.51187,0.17683,0.21019,0,0,0,0,1,0.73341,0.68247,0.68523,0.69331,0.42854,0.24203,0.23642,0.22415,0.12276,0.43544,0.5772,0.12587,0.15247,0.39748,0.17888,0.358,0.16293,0.44893,0.4132,0,0,0,0,0,0,0,0,0,0,0,0,0,0.051536,0,0.074321,0,0.13514,0,0,0,0.0097802,0.43165,0.44121,0.50069,0.4843,0.49009,0.18532,0.51178,0.17873,0,0,0.35339,0,0.25512,0.37126,0,0,0.22832,0.30465,0.59838,0.63773,0.18895,0.35986,0,0,0,0,0,0,0,0,0,0.6852,0.59905,0,0.11107,0,0,0
0,0,0,0.015354,0.16304,0.29274,0,0.0036533,0.089544,0.26187,0.26181,0.12397,0.19859,0.17956,0.41419,0.29587,0.44267,0.24535,0,0,0.42524,0.27721,0,0.056614,0.33664,0.32177,0.3036,0.26279,0.59657,0.60213,0.35972,0.35101,0,0,0,0,0.73341,1,0.5796,0.74965,0.69042,0.5529,0.28473,0.36442,0.086569,0.12551,0.43303,0.64074,0.045395,0.033395,0.28536,0.079056,0.3187,0.037035,0.48229,0.43694,0,0,0,0,0,0,0,0,0,0,0,0,0,0,0.031309,0.042721,0,0.19025,0,0.067386,0.057295,0.092048,0.45434,0.47334,0.60087,0.57101,0.51437,0.33744,0.57595,0.25168,0,0,0.39538,0,0.27355,0.30782,0,0,0,0.24917,0.57019,0.67408,0.042058,0.29837,0,0,0,0,0,0,0,0,0,0.67041,0.63126,0,0.080546,0.0099764,0,0
0,0,0,0,0,0,0,0,0.056564,0,0.13007,0.037105,0.0079803,0.10921,0.39521,0.22406,0.47782,0.24964,0,0,0.07135,0,0.072338,0.013589,0.19219,0.27539,0.031303,0.041335,0.52077,0.58677,0.13626,0.14299,0,0,0,0,0.68247,0.5796,1,0.81927,0.77082,0.34059,0.092228,0.22464,0.16823,0.15073,0.30744,0.53749,0.071595,0.14767,0.45541,0.22613,0.38706,0.20157,0.48731,0.61284,0,0,0,0,0,0,0,0,0,0,0.015966,0,0,0.12955,0,0,0,0.023397,0,0,0,0,0.51412,0.54761,0.49425,0.56604,0.68533,0.53372,0.52065,0.41594,0.29436,0.34353,0.33531,0.22214,0.27152,0.37976,0.046374,0,0.4208,0.47374,0.71983,0.72059,0.14643,0.47178,0,0,0,0,0,0,0.10063,0.0042976,0,0.58214,0.48452,0,0.00072846,0,0,0
0,0,0,0,0,0.10978,0,0,0.04172,0.068218,0.3923,0.22965,0.23335,0.28093,0.49998,0.30256,0.71049,0.41011,0,0,0.32258,0.15316,0.12881,0.16053,0.38241,0.38986,0.13319,0.11434,0.74469,0.78789,0.39975,0.43275,0,0,0,0,0.68523,0.74965,0.81927,1,0.89386,0.62817,0.23609,0.33741,0.16919,0.22676,0.39363,0.77435,0.1009,0.15251,0.47155,0.27522,0.39511,0.17341,0.52998,0.59005,0,0,0,0,0,0,0,0,0,0,0,0,0,0.081406,0,0.089502,0,0.22642,0,0,0,0,0.73114,0.76871,0.75102,0.77137,0.68138,0.49492,0.73567,0.48765,0,0.064637,0.41369,0.10918,0.37459,0.47516,0,0,0.15565,0.41242,0.71099,0.90718,0.072119,0.42047,0,0,0,0,0,0,0,0,0,0.75912,0.67197,0,0.14379,0,0,0
0,0,0,0.0026621,0,0.098818,0.025772,0,0.056919,0.08001,0.41156,0.2313,0.26599,0.29263,0.46143,0.27551,0.66108,0.28488,0,0,0.37961,0.12176,0.10613,0.1693,0.30307,0.31837,0.12178,0.0767,0.70279,0.7189,0.36333,0.36799,0,0,0,0,0.69331,0.69042,0.77082,0.89386,1,0.60454,0.12,0.15641,0.10184,0.079824,0.31399,0.69098,0.034385,0.074567,0.36434,0.16826,0.32165,0.10218,0.45113,0.45421,0,0,0,0,0,0,0,0,0,0,0,0,0,0.049517,0,0.12289,0,0.24331,0,0,0,0,0.59453,0.66022,0.68168,0.66803,0.70932,0.43684,0.64102,0.33395,0.036711,0.053203,0.40843,0.0093586,0.24899,0.48543,0,0,0.1143,0.34204,0.59318,0.80496,0.014856,0.37288,0,0,0,0,0,0,0,0,0,0.69615,0.59284,0,0.060337,0,0,0
0,0,0,0,0,0.11827,0,0,0,0.036779,0.51294,0.12907,0.29933,0.14362,0.22493,0.031451,0.53196,0.26745,0,0,0.3129,0.34801,0.056727,0.20553,0.27998,0.1998,0.084416,0,0.57127,0.55078,0.5288,0.56483,0,0,0,0,0.42854,0.5529,0.34059,0.62817,0.60454,1,0.34696,0.31052,0.13688,0.12963,0.30642,0.60047,0,0,0.17462,0.08185,0.2,0,0.36132,0.15139,0,0,0,0,0,0,0,0,0,0,0,0,0,0,0.18733,0.11471,0.13293,0.42573,0,0.22997,0,0.054984,0.44116,0.49403,0.55825,0.5331,0.43633,0.28298,0.5373,0.26966,0,0,0.28128,0,0.27215,0.39687,0,0,0,0.091397,0.41193,0.53902,0.051053,0.15246,0,0,0,0,0,0,0,0,0,0.55458,0.62588,0.0057299,0.30725,0,0,0
0,0.0088737,0.13592,0.2213,0.12529,0.11771,0.056096,0.15675,0,0,0.27656,0,0.2204,0.19202,0.23655,0,0.25756,0.3203,0.063352,0.092124,0.074565,0.18132,0.16718,0.26373,0.22922,0.23194,0.19138,0.18266,0.38103,0.286,0.37396,0.39484,0.019999,0.15902,0.15929,0.14134,0.24203,0.28473,0.092228,0.23609,0.12,0.34696,1,0.81328,0.63405,0.67228,0.77217,0.58493,0.52729,0.39043,0.50329,0.46506,0.43707,0.25593,0.5249,0.40704,0,0,0,0,0,0,0.18556,0.12203,0.042944,0.0554,0.26442,0.49225,0,0,0,0,0.17143,0.26827,0.050384,0.10095,0.32836,0.37654,0.23632,0.28697,0.44353,0.38186,0.21637,0.093141,0.52752,0.39299,0,0,0.45887,0.087281,0.55508,0.31599,0.016709,0,0.068777,0.1135,0.42374,0.34853,0.45931,0.28979,0,0,0,0,0,0.048371,0,0,0.0017244,0.33812,0.59871,0.36647,0.35804,0,0.10702,0
0,0.019192,0,0.075312,0,0.14898,0,0.031741,0,0,0.16944,0.021704,0.095791,0.14319,0.18676,0.073977,0.34196,0.47878,0,0,0.10256,0.19799,0,0.055331,0.2642,0.31489,0.21299,0.22773,0.44179,0.41687,0.37842,0.4094,0,0.10206,0.089233,0.065477,0.23642,0.36442,0.22464,0.33741,0.15641,0.31052,0.81328,1,0.62851,0.77959,0.73495,0.59819,0.54503,0.44773,0.49076,0.48281,0.3862,0.21089,0.43761,0.50408,0,0,0,0,0,0,0.10716,0.094697,0,0.078464,0.33002,0.60817,0,0,0,0,0.05519,0.23461,0,0.059935,0.20851,0.28729,0.38848,0.41292,0.4949,0.49836,0.23258,0.20984,0.46974,0.52414,0,0,0.27549,0.23593,0.51987,0.18844,0.15286,0,0.084106,0.17462,0.51127,0.41939,0.37701,0.29049,0.14882,0,0.088348,0,0,0,0.05353,0.050274,0,0.3729,0.58645,0.15826,0.22428,0,0,0
0,0,0,0,0,0,0,0,0,0,0.12839,0,0.088297,0.083292,0.163,0,0.32253,0.28556,0,0,0,0,0,0,0.066046,0.094825,0,0,0.35063,0.3011,0.1901,0.19092,0.029306,0.063472,0.14248,0.084093,0.22415,0.086569,0.16823,0.16919,0.10184,0.13688,0.63405,0.62851,1,0.74907,0.51384,0.37421,0.7078,0.54979,0.46994,0.44506,0.24287,0.14866,0.15664,0.3367,0.085501,0.054881,0.16004,0.10683,0.1118,0,0.10345,0.069741,0.16353,0.12386,0.41753,0.44997,0,0.01962,0,0,0.050533,0.057182,0,0,0.056497,0.073374,0.29475,0.30386,0.33571,0.34414,0.16469,0.1489,0.28486,0.36524,0,0.0010468,0.054733,0.1134,0.2687,0.18089,0.18651,0.12876,0.089849,0.12489,0.26272,0.23627,0.20711,0.20427,0.14882,0.086993,0.10024,0.077661,0,0,0,0.050254,0,0.17439,0.33545,0.10706,0,0,0,0
0,0.23029,0.034284,0.14691,0,0.00039859,0,0.14912,0,0,0.098669,0.11776,0.046868,0.23117,0.19089,0.10199,0.39313,0.4495,0,0.099801,0,0.0039564,0.058241,0.16112,0.22698,0.33759,0.058178,0.13888,0.36709,0.31716,0.24506,0.32115,0.11382,0.16869,0.1272,0.12422,0.12276,0.12551,0.15073,0.22676,0.079824,0.12963,0.67228,0.77959,0.74907,1,0.64613,0.48148,0.75063,0.74555,0.59298,0.7022,0.38053,0.30101,0.3253,0.49106,0.13143,0.16261,0.21037,0.20807,0.18929,0.1763,0.25132,0.30371,0.098553,0.3749,0.57915,0.74014,0.12625,0.20554,0,0,0.025007,0.13955,0,0,0.022379,0.11576,0.40964,0.3539,0.43939,0.39513,0.16165,0.16589,0.40156,0.61461,0,0.010864,0.18407,0.35633,0.41442,0.111,0.17085,0.090443,0.07266,0.15651,0.41361,0.342,0.27304,0.17359,0.23442,0.15683,0.1419,0.075809,0,0,0,0.043379,0,0.23299,0.41619,0.10719,0.11469,0,0,0
0,0.20213,0.15307,0.26822,0.042363,0.0025193,0.11887,0.22612,0.026188,0,0.22023,0.067456,0.1717,0.27407,0.34799,0.16332,0.35158,0.34148,0.083012,0.19153,0.052797,0.076044,0.18175,0.20484,0.27973,0.32822,0.098687,0.10946,0.46518,0.42834,0.33973,0.40163,0,0,0,0,0.43544,0.43303,0.30744,0.39363,0.31399,0.30642,0.77217,0.73495,0.51384,0.64613,1,0.78014,0.57185,0.54326,0.64056,0.58099,0.64437,0.47192,0.61423,0.64504,0,0,0,0.014546,0,0,0.086279,0.090007,0,0,0.29694,0.41551,0.093511,0.21397,0,0,0.070107,0.18963,0,0,0.17405,0.19862,0.36881,0.37584,0.58018,0.52194,0.33425,0.14757,0.61505,0.54101,0,0,0.49455,0.30571,0.70107,0.48659,0.11025,0,0.15116,0.19251,0.67203,0.55131,0.60046,0.55842,0.075713,0,0,0,0,0,0.017207,0.010059,0,0.53927,0.74513,0.32986,0.42289,0,0,0
0,0,0.04478,0.13429,0,0.019883,0.077337,0.13074,0,0,0.39792,0.1758,0.24313,0.36206,0.49029,0.20667,0.65088,0.41375,0,0,0.23201,0.18107,0.22618,0.26648,0.4234,0.42798,0.085897,0.067949,0.73001,0.74702,0.52895,0.58626,0,0,0,0,0.5772,0.64074,0.53749,0.77435,0.69098,0.60047,0.58493,0.59819,0.37421,0.48148,0.78014,1,0.32115,0.3647,0.59141,0.49756,0.52847,0.33569,0.57342,0.60884,0,0,0,0,0,0,0,0,0,0,0.0064818,0.13299,0,0.12618,0,0.083255,0.059289,0.32878,0,0,0,0.010097,0.64444,0.687,0.78862,0.75026,0.57516,0.34202,0.7982,0.53727,0,0,0.48811,0.18693,0.63221,0.59603,0,0,0.083886,0.24449,0.75191,0.8441,0.32121,0.52096,0.0572,0,0,0,0,0,0,0,0,0.71041,0.85249,0.088192,0.36774,0,0,0
0.16071,0.47613,0.1016,0.24085,0,0.016549,0.14405,0.2552,0,0,0.051703,0.17809,0.14066,0.2862,0.068028,0.03587,0.2684,0.4054,0.14255,0.3329,0.026201,0,0,0.0829,0.083343,0.15665,0,0.051179,0.26065,0.18696,0.010736,0.079807,0.17838,0.21967,0.018607,0.050953,0.12587,0.045395,0.071595,0.1009,0.034385,0,0.52729,0.54503,0.7078,0.75063,0.57185,0.32115,1,0.82755,0.71886,0.7061,0.52709,0.49414,0.32291,0.4605,0.3732,0.35608,0.29445,0.21486,0.37221,0.22294,0.26147,0.37822,0.15616,0.17522,0.5136,0.5087,0.25628,0.2245,0,0,0,0,0,0,0,0,0.26165,0.25868,0.38312,0.35603,0.0052839,0.0228,0.19001,0.41057,0.023597,0.09908,0.16111,0.27122,0.42484,0.16676,0.15951,0,0.058724,0.17589,0.25976,0.22723,0.37013,0.26872,0.12332,0.10903,0.023325,0.11716,0,0,0,0.014049,0.0095024,0.17477,0.22182,0.20623,0.13009,0,0,0
0.23626,0.59721,0.21759,0.30265,0,0,0.19422,0.29684,0.044602,0,0,0.15126,0.059117,0.27046,0.083944,0.031083,0.33192,0.42941,0.10871,0.28146,0,0,0.14266,0.15414,0.13279,0.21358,0,0,0.2035,0.17605,0,0.053855,0.13071,0.12677,0,0,0.15247,0.033395,0.14767,0.15251,0.074567,0,0.39043,0.44773,0.54979,0.74555,0.54326,0.3647,0.82755,1,0.75526,0.83494,0.6153,0.58419,0.33346,0.4916,0.47411,0.4822,0.35284,0.32179,0.41079,0.26698,0.16954,0.36301,0.10591,0.22872,0.56705,0.46844,0.35785,0.35205,0,0,0,0,0,0,0,0,0.3232,0.29309,0.32502,0.32354,0.018305,0,0.20666,0.48206,0,0.13891,0.18534,0.38068,0.41084,0.15532,0.12383,0.073255,0.059111,0.19127,0.30168,0.28191,0.32712,0.2457,0.10525,0.17232,0.0014181,0.098321,0,0,0,0,0,0.19684,0.20077,0.13478,0.065004,0,0,0
0.11341,0.50008,0.36061,0.39279,0,0,0.35387,0.36012,0.0099809,0,0.14031,0.14871,0.18616,0.37641,0.20678,0.012394,0.43994,0.46709,0.10701,0.17065,0,0,0.3327,0.32757,0.30529,0.316,0,0,0.40754,0.3622,0.021561,0.16451,0,0,0,0,0.39748,0.28536,0.45541,0.47155,0.36434,0.17462,0.50329,0.49076,0.46994,0.59298,0.64056,0.59141,0.71886,0.75526,1,0.84404,0.78924,0.72558,0.62504,0.62154,0.23127,0.21429,0.039913,0.011331,0.11389,0,0,0.043444,0.08252,0,0.41317,0.30282,0.18391,0.25799,0,0,0,0.049399,0,0,0,0,0.48237,0.5292,0.52567,0.55104,0.23016,0.083744,0.48847,0.58958,0,0.094045,0.42078,0.35796,0.66728,0.48756,0.1611,0,0.22625,0.27748,0.59243,0.56664,0.53966,0.50484,0,0,0,0,0,0,0,0,0,0.50687,0.48306,0.21925,0.28684,0,0,0
0.16637,0.51015,0.36333,0.40771,0,0,0.33657,0.38873,0.033567,0,0.055411,0.1793,0.071726,0.38015,0.059259,0,0.40858,0.47011,0.10032,0.17442,0,0,0.34801,0.37637,0.27584,0.29579,0,0,0.2455,0.25097,0,0.16619,0,0.005167,0.043697,0.0090524,0.17888,0.079056,0.22613,0.27522,0.16826,0.08185,0.46506,0.48281,0.44506,0.7022,0.58099,0.49756,0.7061,0.83494,0.84404,1,0.66255,0.71991,0.4706,0.49456,0.30631,0.26334,0.072647,0.076627,0.17665,0.14363,0.076875,0.19859,0.054312,0.19662,0.48189,0.45961,0.2308,0.29416,0,0,0,0.027512,0,0,0,0,0.43983,0.40781,0.39896,0.41129,0.037623,0,0.35502,0.63944,0,0.041958,0.25239,0.3667,0.56049,0.31191,0.064362,0.0012953,0.13038,0.15657,0.46854,0.40114,0.44451,0.31919,0.0095091,0,0,0,0,0,0,0,0,0.35626,0.37657,0.26528,0.26392,0,0,0
0.0048906,0.49829,0.32171,0.54369,0.020233,0.0045558,0.33885,0.44879,0.1195,0.037712,0.19233,0.11021,0.19338,0.32257,0.053209,0,0.33242,0.38137,0.22249,0.30951,0.064519,0,0.24972,0.34706,0.11184,0.13758,0.024815,0.036113,0.24184,0.21088,0,0.053528,0,0,0,0,0.358,0.3187,0.38706,0.39511,0.32165,0.2,0.43707,0.3862,0.24287,0.38053,0.64437,0.52847,0.52709,0.6153,0.78924,0.66255,1,0.76541,0.72329,0.56241,0.093404,0.087923,0,0,0,0,0,0.14665,0,0,0.21159,0.24258,0.12542,0.18037,0,0,0,0,0,0,0,0,0.30522,0.34555,0.44255,0.42826,0.1566,0,0.40261,0.41813,0.00041694,0.011486,0.58018,0.17849,0.69596,0.44708,0.045355,0,0.22541,0.25659,0.54452,0.48728,0.57115,0.48518,0,0,0,0,0,0,0,0,0,0.49056,0.44792,0.31506,0.36878,0.15108,0.076826,0
0.29167,0.6254,0.56667,0.55573,0,0,0.55093,0.46136,0.067557,0,0,0.077992,0.039864,0.29511,0,0,0.12696,0.28611,0.41844,0.41414,0,0,0.44179,0.4449,0.15307,0.14361,0,0,0,0.00022408,0,0,0,0,0.05063,0.026775,0.16293,0.037035,0.20157,0.17341,0.10218,0,0.25593,0.21089,0.14866,0.30101,0.47192,0.33569,0.49414,0.58419,0.72558,0.71991,0.76541,1,0.49014,0.43782,0.35316,0.27124,0,0,0.19568,0.1029,0,0.12134,0.050362,0,0.37736,0.26679,0.32313,0.37301,0,0,0,0,0,0,0,0,0.18644,0.20857,0.22174,0.27999,0,0,0.20448,0.43118,0,0.099992,0.34495,0.37242,0.5483,0.38647,0.16987,0,0.25521,0.14471,0.33803,0.27411,0.48453,0.40361,0,0,0,0,0,0,0,0,0,0.27169,0.21955,0.31557,0.31537,0.12664,0.1636,0
0,0.18609,0.16115,0.46065,0.26412,0.23967,0.21243,0.4016,0.15884,0.23677,0.23074,0.17782,0.25238,0.307,0.23995,0.17299,0.31319,0.2862,0.09678,0.14919,0.30676,0.22873,0.21679,0.39704,0.23644,0.31179,0.35414,0.33966,0.32609,0.30133,0.24512,0.25459,0,0,0,0,0.44893,0.48229,0.48731,0.52998,0.45113,0.36132,0.5249,0.43761,0.15664,0.3253,0.61423,0.57342,0.32291,0.33346,0.62504,0.4706,0.72329,0.49014,1,0.64301,0,0,0,0,0,0,0,0.04741,0,0,0.089972,0.24984,0,0.0084436,0,0,0,0.075166,0,0,0.17617,0.17415,0.29112,0.30946,0.46676,0.42898,0.38929,0.11305,0.49914,0.39746,0.11966,0,0.72693,0.15019,0.6574,0.46215,0,0,0.23938,0.25723,0.66831,0.58851,0.59113,0.53354,0,0,0,0,0,0,0,0,0,0.59266,0.63282,0.30612,0.42651,0.20964,0.1024,0
0,0.25101,0.040775,0.157,0.056688,0.057568,0.045973,0.12733,0.11356,0.04335,0.11784,0.16377,0.10701,0.27642,0.41197,0.39157,0.44317,0.4634,0,0.11956,0.090644,0,0.095385,0.056908,0.29775,0.43976,0.17582,0.23312,0.44135,0.47347,0.24452,0.29389,0,0,0,0,0.4132,0.43694,0.61284,0.59005,0.45421,0.15139,0.40704,0.50408,0.3367,0.49106,0.64504,0.60884,0.4605,0.4916,0.62154,0.49456,0.56241,0.43782,0.64301,1,0.12211,0.13163,0.19381,0.1738,0.089262,0,0,0.024723,0,0,0.30507,0.27982,0.16536,0.30394,0,0,0,0.05207,0,0,0,0,0.49985,0.4788,0.54278,0.61759,0.45285,0.41565,0.53026,0.61928,0.22204,0.39043,0.43688,0.59066,0.56058,0.4488,0.13724,0.07506,0.23423,0.43161,0.65818,0.70574,0.44283,0.68605,0.036752,0.12976,0,0,0,0,0.1486,0.11968,0,0.4852,0.51626,0.12827,0.25735,0,0,0
