1,0.83093,0.48308,0.50034,0.39995,0.25111,0.54747,0.51202,0.41309,0.28302,0.8082,0.79657,0.72942,0.6214,0.57314,0.53116,0.56923,0.59056,0.65698,0.60122,0.33793,0.38175,0.41883,0.41304,0.35882,0.35186,0.38746,0.31509,0.42914,0.39815,0.61925,0.52696,0.65161,0.56339,0.32835,0.27068,0,0.076657,0.022773,0.18109,0.32724,0.35798,0.33352,0.34889,0.21782,0.28668,0.41574,0.411,0.41509,0.44129,0.43258,0.38226,0.30494,0.29177,0.46776,0.4618,0.89033,0.78274,0.61447,0.55927,0.71232,0.66047,0.62108,0.59707,0.33558,0.40199,0.34495,0.34563,0.58368,0.47917,0.38538,0.34428,0.63995,0.65682,0.59395,0.71623,0.5444,0.64565,0.29697,0.27789,0.46528,0.50883,0.32578,0.20922,0.54121,0.53964,0.15214,0.023604,0.35321,0.44753,0,0.13976,0.0015855,0.024236,0.21391,0.34058,0.34299,0.48032,0.3685,0.51309,0.30271,0.080104,0.35336,0.33655,0.28388,0.32063,0.14704,0.13394,0.39262,0.32022,0.31164,0.43657,0.45392,0.55146,0.42067,0
0.83093,1,0.46106,0.58652,0.39882,0.25541,0.44744,0.63837,0.41286,0.41234,0.63765,0.8026,0.59506,0.67271,0.56045,0.53954,0.59623,0.69041,0.71191,0.69198,0.42859,0.46062,0.44135,0.48113,0.34441,0.40358,0.38385,0.32478,0.42345,0.41894,0.65032,0.55877,0.70805,0.67351,0.37042,0.36837,0,0.044402,0.024287,0.13221,0.41842,0.4323,0.43038,0.42475,0.27146,0.35427,0.49745,0.46975,0.47171,0.49575,0.44856,0.41053,0.35206,0.38534,0.52893,0.48039,0.87534,0.91975,0.42377,0.55489,0.55849,0.66846,0.60074,0.6868,0.22324,0.38534,0.34683,0.39245,0.60826,0.49939,0.43164,0.32032,0.73698,0.76097,0.6641,0.73457,0.61462,0.68725,0.33156,0.28925,0.55066,0.52837,0.40083,0.2452,0.58981,0.56611,0.16637,0,0.45264,0.37151,0.040855,0.088842,0.076273,0,0.16524,0.2906,0.364,0.41933,0.42279,0.4909,0.32582,0,0.34367,0.21306,0.31349,0.24353,0.07307,0,0.27242,0.277,0.34403,0.41361,0.40585,0.52259,0.51483,0
0.48308,0.46106,1,0.85805,0.54283,0.53113,0.92937,0.81483,0.66872,0.43997,0.37793,0.43128,0.55697,0.62011,0.72088,0.52818,0.50915,0.50149,0.75166,0.68214,0.442,0.49169,0.92202,0.85892,0.61285,0.57388,0.44007,0.49365,0.45988,0.42416,0.51144,0.55384,0.66216,0.60711,0.52513,0.41884,0,0.12783,0,0.27313,0.32655,0.43746,0.63716,0.55187,0.60851,0.60728,0.62327,0.60934,0.62024,0.61077,0.63098,0.5856,0.5537,0.56892,0.52006,0.42654,0.30638,0.4589,0.44537,0.32223,0.54299,0.45844,0.5211,0.49221,0.6664,0.5357,0.67094,0.59785,0.43003,0.47872,0.38624,0.54735,0.48057,0.45702,0.52161,0.51463,0.49959,0.57419,0.50184,0.40222,0.65999,0.58929,0.62827,0.53714,0.74511,0.7575,0.48438,0.43754,0.78893,0.55072,0.49396,0.54431,0.62341,0.54587,0.12921,0.26187,0.43109,0.46057,0.60922,0.57468,0.12164,0.37424,0.11282,0.045139,0.35523,0.29388,0,0,0.37483,0.35769,0.45634,0.6333,0.62651,0.43851,0.57967,0
0.50034,0.58652,0.85805,1,0.60585,0.62879,0.79569,0.90787,0.69601,0.58998,0.38679,0.58486,0.52669,0.73574,0.79213,0.69817,0.54543,0.59985,0.78119,0.78831,0.50302,0.54639,0.91379,0.9546,0.67564,0.73612,0.54121,0.59021,0.41043,0.45828,0.62162,0.69779,0.80746,0.77819,0.71927,0.63913,0,0.13702,0,0.27476,0.34865,0.46142,0.72511,0.63561,0.66347,0.71094,0.72049,0.72437,0.68377,0.69147,0.68137,0.67128,0.59448,0.63059,0.67085,0.53577,0.41044,0.6157,0.48168,0.55451,0.59655,0.68501,0.55714,0.62296,0.68317,0.75069,0.76418,0.79252,0.45082,0.53667,0.37473,0.45385,0.54104,0.54764,0.61335,0.57772,0.57264,0.66677,0.48992,0.37221,0.71218,0.63541,0.68578,0.54192,0.79196,0.82074,0.52953,0.39549,0.8011,0.59203,0.5968,0.56859,0.64133,0.45776,0.19094,0.33176,0.55659,0.57722,0.7244,0.67852,0.35561,0.34442,0.3254,0.27023,0.47841,0.42318,0.11408,0.045512,0.4424,0.43617,0.65166,0.66046,0.69087,0.62839,0.69655,0
0.39995,0.39882,0.54283,0.60585,1,0.85818,0.50246,0.53718,0.92859,0.71678,0.36699,0.4159,0.45323,0.58775,0.74552,0.62577,0.30128,0.30612,0.52871,0.47982,0.39743,0.45098,0.55557,0.57509,0.70322,0.7365,0.81143,0.77795,0.30081,0.24986,0.33405,0.3779,0.46044,0.39366,0.46185,0.38847,0,0.27824,0.083633,0.25536,0.12294,0.27743,0.53099,0.4757,0.43597,0.42719,0.51495,0.48073,0.46982,0.3949,0.51293,0.4326,0.39439,0.40857,0.54506,0.41081,0.29221,0.43323,0.41209,0.41087,0.39355,0.35314,0.27625,0.28436,0.45163,0.44603,0.53506,0.53894,0.38673,0.48256,0.29319,0.49774,0.37048,0.3602,0.49591,0.57476,0.53681,0.63602,0.29085,0.21096,0.43449,0.40684,0.50501,0.38892,0.57653,0.5562,0.54978,0.29581,0.61444,0.39616,0.45122,0.39781,0.48285,0.25923,0.12856,0.16069,0.41787,0.436,0.46434,0.4931,0.32639,0.24331,0.32135,0.32645,0.29673,0.27179,0.074811,0.16016,0.43134,0.20513,0.35855,0.44134,0.51291,0.43098,0.33297,0
0.25111,0.25541,0.53113,0.62879,0.85818,1,0.43879,0.5241,0.81842,0.66172,0.20951,0.32103,0.3322,0.53713,0.73287,0.66292,0.24166,0.20066,0.46297,0.45073,0.36986,0.40772,0.57462,0.61053,0.72816,0.76302,0.78676,0.82405,0.25079,0.24006,0.3003,0.40348,0.43021,0.38199,0.44102,0.42633,0,0.2902,0.047929,0.22214,0.065159,0.18336,0.4881,0.42367,0.3791,0.40922,0.45998,0.47309,0.48533,0.46502,0.52064,0.50241,0.43574,0.42445,0.51399,0.37285,0.15482,0.31564,0.44754,0.46905,0.35507,0.38832,0.27619,0.26373,0.41351,0.43797,0.56527,0.59468,0.34978,0.46871,0.25561,0.45314,0.28042,0.2867,0.48945,0.42329,0.49623,0.57734,0.27696,0.17853,0.42915,0.31898,0.55519,0.45902,0.49683,0.49783,0.63109,0.38517,0.64721,0.44615,0.52015,0.45122,0.53657,0.27294,0.15292,0.20161,0.40923,0.41201,0.44855,0.46057,0.33071,0.24591,0.35958,0.3585,0.33963,0.29644,0.1312,0.17236,0.43292,0.29115,0.46499,0.42228,0.46876,0.42943,0.35639,0
0.54747,0.44744,0.92937,0.79569,0.50246,0.43879,1,0.81107,0.64513,0.39788,0.42726,0.42186,0.65211,0.57735,0.64938,0.45194,0.46739,0.4546,0.67714,0.59493,0.41081,0.48283,0.84456,0.78025,0.56759,0.53999,0.35507,0.39754,0.4038,0.35634,0.50637,0.5202,0.63379,0.58997,0.53569,0.34309,0,0.021121,0.05397,0.27495,0.32559,0.37397,0.54477,0.49324,0.58404,0.58319,0.58538,0.58942,0.5557,0.53749,0.55568,0.48964,0.44111,0.48285,0.46845,0.3987,0.3723,0.46251,0.44339,0.32197,0.62128,0.49145,0.51281,0.45654,0.6766,0.57398,0.61312,0.5291,0.37579,0.39059,0.39719,0.48583,0.4848,0.46094,0.47145,0.53735,0.43671,0.52466,0.4086,0.3511,0.56193,0.5279,0.5165,0.41725,0.68836,0.70197,0.32559,0.29543,0.6615,0.51366,0.35313,0.46251,0.50456,0.501,0.14494,0.26994,0.40872,0.49213,0.5484,0.55866,0.17632,0.3365,0.11603,0.057558,0.29884,0.25081,0,0,0.35955,0.34868,0.32334,0.60377,0.58868,0.42996,0.55648,0
0.51202,0.63837,0.81483,0.90787,0.53718,0.5241,0.81107,1,0.65622,0.58477,0.42653,0.61531,0.59642,0.75172,0.71315,0.66252,0.58809,0.65671,0.75817,0.73905,0.58075,0.59217,0.82735,0.86745,0.62445,0.67007,0.44611,0.47362,0.49009,0.54969,0.68242,0.73495,0.78795,0.81268,0.60605,0.53428,0,0,0,0.11173,0.30013,0.41694,0.65284,0.5937,0.61344,0.65512,0.65807,0.66322,0.63718,0.64724,0.59286,0.5768,0.50343,0.55025,0.58535,0.4454,0.44616,0.63757,0.36393,0.46743,0.56749,0.71487,0.61615,0.68473,0.5433,0.66798,0.599,0.63312,0.39269,0.41899,0.49509,0.48944,0.61409,0.61758,0.63178,0.615,0.56748,0.62534,0.53075,0.41891,0.72791,0.65142,0.61046,0.50146,0.75152,0.75905,0.36264,0.23877,0.73114,0.48609,0.38965,0.37209,0.51439,0.36945,0.081677,0.28354,0.43417,0.47949,0.60954,0.56169,0.23102,0.21774,0.2054,0.05753,0.41348,0.27653,0.020473,0,0.35146,0.40123,0.45245,0.63351,0.58131,0.53602,0.70935,0
0.41309,0.41286,0.66872,0.69601,0.92859,0.81842,0.64513,0.65622,1,0.75725,0.35741,0.44989,0.51864,0.63293,0.78412,0.66078,0.36697,0.40175,0.58269,0.54812,0.43738,0.48916,0.66449,0.68718,0.71365,0.74102,0.71772,0.69877,0.32918,0.29286,0.36977,0.41764,0.52489,0.47583,0.49042,0.40718,0,0.17901,0.08999,0.27247,0.19857,0.3442,0.55986,0.52518,0.49948,0.4978,0.55129,0.56395,0.52175,0.46811,0.56147,0.4774,0.45041,0.47539,0.5923,0.4611,0.31275,0.452,0.42147,0.40751,0.47093,0.42599,0.36061,0.36649,0.57718,0.53759,0.57766,0.57496,0.35279,0.45587,0.29616,0.51348,0.38362,0.37539,0.47879,0.56568,0.54645,0.62859,0.36497,0.27925,0.50715,0.48765,0.5583,0.43104,0.65557,0.6504,0.54875,0.30921,0.68049,0.47735,0.48449,0.46557,0.51558,0.34053,0.11505,0.18092,0.43234,0.45409,0.51834,0.54136,0.2925,0.30626,0.27242,0.24204,0.34309,0.31504,0,0.038342,0.37438,0.27406,0.41303,0.51264,0.56474,0.44937,0.42145,0
0.28302,0.41234,0.43997,0.58998,0.71678,0.66172,0.39788,0.58477,0.75725,1,0.26366,0.46472,0.46735,0.68468,0.573,0.62303,0.27331,0.4056,0.49579,0.51745,0.47662,0.53694,0.50794,0.61062,0.66251,0.77486,0.57006,0.57629,0.16972,0.23289,0.34464,0.38284,0.47131,0.4743,0.43982,0.44589,0,0.0032822,0.037644,0.13764,0.15257,0.29629,0.48714,0.50679,0.37203,0.42786,0.50833,0.55459,0.44673,0.47183,0.55427,0.50451,0.47433,0.53638,0.54323,0.43717,0.26538,0.4082,0.20894,0.33528,0.32984,0.37544,0.21423,0.32778,0.38892,0.50654,0.46171,0.55876,0.19703,0.35205,0.15946,0.37996,0.33169,0.27999,0.41545,0.48273,0.5076,0.56518,0.3085,0.27492,0.38422,0.39795,0.46404,0.32075,0.54156,0.57742,0.45309,0.17582,0.5703,0.45308,0.45112,0.41395,0.48178,0.34393,0.052943,0.14528,0.34606,0.34805,0.48245,0.45081,0.26972,0.27406,0.22509,0.15708,0.30538,0.27596,0,0,0.16838,0.065832,0.40351,0.38736,0.44561,0.38171,0.43108,0
0.8082,0.63765,0.37793,0.38679,0.36699,0.20951,0.42726,0.42653,0.35741,0.26366,1,0.80827,0.83487,0.6302,0.56873,0.57424,0.58138,0.58335,0.54906,0.47297,0.28643,0.28202,0.3591,0.3478,0.40714,0.37573,0.31021,0.23645,0.44624,0.47877,0.57421,0.53109,0.54576,0.46024,0.30665,0.22157,0,0.060162,0,0.043238,0.24596,0.24269,0.26529,0.27165,0.10102,0.15127,0.31456,0.31788,0.31303,0.37595,0.40442,0.35419,0.30476,0.23492,0.38356,0.34471,0.6804,0.59192,0.52758,0.43989,0.69492,0.63384,0.69658,0.56654,0.30473,0.4244,0.25208,0.27452,0.37509,0.34329,0.40376,0.40622,0.60781,0.59141,0.57678,0.62351,0.48609,0.54295,0.27733,0.25352,0.37103,0.47532,0.18792,0.1191,0.39108,0.41652,0.084463,0,0.2957,0.33301,0.016707,0.13907,0.029406,0,0.14846,0.24867,0.27231,0.37906,0.30709,0.41651,0.26382,0.067376,0.33696,0.29159,0.25383,0.29757,0.15921,0.12904,0.31315,0.25293,0.28125,0.38033,0.36168,0.51118,0.35753,0
0.79657,0.8026,0.43128,0.58486,0.4159,0.32103,0.42186,0.61531,0.44989,0.46472,0.80827,1,0.69932,0.77099,0.64311,0.72645,0.66855,0.76385,0.70169,0.68123,0.40952,0.42447,0.46889,0.52486,0.46121,0.49019,0.41585,0.33873,0.49445,0.59174,0.69627,0.67222,0.71884,0.67634,0.42012,0.43829,0,0.025854,0,0.046043,0.26997,0.3494,0.40132,0.39214,0.20284,0.29081,0.4278,0.44024,0.39192,0.46461,0.45055,0.43592,0.37219,0.32038,0.47889,0.41693,0.76794,0.77034,0.48584,0.56199,0.64183,0.77476,0.69963,0.76016,0.32218,0.54731,0.37074,0.44025,0.47684,0.44273,0.40364,0.39359,0.68017,0.69615,0.68915,0.69934,0.59371,0.65913,0.41874,0.37469,0.57264,0.62218,0.39416,0.29121,0.54799,0.56537,0.22034,0.0533,0.40686,0.43621,0.12491,0.179,0.094931,0.008988,0.14923,0.3472,0.3275,0.45351,0.43793,0.50731,0.32106,0.081986,0.39869,0.32484,0.38827,0.39939,0.22564,0.15424,0.37955,0.31968,0.48195,0.48201,0.46006,0.59166,0.51816,0.017056
0.72942,0.59506,0.55697,0.52669,0.45323,0.3322,0.65211,0.59642,0.51864,0.46735,0.83487,0.69932,1,0.7514,0.64748,0.60204,0.51798,0.51697,0.57084,0.49028,0.40244,0.41613,0.52498,0.52052,0.53127,0.51966,0.3247,0.30233,0.3947,0.38925,0.52132,0.47781,0.54863,0.49044,0.36078,0.2367,0,0.011531,0.0010347,0.17198,0.28755,0.34024,0.37252,0.38345,0.25508,0.32518,0.42446,0.46406,0.4601,0.52596,0.55779,0.48258,0.42637,0.39184,0.46154,0.38955,0.59553,0.57008,0.51581,0.41279,0.76545,0.60459,0.61671,0.49101,0.42919,0.49625,0.35814,0.38983,0.27444,0.29332,0.42459,0.48614,0.54765,0.52765,0.48196,0.61043,0.45978,0.54339,0.31161,0.32096,0.38689,0.46374,0.32101,0.22814,0.50524,0.53763,0.14952,0,0.46085,0.47284,0.13897,0.29425,0.18107,0.14988,0.044218,0.13634,0.26612,0.37565,0.40056,0.47566,0.2299,0.17315,0.2325,0.19054,0.23113,0.28331,0,0,0.18997,0.16541,0.27189,0.45472,0.4696,0.46971,0.43839,0
0.6214,0.67271,0.62011,0.73574,0.58775,0.53713,0.57735,0.75172,0.63293,0.68468,0.6302,0.77099,0.7514,1,0.72123,0.78302,0.57914,0.6698,0.70499,0.68314,0.4988,0.494,0.64976,0.71188,0.62831,0.67018,0.47525,0.46112,0.44693,0.50539,0.59646,0.59643,0.70534,0.66961,0.45824,0.49112,0,0.060007,0,0.14811,0.29509,0.45638,0.59876,0.56889,0.4037,0.50345,0.5697,0.6005,0.62397,0.70029,0.71815,0.69152,0.61696,0.58617,0.64444,0.50283,0.52897,0.63555,0.42919,0.50847,0.60839,0.66472,0.56826,0.64264,0.41737,0.5625,0.50616,0.60712,0.35645,0.43703,0.33523,0.42615,0.55004,0.55228,0.59816,0.61527,0.59242,0.69674,0.47999,0.39031,0.61383,0.60271,0.54162,0.45566,0.67616,0.72013,0.38019,0.21135,0.65125,0.5892,0.35341,0.38092,0.43397,0.25846,0.033765,0.19512,0.37408,0.43212,0.54658,0.54301,0.20946,0.24856,0.2659,0.21838,0.40505,0.36835,0.030265,0,0.27532,0.21622,0.48262,0.55404,0.53936,0.56955,0.62229,0
0.57314,0.56045,0.72088,0.79213,0.74552,0.73287,0.64938,0.71315,0.78412,0.573,0.56873,0.64311,0.64748,0.72123,1,0.86593,0.64467,0.62075,0.73502,0.69761,0.59903,0.62594,0.73338,0.75096,0.77702,0.75161,0.76232,0.75572,0.60413,0.55153,0.61138,0.62815,0.70179,0.62038,0.63047,0.49724,0,0.26787,0.022621,0.34236,0.32425,0.52258,0.697,0.62093,0.58068,0.58921,0.63697,0.64298,0.64988,0.634,0.68576,0.64467,0.56976,0.55679,0.68548,0.56073,0.48187,0.61954,0.63108,0.58986,0.66494,0.62848,0.61737,0.55782,0.6686,0.67458,0.69572,0.68725,0.50776,0.61253,0.51539,0.61348,0.58604,0.59841,0.67986,0.68117,0.60597,0.69229,0.59697,0.49333,0.7536,0.68468,0.75021,0.63652,0.76299,0.77055,0.65366,0.44646,0.77732,0.63375,0.5427,0.54375,0.47955,0.28107,0.11198,0.23695,0.47633,0.54217,0.6145,0.66709,0.38967,0.25075,0.41805,0.36818,0.48698,0.46148,0.082395,0.10982,0.52348,0.39936,0.59323,0.65467,0.68299,0.6182,0.49842,0
0.53116,0.53954,0.52818,0.69817,0.62577,0.66292,0.45194,0.66252,0.66078,0.62303,0.57424,0.72645,0.60204,0.78302,0.86593,1,0.65984,0.66131,0.64516,0.64932,0.61023,0.62627,0.57506,0.65989,0.71674,0.72174,0.71384,0.69736,0.60323,0.65883,0.61875,0.65942,0.67863,0.63651,0.51979,0.47813,0,0.1115,0,0.17709,0.19771,0.43295,0.62373,0.60206,0.47928,0.52632,0.54859,0.5961,0.58687,0.61675,0.60756,0.61671,0.50045,0.48218,0.63329,0.51463,0.47782,0.58898,0.55524,0.60892,0.60375,0.68706,0.60296,0.60804,0.53651,0.67218,0.56896,0.63707,0.4163,0.53023,0.4797,0.53094,0.49482,0.52087,0.62364,0.56467,0.55335,0.60323,0.6542,0.55173,0.73317,0.71293,0.67428,0.65228,0.68893,0.733,0.56485,0.39921,0.65716,0.63004,0.43167,0.41611,0.35261,0.17101,0.039262,0.20481,0.39617,0.44737,0.51385,0.57436,0.30477,0.19696,0.38334,0.36427,0.49902,0.45362,0.12965,0.089818,0.4632,0.34379,0.57407,0.61829,0.59042,0.59067,0.49527,0
0.56923,0.59623,0.50915,0.54543,0.30128,0.24166,0.46739,0.58809,0.36697,0.27331,0.58138,0.66855,0.51798,0.57914,0.64467,0.65984,1,0.8837,0.74114,0.70338,0.60162,0.56268,0.45707,0.47158,0.44746,0.42093,0.38301,0.33079,0.85371,0.828,0.75268,0.6541,0.75121,0.71214,0.36782,0.34569,0,0.058604,0,0.09763,0.34003,0.53266,0.56685,0.56974,0.43067,0.47339,0.54395,0.52741,0.52649,0.52974,0.49187,0.52776,0.47572,0.47746,0.54442,0.52279,0.56885,0.63006,0.45282,0.53236,0.46843,0.61562,0.71876,0.78882,0.26949,0.39047,0.45239,0.47582,0.59542,0.57913,0.50723,0.39827,0.7116,0.6633,0.65124,0.61444,0.57199,0.59437,0.81901,0.67363,0.85242,0.82086,0.6154,0.56347,0.57021,0.62322,0.3575,0.23622,0.44352,0.5244,0.28227,0.34503,0.15437,0.12963,0.067378,0.25147,0.37191,0.49816,0.52289,0.55965,0.32934,0.13185,0.40899,0.2442,0.39366,0.29796,0.10823,0.030679,0.45147,0.3645,0.39925,0.58927,0.53444,0.59725,0.42179,0
0.59056,0.69041,0.50149,0.59985,0.30612,0.20066,0.4546,0.65671,0.40175,0.4056,0.58335,0.76385,0.51697,0.6698,0.62075,0.66131,0.8837,1,0.77745,0.76563,0.61338,0.56797,0.5068,0.55114,0.48464,0.46519,0.34038,0.27775,0.70605,0.78057,0.75473,0.68925,0.77395,0.76461,0.42902,0.41738,0,0.0024052,0,0.086725,0.37042,0.53649,0.5395,0.55333,0.4055,0.45011,0.53269,0.53514,0.49115,0.52278,0.49216,0.49857,0.47349,0.48713,0.55732,0.51109,0.60981,0.71447,0.35767,0.49416,0.4642,0.64568,0.66639,0.82245,0.33501,0.48149,0.43084,0.48687,0.55581,0.58099,0.42116,0.33644,0.67576,0.64411,0.61819,0.60703,0.60659,0.61956,0.72088,0.6416,0.80618,0.8335,0.57495,0.50208,0.61658,0.66364,0.34596,0.21796,0.48977,0.49401,0.28127,0.32431,0.23802,0.19363,0.061252,0.27291,0.36456,0.47126,0.55275,0.54896,0.30528,0.18853,0.32893,0.16455,0.40704,0.27961,0.072627,0,0.33643,0.31945,0.43068,0.57711,0.5134,0.57023,0.52778,0
0.65698,0.71191,0.75166,0.78119,0.52871,0.46297,0.67714,0.75817,0.58269,0.49579,0.54906,0.70169,0.57084,0.70499,0.73502,0.64516,0.74114,0.77745,1,0.94737,0.54847,0.54093,0.7205,0.72557,0.53716,0.53476,0.488,0.45872,0.58935,0.55558,0.69928,0.62213,0.84849,0.80656,0.50677,0.54347,0,0.18972,0.021528,0.20289,0.38199,0.4588,0.62372,0.58791,0.48679,0.56371,0.66191,0.62007,0.59123,0.56789,0.58685,0.55356,0.58004,0.54312,0.58751,0.49246,0.5251,0.72686,0.5312,0.59517,0.5774,0.64372,0.66339,0.7864,0.42803,0.45493,0.70722,0.69396,0.74942,0.77499,0.40612,0.4146,0.66028,0.60746,0.68002,0.66692,0.75194,0.79776,0.60751,0.43103,0.78466,0.66228,0.67443,0.51945,0.6986,0.69843,0.4536,0.27277,0.69029,0.55067,0.4624,0.47683,0.42623,0.30921,0.26598,0.36062,0.54644,0.61235,0.67173,0.64246,0.33383,0.28728,0.37803,0.28556,0.42545,0.33891,0.15068,0.051676,0.37463,0.43942,0.56187,0.59177,0.60978,0.62437,0.60566,0
0.60122,0.69198,0.68214,0.78831,0.47982,0.45073,0.59493,0.73905,0.54812,0.51745,0.47297,0.68123,0.49028,0.68314,0.69761,0.64932,0.70338,0.76563,0.94737,1,0.54124,0.537,0.68277,0.73093,0.4861,0.5028,0.48218,0.45606,0.53887,0.538,0.63529,0.57947,0.82877,0.79847,0.48605,0.5429,0.014288,0.20771,0.07502,0.25832,0.41033,0.46289,0.59787,0.57841,0.48651,0.59106,0.63941,0.62169,0.60703,0.59912,0.5883,0.57673,0.59305,0.55009,0.5999,0.51376,0.50121,0.70091,0.54196,0.65452,0.5718,0.6723,0.62292,0.78046,0.43908,0.48337,0.72441,0.7405,0.7354,0.78246,0.33618,0.3481,0.58529,0.53462,0.6368,0.59164,0.71924,0.74637,0.6008,0.43398,0.77239,0.6486,0.70485,0.55396,0.68325,0.69131,0.47011,0.30619,0.71212,0.59256,0.53692,0.52181,0.46363,0.31279,0.31565,0.37678,0.58078,0.62478,0.69251,0.66474,0.35327,0.28516,0.37865,0.33026,0.45955,0.38959,0.17406,0.059404,0.37833,0.42584,0.58604,0.58835,0.64184,0.62239,0.62098,0
0.33793,0.42859,0.442,0.50302,0.39743,0.36986,0.41081,0.58075,0.43738,0.47662,0.28643,0.40952,0.40244,0.4988,0.59903,0.61023,0.60162,0.61338,0.54847,0.54124,1,0.88398,0.42925,0.4818,0.56826,0.52343,0.45593,0.44702,0.63331,0.61889,0.54672,0.51279,0.51757,0.52384,0.34972,0.24571,0.017506,0.065448,0.071073,0.24894,0.38532,0.52557,0.49352,0.52745,0.46132,0.46265,0.45308,0.49927,0.46283,0.47581,0.42842,0.42879,0.38267,0.42775,0.47028,0.45086,0.32031,0.46099,0.28506,0.35219,0.33319,0.40205,0.38625,0.47223,0.34779,0.38878,0.40236,0.41361,0.39909,0.48714,0.5922,0.59391,0.53306,0.48904,0.51244,0.49141,0.45086,0.4621,0.65484,0.66069,0.67744,0.67687,0.61738,0.57451,0.58484,0.59285,0.37768,0.32476,0.5469,0.49102,0.31583,0.39289,0.30173,0.27771,0,0.0082956,0.23342,0.33433,0.40584,0.46542,0.19899,0.18788,0.14237,0.027002,0.2521,0.17037,0,0,0.21259,0.18494,0.21169,0.49981,0.45905,0.35903,0.3052,0
0.38175,0.46062,0.49169,0.54639,0.45098,0.40772,0.48283,0.59217,0.48916,0.53694,0.28202,0.42447,0.41613,0.494,0.62594,0.62627,0.56268,0.56797,0.54093,0.537,0.88398,1,0.48632,0.51651,0.6192,0.56223,0.5268,0.55121,0.59483,0.57224,0.52283,0.49544,0.51876,0.50218,0.40224,0.25523,0.025633,0.074628,0.1002,0.32267,0.36665,0.52635,0.49659,0.5146,0.48307,0.47378,0.49074,0.53388,0.45678,0.47908,0.44205,0.44646,0.36334,0.41697,0.45765,0.45954,0.37664,0.50831,0.31833,0.38745,0.37811,0.4021,0.32141,0.42191,0.41857,0.44365,0.43321,0.43699,0.39893,0.46149,0.55179,0.58895,0.52307,0.5048,0.5326,0.5471,0.44767,0.4787,0.62359,0.64553,0.64489,0.6473,0.64481,0.59471,0.62049,0.61549,0.40895,0.392,0.55747,0.51485,0.28445,0.37664,0.33316,0.32835,0.026509,0.14674,0.3116,0.40528,0.41848,0.4938,0.24252,0.18565,0.17843,0.063028,0.2913,0.19984,0,0,0.27098,0.17742,0.26695,0.53296,0.48851,0.35033,0.35318,0
0.41883,0.44135,0.92202,0.91379,0.55557,0.57462,0.84456,0.82735,0.66449,0.50794,0.3591,0.46889,0.52498,0.64976,0.73338,0.57506,0.45707,0.5068,0.7205,0.68277,0.42925,0.48632,1,0.95627,0.69716,0.70216,0.45746,0.50612,0.34611,0.38927,0.57258,0.65767,0.71672,0.66791,0.6988,0.60653,0,0.1248,0,0.22834,0.29577,0.36113,0.64063,0.5258,0.58191,0.59701,0.62892,0.62241,0.57434,0.59729,0.62339,0.59431,0.56433,0.58688,0.57073,0.4393,0.27763,0.46031,0.37116,0.35482,0.50065,0.50543,0.46796,0.48599,0.68965,0.65872,0.683,0.67015,0.32201,0.40615,0.32264,0.49669,0.50072,0.48606,0.54386,0.504,0.53883,0.60003,0.42352,0.30275,0.59403,0.53844,0.5882,0.44632,0.69727,0.71994,0.50345,0.3927,0.7874,0.52252,0.56098,0.55326,0.67575,0.52543,0.16375,0.28571,0.45873,0.48455,0.64723,0.56695,0.21777,0.38937,0.21623,0.14955,0.43011,0.38813,0.063896,0,0.38352,0.36881,0.6011,0.56303,0.60256,0.55791,0.68881,0
0.41304,0.48113,0.85892,0.9546,0.57509,0.61053,0.78025,0.86745,0.68718,0.61062,0.3478,0.52486,0.52052,0.71188,0.75096,0.65989,0.47158,0.55114,0.72557,0.73093,0.4818,0.51651,0.95627,1,0.69441,0.74949,0.5016,0.53943,0.32601,0.41123,0.57878,0.67606,0.73827,0.71251,0.69206,0.62422,0,0.098709,0,0.22858,0.3183,0.40561,0.65398,0.55843,0.59614,0.63464,0.64197,0.65318,0.60392,0.63655,0.64363,0.63087,0.58428,0.61621,0.60878,0.47211,0.3064,0.50087,0.38072,0.42314,0.52661,0.58642,0.48615,0.53633,0.6908,0.7272,0.69494,0.7286,0.31481,0.4304,0.31576,0.47894,0.47796,0.47242,0.54749,0.50931,0.54882,0.60964,0.45264,0.35104,0.63722,0.59109,0.63046,0.49125,0.73912,0.77386,0.5075,0.38711,0.79496,0.57105,0.61132,0.58612,0.66376,0.49832,0.14633,0.26383,0.46873,0.49964,0.6862,0.61687,0.24011,0.38217,0.22868,0.17703,0.45917,0.43039,0.073762,0,0.37297,0.38654,0.61708,0.58036,0.65106,0.57926,0.70565,0
0.35882,0.34441,0.61285,0.67564,0.70322,0.72816,0.56759,0.62445,0.71365,0.66251,0.40714,0.46121,0.53127,0.62831,0.77702,0.71674,0.44746,0.48464,0.53716,0.4861,0.56826,0.6192,0.69716,0.69441,1,0.91682,0.69789,0.73367,0.41568,0.47382,0.59466,0.64133,0.59132,0.55734,0.65379,0.47324,0,0.095059,0,0.2086,0.1785,0.27246,0.54673,0.48214,0.45377,0.4636,0.51368,0.53502,0.51464,0.56917,0.62725,0.62242,0.53052,0.56568,0.5633,0.47576,0.29144,0.40855,0.38248,0.42628,0.45028,0.43037,0.3926,0.34003,0.58372,0.62976,0.54537,0.59834,0.25347,0.40937,0.37632,0.49762,0.43844,0.43104,0.5393,0.50833,0.47747,0.55758,0.46375,0.43185,0.54274,0.54777,0.5722,0.48951,0.55811,0.62875,0.62442,0.39899,0.63761,0.54599,0.45958,0.48606,0.52172,0.38594,0.077549,0.21649,0.39172,0.43799,0.51635,0.51187,0.35549,0.2994,0.34653,0.2737,0.42218,0.36514,0.055247,0.063405,0.43756,0.22454,0.47232,0.54301,0.54677,0.54561,0.49675,0
0.35186,0.40358,0.57388,0.73612,0.7365,0.76302,0.53999,0.67007,0.74102,0.77486,0.37573,0.49019,0.51966,0.67018,0.75161,0.72174,0.42093,0.46519,0.53476,0.5028,0.52343,0.56223,0.70216,0.74949,0.91682,1,0.69442,0.72066,0.30396,0.39225,0.57969,0.65351,0.62951,0.608,0.70785,0.57524,0,0.055087,0.033988,0.16174,0.18262,0.24323,0.57268,0.51736,0.45831,0.49188,0.57046,0.59567,0.53004,0.57211,0.62421,0.6334,0.50958,0.61069,0.65035,0.53347,0.33687,0.46205,0.32504,0.47075,0.41628,0.48765,0.36733,0.37923,0.53864,0.6992,0.55668,0.65329,0.22063,0.37418,0.31782,0.42825,0.47509,0.47065,0.54614,0.53874,0.51937,0.60518,0.37645,0.33399,0.50598,0.51086,0.54303,0.38609,0.58087,0.65459,0.60845,0.28596,0.62698,0.54409,0.48534,0.48595,0.52158,0.36908,0.091054,0.20138,0.42592,0.46165,0.55161,0.54212,0.45701,0.26294,0.41805,0.3218,0.40977,0.35945,0.064576,0.089914,0.42651,0.23216,0.52133,0.48091,0.53314,0.58609,0.52244,0
0.38746,0.38385,0.44007,0.54121,0.81143,0.78676,0.35507,0.44611,0.71772,0.57006,0.31021,0.41585,0.3247,0.47525,0.76232,0.71384,0.38301,0.34038,0.488,0.48218,0.45593,0.5268,0.45746,0.5016,0.69789,0.69442,1,0.93873,0.42541,0.41174,0.40328,0.40453,0.43798,0.37152,0.42863,0.34216,0,0.28209,0.010251,0.22617,0.078397,0.30461,0.52143,0.4445,0.42086,0.40893,0.46521,0.40438,0.46658,0.39023,0.47355,0.44606,0.37572,0.39351,0.51165,0.43295,0.3076,0.41561,0.45736,0.48791,0.37558,0.37517,0.32476,0.31368,0.41465,0.43235,0.52664,0.53432,0.42084,0.53071,0.34065,0.45501,0.36403,0.40548,0.51904,0.57092,0.46296,0.53102,0.44707,0.42475,0.553,0.52804,0.59571,0.54713,0.5645,0.57098,0.63513,0.43713,0.57703,0.49634,0.44893,0.40908,0.35289,0.18285,0.081758,0.1438,0.35793,0.4045,0.44162,0.49625,0.3243,0.18205,0.37385,0.40182,0.31534,0.28708,0.061075,0.21931,0.53129,0.1987,0.39362,0.47059,0.54541,0.46794,0.23017,0
0.31509,0.32478,0.49365,0.59021,0.77795,0.82405,0.39754,0.47362,0.69877,0.57629,0.23645,0.33873,0.30233,0.46112,0.75572,0.69736,0.33079,0.27775,0.45872,0.45606,0.44702,0.55121,0.50612,0.53943,0.73367,0.72066,0.93873,1,0.38713,0.36816,0.33597,0.38929,0.41491,0.355,0.46256,0.35737,0,0.33211,0.066222,0.31694,0.13576,0.338,0.54282,0.44995,0.47131,0.45447,0.47709,0.44319,0.50567,0.4473,0.50832,0.49882,0.39737,0.42566,0.50552,0.40976,0.23309,0.38093,0.45503,0.46659,0.37213,0.34785,0.26146,0.2417,0.45578,0.46108,0.54708,0.56788,0.38262,0.50699,0.29586,0.46652,0.29742,0.34266,0.47203,0.48089,0.39367,0.48944,0.44767,0.41621,0.55604,0.49385,0.64692,0.61413,0.5972,0.60526,0.66916,0.52211,0.63386,0.50006,0.48839,0.42934,0.46636,0.28558,0.10415,0.15822,0.40981,0.39394,0.44301,0.47484,0.30707,0.22025,0.32375,0.35495,0.33197,0.28098,0.038445,0.17347,0.5096,0.20997,0.4215,0.50145,0.55987,0.40835,0.26473,0
0.42914,0.42345,0.45988,0.41043,0.30081,0.25079,0.4038,0.49009,0.32918,0.16972,0.44624,0.49445,0.3947,0.44693,0.60413,0.60323,0.85371,0.70605,0.58935,0.53887,0.63331,0.59483,0.34611,0.32601,0.41568,0.30396,0.42541,0.38713,1,0.88645,0.62484,0.54897,0.53676,0.50104,0.18567,0.12947,0,0.058936,0,0.099623,0.24918,0.54009,0.54166,0.50475,0.42377,0.38213,0.42282,0.37967,0.47983,0.41888,0.40165,0.41892,0.33803,0.32006,0.38662,0.34886,0.3928,0.43059,0.36033,0.33123,0.34583,0.42653,0.61124,0.63158,0.22865,0.24771,0.32501,0.2864,0.51633,0.49451,0.59067,0.52695,0.60763,0.5475,0.5824,0.51512,0.38368,0.40942,0.85686,0.74858,0.82438,0.78942,0.60269,0.67894,0.54484,0.53699,0.35497,0.39994,0.37863,0.38077,0.17402,0.2257,0.15134,0.13306,0,0.14261,0.19619,0.30501,0.32144,0.37367,0.10082,0.088107,0.17037,0.041716,0.26995,0.13142,0,0,0.46454,0.26024,0.24505,0.56559,0.42929,0.36386,0.22923,0
0.39815,0.41894,0.42416,0.45828,0.24986,0.24006,0.35634,0.54969,0.29286,0.23289,0.47877,0.59174,0.38925,0.50539,0.55153,0.65883,0.828,0.78057,0.55558,0.538,0.61889,0.57224,0.38927,0.41123,0.47382,0.39225,0.41174,0.36816,0.88645,1,0.66383,0.66618,0.56577,0.56097,0.24045,0.22655,0,0,0,0,0.12518,0.40826,0.47304,0.43563,0.34686,0.32511,0.3619,0.34581,0.40597,0.40921,0.36007,0.40915,0.3221,0.30741,0.33325,0.29422,0.3838,0.42314,0.27127,0.29838,0.32149,0.50714,0.65207,0.70933,0.21481,0.35885,0.25703,0.29297,0.37432,0.38956,0.55825,0.48418,0.57004,0.55433,0.57356,0.44867,0.35351,0.36178,0.82263,0.79578,0.7843,0.86644,0.49671,0.60803,0.48456,0.55049,0.30237,0.31805,0.35225,0.36195,0.16877,0.19488,0.18578,0.15141,0,0.14715,0.14336,0.25915,0.32201,0.34152,0.079319,0.10969,0.14852,0.009713,0.3084,0.126,0.020141,0,0.44423,0.24865,0.3096,0.56524,0.40657,0.37499,0.31478,0.0052266
0.61925,0.65032,0.51144,0.62162,0.33405,0.3003,0.50637,0.68242,0.36977,0.34464,0.57421,0.69627,0.52132,0.59646,0.61138,0.61875,0.75268,0.75473,0.69928,0.63529,0.54672,0.52283,0.57258,0.57878,0.59466,0.57969,0.40328,0.33597,0.62484,0.66383,1,0.90644,0.84499,0.85293,0.5576,0.51375,0,0,0,0,0.17458,0.28997,0.48006,0.46118,0.34221,0.41133,0.47629,0.47936,0.42879,0.46538,0.42338,0.45142,0.39569,0.4405,0.49044,0.44988,0.60497,0.6523,0.35813,0.51856,0.47904,0.68277,0.69827,0.74712,0.28794,0.49746,0.41382,0.45993,0.4595,0.42277,0.57188,0.39041,0.73719,0.72795,0.66721,0.66158,0.59701,0.63198,0.53104,0.40819,0.66465,0.62384,0.43813,0.3316,0.48936,0.53873,0.26847,0.10769,0.39127,0.38891,0.14739,0.17139,0.12833,0.086538,0.083391,0.30881,0.29311,0.45152,0.42731,0.44242,0.37616,0.086347,0.44232,0.25916,0.41893,0.27596,0.21192,0.054397,0.46546,0.35146,0.44929,0.4441,0.39168,0.67828,0.58747,0
0.52696,0.55877,0.55384,0.69779,0.3779,0.40348,0.5202,0.73495,0.41764,0.38284,0.53109,0.67222,0.47781,0.59643,0.62815,0.65942,0.6541,0.68925,0.62213,0.57947,0.51279,0.49544,0.65767,0.67606,0.64133,0.65351,0.40453,0.38929,0.54897,0.66618,0.90644,1,0.82776,0.84097,0.63154,0.57728,0,0,0,0,0.1231,0.24412,0.51111,0.46231,0.40929,0.45774,0.48663,0.50669,0.44432,0.49984,0.43309,0.47866,0.3812,0.43838,0.49898,0.43187,0.51333,0.58664,0.35312,0.48921,0.44839,0.70331,0.62872,0.70438,0.39502,0.63788,0.43081,0.50387,0.35684,0.3375,0.54698,0.44736,0.67714,0.68041,0.64839,0.58676,0.54496,0.59425,0.48655,0.35334,0.6293,0.61593,0.43675,0.33865,0.52784,0.59089,0.34664,0.17367,0.45136,0.39256,0.23249,0.21268,0.27132,0.14268,0.052952,0.33664,0.31694,0.44075,0.45512,0.45254,0.37731,0.10515,0.4226,0.24893,0.45388,0.32274,0.23102,0.08728,0.51939,0.39013,0.48708,0.50536,0.4348,0.63624,0.63788,0
0.65161,0.70805,0.66216,0.80746,0.46044,0.43021,0.63379,0.78795,0.52489,0.47131,0.54576,0.71884,0.54863,0.70534,0.70179,0.67863,0.75121,0.77395,0.84849,0.82877,0.51757,0.51876,0.71672,0.73827,0.59132,0.62951,0.43798,0.41491,0.53676,0.56577,0.84499,0.82776,1,0.96061,0.71054,0.68491,0,0.03297,0,0.10215,0.28153,0.36878,0.61041,0.59232,0.50712,0.62479,0.64893,0.65484,0.57493,0.61432,0.57231,0.59696,0.54669,0.57473,0.63069,0.54976,0.61507,0.75048,0.54376,0.69317,0.61733,0.78509,0.6829,0.8181,0.48893,0.65528,0.69626,0.74494,0.62264,0.6109,0.46941,0.34137,0.7419,0.7077,0.72519,0.66903,0.74002,0.78704,0.55099,0.34815,0.73429,0.632,0.57845,0.39861,0.64433,0.6993,0.38037,0.15945,0.59053,0.56083,0.40035,0.38754,0.32825,0.17718,0.22873,0.43768,0.54501,0.64058,0.64802,0.63119,0.48743,0.17254,0.54445,0.40615,0.52786,0.47657,0.23465,0.11612,0.49603,0.47598,0.57824,0.60118,0.60141,0.75692,0.72251,0
0.56339,0.67351,0.60711,0.77819,0.39366,0.38199,0.58997,0.81268,0.47583,0.4743,0.46024,0.67634,0.49044,0.66961,0.62038,0.63651,0.71214,0.76461,0.80656,0.79847,0.52384,0.50218,0.66791,0.71251,0.55734,0.608,0.37152,0.355,0.50104,0.56097,0.85293,0.84097,0.96061,1,0.66986,0.67709,0,0,0,0.018554,0.24914,0.3231,0.55869,0.5483,0.47238,0.59698,0.58313,0.60556,0.5252,0.56392,0.50257,0.53709,0.48422,0.54377,0.5708,0.47934,0.56021,0.71624,0.44157,0.64899,0.54342,0.76067,0.66245,0.82669,0.40396,0.60946,0.62967,0.69955,0.55733,0.54301,0.4671,0.28664,0.68124,0.65742,0.65109,0.59197,0.67694,0.70816,0.53708,0.33478,0.71885,0.60749,0.54001,0.37867,0.59458,0.65666,0.33836,0.119,0.54538,0.4895,0.33987,0.29829,0.30571,0.18159,0.16471,0.39488,0.46867,0.56539,0.57518,0.54064,0.46107,0.14054,0.48231,0.32275,0.48171,0.36244,0.19839,0.025083,0.42145,0.43865,0.55019,0.53953,0.51355,0.66782,0.70272,0
0.32835,0.37042,0.52513,0.71927,0.46185,0.44102,0.53569,0.60605,0.49042,0.43982,0.30665,0.42012,0.36078,0.45824,0.63047,0.51979,0.36782,0.42902,0.50677,0.48605,0.34972,0.40224,0.6988,0.69206,0.65379,0.70785,0.42863,0.46256,0.18567,0.24045,0.5576,0.63154,0.71054,0.66986,1,0.79941,0,0.10436,0.062454,0.20872,0.22381,0.20679,0.58046,0.52115,0.56192,0.60535,0.57827,0.60379,0.44867,0.4836,0.51501,0.50681,0.40529,0.5099,0.58263,0.48625,0.33843,0.43902,0.36342,0.47157,0.45383,0.5194,0.34422,0.36854,0.683,0.80567,0.68305,0.70475,0.27363,0.34492,0.31921,0.2607,0.49582,0.50843,0.5004,0.49427,0.51187,0.58428,0.26502,0.12885,0.42081,0.37234,0.40685,0.19274,0.49371,0.55567,0.42277,0.21423,0.53776,0.43028,0.46983,0.41235,0.45436,0.27539,0.2361,0.37976,0.50851,0.54456,0.55856,0.5304,0.50027,0.19373,0.4724,0.41802,0.49898,0.50147,0.26112,0.26864,0.50361,0.38604,0.56763,0.44736,0.49085,0.6239,0.60626,0.032148
0.27068,0.36837,0.41884,0.63913,0.38847,0.42633,0.34309,0.53428,0.40718,0.44589,0.22157,0.43829,0.2367,0.49112,0.49724,0.47813,0.34569,0.41738,0.54347,0.5429,0.24571,0.25523,0.60653,0.62422,0.47324,0.57524,0.34216,0.35737,0.12947,0.22655,0.51375,0.57728,0.68491,0.67709,0.79941,1,0,0.020153,0,0,0,0.062789,0.45537,0.35926,0.32042,0.41934,0.44617,0.42434,0.32768,0.374,0.3985,0.43379,0.40456,0.43288,0.47418,0.30556,0.26735,0.38994,0.21767,0.43717,0.26214,0.47907,0.33288,0.46177,0.35997,0.58716,0.56101,0.6658,0.29247,0.3458,0.19661,0.18115,0.43904,0.44533,0.4879,0.40898,0.59249,0.61522,0.24469,0.0048651,0.38303,0.27519,0.3366,0.12084,0.32056,0.40925,0.3631,0.1315,0.43414,0.28489,0.41341,0.2602,0.38438,0.14978,0.18743,0.34777,0.34808,0.34969,0.4569,0.30918,0.34366,0.14115,0.42922,0.35744,0.42094,0.36682,0.32816,0.17877,0.37808,0.35215,0.71403,0.20042,0.2648,0.54974,0.6093,0.12544
0,0,0,0,0,0,0,0,0,0,0,0,0,0,0,0,0,0,0,0.014288,0.017506,0.025633,0,0,0,0,0,0,0,0,0,0,0,0,0,0,1,0.53804,0.7841,0.5944,0.61055,0.17121,0,0.0054001,0.04229,0.036225,0.093051,0.10602,0.0064231,0.0014041,0.039875,0,0.062169,0.051096,0.099637,0.1807,0,0,0.063228,0.022269,0,0,0,0,0.076741,0,0.089033,0.034204,0.14852,0.19417,0,0,0,0,0,0,0.00092665,0.022776,0,0,0,0,0.0542,0,0.020586,0,0,0.024959,0.040693,0.13193,0.19319,0.30101,0.09919,0.1458,0.36162,0.036996,0.36273,0.29647,0.19535,0.26063,0.22322,0.078685,0.092858,0.11801,0,0.10815,0,0.18854,0,0.048079,0,0.056161,0.19009,0,0,0
0.076657,0.044402,0.12783,0.13702,0.27824,0.2902,0.021121,0,0.17901,0.0032822,0.060162,0.025854,0.011531,0.060007,0.26787,0.1115,0.058604,0.0024052,0.18972,0.20771,0.065448,0.074628,0.1248,0.098709,0.095059,0.055087,0.28209,0.33211,0.058936,0,0,0,0.03297,0,0.10436,0.020153,0.53804,1,0.55889,0.65805,0.44326,0.37399,0.26593,0.23429,0.23359,0.24271,0.30695,0.25816,0.28805,0.24616,0.29913,0.23791,0.29965,0.18336,0.35224,0.36466,0,0.10506,0.38385,0.27064,0.13872,0.031699,0,0.00052501,0.15255,0,0.34974,0.29786,0.33514,0.40422,0,0.17683,0,0,0.029481,0.11062,0.24929,0.31542,0.010327,0,0.15491,0.013958,0.39572,0.27199,0.23442,0.16511,0.3841,0.35553,0.31475,0.30459,0.40987,0.43854,0.25446,0.069711,0.35988,0.10712,0.48535,0.38771,0.37356,0.41969,0.19512,0.11804,0.24827,0.34595,0.11457,0.27332,0.15474,0.33156,0.18555,0.20486,0.1307,0.22596,0.35317,0.18961,0,0
0.022773,0.024287,0,0,0.083633,0.047929,0.05397,0,0.08999,0.037644,0,0,0.0010347,0,0.022621,0,0,0,0.021528,0.07502,0.071073,0.1002,0,0,0,0.033988,0.010251,0.066222,0,0,0,0,0,0,0.062454,0,0.7841,0.55889,1,0.76106,0.62996,0.19523,0.012185,0.10299,0.13021,0.16015,0.18558,0.22805,0.1214,0.092125,0.12039,0.036237,0.074596,0.095374,0.29647,0.36713,0.037718,0.11453,0.21623,0.19457,0.089399,0,0,0,0.12447,0,0.19452,0.12818,0.19654,0.22893,0,0,0,0,0,0.0023778,0.11475,0.15464,0,0,0,0,0.17373,0.0023522,0.10542,0.050641,0.1444,0.032015,0.2042,0.2739,0.22295,0.32554,0.080517,0.10282,0.50102,0.050575,0.51277,0.43257,0.2323,0.37143,0.30946,0.0028342,0.18411,0.23017,0.092446,0.19162,0,0.17257,0,0.1054,0,0.091109,0.25651,0.068959,0,0
0.18109,0.13221,0.27313,0.27476,0.25536,0.22214,0.27495,0.11173,0.27247,0.13764,0.043238,0.046043,0.17198,0.14811,0.34236,0.17709,0.09763,0.086725,0.20289,0.25832,0.24894,0.32267,0.22834,0.22858,0.2086,0.16174,0.22617,0.31694,0.099623,0,0,0,0.10215,0.018554,0.20872,0,0.5944,0.65805,0.76106,1,0.65301,0.55328,0.37602,0.41268,0.47877,0.46639,0.40936,0.46453,0.4448,0.39583,0.43059,0.34339,0.29699,0.28125,0.47303,0.5242,0.14183,0.22604,0.46983,0.33208,0.32366,0.10301,0,0,0.45327,0.23736,0.42911,0.34468,0.28199,0.36656,0.017877,0.15991,0.0044036,0.013511,0,0.15322,0.12032,0.24734,0.11597,0.16525,0.22059,0.16009,0.51376,0.39646,0.47829,0.38985,0.41151,0.43752,0.46015,0.50365,0.42454,0.5315,0.29351,0.24557,0.39315,0.13358,0.59553,0.51545,0.42435,0.57998,0.28091,0.14179,0.19137,0.2922,0.2947,0.40792,0.056465,0.1964,0.15105,0.15742,0.073236,0.442,0.56819,0.21361,0.11404,0
0.32724,0.41842,0.32655,0.34865,0.12294,0.065159,0.32559,0.30013,0.19857,0.15257,0.24596,0.26997,0.28755,0.29509,0.32425,0.19771,0.34003,0.37042,0.38199,0.41033,0.38532,0.36665,0.29577,0.3183,0.1785,0.18262,0.078397,0.13576,0.24918,0.12518,0.17458,0.1231,0.28153,0.24914,0.22381,0,0.61055,0.44326,0.62996,0.65301,1,0.63701,0.32108,0.3128,0.31152,0.31284,0.36275,0.39401,0.37886,0.38501,0.38471,0.31616,0.31652,0.33932,0.46199,0.44439,0.31142,0.40856,0.29874,0.27353,0.32182,0.19984,0.2069,0.24849,0.28257,0.17553,0.28088,0.23988,0.37089,0.36875,0.05099,0.1321,0.35478,0.33559,0.25201,0.33984,0.26697,0.3486,0.20737,0.22471,0.36414,0.3262,0.42962,0.29196,0.48731,0.42848,0.2071,0.2162,0.37701,0.34021,0.24107,0.34649,0.21973,0.24738,0.30575,0.10863,0.48082,0.42005,0.39896,0.49591,0.21861,0.1204,0.15692,0.10477,0.2528,0.28563,0,0.10268,0.046585,0.28277,0.083528,0.36687,0.44801,0.30965,0.25855,0
0.35798,0.4323,0.43746,0.46142,0.27743,0.18336,0.37397,0.41694,0.3442,0.29629,0.24269,0.3494,0.34024,0.45638,0.52258,0.43295,0.53266,0.53649,0.4588,0.46289,0.52557,0.52635,0.36113,0.40561,0.27246,0.24323,0.30461,0.338,0.54009,0.40826,0.28997,0.24412,0.36878,0.3231,0.20679,0.062789,0.17121,0.37399,0.19523,0.55328,0.63701,1,0.63078,0.59697,0.60206,0.53955,0.54045,0.53254,0.56421,0.49104,0.50698,0.44795,0.38969,0.42641,0.53758,0.51739,0.34219,0.42809,0.34962,0.28053,0.3469,0.28862,0.26054,0.37177,0.38634,0.29798,0.38964,0.35495,0.35317,0.40996,0.27738,0.40431,0.3955,0.37624,0.31777,0.43537,0.24808,0.36074,0.55882,0.56664,0.6468,0.65176,0.66361,0.60413,0.71502,0.66518,0.4329,0.49843,0.46745,0.4907,0.36782,0.4409,0.29555,0.28736,0,0.025846,0.31516,0.32026,0.51674,0.54288,0.15798,0.23328,0.13915,0.091066,0.22096,0.23753,0,0,0.17926,0.10419,0.22174,0.56941,0.58715,0.30892,0.20509,0
0.33352,0.43038,0.63716,0.72511,0.53099,0.4881,0.54477,0.65284,0.55986,0.48714,0.26529,0.40132,0.37252,0.59876,0.697,0.62373,0.56685,0.5395,0.62372,0.59787,0.49352,0.49659,0.64063,0.65398,0.54673,0.57268,0.52143,0.54282,0.54166,0.47304,0.48006,0.51111,0.61041,0.55869,0.58046,0.45537,0,0.26593,0.012185,0.37602,0.32108,0.63078,1,0.92009,0.89653,0.85927,0.90777,0.86464,0.87368,0.75192,0.7933,0.73678,0.6599,0.73442,0.81189,0.69752,0.28619,0.42914,0.41864,0.46972,0.35997,0.43711,0.37456,0.46939,0.52744,0.53966,0.70859,0.71055,0.35966,0.46962,0.35625,0.41265,0.45341,0.47993,0.46264,0.53702,0.40748,0.52963,0.57703,0.44369,0.71137,0.61965,0.741,0.61243,0.77309,0.7941,0.63847,0.50704,0.69047,0.6089,0.6479,0.62012,0.54887,0.34119,0.087709,0.277,0.56198,0.56535,0.76571,0.71435,0.34564,0.23344,0.35466,0.29909,0.48633,0.42172,0.10303,0.1134,0.48448,0.29578,0.55515,0.74715,0.70499,0.56642,0.4647,0
0.34889,0.42475,0.55187,0.63561,0.4757,0.42367,0.49324,0.5937,0.52518,0.50679,0.27165,0.39214,0.38345,0.56889,0.62093,0.60206,0.56974,0.55333,0.58791,0.57841,0.52745,0.5146,0.5258,0.55843,0.48214,0.51736,0.4445,0.44995,0.50475,0.43563,0.46118,0.46231,0.59232,0.5483,0.52115,0.35926,0.0054001,0.23429,0.10299,0.41268,0.3128,0.59697,0.92009,1,0.87904,0.9004,0.89054,0.9304,0.87674,0.78777,0.77177,0.72655,0.63967,0.7275,0.82427,0.79779,0.33952,0.44053,0.46761,0.52093,0.39068,0.45857,0.35247,0.46376,0.4989,0.50612,0.68916,0.69265,0.38349,0.48282,0.40133,0.40998,0.39944,0.41536,0.36914,0.49819,0.44155,0.53688,0.54226,0.44336,0.66093,0.57183,0.70038,0.56175,0.74028,0.75307,0.57342,0.41654,0.66731,0.68423,0.59872,0.6362,0.44047,0.28968,0.11869,0.22795,0.56864,0.60208,0.73762,0.77516,0.38428,0.20063,0.37952,0.31943,0.50188,0.44473,0.11528,0.06119,0.39479,0.24512,0.43347,0.74845,0.68802,0.5386,0.42273,0
0.21782,0.27146,0.60851,0.66347,0.43597,0.3791,0.58404,0.61344,0.49948,0.37203,0.10102,0.20284,0.25508,0.4037,0.58068,0.47928,0.43067,0.4055,0.48679,0.48651,0.46132,0.48307,0.58191,0.59614,0.45377,0.45831,0.42086,0.47131,0.42377,0.34686,0.34221,0.40929,0.50712,0.47238,0.56192,0.32042,0.04229,0.23359,0.13021,0.47877,0.31152,0.60206,0.89653,0.87904,1,0.94019,0.84141,0.83644,0.81381,0.67459,0.65531,0.59791,0.4982,0.60224,0.69759,0.63971,0.17898,0.3295,0.39782,0.40269,0.34809,0.37702,0.2488,0.33425,0.63904,0.57782,0.70486,0.66221,0.29587,0.39478,0.34296,0.36643,0.28718,0.31766,0.28435,0.38999,0.25782,0.36118,0.5156,0.4158,0.63777,0.54609,0.70236,0.59402,0.76537,0.75895,0.58688,0.52227,0.66167,0.59825,0.61592,0.60912,0.53095,0.38671,0.088749,0.20776,0.551,0.5442,0.72174,0.70975,0.31897,0.22963,0.25952,0.24325,0.42633,0.39187,0.041055,0.058071,0.42255,0.28295,0.37316,0.7631,0.72561,0.42675,0.38109,0
