1,0.68762,0.27414,0.30571,0.32642,0.50412,0.24008,0.059312,0.25707,0.27453,0.2352,0.18048,0.10821,0.1031,0.36638,0.25824,0.27804,0.24742,0.50015,0.59203,0.24743,0.38514,0.10272,0,0.33385,0.28677,0.34551,0.45716,0.001649,0,0.49496,0.56053,0.59473,0.55854,0.22573,0.268,0,0,0,0,0,0,0.14384,0.024996,0,0,0.16558,0.1441,0,0,0,0,0.13167,0.090786,0,0.19495,0.87907,0.64445,0.61925,0.4013,0.5686,0.40966,0.10794,0.38601,0,0,0.30215,0.2532,0.64957,0.69,0.43951,0.465,0.31532,0.23428,0.39516,0.39072,0.39701,0.49568,0.15842,0,0.0036831,0.05991,0.0019894,0.30987,0,0.042274,0.23684,0.28842,0.026951,0.34134,0.262,0.38585,0.039842,0.17537,0.030139,0,0.15487,0.16967,0.27319,0.39901,0.040998,0.30662,0.097048,0.37878,0,0.020105,0,0.22599,0.07692,0.037306,0.24885,0.25387,0.3276,0.25546,0,0
0.68762,1,0,0.55934,0.50615,0.58005,0,0.53865,0.33043,0.47781,0.085453,0.47143,0,0.22372,0.34663,0.25855,0.085582,0.37257,0.50521,0.69956,0.027507,0.24428,0,0,0.31692,0.24803,0.35265,0.41636,0,0,0.31064,0.45985,0.5945,0.69525,0.18409,0.29911,0,0,0,0,0,0,0,0.033373,0,0,0.13238,0.085648,0,0,0,0,0,0,0.20915,0.2073,0.65716,0.85818,0.57929,0.65143,0.47327,0.71619,0.0079895,0.57183,0,0,0.33298,0.41903,0.65518,0.73916,0.33048,0.3431,0.061453,0.25786,0.30885,0.28903,0.31607,0.36483,0.096483,0,0,0.16129,0,0.38731,0,0.12267,0.28643,0.22511,0.29069,0.19727,0.35729,0.15168,0,0.012225,0,0.044217,0.22838,0.23163,0.34671,0.36921,0.2709,0.22857,0.20855,0.49143,0,0.051822,0.018527,0.3152,0,0,0.20369,0.23843,0.36914,0.28227,0.064456,0.012223
0.27414,0,1,0.3115,0.010029,0.042202,0.70076,0,0.18124,0.029659,0.14248,0,0.24389,0.2543,0.10651,0.16376,0.16799,0,0.35233,0.21587,0,0,0.77531,0.32729,0.11312,0.014831,0,0,0,0,0.28028,0.31168,0.13535,0.15143,0.37133,0.28003,0.14096,0,0,0,0.0095724,0,0.43717,0.32018,0.42233,0.39547,0.24022,0.28481,0.4436,0.28874,0.40747,0.33677,0.34807,0.25834,0,0.16343,0.069239,0,0,0,0.062223,0,0,0,0.063425,0.13679,0.35734,0.2306,0,0.058341,0.04642,0.044021,0.17365,0,0.23645,0.24934,0.25424,0.27895,0.10338,0,0,0,0,0,0.17886,0.21683,0,0,0,0.18892,0.095508,0.35405,0.37378,0.54513,0,0,0,0,0.0014714,0.14653,0,0.29799,0,0.051038,0.08572,0.13352,0,0,0,0,0.25881,0.062933,0.17011,0.18869,0.046393,0.0017243
0.30571,0.55934,0.3115,1,0.15966,0.21481,0.26625,0.70801,0.069703,0.19131,0,0.22719,0.10498,0.2967,0.037815,0.17803,0.07313,0.27455,0.49652,0.57294,0,0.028021,0.26506,0.44675,0.13424,0.20232,0.022202,0.065075,0,0.070427,0.29098,0.3591,0.42338,0.49841,0.25153,0.32704,0,0.14222,0,0.0079522,0,0,0.096694,0.22806,0.14207,0.19288,0.19072,0.24702,0.15332,0.20625,0.15003,0.2567,0.26707,0.2805,0.16773,0.29231,0.22733,0.43391,0.2475,0.41917,0.25392,0.44797,0.045395,0.32826,0.05936,0.14996,0.26823,0.40373,0.34436,0.49148,0.18449,0.19724,0.1079,0.30951,0.23578,0.26191,0.32919,0.38417,0.10695,0.02951,0.002654,0.25167,0,0.26083,0.05971,0.3167,0.076157,0.061378,0.13933,0.17234,0.44271,0.33433,0.30088,0.32676,0,0,0.078829,0.12313,0.25001,0.38449,0.30185,0.36433,0.27266,0.43784,0.17802,0.219,0.013225,0.20444,0,0,0.45113,0.26109,0.31806,0.29386,0.12581,0
0.32642,0.50615,0.010029,0.15966,1,0.8473,0,0.33602,0.91356,0.90397,0,0.35432,0,0.29677,0.72945,0.39193,0,0.18691,0.22211,0.32379,0.033698,0.095237,0,0,0.54942,0.096245,0.54179,0.38133,0,0,0,0.17321,0.24081,0.38748,0.075024,0.21007,0,0,0,0,0.12666,0,0.18229,0.18384,0.071337,0.109,0.11114,0.084708,0.046624,0.066813,0.089721,0.16654,0.038924,0.084527,0,0.079906,0.23975,0.44728,0.29343,0.41709,0.30942,0.59007,0,0.47278,0,0.25928,0.21949,0.36029,0.38202,0.3955,0.064222,0.082154,0,0.011302,0.11536,0.1792,0.018078,0.02898,0,0.0010414,0,0.06094,0,0.1405,0,0.17682,0,0,0.04769,0.079673,0.28852,0.17036,0.1547,0.18469,0,0,0.15001,0.019617,0.23049,0.22332,0.23847,0.21297,0.0023111,0.26438,0,0.002077,0,0,0.098476,0,0.16859,0.18394,0.33495,0.22927,0.014159,0.0005878
0.50412,0.58005,0.042202,0.21481,0.8473,1,0,0.29436,0.73088,0.85783,0,0.37591,0,0.23741,0.59498,0.43658,0,0.19437,0.31641,0.49128,0.021994,0.17311,0,0,0.44648,0.17341,0.57693,0.60004,0,0,0.030922,0.30509,0.26389,0.43942,0.16037,0.36647,0,0,0,0,0,0,0.07572,0.070152,0,0.022625,0.052806,0.057161,0,0,0,0.072903,0.042393,0.066438,0.041669,0.20756,0.42621,0.50473,0.52004,0.48326,0.44019,0.60653,0,0.47354,0,0.11549,0.2998,0.39241,0.47344,0.56922,0.096472,0.15763,0,0.070123,0.17917,0.2969,0.095546,0.15765,0.040803,0,0,0.021169,0,0.26157,0,0.10733,0.039894,0.13985,0.054254,0.22113,0.29281,0.25134,0.10813,0.14234,0,0.023582,0.088918,0.068944,0.26024,0.31563,0.22664,0.26953,0.039181,0.42426,0,0.061785,0,0.087032,0.030255,0,0.153,0.16275,0.32366,0.24292,0.050314,0.030272
0.24008,0,0.70076,0.26625,0,0,1,0,0.053979,0,0.21004,0,0.53507,0.33692,0.093934,0.23377,0.065865,0,0.19277,0.025984,0,0,0.678,0.54085,0.039382,0.04784,0,0,0.068386,0.11877,0.20892,0.19194,0.17502,0.17077,0.29193,0.12867,0.083492,0,0,0,0,0,0.19995,0.14733,0.24174,0.24428,0.094121,0.1756,0.36279,0.32351,0.21561,0.28542,0.21417,0.26762,0,0.084747,0.1078,0,0,0,0.16934,0,0.038703,0,0.29058,0.17856,0.12094,0.019377,0,0,0.096352,0.14946,0.22075,0.13107,0.097216,0.1933,0.26226,0.3317,0,0,0,0,0,0,0,0.14383,0,0,0,0.19131,0.03051,0.45803,0.38576,0.56119,0,0,0,0,0,0.092367,0,0.48554,0,0.079963,0,0.091789,0,0,0,0,0.27024,0,0.022461,0.15788,0.025049,0
0.059312,0.53865,0,0.70801,0.33602,0.29436,0,1,0.23807,0.39561,0,0.3101,0,0.30468,0.10232,0.11429,0.0010967,0.19416,0.26166,0.366,0,0,0,0.13579,0.11176,0.077502,0.065537,0.015007,0,0,0.06912,0.13661,0.33873,0.47696,0.13067,0.22919,0,0.28984,0.012189,0.10382,0.0026478,0.039437,0.073467,0.19646,0.094314,0.13285,0.16279,0.16031,0.055108,0.15731,0.17205,0.21673,0.18535,0.1011,0.25908,0.15738,0.054453,0.42465,0.15933,0.43021,0.18241,0.56032,0.017743,0.37502,0.025841,0.2246,0.2678,0.45529,0.18776,0.40275,0.039723,0.028086,0,0.17056,0.16286,0.10943,0.19337,0.12567,0.064849,0.069009,0,0.22394,0,0.26501,0.068774,0.27698,0.026959,0,0.24196,0,0.42551,0.011743,0.19578,0.10922,0,0.072696,0.19824,0.10371,0.28052,0.24791,0.36119,0.12277,0.19341,0.31954,0.15907,0.081823,0.078948,0.045658,0,0,0.21446,0.1929,0.26195,0.19457,0.13316,0.044425
0.25707,0.33043,0.18124,0.069703,0.91356,0.73088,0.053979,0.23807,1,0.89747,0,0.21681,0,0.29154,0.70618,0.40465,0.0055737,0.053408,0.13354,0.17606,0,0,0.034566,0,0.37597,0,0.32449,0.14619,0,0,0,0.055041,0.13702,0.28032,0.082686,0.1695,0,0,0,0,0.11874,0.020509,0.26594,0.27963,0.15845,0.21175,0.17053,0.15694,0.18752,0.18278,0.18303,0.24022,0.10664,0.15016,0,0.018534,0.10061,0.21437,0.16386,0.20427,0.26107,0.47463,0,0.37311,0,0.19041,0.21429,0.31348,0.17246,0.2218,0,0,0,0,0.028892,0.084532,0,0,0,0,0,0,0,0.038485,0,0.16772,0,0,0,0,0.1593,0.1197,0.17145,0.23973,0,0,0.099775,0,0.13723,0.16314,0.15378,0.18654,0,0.14693,0,0.030317,0,0,0.062356,0,0.18908,0.13637,0.26475,0.19967,0.072558,0.030692
0.27453,0.47781,0.029659,0.19131,0.90397,0.85783,0,0.39561,0.89747,1,0,0.3861,0,0.34886,0.66703,0.47776,0,0.1174,0.21621,0.30242,0,0,0,0,0.33833,0,0.36016,0.25558,0,0,0,0.071453,0.18186,0.36949,0.10612,0.25177,0,0,0,0,0.023627,0.004532,0.1243,0.1723,0.07647,0.13024,0.10501,0.097857,0.10792,0.14607,0.085913,0.18401,0.04103,0.10121,0,0.044986,0.15244,0.33553,0.27213,0.36416,0.31783,0.63289,0,0.49059,0,0.2091,0.19767,0.34693,0.22273,0.33945,0,0,0,0,0.048087,0.12808,0.028938,0.044276,0,0,0,0,0,0.17685,0,0.18939,0,0,0,0.028782,0.19531,0.10144,0.13373,0.1677,0,0.0016033,0.097495,0,0.18715,0.20075,0.21601,0.18863,0,0.26076,0,0,0,0,0,0,0.16167,0.14299,0.29338,0.22423,0.058885,0.036941
0.2352,0.085453,0.14248,0,0,0,0.21004,0,0,0,1,0.34688,0.68547,0.092958,0.29971,0.094747,0.44069,0.084362,0.19098,0.057419,0.30368,0.30556,0.34388,0.19864,0.2409,0.32591,0.13898,0.11712,0.50364,0.28556,0.47089,0.37532,0.35588,0.25223,0.22561,0.042566,0.081284,0.036482,0.040294,0,0.010355,0,0.046108,0,0.079257,0,0.20209,0.0066168,0,0,0,0,0,0,0,0,0.39554,0.08292,0.25636,0.10157,0.44471,0.025959,0.48428,0.078519,0.31311,0.049505,0.046885,0.037786,0,0,0.15742,0.085872,0.27016,0.026525,0.20174,0,0.28064,0.29193,0.21969,0,0.27219,0.052883,0.35775,0.23015,0,0,0.2504,0.18281,0.024218,0,0,0.021584,0.022826,0,0.31598,0.15357,0.22905,0,0,0,0,0,0,0,0,0,0,0,0.069514,0.32854,0,0,0,0,0,0.14009
0.18048,0.47143,0,0.22719,0.35432,0.37591,0,0.3101,0.21681,0.3861,0.34688,1,0.22494,0.58731,0.39529,0.47645,0,0.35737,0.20233,0.3028,0.20331,0.27322,0.00085877,0.099693,0.35291,0.38588,0.43526,0.39567,0.12478,0.22333,0.1806,0.35537,0.22583,0.38257,0.28273,0.34329,0,0.14837,0.010697,0,0.032403,0,0,0,0,0,0.045241,0.047588,0,0,0,0,0,0,0.070408,0.049544,0.286,0.37023,0.41555,0.45466,0.38284,0.56154,0.040351,0.49825,0.27239,0.44359,0.24745,0.33816,0.15007,0.17615,0.058219,0.12327,0,0.13822,0.060453,0.18439,0.093532,0.20234,0.05313,0.01218,0,0.09841,0.08876,0.35646,0,0.18857,0.13669,0.29408,0.038577,0.30293,0,0.075314,0.034066,0.061896,0.12627,0.19741,0.16598,0.154,0.020782,0,0.15182,0.14826,0,0.10684,0,0,0,0.14673,0.026629,0.12668,0,0,0.021284,0.094742,0,0
0.10821,0,0.24389,0.10498,0,0,0.53507,0,0,0,0.68547,0.22494,1,0.28019,0.14404,0.063575,0.26351,0.054775,0.10095,0,0.10288,0.12449,0.39754,0.43556,0.12254,0.23988,0,0,0.27606,0.2075,0.31354,0.20498,0.24282,0.17183,0.3542,0.14654,0.11818,0.035584,0,0,0,0,0.063071,0.018545,0.1429,0.011898,0.12823,0.065984,0.15665,0.094638,0.10351,0.017013,0.041591,0,0,0,0.21883,0,0.11844,0.038477,0.3973,0,0.35137,0,0.42734,0.11122,0.08181,0.020837,0,0,0.030587,0.010615,0.10218,0.14062,0.00059628,0,0.33628,0.3606,0.039705,0,0.097445,0,0.063172,0.03917,0,0,0,0,0,0,0,0.17383,0.17018,0.14046,0.022401,0,0,0,0,0,0,0.18288,0.00052999,0,0,0,0,0,0,0.060899,0,0,0,0.096985,0,0
0.1031,0.22372,0.2543,0.2967,0.29677,0.23741,0.33692,0.30468,0.29154,0.34886,0.092958,0.58731,0.28019,1,0.38283,0.64463,0,0.21106,0.13357,0.19334,0.041029,0.046786,0.29187,0.20149,0.19447,0.12498,0.088811,0.00080464,0,0.26212,0.012202,0.11522,0.14346,0.28294,0.25154,0.26925,0.13071,0.15947,0,0,0.062624,0.052912,0.17436,0.16843,0.14725,0.15006,0.089216,0.16734,0.077094,0.16279,0.023409,0.20117,0,0.011531,0,0.05359,0.03192,0.087429,0.087897,0.1501,0.19166,0.44875,0,0.38256,0.10508,0.43103,0.19272,0.25438,0,0.038332,0.0045697,0.0040344,0,0.12118,0,0.15384,0.15999,0.23145,0,0,0,0.026467,0,0.17457,0,0.34753,0,0,0,0.23413,0.078295,0.18696,0.28398,0.35749,0,0,0,0,0,0.059345,0.044156,0.2634,0,0.094566,0,0,0,0,0,0,0.11673,0,0.090187,0.22859,0,0
0.36638,0.34663,0.10651,0.037815,0.72945,0.59498,0.093934,0.10232,0.70618,0.66703,0.29971,0.39529,0.14404,0.38283,1,0.60441,0.14203,0.2777,0.29061,0.27675,0.32523,0.34111,0.12741,0.019826,0.53927,0.26055,0.46965,0.30818,0.094967,0.23838,0.20853,0.25841,0.33873,0.35427,0.078886,0.10748,0,0,0,0,0.090645,0,0.24722,0.104,0.11454,0.045872,0.1658,0.12368,0.099023,0.062806,0.12231,0.14947,0.1111,0.12945,0,0,0.32318,0.36161,0.27946,0.34455,0.38083,0.48632,0.28484,0.45318,0.20468,0.24684,0.0094581,0.10205,0.19665,0.17621,0.095437,0.096939,0.045283,0.12911,0.2916,0.20623,0.12895,0.18787,0.023938,0.041106,0.076272,0.09044,0.18379,0.30087,0.021755,0.20174,0.060041,0.14669,0.03997,0.15406,0.23999,0.27776,0.26977,0.30058,0.13822,0,0.16754,0,0.21886,0.13486,0.061768,0.16785,0,0.06326,0,0,0,0,0.093628,0.17005,0.10668,0.17792,0.3257,0.19635,0,0
0.25824,0.25855,0.16376,0.17803,0.39193,0.43658,0.23377,0.11429,0.40465,0.47776,0.094747,0.47645,0.063575,0.64463,0.60441,1,0.03201,0.39327,0.24388,0.28767,0.2145,0.25053,0.1849,0,0.19646,0.11174,0.20948,0.17408,0.19989,0.46583,0.10863,0.16697,0.22878,0.27029,0.061757,0.15306,0.04208,0.13987,0,0,0.072361,0.0042223,0.21941,0.15873,0.14911,0.18069,0.19955,0.2846,0.15387,0.23967,0.020713,0.24396,0.046599,0.29172,0,0.18699,0.20902,0.2008,0.25653,0.28725,0.34922,0.4963,0.13258,0.52341,0.10179,0.27661,0,0.091571,0.0041708,0.11135,0,0.054622,0,0.19224,0.069871,0.21332,0.082111,0.26993,0.083524,0.10516,0.029912,0.24011,0.1551,0.43492,0,0.40505,0,0.19712,0,0.48341,0.11369,0.39145,0.19155,0.42725,0.14774,0.10231,0.1374,0.09402,0.10408,0.26808,0,0.35425,0,0.16983,0,0,0,0,0.037629,0.13106,0.20896,0.19308,0.26939,0.26905,0,0.0070775
0.27804,0.085582,0.16799,0.07313,0,0,0.065865,0.0010967,0.0055737,0,0.44069,0,0.26351,0,0.14203,0.03201,1,0.36635,0.19624,0.11678,0.11819,0.17576,0.11213,0.16702,0.17104,0.17835,0.05118,0.062145,0.44887,0.32178,0.36293,0.18031,0.38286,0.2663,0.035129,0,0.34311,0.26926,0.28166,0.078551,0.21211,0.052082,0.46613,0.39467,0.46422,0.40308,0.54144,0.43327,0.40804,0.31198,0.37284,0.25971,0.26688,0.1546,0.14928,0.019454,0.39537,0.15987,0.19033,0.16263,0.35386,0.1408,0.42416,0.16574,0.17189,0.12999,0.039815,0.14739,0.040751,0.024542,0.044166,0.0088993,0.38073,0.28734,0.22975,0.070263,0.2183,0.17052,0.53236,0.30552,0.58251,0.37641,0.39172,0.31454,0.3094,0.26434,0.22473,0.26286,0.14833,0.00019567,0.27915,0.17681,0.1132,0,0.17175,0.16114,0.29415,0.17309,0.36756,0.28786,0.1619,0,0.25127,0.048432,0.12613,0,0.22414,0.14131,0.042191,0.21017,0.12199,0.3458,0.26578,0.21835,0.09806,0.12307
0.24742,0.37257,0,0.27455,0.18691,0.19437,0,0.19416,0.053408,0.1174,0.084362,0.35737,0.054775,0.21106,0.2777,0.39327,0.36635,1,0.28072,0.36645,0.24183,0.33829,0,0.12095,0.31188,0.37139,0.32925,0.29324,0.22531,0.54241,0.29389,0.20408,0.38322,0.33131,0,0,0.14655,0.38466,0.2341,0.17933,0.27634,0.1795,0.29287,0.33879,0.29243,0.33909,0.32729,0.4116,0.18033,0.29695,0.10498,0.3328,0.099361,0.34116,0.2371,0.35333,0.37483,0.55879,0.33503,0.48141,0.24418,0.45099,0.24331,0.52335,0.19673,0.24291,0,0.16588,0.25077,0.2072,0.081221,0.23134,0.21114,0.61981,0.16899,0.26529,0.062215,0.12665,0.31667,0.57112,0.4755,0.6816,0.35608,0.59524,0.17086,0.50918,0.27618,0.43584,0.15042,0.41772,0.43144,0.34278,0.1202,0.14365,0.13147,0.11845,0.22449,0.24317,0.39133,0.47647,0.17745,0.27738,0.24891,0.32706,0.049118,0.10341,0.24988,0.36639,0.16657,0.26922,0.1512,0.40502,0.3755,0.25232,0.067013,0
0.50015,0.50521,0.35233,0.49652,0.22211,0.31641,0.19277,0.26166,0.13354,0.21621,0.19098,0.20233,0.10095,0.13357,0.29061,0.24388,0.19624,0.28072,1,0.86649,0.0477,0.27413,0.23573,0.083713,0.17801,0.18121,0.14376,0.164,0.030232,0.059767,0.36945,0.44368,0.49603,0.50934,0.10542,0.18391,0,0,0,0,0,0,0.12078,0.0060991,0.1688,0.093272,0.092328,0.085972,0.17199,0.066337,0.0039526,0.079513,0.18894,0.1142,0,0.042884,0.44716,0.43228,0.25276,0.19538,0.28819,0.31193,0.29937,0.38468,0.057394,0,0,0.0013842,0.46159,0.39931,0.32805,0.37989,0.35384,0.24462,0.53095,0.35841,0.31325,0.39804,0.25013,0.04733,0.11386,0.2577,0,0.31158,0.027928,0.14262,0.11893,0.16022,0.092311,0.21033,0.23546,0.24497,0.042709,0.16097,0,0,0,0,0.16743,0.17811,0,0.12752,0,0.18854,0,0,0,0.13107,0,0,0.11343,0.21469,0.38197,0.058706,0,0
0.59203,0.69956,0.21587,0.57294,0.32379,0.49128,0.025984,0.366,0.17606,0.30242,0.057419,0.3028,0,0.19334,0.27675,0.28767,0.11678,0.36645,0.86649,1,0.061336,0.32958,0.036618,0,0.18334,0.19447,0.26538,0.36072,0,0,0.34289,0.45938,0.50963,0.57461,0.12403,0.2592,0,0,0,0,0,0,0.061564,0.017102,0.071242,0.04664,0.08404,0.096492,0.068633,0.0016874,0,0.036681,0.13664,0.11459,0.094939,0.19406,0.53277,0.62062,0.45277,0.40087,0.35842,0.48517,0.17923,0.50503,0,0,0.13325,0.15567,0.60238,0.60385,0.38194,0.459,0.27751,0.27668,0.50068,0.42911,0.31431,0.40503,0.15697,0.02184,0,0.24805,0,0.38883,0,0.16087,0.17358,0.20683,0.19449,0.32306,0.36117,0.28013,0.031132,0.10929,0,0,0,0,0.30358,0.31015,0.1076,0.23316,0.077605,0.40865,0,0,0,0.25476,0,0,0.16382,0.27582,0.42357,0.15474,0,0
0.24743,0.027507,0,0,0.033698,0.021994,0,0,0,0,0.30368,0.20331,0.10288,0.041029,0.32523,0.2145,0.11819,0.24183,0.0477,0.061336,1,0.81624,0.038159,0,0.49214,0.57896,0.58177,0.47873,0.28282,0.23616,0.63182,0.46039,0.29735,0.10905,0,0,0.11676,0,0.060055,0,0.2588,0,0.17146,0,0.0033899,0,0.077524,0.094852,0,0,0,0,0,0,0.045727,0,0.31366,0.23969,0.22189,0.088416,0,0,0.20245,0.12943,0.054812,0.13569,0.0055916,0.05388,0.23713,0.07401,0.4474,0.40378,0.23775,0.13658,0.36959,0.21968,0.18495,0.23459,0.11981,0.19198,0.34059,0.11902,0.46018,0.22514,0,0,0.30478,0.3634,0.11597,0.22255,0.00078277,0.11363,0,0,0.40066,0.075106,0.27223,0.10963,0.035641,0,0,0,0,0,0,0,0,0,0.32351,0.52783,0,0.078888,0.061955,0,0,0
0.38514,0.24428,0,0.028021,0.095237,0.17311,0,0,0,0,0.30556,0.27322,0.12449,0.046786,0.34111,0.25053,0.17576,0.33829,0.27413,0.32958,0.81624,1,0,0,0.44137,0.55034,0.49608,0.53901,0.17465,0.14999,0.6134,0.5213,0.36309,0.21569,0.11091,0.13662,0,0,0,0,0.023645,0,0.094416,0,0,0,0.071028,0.067424,0,0,0,0,0.048288,0,0.07172,0,0.47478,0.42521,0.40192,0.27086,0.14722,0.10119,0.22588,0.24047,0.054038,0.012297,0.055102,0.11144,0.3061,0.28279,0.47989,0.51914,0.22074,0.27118,0.43658,0.31461,0.37379,0.47052,0.12688,0.066047,0.24215,0.10686,0.27929,0.34148,0,0.0011864,0.38147,0.38008,0.14043,0.21536,0.11947,0.19342,0,0,0.19957,0,0.18083,0.087762,0.15553,0.067341,0,0,0,0,0,0,0,0.035437,0.15239,0.32465,0.033843,0.15458,0.11374,0.040798,0,0
0.10272,0,0.77531,0.26506,0,0,0.678,0,0.034566,0,0.34388,0.00085877,0.39754,0.29187,0.12741,0.1849,0.11213,0,0.23573,0.036618,0.038159,0,1,0.54058,0.13225,0.075796,0,0,0.088174,0.026035,0.31454,0.25666,0.091571,0.098976,0.34031,0.12782,0.089289,0,0,0,0,0,0.2469,0.15044,0.29937,0.23776,0.11749,0.12914,0.24445,0.2008,0.22264,0.17894,0.17665,0.14946,0,0,0,0,0,0,0,0,0.058376,0,0.25148,0.19675,0.1203,0.023133,0,0,0.10754,0.045284,0.1491,0,0.17128,0.075261,0.21925,0.25982,0.01507,0,0.0028566,0,0.041918,0,0.1087,0.087458,0,0,0,0.045607,0,0.17501,0.36913,0.46608,0,0,0,0,0,0,0,0.11282,0,0,0,0.013242,0,0,0,0.02397,0.10644,0,0.026413,0.023116,0.002247,0
0,0,0.32729,0.44675,0,0,0.54085,0.13579,0,0,0.19864,0.099693,0.43556,0.20149,0.019826,0,0.16702,0.12095,0.083713,0,0,0,0.54058,1,0.25764,0.29724,0,0,0.083238,0.21085,0.20351,0.18947,0.14638,0.19837,0.30318,0.13243,0.063213,0.12848,0.074342,0.049744,0,0,0.12381,0.21873,0.22718,0.18816,0.15971,0.16354,0.16525,0.24114,0.18965,0.20163,0.16055,0.24577,0,0.13986,0.066398,0.0011646,0,0.10486,0.10403,0,0.048062,0,0.48562,0.34419,0.039979,0.067669,0,0,0.089468,0.069521,0.077993,0.13128,0.019103,0.0044495,0.13241,0.18832,0.084956,0.045042,0.19803,0.13031,0.071875,0,0.23303,0.19935,0.039218,0,0,0.059866,0.18326,0.31579,0.4012,0.33091,0.05369,0,0.078625,0.10558,0,0.079917,0.10251,0.25277,0.25875,0.04242,0.22355,0.26949,0.061298,0.14747,0.077825,0.11464,0.31724,0.046928,0.066676,0.22359,0.11901,0
0.33385,0.31692,0.11312,0.13424,0.54942,0.44648,0.039382,0.11176,0.37597,0.33833,0.2409,0.35291,0.12254,0.19447,0.53927,0.19646,0.17104,0.31188,0.17801,0.18334,0.49214,0.44137,0.13225,0.25764,1,0.75661,0.76382,0.58595,0.1381,0.11552,0.53248,0.59093,0.3247,0.32845,0.19565,0.20247,0,0.028843,0,0,0.24798,0,0.2791,0.14675,0.13093,0.052702,0.18072,0.15725,0,0,0.085161,0.099861,0.028794,0.017902,0.041295,0.030848,0.43881,0.48046,0.2766,0.40935,0.20073,0.28393,0.12576,0.24242,0.27985,0.47011,0.21397,0.35972,0.37542,0.30896,0.29622,0.29388,0.081884,0.10801,0.35448,0.19888,0.19199,0.2382,0.21043,0.16145,0.24858,0.18912,0.23959,0.11348,0.070081,0.12714,0.18084,0.24683,0.22019,0.19512,0.25534,0.32938,0.1688,0.26604,0.2912,0.12146,0.37131,0.2002,0.2112,0.16602,0.073927,0.15014,0.1118,0.10994,0,0,0,0.17571,0.34256,0.39043,0.13687,0.18674,0.29076,0.18737,0,0
0.28677,0.24803,0.014831,0.20232,0.096245,0.17341,0.04784,0.077502,0,0,0.32591,0.38588,0.23988,0.12498,0.26055,0.11174,0.17835,0.37139,0.18121,0.19447,0.57896,0.55034,0.075796,0.29724,0.75661,1,0.65555,0.62128,0.34254,0.29284,0.71241,0.69718,0.30315,0.26278,0.19478,0.20596,0.033084,0.12176,0.17785,0,0.1874,0,0.1186,0,0.0010065,0,0.10805,0.11694,0,0,0,0,0,0,0.17455,0.093747,0.48858,0.46257,0.34146,0.3874,0.1737,0.16586,0.1758,0.16236,0.31431,0.35427,0.15546,0.23683,0.3277,0.29553,0.32152,0.33095,0.22917,0.25886,0.36686,0.1878,0.24182,0.30471,0.3759,0.29356,0.39793,0.27611,0.44095,0.35715,0.055483,0.10426,0.46916,0.4886,0.30781,0.32369,0.20302,0.3291,0.075016,0.15295,0.37783,0.29287,0.37995,0.311,0.13343,0.14524,0.045377,0.11624,0.23007,0.10875,0,0,0.20729,0.40075,0.30521,0.47118,0.12084,0.068883,0.14492,0.082277,0,0
0.34551,0.35265,0,0.022202,0.54179,0.57693,0,0.065537,0.32449,0.36016,0.13898,0.43526,0,0.088811,0.46965,0.20948,0.05118,0.32925,0.14376,0.26538,0.58177,0.49608,0,0,0.76382,0.65555,1,0.86668,0.079505,0.032182,0.41802,0.49701,0.25173,0.25596,0.078151,0.19768,0,0,0.11886,0,0.23525,0,0.13203,0.0085347,0,0,0.038961,0.0549,0,0,0,0,0,0,0.24756,0.1666,0.43372,0.50909,0.45376,0.42583,0.20846,0.33841,0.048376,0.34197,0.1088,0.3256,0.25567,0.33688,0.5085,0.39754,0.25746,0.26286,0.082659,0.061048,0.32746,0.27327,0.00094761,0.053685,0.21243,0.27556,0.17124,0.18935,0.3148,0.27735,0.018887,0.11235,0.38149,0.48988,0.36912,0.35391,0.21036,0.18397,0.011406,0.072376,0.26273,0.2128,0.3033,0.24767,0.25952,0.14773,0.078746,0.039948,0.043168,0.089053,0,0,0.10639,0.19112,0.31561,0.31247,0,0.15049,0.23275,0.0078174,0,0.0068678
0.45716,0.41636,0,0.065075,0.38133,0.60004,0,0.015007,0.14619,0.25558,0.11712,0.39567,0,0.00080464,0.30818,0.17408,0.062145,0.29324,0.164,0.36072,0.47873,0.53901,0,0,0.58595,0.62128,0.86668,1,0.02793,0,0.40757,0.53273,0.21875,0.26614,0.20518,0.36905,0,0,0.059759,0.0076945,0.040032,0,0.037314,0,0,0,0.0073974,0.020936,0,0,0,0,0,0,0.27671,0.27044,0.5495,0.51392,0.58861,0.42401,0.3411,0.29757,0,0.28167,0.062854,0.13345,0.34152,0.35321,0.53448,0.48811,0.22952,0.27266,0.1639,0.11201,0.35731,0.39385,0.090619,0.17388,0.19143,0.19236,0.078878,0.14823,0.21906,0.36436,0.016794,0.03301,0.52266,0.57581,0.38946,0.38122,0.24727,0.23523,0.0061638,0.0077439,0.13499,0.17408,0.22188,0.26598,0.29014,0.24139,0.13618,0.071341,0.17677,0.25374,0,0.080694,0.22724,0.36894,0.18034,0.14826,0,0.14942,0.17988,0.11102,0,0.064977
0.001649,0,0,0,0,0,0.068386,0,0,0,0.50364,0.12478,0.27606,0,0.094967,0.19989,0.44887,0.22531,0.030232,0,0.28282,0.17465,0.088174,0.083238,0.1381,0.34254,0.079505,0.02793,1,0.69905,0.29179,0.18425,0.038507,0,0,0,0.26941,0.36903,0.32378,0.051479,0.3628,0,0.095689,0.049043,0.026779,0,0.26915,0.20486,0,0,0,0,0,0.003199,0,0,0.18132,0,0,0.012848,0.20634,0,0.4494,0.10787,0.20134,0.13032,0,0,0,0,0,0,0.31052,0.18612,0.090694,0,0.016384,0.061125,0.70624,0.4065,0.62827,0.3906,0.69162,0.396,0,0.070892,0.18566,0.27865,0,0.06373,0,0.093001,0,0,0.65363,0.64325,0.50617,0.18443,0,0,0,0,0,0,0,0,0.23946,0.069502,0.25818,0.69466,0.046388,0.11697,0.033318,0,0,0.12359
0,0,0,0.070427,0,0,0.11877,0,0,0,0.28556,0.22333,0.2075,0.26212,0.23838,0.46583,0.32178,0.54241,0.059767,0,0.23616,0.14999,0.026035,0.21085,0.11552,0.29284,0.032182,0,0.69905,1,0.16841,0.034115,0.12905,0.026881,0,0,0.34312,0.46986,0.38983,0.12475,0.42086,0.20426,0.13877,0.1788,0.10142,0.15331,0.27967,0.28334,0.10876,0.18164,0,0.14724,0,0.24363,0.035011,0.022125,0.083535,0.10426,0,0.16962,0.16749,0.18031,0.39077,0.30558,0.22469,0.23847,0,0,0,0,0,0,0.13949,0.45688,0,0,0,0,0.44276,0.57727,0.65467,0.60923,0.65681,0.53454,0.0684,0.31484,0.22527,0.34031,0,0.22988,0.091498,0.24314,0,0.081243,0.56663,0.43315,0.43437,0.22606,0.04922,0.19636,0,0.10048,0,0,0,0,0.18578,0.15225,0.35289,0.66348,0.18618,0.19843,0.15378,0.14412,0,0.091379
0.49496,0.31064,0.28028,0.29098,0,0.030922,0.20892,0.06912,0,0,0.47089,0.1806,0.31354,0.012202,0.20853,0.10863,0.36293,0.29389,0.36945,0.34289,0.63182,0.6134,0.31454,0.20351,0.53248,0.71241,0.41802,0.40757,0.29179,0.16841,1,0.82603,0.58173,0.42161,0.24566,0.14678,0.0033763,0,0.022044,0,0.08801,0,0.30236,0.073374,0.16091,0.022386,0.26044,0.2324,0,0,0.051447,0.01587,0.13355,0,0.075993,0,0.58449,0.43106,0.36026,0.20913,0.21909,0.082467,0.27145,0.17814,0.10839,0.062767,0.26007,0.25617,0.36729,0.33929,0.54898,0.50915,0.41448,0.24641,0.51506,0.23583,0.4526,0.4741,0.30219,0.13702,0.39667,0.2468,0.35542,0.32501,0.040508,0.069791,0.36668,0.36498,0.15582,0.21667,0.18547,0.2663,0.07389,0.14983,0.23726,0.063646,0.2636,0.13398,0.16177,0.16447,0,0.05613,0.083379,0.016325,0,0,0.036453,0.19381,0.16828,0.34658,0.1203,0.15647,0.15299,0.040396,0,0
0.56053,0.45985,0.31168,0.3591,0.17321,0.30509,0.19194,0.13661,0.055041,0.071453,0.37532,0.35537,0.20498,0.11522,0.25841,0.16697,0.18031,0.20408,0.44368,0.45938,0.46039,0.5213,0.25666,0.18947,0.59093,0.69718,0.49701,0.53273,0.18425,0.034115,0.82603,1,0.48147,0.50988,0.38838,0.36385,0,0,0,0,0.0015911,0,0.16481,0,0.023234,0,0.17501,0.077961,0,0,0,0,0.015515,0,0,0.0062904,0.61028,0.48912,0.41319,0.28834,0.2989,0.2035,0.077428,0.21772,0.11554,0.13883,0.34374,0.36542,0.40426,0.46183,0.47154,0.47881,0.35956,0.16747,0.52127,0.31569,0.45492,0.53081,0.27965,0,0.15904,0.14517,0.15231,0.24708,0,0.01372,0.27696,0.30274,0.12867,0.27532,0.086856,0.3144,0.083033,0.2066,0.12074,0.070572,0.20398,0.12062,0.096177,0.13109,0.051901,0.17982,0.098691,0.16582,0,0,0,0.27061,0.1176,0.20892,0.14926,0.083664,0.18244,0.12467,0,0
0.59473,0.5945,0.13535,0.42338,0.24081,0.26389,0.17502,0.33873,0.13702,0.18186,0.35588,0.22583,0.24282,0.14346,0.33873,0.22878,0.38286,0.38322,0.49603,0.50963,0.29735,0.36309,0.091571,0.14638,0.3247,0.30315,0.25173,0.21875,0.038507,0.12905,0.58173,0.48147,1,0.85635,0.19096,0.080839,0,0,0,0,0.051987,0,0.31182,0.15819,0.25957,0.22769,0.3562,0.27904,0.17949,0.14693,0.18415,0.1796,0.25672,0.13871,0.17146,0.036443,0.64735,0.64834,0.50882,0.49847,0.47907,0.42936,0.4003,0.46545,0.089813,0.047641,0.22629,0.32849,0.47888,0.48747,0.4332,0.42725,0.33985,0.34193,0.44501,0.19853,0.44626,0.47477,0.066952,0,0.24285,0.27153,0.086507,0.32053,0.026634,0.21375,0.22716,0.19891,0.20038,0.1892,0.34321,0.27401,0.052132,0.085633,0.032542,0,0.1856,0.10509,0.37601,0.35327,0.010218,0.19111,0.083677,0.23068,0,0,0,0.02917,0.076801,0.083373,0.14282,0.36864,0.32145,0.15873,0,0
0.55854,0.69525,0.15143,0.49841,0.38748,0.43942,0.17077,0.47696,0.28032,0.36949,0.25223,0.38257,0.17183,0.28294,0.35427,0.27029,0.2663,0.33131,0.50934,0.57461,0.10905,0.21569,0.098976,0.19837,0.32845,0.26278,0.25596,0.26614,0,0.026881,0.42161,0.50988,0.85635,1,0.33145,0.27895,0,0,0,0,0,0,0.24743,0.20291,0.22789,0.20757,0.34984,0.24533,0.11876,0.15295,0.11806,0.1733,0.14919,0.09091,0.10395,0.091405,0.57891,0.63479,0.45318,0.54149,0.5149,0.5471,0.2258,0.4783,0.17517,0.16073,0.29553,0.43582,0.4507,0.53646,0.36595,0.38476,0.29053,0.31566,0.43839,0.27474,0.43506,0.4535,0.033903,0,0.030261,0.17256,0,0.26131,0,0.1862,0.092093,0.069927,0.14204,0.15463,0.3032,0.27763,0.08775,0.11706,0,0,0.12725,0.088958,0.33439,0.33747,0.12624,0.27737,0.11292,0.35455,0,0,0,0.082178,0,0,0.18678,0.27557,0.2779,0.26156,0.10637,0
0.22573,0.18409,0.37133,0.25153,0.075024,0.16037,0.29193,0.13067,0.082686,0.10612,0.22561,0.28273,0.3542,0.25154,0.078886,0.061757,0.035129,0,0.10542,0.12403,0,0.11091,0.34031,0.30318,0.19565,0.19478,0.078151,0.20518,0,0,0.24566,0.38838,0.19096,0.33145,1,0.86603,0,0,0,0,0,0,0.07081,0.023319,0.20734,0.085918,0.051935,0.0050394,0.094011,0.072895,0.15842,0.045419,0.05974,0,0,0,0.22033,0.040374,0.2652,0.12276,0.30211,0.072796,0,0,0.25647,0.16933,0.64892,0.57419,0,0.24646,0.13283,0.13112,0.023559,0,0.20691,0.21909,0.526,0.52382,0,0,0,0,0,0,0,0,0,0,0,0,0,0.14187,0.20705,0.19776,0,0,0,0,0,0,0.095751,0.24,0.091577,0.19502,0,0.077396,0,0,0,0,0.19109,0,0,0.20561,0.065801,0
0.268,0.29911,0.28003,0.32704,0.21007,0.36647,0.12867,0.22919,0.1695,0.25177,0.042566,0.34329,0.14654,0.26925,0.10748,0.15306,0,0,0.18391,0.2592,0,0.13662,0.12782,0.13243,0.20247,0.20596,0.19768,0.36905,0,0,0.14678,0.36385,0.080839,0.27895,0.86603,1,0,0,0,0,0,0,0.028264,0.019914,0.08893,0.020892,0.0051253,0.030551,0.021785,0.016553,0.083714,0.042615,0.057508,0,0,0.12647,0.22668,0.11699,0.37727,0.25394,0.3716,0.23984,0,0.070176,0.11406,0.15359,0.64292,0.6112,0.11591,0.37534,0.047155,0.077681,0,0,0.19481,0.28266,0.44189,0.45278,0,0,0,0,0,0.019853,0,0.013496,0,0,0,0.04705,0.054466,0.16475,0.19783,0.20062,0,0,0,0.0084494,0.029879,0.055381,0.21202,0.253,0.13623,0.35658,0,0.13506,0,0.032903,0,0,0.26306,0,0,0.2609,0.08293,0
0,0,0.14096,0,0,0,0.083492,0,0,0,0.081284,0,0.11818,0.13071,0,0.04208,0.34311,0.14655,0,0,0.11676,0,0.089289,0.063213,0,0.033084,0,0,0.26941,0.34312,0.0033763,0,0,0,0,0,1,0.65636,0.72543,0.53413,0.62005,0.62185,0.56954,0.59061,0.51234,0.53138,0.43163,0.50771,0.40123,0.41707,0.47925,0.45884,0.11186,0.16331,0.12008,0.16423,0,0,0,0,0,0,0.037944,0,0.094614,0.32687,0.030522,0.10786,0,0,0,0,0,0.015242,0,0,0,0,0.26593,0.44825,0.43702,0.32175,0.48626,0.17305,0.40177,0.4489,0,0.20637,0,0.09625,0.059145,0,0.11548,0.073478,0.30561,0.26595,0.26527,0.23321,0.097381,0.14019,0.024361,0.029181,0.056209,0,0.075918,0.070051,0.091796,0,0.26405,0.30537,0.12885,0.1091,0.057232,0.11388,0.073737,0.018891
0,0,0,0.14222,0,0,0,0.28984,0,0,0.036482,0.14837,0.035584,0.15947,0,0.13987,0.26926,0.38466,0,0,0,0,0,0.12848,0.028843,0.12176,0,0,0.36903,0.46986,0,0,0,0,0,0,0.65636,1,0.63569,0.63579,0.52611,0.57969,0.43851,0.58356,0.40389,0.4467,0.47322,0.52419,0.2564,0.36037,0.34878,0.40493,0.17853,0.31127,0.31129,0.33149,0,0.066084,0,0.10848,0.071663,0.2279,0.077474,0.21774,0.14832,0.29817,0,0.13335,0,0,0,0,0,0.2215,0,0,0,0,0.38385,0.58086,0.47269,0.6297,0.48733,0.50343,0.42344,0.55836,0.19111,0.32441,0.14514,0.11768,0.33467,0.085134,0.237,0.13267,0.34971,0.42034,0.4509,0.36429,0.25539,0.34266,0.30187,0.046866,0.24516,0.11905,0.26809,0.26459,0.3693,0.19503,0.28035,0.32348,0.1347,0.26277,0.26088,0.32917,0.28499,0.068491
0,0,0,0,0,0,0,0.012189,0,0,0.040294,0.010697,0,0,0,0,0.28166,0.2341,0,0,0.060055,0,0,0.074342,0,0.17785,0.11886,0.059759,0.32378,0.38983,0.022044,0,0,0,0,0,0.72543,0.63569,1,0.73524,0.58965,0.57895,0.34867,0.41066,0.23338,0.30657,0.33593,0.40686,0.08292,0.13514,0.2289,0.23166,0.030244,0.12089,0.39523,0.38896,0,0,0,0,0,0,0,0,0,0.18711,0.075179,0.10702,0,0,0,0,0,0,0,0,0,0,0.42727,0.6086,0.4791,0.41024,0.67329,0.39337,0.40937,0.38672,0.38173,0.48034,0.28278,0.22583,0.19416,0,0.096965,0.046895,0.50396,0.618,0.47316,0.51427,0.15959,0.21896,0.14732,0,0.23178,0,0.281,0.18405,0.48399,0.23262,0.36463,0.40521,0.078243,0.10057,0.08614,0.082689,0.11519,0.17309
0,0,0,0.0079522,0,0,0,0.10382,0,0,0,0,0,0,0,0,0.078551,0.17933,0,0,0,0,0,0.049744,0,0,0,0.0076945,0.051479,0.12475,0,0,0,0,0,0,0.53413,0.63579,0.73524,1,0.3533,0.77076,0.25184,0.49115,0.23886,0.38766,0.23191,0.38249,0.12899,0.26002,0.21336,0.29622,0.095017,0.24062,0.32476,0.58179,0,0,0,0,0,0.03217,0,0,0,0.086854,0.15816,0.17163,0,0,0,0,0,0.040884,0,0,0,0,0.27994,0.47952,0.11259,0.29132,0.26266,0.28736,0.38081,0.3651,0.10649,0.20451,0.12924,0.144,0.27254,0,0.15565,0.078252,0.13252,0.38359,0.19826,0.36012,0.14618,0.32586,0.27696,0.15106,0.30859,0.21806,0.36795,0.49677,0.45556,0.27972,0.12318,0.0020095,0.12428,0.058202,0.086521,0.21549,0.47171,0.024495
0,0,0.0095724,0,0.12666,0,0,0.0026478,0.11874,0.023627,0.010355,0.032403,0,0.062624,0.090645,0.072361,0.21211,0.27634,0,0,0.2588,0.023645,0,0,0.24798,0.1874,0.23525,0.040032,0.3628,0.42086,0.08801,0.0015911,0.051987,0,0,0,0.62005,0.52611,0.58965,0.3533,1,0.3358,0.4676,0.43853,0.34966,0.36906,0.32233,0.37144,0.15249,0.16343,0.26977,0.33127,0.025275,0.071949,0.10639,0.20832,0,0.051647,0,0,0,0.068244,0.12435,0.18392,0.023148,0.3395,0,0,0.014929,0,0,0,0,0.053633,0,0,0,0,0.38719,0.52592,0.55019,0.53276,0.62548,0.28352,0.40668,0.38526,0.1016,0.28058,0.16091,0.19314,0.14765,0,0.057916,0.044138,0.43786,0.37799,0.36717,0.22834,0.046263,0.1015,0,0,0,0,0,0,0.17664,0.10829,0.38628,0.52882,0.0063773,0.16433,0.19994,0,0,0
0,0,0,0,0,0,0,0.039437,0.020509,0.004532,0,0,0,0.052912,0,0.0042223,0.052082,0.1795,0,0,0,0,0,0,0,0,0,0,0,0.20426,0,0,0,0,0,0,0.62185,0.57969,0.57895,0.77076,0.3358,1,0.30471,0.41147,0.29044,0.41211,0.17971,0.3031,0.23007,0.34605,0.27225,0.34823,0.1036,0.27657,0.21997,0.2738,0,0,0,0,0,0,0,0,0,0.12318,0,0,0,0,0,0,0,0.16527,0,0,0,0,0.082006,0.45678,0.16435,0.3055,0.24922,0.23703,0.37638,0.3822,0,0.11808,0.050209,0.051355,0.1537,0,0.071733,0.040529,0.035905,0.10674,0.042925,0.11206,0.12555,0.2306,0.092859,0.079007,0.15784,0.055878,0.21595,0.2152,0.19321,0.010508,0.11209,0,0,0.04727,0.030896,0.13003,0.28648,0.0019014
0.14384,0,0.43717,0.096694,0.18229,0.07572,0.19995,0.073467,0.26594,0.1243,0.046108,0,0.063071,0.17436,0.24722,0.21941,0.46613,0.29287,0.12078,0.061564,0.17146,0.094416,0.2469,0.12381,0.2791,0.1186,0.13203,0.037314,0.095689,0.13877,0.30236,0.16481,0.31182,0.24743,0.07081,0.028264,0.56954,0.43851,0.34867,0.25184,0.4676,0.30471,1,0.85104,0.79115,0.76094,0.76567,0.75819,0.6013,0.55653,0.74862,0.72523,0.49038,0.44199,0.17191,0.31417,0.11624,0.092998,0,0.021197,0.096166,0.17345,0.15081,0.24688,0.12129,0.38544,0.20155,0.33852,0.0042617,0.0015011,0,0,0.05917,0.07767,0.15701,0.048605,0.050166,0.014885,0.26271,0.3302,0.41034,0.4179,0.29535,0.19654,0.4169,0.61417,0,0.21277,0.02618,0.29318,0.39042,0.29999,0.42723,0.41253,0.044919,0,0.22988,0.15052,0.40061,0.42462,0.1506,0.223,0.17158,0.11951,0.038337,0.14827,0,0,0.10377,0.12532,0.26424,0.48638,0.45194,0.40879,0.098682,0
0.024996,0.033373,0.32018,0.22806,0.18384,0.070152,0.14733,0.19646,0.27963,0.1723,0,0,0.018545,0.16843,0.104,0.15873,0.39467,0.33879,0.0060991,0.017102,0,0,0.15044,0.21873,0.14675,0,0.0085347,0,0.049043,0.1788,0.073374,0,0.15819,0.20291,0.023319,0.019914,0.59061,0.58356,0.41066,0.49115,0.43853,0.41147,0.85104,1,0.73236,0.79957,0.78301,0.82415,0.58508,0.64441,0.7002,0.75119,0.46239,0.54177,0.23231,0.46965,0,0.069481,0,0.094306,0.08876,0.21828,0.011941,0.20529,0.10515,0.33338,0.18133,0.37478,0,0,0,0,0,0.13813,0,0.0048849,0,0,0.22525,0.33197,0.29614,0.40585,0.17648,0.19271,0.39714,0.64389,0,0.083322,0,0.22314,0.43435,0.28038,0.39059,0.35307,0.052097,0.067205,0.28899,0.27759,0.43455,0.52089,0.27613,0.32299,0.25657,0.23689,0.13612,0.37013,0.017843,0.032642,0.12394,0.077267,0.40494,0.5031,0.47397,0.49931,0.3476,0
0,0,0.42233,0.14207,0.071337,0,0.24174,0.094314,0.15845,0.07647,0.079257,0,0.1429,0.14725,0.11454,0.14911,0.46422,0.29243,0.1688,0.071242,0.0033899,0,0.29937,0.22718,0.13093,0.0010065,0,0,0.026779,0.10142,0.16091,0.023234,0.25957,0.22789,0.20734,0.08893,0.51234,0.40389,0.23338,0.23886,0.34966,0.29044,0.79115,0.73236,1,0.91484,0.62405,0.64014,0.76629,0.75457,0.77134,0.7591,0.45232,0.40914,0.11402,0.25452,0,0,0,0,0.051209,0.070934,0.21905,0.15972,0.29497,0.3996,0.21088,0.33808,0,0,0,0,0.091521,0.14224,0.20047,0.093846,0.1194,0.077269,0.16488,0.27185,0.33778,0.40299,0.14582,0.12896,0.49287,0.57756,0,0.047399,0,0.14103,0.27907,0.17446,0.3416,0.2533,0,0,0.020289,0,0.30337,0.28948,0.097269,0.1408,0.10717,0.076949,0.10989,0.11541,0,0,0,0,0.21306,0.34146,0.35926,0.34544,0.11949,0
0,0,0.39547,0.19288,0.109,0.022625,0.24428,0.13285,0.21175,0.13024,0,0,0.011898,0.15006,0.045872,0.18069,0.40308,0.33909,0.093272,0.04664,0,0,0.23776,0.18816,0.052702,0,0,0,0,0.15331,0.022386,0,0.22769,0.20757,0.085918,0.020892,0.53138,0.4467,0.30657,0.38766,0.36906,0.41211,0.76094,0.79957,0.91484,1,0.61597,0.70841,0.8015,0.84982,0.78346,0.86056,0.48928,0.5525,0.14656,0.40301,0,0,0,0.0086362,0.032433,0.12191,0.10949,0.18907,0.16907,0.35785,0.19993,0.3588,0,0,0,0,0.059427,0.2078,0.088783,0.1146,0.04729,0,0.11638,0.30489,0.28343,0.4167,0.1138,0.13822,0.42192,0.61353,0,0.032591,0,0.19035,0.36109,0.23652,0.31614,0.28471,0,0,0.079696,0.0905,0.33195,0.42645,0.095531,0.22771,0.12784,0.14695,0.14538,0.25571,0,0,0.07136,0,0.27856,0.38938,0.4063,0.39712,0.27365,0
0.16558,0.13238,0.24022,0.19072,0.11114,0.052806,0.094121,0.16279,0.17053,0.10501,0.20209,0.045241,0.12823,0.089216,0.1658,0.19955,0.54144,0.32729,0.092328,0.08404,0.077524,0.071028,0.11749,0.15971,0.18072,0.10805,0.038961,0.0073974,0.26915,0.27967,0.26044,0.17501,0.3562,0.34984,0.051935,0.0051253,0.43163,0.47322,0.33593,0.23191,0.32233,0.17971,0.76567,0.78301,0.62405,0.61597,1,0.84907,0.48205,0.46794,0.55112,0.53431,0.4643,0.4612,0.35623,0.31736,0.21109,0.19935,0.081726,0.23976,0.28503,0.25553,0.25635,0.2871,0.18074,0.23536,0.075906,0.33631,0,0.08151,0,0,0.096639,0.13398,0.094115,0,0.17152,0.17434,0.34411,0.24949,0.44488,0.41304,0.28294,0.25606,0.2459,0.49583,0.068613,0.17821,0.12068,0.22057,0.37208,0.40912,0.30342,0.27616,0.22204,0.18608,0.50219,0.39756,0.59116,0.55133,0.25877,0.18258,0.24993,0.18979,0.039319,0.19013,0,0.030232,0.17163,0.22119,0.45995,0.66311,0.51278,0.46782,0.28107,0.057219
0.1441,0.085648,0.28481,0.24702,0.084708,0.057161,0.1756,0.16031,0.15694,0.097857,0.0066168,0.047588,0.065984,0.16734,0.12368,0.2846,0.43327,0.4116,0.085972,0.096492,0.094852,0.067424,0.12914,0.16354,0.15725,0.11694,0.0549,0.020936,0.20486,0.28334,0.2324,0.077961,0.27904,0.24533,0.0050394,0.030551,0.50771,0.52419,0.40686,0.38249,0.37144,0.3031,0.75819,0.82415,0.64014,0.70841,0.84907,1,0.54782,0.57722,0.57486,0.66822,0.48604,0.52842,0.33526,0.56055,0.14475,0.15402,0.14104,0.19461,0.1552,0.23069,0.10952,0.2663,0.066361,0.2207,0.16457,0.34857,0.04332,0.080319,0,0.035869,0.012173,0.2142,0.019391,0.023608,0.067869,0.10603,0.33497,0.32971,0.39051,0.41896,0.28049,0.32052,0.26329,0.58856,0.017413,0.2282,0.015629,0.34977,0.4508,0.44147,0.28627,0.34302,0.20928,0.2196,0.42046,0.45512,0.50709,0.62422,0.16853,0.26813,0.22369,0.22951,0.086992,0.29132,0.042516,0.12897,0.18236,0.22591,0.50033,0.60056,0.51357,0.44746,0.25193,0
0,0,0.4436,0.15332,0.046624,0,0.36279,0.055108,0.18752,0.10792,0,0,0.15665,0.077094,0.099023,0.15387,0.40804,0.18033,0.17199,0.068633,0,0,0.24445,0.16525,0,0,0,0,0,0.10876,0,0,0.17949,0.11876,0.094011,0.021785,0.40123,0.2564,0.08292,0.12899,0.15249,0.23007,0.6013,0.58508,0.76629,0.8015,0.48205,0.54782,1,0.90244,0.82828,0.80002,0.63669,0.57473,0.10677,0.26763,0,0,0.020857,0,0.15994,0.065538,0.28272,0.13153,0.22996,0.17958,0.054189,0.11936,0,0,0,0,0.062112,0.13578,0.054905,0.028992,0.079385,0.077064,0.082047,0.13784,0.23539,0.27709,0,0.054044,0.38993,0.47542,0,0,0,0.1058,0.37409,0.35258,0.35763,0.31778,0,0,0,0,0.33572,0.38516,0.1089,0.29206,0.14381,0.22526,0.14921,0.13903,0,0,0,0,0.25657,0.33315,0.35969,0.29909,0.12165,0.013245
0,0,0.28874,0.20625,0.066813,0,0.32351,0.15731,0.18278,0.14607,0,0,0.094638,0.16279,0.062806,0.23967,0.31198,0.29695,0.066337,0.0016874,0,0,0.2008,0.24114,0,0,0,0,0,0.18164,0,0,0.14693,0.15295,0.072895,0.016553,0.41707,0.36037,0.13514,0.26002,0.16343,0.34605,0.55653,0.64441,0.75457,0.84982,0.46794,0.57722,0.90244,1,0.75911,0.8698,0.54619,0.64866,0.10038,0.32963,0,0,0,0.10218,0.092996,0.12605,0.1771,0.14455,0.28917,0.30527,0.0054251,0.16488,0,0,0,0,0,0.2213,0,0.025767,0.045319,0.057552,0.038152,0.19201,0.20415,0.32602,0,0.10371,0.31408,0.56311,0,0,0,0.15182,0.35103,0.32932,0.36014,0.30255,0,0,0,0.052415,0.31839,0.42058,0.17621,0.34456,0.17017,0.26018,0.11641,0.20139,0,0,0,0,0.30528,0.34321,0.36525,0.37968,0.25215,0
0,0,0.40747,0.15003,0.089721,0,0.21561,0.17205,0.18303,0.085913,0,0,0.10351,0.023409,0.12231,0.020713,0.37284,0.10498,0.0039526,0,0,0,0.22264,0.18965,0.085161,0,0,0,0,0,0.051447,0,0.18415,0.11806,0.15842,0.083714,0.47925,0.34878,0.2289,0.21336,0.26977,0.27225,0.74862,0.7002,0.77134,0.78346,0.55112,0.57486,0.82828,0.75911,1,0.8154,0.68882,0.52055,0.27798,0.2851,0,0,0,0,0.053867,0.021702,0.1935,0.037523,0.27564,0.35486,0.19863,0.30221,0,0,0,0,0.047531,0.049568,0.1228,0.047094,0.06669,0.0071892,0.072201,0.18955,0.27814,0.2769,0.090844,0.032527,0.55268,0.5087,0,0,0.11505,0.066112,0.46013,0.27812,0.47785,0.36737,0,0,0.085749,0.067553,0.42243,0.38421,0.20442,0.23713,0.22226,0.17076,0.20312,0.19566,0,0,0.041634,0,0.23728,0.38375,0.38025,0.33973,0.15515,0.0032369
0,0,0.33677,0.2567,0.16654,0.072903,0.28542,0.21673,0.24022,0.18401,0,0,0.017013,0.20117,0.14947,0.24396,0.25971,0.3328,0.079513,0.036681,0,0,0.17894,0.20163,0.099861,0,0,0,0,0.14724,0.01587,0,0.1796,0.1733,0.045419,0.042615,0.45884,0.40493,0.23166,0.29622,0.33127,0.34823,0.72523,0.75119,0.7591,0.86056,0.53431,0.66822,0.80002,0.8698,0.8154,1,0.54753,0.65548,0.15923,0.43348,0,0.028317,0,0.10977,0.037007,0.22068,0.11298,0.25979,0.20593,0.40887,0.12266,0.29396,0,0.0095356,0,0,0,0.19156,0.045506,0.089338,0.0051599,0.01475,0.094776,0.29417,0.29073,0.4181,0.1194,0.17152,0.37215,0.69605,0,0.074191,0,0.28793,0.44973,0.40107,0.43294,0.41108,0,0,0.1036,0.14921,0.38895,0.50956,0.19214,0.38521,0.21392,0.27342,0.11154,0.25817,0,0,0.090824,0,0.34635,0.41831,0.43574,0.39887,0.20636,0
