1,0.2072,0.68387,0,0.10942,0.30201,0.59946,0.076575,0,0.27026,0.12623,0.17286,0.092765,0.054128,0.32775,0.52993,0.034501,0.22602,0.75047,0.58907,0.2594,0.10032,0.46374,0.09817,0,0.14627,0.31569,0.45116,0.12117,0,0.13572,0.28284,0.38646,0.22813,0.14593,0.098882,0.15629,0.19296,0.28749,0.27303,0.12318,0.29614,0.33689,0.37755,0.28128,0.26845,0.18834,0.2706,0.10854,0.28473,0.17544,0.21576,0.1747,0.26195,0.41009,0.49657,0.83576,0.24198,0.66341,0.38304,0.48436,0.33969,0,0.31567,0.067306,0.31498,0.41611,0.33,0.37623,0.49021,0,0.45888,0.41027,0,0.054236,0.35484,0.093593,0.33959,0,0.038812,0,0.49193,0.35882,0.56806,0.13416,0.43498,0.44282,0.42938,0.40808,0.48132,0.33508,0.27237,0.25502,0.36777,0,0.015431,0,0.12685,0.37654,0.38754,0.26995,0.23164,0.28054,0.29032,0.048301,0.061983,0.36492,0.2987,0.12882,0,0.069876,0.13372,0.36325,0.27835,0,0.16191
0.2072,1,0.13184,0.60093,0.39501,0.12875,0.34752,0.66834,0.50063,0.046688,0.51079,0.4948,0.45855,0.42179,0.32899,0,0.2883,0.27399,0.30812,0.56377,0.15279,0.27651,0.11359,0.2937,0.34737,0.16839,0.21823,0.11164,0,0.11959,0.0034137,0.17129,0.22494,0.34054,0.25014,0.15396,0,0.12054,0.042317,0.081683,0,0.25435,0.26519,0.19575,0.30582,0.27539,0.15074,0.16798,0.43707,0.3289,0.43189,0.22466,0.23512,0.1616,0.25,0.12422,0.23165,0.77452,0.21857,0.34331,0.23677,0.38231,0.44486,0.42259,0.30878,0.16438,0.42588,0.29508,0.48831,0.30003,0.36475,0,0.087006,0.50086,0.39608,0.25508,0.38238,0.15519,0.10852,0.043173,0.45694,0.23386,0.32087,0.1229,0.43146,0.23954,0.20519,0.15649,0.26655,0.23044,0.18502,0.15896,0.2442,0.14079,0,0.018952,0.078386,0.069673,0.28753,0.11567,0.024528,0,0,0.023928,0.077244,0.11531,0,0,0.097531,0.11493,0.15758,0.23704,0.2717,0.31451,0.24139,0.024441
0.68387,0.13184,1,0.33602,0.10955,0.31889,0.73898,0.33724,0.051475,0.33414,0.16641,0.31824,0.21248,0.39752,0.25584,0.38801,0,0.18393,0.72973,0.64676,0.24934,0.11726,0.73308,0.49828,0.098593,0.35003,0.17303,0.20321,0,0,0,0.18379,0.23348,0.20196,0.3822,0.27816,0,0,0.019653,0.0042241,0.026491,0.13348,0.40847,0.39287,0.32591,0.36541,0.25528,0.30098,0.3232,0.42508,0.31776,0.29412,0.29447,0.37196,0.2501,0.22211,0.47329,0.11653,0.34769,0.054918,0.23216,0.19341,0,0.25855,0.21971,0.41156,0.44622,0.34121,0.31489,0.48243,0,0.42599,0.19201,0,0.06909,0.32297,0.14058,0.26421,0,0,0,0.37313,0.27801,0.39473,0.24616,0.23618,0.17047,0.16499,0.34583,0.35804,0.29347,0.17076,0.36988,0.036792,0.080753,0.11362,0.072117,0.13262,0.24699,0.20915,0,0,0,0,0.15751,0.12906,0,0,0.29143,0.16807,0.035666,0.19473,0.37632,0.25769,0.30622,0.11997
0,0.60093,0.33602,1,0.30016,0.22872,0.54031,0.83952,0.53853,0.22424,0.51507,0.57992,0.59456,0.65808,0.30534,0,0.24472,0.23942,0.19084,0.5586,0.024538,0.13161,0.43818,0.64197,0.55169,0.36449,0.0071187,0,0,0.19573,0,0,0.066849,0.15457,0.38484,0.23705,0,0,0,0,0.04354,0.012007,0.31774,0.18185,0.42907,0.41675,0.23362,0.23549,0.70806,0.52629,0.62661,0.4581,0.41425,0.31116,0.12476,0,0,0.388,0.011556,0.079605,0.23987,0.28265,0.50256,0.40889,0.53781,0.41684,0.4501,0.32014,0.3682,0.18026,0.33403,0,0.03372,0.3384,0.23848,0.097598,0.28692,0.039876,0.13012,0.00061578,0.36566,0.20174,0.26964,0.094515,0.41835,0.064995,0,0.056757,0.21662,0.10821,0.29528,0.11396,0.41208,0,0.26317,0.23687,0.24736,0.18805,0.3501,0.08658,0,0,0,0,0.1588,0.12551,0,0,0.25695,0.46142,0.26187,0.42106,0.46026,0.42303,0.60292,0
0.10942,0.39501,0.10955,0.30016,1,0.58751,0.14075,0.26895,0.81707,0.36137,0.23545,0.18459,0.25652,0.26333,0.51498,0,0.22993,0,0.082707,0.3195,0.4886,0.58069,0,0.19174,0.61737,0.33391,0.74414,0.59778,0,0,0,0,0,0,0.30362,0.27884,0,0.13614,0,0.021279,0,0.10277,0.41131,0.37711,0.40033,0.42731,0.1505,0.30045,0.44609,0.36343,0.43622,0.24183,0.25546,0.37856,0.33198,0.35189,0.18039,0.53129,0.29448,0.35125,0.018001,0.056514,0.3638,0,0.35676,0.14667,0.35358,0.26638,0.51035,0.36161,0.36792,0,0,0.38802,0.46042,0.38419,0.42546,0.3194,0.1871,0,0.42682,0.1896,0.51452,0.28716,0.37067,0.1225,0.41462,0.31831,0.31683,0.45135,0.2006,0.14563,0.20807,0.26713,0,0.11034,0.10575,0.23569,0.31059,0.18695,0,0.026114,0,0.026825,0,0,0,0.040768,0.083108,0.20367,0.36165,0.31643,0.21134,0.28551,0.098535,0
0.30201,0.12875,0.31889,0.22872,0.58751,1,0.29177,0.24785,0.35559,0.86272,0.071718,0.23876,0.13908,0.24689,0.50049,0.54121,0,0.14563,0.18243,0.22428,0.31919,0.20382,0.23095,0.15037,0.3427,0.57247,0.50018,0.67761,0,0,0,0,0,0,0.24275,0.15506,0,0.021776,0,0,0,0,0.30946,0.29372,0.2679,0.35278,0.12824,0.20587,0.39227,0.36014,0.33624,0.27216,0.32616,0.22416,0.19695,0.20353,0.19636,0.24959,0.31662,0.24743,0.15396,0.1574,0.084498,0.12814,0.15725,0.35708,0.30543,0.31904,0.2697,0.35956,0,0.3002,0.18862,0,0.071999,0.38371,0.037414,0.17938,0,0,0,0.41877,0.34317,0.49175,0,0.02773,0.22842,0.41078,0.29765,0.21376,0.22916,0,0.28476,0.14663,0.10471,0.19199,0.1434,0.23538,0.27698,0,0.034747,0,0,0,0,0,0.030836,0,0.10732,0.27396,0.27409,0.17004,0.27052,0.18642,0,0
0.59946,0.34752,0.73898,0.54031,0.14075,0.29177,1,0.53778,0.21334,0.29869,0.49588,0.51403,0.60236,0.48699,0.36705,0.39303,0.16745,0.24653,0.64683,0.62458,0.18798,0.088777,0.82037,0.5622,0.17111,0.36623,0.053688,0.097586,0.11641,0,0.14691,0.2046,0.42667,0.26381,0.45846,0.27407,0.056782,0.069255,0.047498,0.062026,0.19311,0.071242,0.44388,0.38269,0.34074,0.36258,0.33834,0.35273,0.46372,0.52046,0.4746,0.4759,0.28244,0.37182,0.27581,0.25651,0.46645,0.24211,0.36768,0.11934,0.52767,0.33621,0.26069,0.4267,0.44973,0.53374,0.52003,0.38116,0.34514,0.32818,0,0.28424,0.33875,0.067066,0.16183,0.36006,0.21372,0.31035,0,0.0070337,0,0.42481,0.27748,0.41863,0.19953,0.39716,0.19164,0.25673,0.32454,0.40975,0.32496,0.19492,0.32207,0.117,0.069308,0.12356,0.17852,0.20099,0.31287,0.16525,0,0,0,0,0.0078674,0.068009,0,0,0.25648,0.2447,0.16813,0.14804,0.35301,0.34412,0.29089,0
0.076575,0.66834,0.33724,0.83952,0.26895,0.24785,0.53778,1,0.48691,0.26125,0.40426,0.63478,0.47856,0.72987,0.32055,0,0.14308,0.25114,0.2824,0.56133,0.088198,0.15024,0.37972,0.62696,0.47341,0.41202,0.028622,0,0,0.1662,0,0.06027,0.12086,0.25526,0.42148,0.33042,0,0,0,0,0,0.067623,0.31822,0.22558,0.32187,0.36164,0.23863,0.23297,0.59669,0.44351,0.56352,0.31038,0.3847,0.18175,0.10577,0,0.024901,0.4611,0.11079,0.10816,0.2017,0.37921,0.31335,0.43385,0.40086,0.37247,0.49291,0.4044,0.37986,0.26843,0.25049,0.042943,0.00078341,0.3619,0.25586,0.19568,0.35552,0.14214,0.055392,0,0.32304,0.17823,0.27812,0.074678,0.45785,0.065223,0,0.038297,0.25976,0.034758,0.24318,0,0.36299,0,0.18531,0.14462,0.17087,0.098819,0.21795,0,0,0,0,0,0.12899,0.074198,0,0,0.23907,0.34223,0.17611,0.31126,0.315,0.23306,0.49102,0
0,0.50063,0.051475,0.53853,0.81707,0.35559,0.21334,0.48691,1,0.20521,0.48136,0.37205,0.54518,0.48111,0.5398,0,0.40567,0,0,0.3325,0.36228,0.50043,0,0.36291,0.78742,0.33488,0.43672,0.2346,0,0.11144,0,0,0,0,0.42477,0.33962,0,0.10887,0,0,0,0.016114,0.37074,0.28401,0.38639,0.40824,0.13456,0.28064,0.54706,0.40139,0.5101,0.28877,0.2376,0.40388,0.18618,0.17676,0,0.5772,0.094844,0.20586,0,0.099182,0.53681,0.064433,0.50012,0.16935,0.36071,0.23515,0.44953,0.24191,0.53458,0,0,0.49223,0.48338,0.30117,0.53876,0.2928,0.28338,0,0.59908,0.080761,0.4765,0.17347,0.42904,0.02864,0.25262,0.22018,0.21873,0.30901,0.22324,0.14849,0.25463,0.14345,0.044548,0.095543,0.12985,0.20144,0.22401,0.10365,0,0,0,0,0,0,0,0,0.10848,0.3222,0.38635,0.28559,0.17672,0.24403,0.23877,0
0.27026,0.046688,0.33414,0.22424,0.36137,0.86272,0.29869,0.26125,0.20521,1,0,0.31587,0.081506,0.31828,0.36984,0.51464,0,0.24254,0.18749,0.19068,0.20223,0.069631,0.28338,0.15658,0.2716,0.61642,0.24358,0.40139,0,0,0,0,0,0,0.12252,0.094651,0,0,0,0,0.078515,0,0.13923,0.13465,0.085017,0.17883,0,0.064658,0.29637,0.27472,0.2114,0.17142,0.25033,0.17124,0.024062,0.049264,0.10261,0.12735,0.21195,0.098953,0.15178,0.20215,0,0.1989,0.037175,0.31964,0.18954,0.23243,0.14063,0.28824,0,0.41423,0.12809,0,0,0.31547,0,0.12956,0,0,0,0.40429,0.1772,0.36419,0,0,0.014775,0.22905,0.13409,0.045481,0.1407,0,0.18022,0,0.1158,0.15183,0.1123,0.097727,0.18383,0,0,0,0,0,0,0,0,0,0.074378,0.28116,0.18908,0.065915,0.22074,0.041922,0.019807,0
0.12623,0.51079,0.16641,0.51507,0.23545,0.071718,0.49588,0.40426,0.48136,0,1,0.60982,0.89212,0.43898,0.35809,0.099914,0.54389,0.19613,0.14116,0.30192,0.025892,0.11804,0.24351,0.29791,0.33033,0.079931,0,0,0.33808,0.11317,0.24476,0.11119,0.19806,0.12603,0.36894,0.14712,0.14706,0.15404,0.093577,0.1241,0.10018,0,0.2462,0.13206,0.30282,0.26044,0.22677,0.20383,0.45772,0.37276,0.46849,0.43279,0.13654,0.25086,0.16896,0.17822,0.19263,0.44127,0.13918,0.21871,0.42018,0.32554,0.66756,0.30806,0.56849,0.25013,0.28492,0.13271,0.19045,0.096985,0.4862,0,0.39803,0.33962,0.34009,0.21699,0.27077,0.16132,0.21128,0.17306,0.22834,0.15593,0.15021,0.19478,0.097852,0.28367,0.12494,0.21761,0.10265,0.21409,0.20247,0.21885,0.12471,0.23281,0,0,0.16714,0.16032,0.25189,0.13379,0.060402,0.1955,0.033225,0.16251,0,0,0.0033213,0,0,0.19796,0.25936,0.097967,0.15749,0.30387,0.10851,0
0.17286,0.4948,0.31824,0.57992,0.18459,0.23876,0.51403,0.63478,0.37205,0.31587,0.60982,1,0.67338,0.8084,0.37537,0.26859,0.15327,0.31909,0.19806,0.36116,0.18839,0.17001,0.338,0.45051,0.3455,0.36965,0.011808,0.011312,0.1386,0.17589,0.04865,0.06974,0.14151,0.12916,0.4222,0.31896,0.05506,0.10301,0,0,0.054543,0,0.27912,0.15586,0.1105,0.22039,0.25955,0.19378,0.46327,0.39976,0.48439,0.30105,0.31329,0.18985,0.12374,0,0.13086,0.41267,0.20291,0.14111,0.40757,0.47479,0.33751,0.45771,0.37306,0.37949,0.38813,0.34355,0.19614,0.22853,0.24721,0.18714,0.25101,0.3276,0.26492,0.40747,0.28131,0.23512,0.097836,0.085777,0,0.22244,0.13332,0.20576,0.096083,0.17397,0,0.066521,0.13792,0.099513,0.17431,0,0.19652,0,0,0,0.23079,0.056284,0.21241,0,0,0,0,0,0,0,0,0,0,0.30593,0.29376,0.087791,0.16424,0.21588,0.23601,0
0.092765,0.45855,0.21248,0.59456,0.25652,0.13908,0.60236,0.47856,0.54518,0.081506,0.89212,0.67338,1,0.54153,0.45586,0.1921,0.44734,0.21301,0.11998,0.267,0.056533,0.087923,0.38343,0.39674,0.41351,0.21365,0,0,0.23436,0.11777,0.17053,0,0.18006,0.038921,0.48412,0.22571,0.041672,0.027228,0,0,0.1212,0,0.25317,0.1544,0.31399,0.28584,0.18588,0.19336,0.51336,0.46091,0.52626,0.4989,0.12901,0.2438,0.087161,0.095322,0.13233,0.38956,0.11637,0.11854,0.43725,0.25117,0.60935,0.24779,0.63562,0.37345,0.33187,0.17919,0.22102,0.066693,0.45272,0.02013,0.36135,0.25772,0.33688,0.22594,0.25708,0.17908,0.20782,0.21092,0.1269,0.25745,0.12505,0.21865,0.081092,0.2702,0.057067,0.16874,0.10742,0.18451,0.15505,0.099797,0.12487,0.1022,0,0.030233,0.15463,0.15634,0.18007,0.039944,0,0.033469,0,0.024217,0,0,0,0,0.093241,0.289,0.27285,0.097665,0.11779,0.28495,0.23285,0
0.054128,0.42179,0.39752,0.65808,0.26333,0.24689,0.48699,0.72987,0.48111,0.31828,0.43898,0.8084,0.54153,1,0.27704,0.08006,0.15914,0.15045,0.21845,0.41708,0.23988,0.27556,0.34048,0.56084,0.49119,0.43794,0.037581,0,0,0.18535,0,0,0,0.14197,0.41666,0.31199,0,0,0,0,0.031714,0,0.26154,0.14619,0.11563,0.26816,0.20608,0.17427,0.5034,0.36842,0.46492,0.19592,0.31274,0.19034,0.0054993,0,0.026618,0.33472,0.10016,0.031654,0.22179,0.35348,0.34917,0.40541,0.3667,0.34951,0.43279,0.39682,0.27638,0.28578,0.26333,0.13067,0.050173,0.30866,0.27822,0.32883,0.30683,0.1874,0.14819,0,0.19329,0.11865,0.19561,0.13576,0.17859,0.018416,0,0.043177,0.085452,0.089066,0.14237,0,0.28711,0,0.13116,0.066702,0.16404,0.098222,0.11841,0,0,0,0,0,0.0080982,0,0,0,0.13007,0.40075,0.22597,0.13876,0.1469,0.15922,0.41441,0
0.32775,0.32899,0.25584,0.30534,0.51498,0.50049,0.36705,0.32055,0.5398,0.36984,0.35809,0.37537,0.45586,0.27704,1,0.56797,0.079469,0.22736,0.30187,0.37337,0.46278,0.33847,0.16841,0.19985,0.27096,0.36099,0.52688,0.54931,0,0,0,0,0.001158,0,0.52113,0.34288,0.007946,0.20772,0,0.096431,0,0.061105,0.43287,0.40512,0.53252,0.49483,0.20482,0.31541,0.49772,0.51846,0.52826,0.41154,0.34441,0.31286,0.37681,0.33713,0.29195,0.54704,0.47954,0.43751,0.27346,0.29411,0.19791,0.15861,0.37302,0.3607,0.51217,0.36917,0.54759,0.41244,0.12511,0.25725,0.31348,0.090316,0.30636,0.43482,0.3698,0.40489,0.013314,0.1098,0.019,0.52113,0.66251,0.64695,0.43368,0.21299,0.4531,0.55031,0.49734,0.25713,0.40767,0.069012,0.34655,0.30295,0,0.099102,0.13922,0.19348,0.35445,0.21699,0.12685,0.040909,0.045742,0.035265,0,0,0.083259,0.044001,0.10944,0.20237,0.32629,0.25717,0.21499,0.21838,0.054137,0
0.52993,0,0.38801,0,0,0.54121,0.39303,0,0,0.51464,0.099914,0.26859,0.1921,0.08006,0.56797,1,0,0.3377,0.35986,0.1558,0.2918,0,0.40493,0.0084845,0,0.33624,0.21498,0.4827,0.17945,0,0.18887,0,0.2053,0,0.28311,0.11751,0.059176,0.11273,0.07593,0.11368,0.11247,0,0.25745,0.28351,0.21172,0.20861,0.16751,0.16902,0.1454,0.29224,0.1785,0.26204,0.22437,0.086081,0.194,0.24644,0.38683,0.090985,0.44966,0.236,0.3799,0.21878,0,0.15291,0.059686,0.42857,0.3176,0.30466,0.23068,0.3456,0,0.58121,0.4631,0,0,0.34176,0,0.27572,0,0.24288,0,0.62783,0.23809,0.76734,0,0.23902,0.21762,0.52542,0.29523,0.10452,0.28482,0,0.25191,0.14543,0,0.087292,0.11102,0.14859,0.20672,0.10239,0.21362,0.095405,0.12513,0.040923,0,0,0.2817,0.11913,0.050497,0.059979,0.10739,0.038798,0.13881,0.053682,0,0
0.034501,0.2883,0,0.24472,0.22993,0,0.16745,0.14308,0.40567,0,0.54389,0.15327,0.44734,0.15914,0.079469,0,1,0.1605,0.024555,0.21711,0,0.15096,0,0.066432,0.31878,0,0.028364,0,0.39876,0.38339,0.11353,0.099959,0.026081,0.12151,0.10021,0.025852,0.208,0.1959,0.20828,0.16797,0.21199,0.056541,0.18307,0.17157,0.32652,0.32797,0.21322,0.32854,0.30416,0.18491,0.2645,0.27851,0.062789,0.32863,0.21743,0.29146,0.25283,0.32117,0.053976,0.16041,0.14011,0.10297,0.67389,0.26475,0.38756,0.11928,0.25403,0.19482,0.14921,0.16538,0.30734,0,0.21567,0.41374,0.27223,0.01463,0.239,0.019981,0.61541,0.24703,0.55686,0.07246,0.21196,0.10225,0.053226,0.14819,0.26716,0.27819,0.023109,0.32472,0.18164,0.26759,0,0.15432,0,0.031309,0.152,0.31624,0.31886,0.37016,0.063369,0.20726,0.078006,0.19725,0,0,0.037471,0.05725,0,0.16233,0.31755,0.27527,0.14424,0.20206,0.13745,0
0.22602,0.27399,0.18393,0.23942,0,0.14563,0.24653,0.25114,0,0.24254,0.19613,0.31909,0.21301,0.15045,0.22736,0.3377,0.1605,1,0.21406,0.22375,0.045527,0.024638,0.21561,0.19078,0.036379,0.27573,0,0,0.037302,0.32088,0.14502,0.18311,0.28797,0.15023,0.14882,0.053556,0.014963,0.055663,0.12405,0.16584,0,0.16739,0.24075,0.1904,0.20794,0.13463,0.24264,0.15467,0.32446,0.21195,0.29952,0.19523,0.15982,0,0.1467,0.011739,0.17889,0.36296,0.16537,0.070623,0.13442,0.19179,0,0.31608,0.070109,0.25426,0.26953,0.24311,0.13404,0.2458,0,0.27792,0.20055,0.14902,0.13057,0.17022,0.10733,0.11852,0.13294,0.45307,0,0.54844,0.027715,0.25873,0.079846,0.16767,0.034986,0.19086,0.14253,0,0.084318,0,0.11084,0,0,0.027229,0.20278,0.019826,0.26164,0.05683,0.050021,0,0,0,0.06346,0,0.06762,0,0.04869,0.065502,0.070231,0.25497,0.097187,0.07385,0.10766,0.010007
0.75047,0.30812,0.72973,0.19084,0.082707,0.18243,0.64683,0.2824,0,0.18749,0.14116,0.19806,0.11998,0.21845,0.30187,0.35986,0.024555,0.21406,1,0.80235,0.25905,0.16461,0.58002,0.38852,0,0.13996,0.19712,0.25017,0,0,0.04517,0.30415,0.44491,0.39682,0.27211,0.22084,0.095771,0.18539,0.22151,0.21557,0.095425,0.37021,0.3809,0.39598,0.24298,0.22603,0.2319,0.23335,0.1642,0.28858,0.2164,0.1986,0.16261,0.20313,0.27722,0.29674,0.60439,0.29668,0.50289,0.21285,0.28575,0.23872,0,0.31245,0.052834,0.27051,0.46746,0.3451,0.49757,0.41483,0,0.43765,0.33572,0.06309,0.17624,0.41561,0.24157,0.37307,0,0,0,0.32436,0.3579,0.44172,0.31664,0.3909,0.31139,0.35026,0.36239,0.38344,0.26869,0.21808,0.33283,0.11803,0,0,0,0.014794,0.22606,0.24233,0.018638,0,0.021803,0.012994,0.2032,0.19172,0.12077,0.070945,0.20443,0,0,0.10549,0.32797,0.22955,0.16072,0.28111
0.58907,0.56377,0.64676,0.5586,0.3195,0.22428,0.62458,0.56133,0.3325,0.19068,0.30192,0.36116,0.267,0.41708,0.37337,0.1558,0.21711,0.22375,0.80235,1,0.30309,0.31453,0.45686,0.50312,0.22225,0.25887,0.29659,0.22234,0,0,0,0.2507,0.30033,0.46343,0.36565,0.31123,0.057616,0.22016,0.095346,0.17201,0.066019,0.41412,0.45845,0.38632,0.41647,0.43568,0.30606,0.34135,0.44703,0.43896,0.43681,0.30285,0.38645,0.38043,0.42638,0.33414,0.49063,0.49416,0.44537,0.33914,0.27543,0.37784,0.25318,0.48474,0.26917,0.36115,0.61525,0.49845,0.57364,0.48422,0.11862,0.16416,0.23114,0.33626,0.336,0.42498,0.4321,0.39027,0,0,0.23811,0.30734,0.53711,0.40012,0.54418,0.32215,0.38969,0.37895,0.47171,0.43811,0.45572,0.29962,0.49005,0.17304,0,0.039286,0.15959,0.11801,0.4207,0.30656,0,0,0,0,0.14409,0.17076,0,0,0.20973,0.15652,0.21729,0.28215,0.50154,0.37906,0.31383,0.12567
0.2594,0.15279,0.24934,0.024538,0.4886,0.31919,0.18798,0.088198,0.36228,0.20223,0.025892,0.18839,0.056533,0.23988,0.46278,0.2918,0,0.045527,0.25905,0.30309,1,0.85815,0.034961,0.16748,0.24568,0.40123,0.72581,0.62571,0,0,0.17439,0.26696,0.12552,0.21388,0.50009,0.54461,0.30163,0.40528,0.28588,0.29077,0,0.24442,0.59731,0.52448,0.19677,0.3234,0.44378,0.42267,0.28195,0.28947,0.34439,0.13235,0.35565,0.35006,0.44736,0.43401,0.39283,0.50063,0.52315,0.42834,0.14484,0.29114,0.069049,0.12452,0.057993,0.16099,0.49388,0.47209,0.4868,0.45283,0.14333,0.2857,0.19363,0.19124,0.52878,0.67169,0.57552,0.72563,0,0,0.040693,0.29223,0.47046,0.48778,0.35045,0.33682,0.45606,0.40476,0.39916,0.5085,0.25525,0.14849,0.20094,0.26199,0,0,0.14575,0.09428,0.17353,0.14745,0,0.060326,0,0,0.011052,0.060017,0,0,0.061503,0.040502,0.24122,0.0019868,0.042508,0.015328,0,0
0.10032,0.27651,0.11726,0.13161,0.58069,0.20382,0.088777,0.15024,0.50043,0.069631,0.11804,0.17001,0.087923,0.27556,0.33847,0,0.15096,0.024638,0.16461,0.31453,0.85815,1,0,0.25518,0.42905,0.35449,0.67762,0.49503,0,0,0.18417,0.35355,0.094451,0.29519,0.43118,0.54232,0.34558,0.45573,0.33188,0.34561,0.042589,0.32063,0.58268,0.48346,0.21077,0.32956,0.45387,0.44742,0.31666,0.2611,0.3749,0.13612,0.30817,0.36612,0.41969,0.41732,0.30933,0.56138,0.41858,0.403,0.088107,0.28938,0.23961,0.14551,0.13117,0.059274,0.46946,0.41475,0.49203,0.3733,0.42045,0.11226,0.11439,0.46617,0.63353,0.54064,0.68809,0.64318,0.065333,0,0.35791,0.11243,0.40956,0.26626,0.3809,0.25995,0.42839,0.34248,0.30251,0.54218,0.20237,0.25533,0.18973,0.22531,0,0,0.14783,0.14481,0.19869,0.2014,0,0.072665,0,0.043831,0.0069725,0.15377,0,0.0067187,0.015433,0.057416,0.26443,0.092612,0.07103,0.086606,0,0
0.46374,0.11359,0.73308,0.43818,0,0.23095,0.82037,0.37972,0,0.28338,0.24351,0.338,0.38343,0.34048,0.16841,0.40493,0,0.21561,0.58002,0.45686,0.034961,0,1,0.66294,0.07363,0.34002,0,0,0.094834,0,0.21707,0.1771,0.45873,0.18323,0.37574,0.24691,0.0046109,0,0.018939,0,0.30946,0,0.26067,0.23779,0.19701,0.18402,0.22833,0.20081,0.22483,0.35031,0.23086,0.34841,0.12843,0.20982,0.041534,0.043474,0.34039,0,0.13588,0,0.39237,0.12277,0.048348,0.2245,0.24897,0.46669,0.3083,0.20916,0.21752,0.13273,0,0.41193,0.28902,0,0,0.14367,0.008872,0.14074,0,0.11347,0,0.3649,0.048913,0.28445,0.0057043,0.26129,0,0.081403,0.14275,0.2422,0.18563,0.12028,0.31779,0,0.13178,0.10231,0.065908,0.08361,0.13784,0.084486,0,0,0,0,0.22345,0.13541,0,0,0.20941,0.14913,0,0.17854,0.35121,0.25588,0.42297,0.18373
0.09817,0.2937,0.49828,0.64197,0.19174,0.15037,0.5622,0.62696,0.36291,0.15658,0.29791,0.45051,0.39674,0.56084,0.19985,0.0084845,0.066432,0.19078,0.38852,0.50312,0.16748,0.25518,0.66294,1,0.47342,0.45339,0.036717,0,0,0,0.070956,0.29525,0.22649,0.30646,0.53246,0.50936,0,0,0,0,0.068004,0.098619,0.36712,0.27168,0.17132,0.22047,0.33146,0.24817,0.38204,0.34492,0.37989,0.286,0.2154,0.265,0.038039,0,0.114,0.25982,0,0,0.061881,0.10074,0.13927,0.095125,0.27447,0.35754,0.34032,0.22527,0.35151,0.15691,0.28932,0.19449,0.040371,0.21448,0.22071,0.17954,0.34849,0.22081,0,0,0.19231,0.07418,0.16453,0.050969,0.28471,0.11668,0,0,0.14269,0.21376,0.15236,0.13896,0.40997,0,0.12463,0.058487,0.11508,0.0381,0.091452,0.0011361,0,0,0,0,0.22092,0.24775,0,0,0.24501,0.22245,0.070095,0.27341,0.34589,0.27165,0.56311,0.10773
0,0.34737,0.098593,0.55169,0.61737,0.3427,0.17111,0.47341,0.78742,0.2716,0.33033,0.3455,0.41351,0.49119,0.27096,0,0.31878,0.036379,0,0.22225,0.24568,0.42905,0.07363,0.47342,1,0.61006,0.27126,0.08013,0,0.25422,0,0,0,0,0.40606,0.38786,0,0,0,0,0,0,0.28644,0.17073,0.27634,0.33188,0.1468,0.25565,0.49395,0.34571,0.43022,0.28663,0.22901,0.30839,0.081656,0.015015,0,0.38455,0,0.028375,0,0.071597,0.45567,0.12648,0.45913,0.2604,0.29873,0.27458,0.23747,0.16286,0.46902,0,0,0.47224,0.36581,0.19795,0.39189,0.14471,0.31678,0,0.50952,0,0.25742,0,0.2741,0,0.05223,0.030314,0.070858,0.19667,0.13758,0.033716,0.17059,0,0.16494,0.14246,0.27193,0.26213,0.12225,0,0,0,0,0,0,0,0,0,0.12294,0.41608,0.38435,0.25479,0.14037,0.1602,0.31197,0
0.14627,0.16839,0.35003,0.36449,0.33391,0.57247,0.36623,0.41202,0.33488,0.61642,0.079931,0.36965,0.21365,0.43794,0.36099,0.33624,0,0.27573,0.13996,0.25887,0.40123,0.35449,0.34002,0.45339,0.61006,1,0.29893,0.29331,0,0.098252,0.061861,0.13139,0.039539,0.021394,0.42512,0.40408,0,0,0,0,0,0,0.33965,0.26953,0.21868,0.27804,0.24594,0.29096,0.34829,0.37061,0.3412,0.29753,0.3427,0.19223,0.15508,0.088292,0.12716,0.27151,0.19355,0.15987,0.12187,0.30639,0.051783,0.25417,0.2822,0.52266,0.39799,0.42222,0.23633,0.357,0.089213,0.41215,0.097308,0.12194,0.1604,0.33525,0.21352,0.28088,0,0.10285,0,0.27538,0.19842,0.2229,0.1828,0,0.02746,0.13094,0.25057,0.15509,0.23784,0,0.25386,0,0.13494,0.12108,0.31876,0.22133,0.1545,0,0,0,0,0,0,0,0,0,0.10052,0.32407,0.33407,0.12296,0.14142,0.011479,0.09849,0
0.31569,0.21823,0.17303,0.0071187,0.74414,0.50018,0.053688,0.028622,0.43672,0.24358,0,0.011808,0,0.037581,0.52688,0.21498,0.028364,0,0.19712,0.29659,0.72581,0.67762,0,0.036717,0.27126,0.29893,1,0.88563,0,0,0.10608,0.12753,0,0,0.35002,0.36732,0.14319,0.35497,0.24374,0.29071,0,0.27688,0.47802,0.46348,0.42688,0.45614,0.25508,0.3361,0.25675,0.29945,0.32459,0.17817,0.29384,0.27158,0.55491,0.54044,0.40126,0.51086,0.55907,0.57601,0.11261,0.19791,0.085703,0,0.22362,0.20934,0.46244,0.40034,0.54976,0.51872,0.070968,0.14127,0.056962,0.13653,0.42043,0.48035,0.35863,0.42264,0.077245,0,0.18467,0.27613,0.61089,0.49004,0.4222,0.25293,0.64712,0.49018,0.53674,0.5485,0.29021,0.20084,0.27092,0.45286,0,0.02804,0.14016,0.20958,0.35173,0.31767,0.28198,0.24914,0.26098,0.24178,0,0,0.22495,0.30247,0.0093445,0.013217,0.29672,0.21046,0.14489,0.24948,0,0
0.45116,0.11164,0.20321,0,0.59778,0.67761,0.097586,0,0.2346,0.40139,0,0.011312,0,0,0.54931,0.4827,0,0,0.25017,0.22234,0.62571,0.49503,0,0,0.08013,0.29331,0.88563,1,0,0,0.17953,0.045349,0,0,0.31508,0.26512,0.14409,0.31867,0.24158,0.28166,0,0.12867,0.41839,0.43859,0.35645,0.38107,0.22775,0.29143,0.18897,0.25399,0.25208,0.16819,0.26837,0.19563,0.49322,0.53466,0.47623,0.39216,0.58374,0.52306,0.19288,0.1781,0.032365,0,0.13463,0.24388,0.39701,0.3648,0.46867,0.46776,0,0.27362,0.2979,0,0.24997,0.47589,0.16056,0.36377,0,0,0,0.38416,0.5303,0.62199,0.16765,0.25448,0.61807,0.60156,0.49972,0.49094,0.27537,0.074721,0.25859,0.47168,0,0.062577,0.10859,0.23866,0.33144,0.25758,0.36994,0.31058,0.32759,0.27459,0,0,0.32846,0.32321,0.021469,0.020453,0.26063,0.14837,0.15204,0.21766,0,0
0.12117,0,0,0,0,0,0.11641,0,0,0,0.33808,0.1386,0.23436,0,0,0.17945,0.39876,0.037302,0,0,0,0,0.094834,0,0,0,0,0,1,0.28833,0.49202,0.19327,0.23343,0.02957,0.017405,0,0.39139,0.27725,0.31416,0.26598,0.40888,0,0,0,0,0,0.17069,0.17084,0,0,0,0.11378,0,0,0.08845,0.20325,0.23264,0,0.06728,0.12132,0.39883,0.26002,0.23536,0.21764,0.18055,0.19788,0,0.029985,0,0,0,0,0.59832,0,0,0,0,0,0.30011,0.44737,0,0.01403,0,0.090298,0,0.13011,0.034542,0.20209,0,0.10107,0.12548,0.14408,0,0.24101,0,0,0.2155,0.1981,0.13066,0.19651,0.39778,0.4956,0.37665,0.39557,0,0,0.32148,0.09325,0,0.040495,0.25727,0,0,0,0,0
0,0.11959,0,0.19573,0,0,0,0.1662,0.11144,0,0.11317,0.17589,0.11777,0.18535,0,0,0.38339,0.32088,0,0,0,0,0,0,0.25422,0.098252,0,0,0.28833,1,0,0.018995,0,0,0,0,0,0.013074,0,0,0.01862,0,0,0,0.12862,0.096218,0,0.083149,0.14836,0,0.11318,0,0.088655,0.016877,0,0,0,0.059184,0,0,0,0.12755,0.14376,0.1993,0.22212,0.14387,0,0.10348,0,0.025638,0.063561,0,0,0.3486,0.041106,0,0.010663,0,0.64682,0.52218,0.41965,0.077476,0,0,0.109,0,0,0,0,0,0.076297,0,0,0,0.18803,0.14702,0.33543,0.16714,0.13475,0.077688,0.017824,0,0,0,0,0,0,0,0,0.34351,0.33775,0.19219,0,0,0.13745,0
0.13572,0.0034137,0,0,0,0,0.14691,0,0,0,0.24476,0.04865,0.17053,0,0,0.18887,0.11353,0.14502,0.04517,0,0.17439,0.18417,0.21707,0.070956,0,0.061861,0.10608,0.17953,0.49202,0,1,0.64863,0.6069,0.28744,0.16791,0.18063,0.48675,0.40266,0.58073,0.59585,0.21856,0.13097,0.23008,0.19095,0.019714,0,0.35205,0.24275,0,0.018922,0,0.14847,0,0,0.20831,0.30654,0.35523,0.14023,0.26752,0.26204,0.45633,0.23436,0.17787,0.10376,0.10555,0.1727,0.12523,0.11597,0.0040154,0,0.18436,0.11527,0.45454,0,0.098364,0.1738,0.075684,0.22679,0,0.28916,0,0.053686,0,0.12328,0,0.32903,0.18994,0.22576,0.071797,0.26657,0.056596,0.25326,0,0.28146,0,0,0.10952,0.067658,0.13269,0.19993,0.4135,0.46005,0.41983,0.4331,0.060963,0.074118,0.45033,0.31532,0,0,0.11366,0,0,0.11279,0,0.13354
0.28284,0.17129,0.18379,0,0,0,0.2046,0.06027,0,0,0.11119,0.06974,0,0,0,0,0.099959,0.18311,0.30415,0.2507,0.26696,0.35355,0.1771,0.29525,0,0.13139,0.12753,0.045349,0.19327,0.018995,0.64863,1,0.6136,0.66093,0.21643,0.33933,0.46003,0.41113,0.63852,0.6103,0,0.46884,0.371,0.32348,0.010093,0.038848,0.39998,0.32163,0,0.020602,0.055856,0.028501,0.035011,0.10139,0.30544,0.29195,0.46235,0.30109,0.34227,0.21698,0.24034,0.32729,0,0.20773,0,0.10427,0.28249,0.23867,0.1266,0.18163,0.16313,0.14455,0.20523,0.29524,0.29833,0.2834,0.38196,0.40428,0,0.052418,0.046213,0,0,0.0021119,0.17076,0.28007,0.24149,0.11288,0.18875,0.32267,0.10675,0.38139,0.048973,0.24587,0,0,0.052428,0,0.11759,0.25237,0.15389,0.27237,0.17545,0.28984,0.16782,0.33274,0.22928,0.26086,0,0,0.0075507,0,0.040765,0.11439,0,0.25606
0.38646,0.22494,0.23348,0.066849,0,0,0.42667,0.12086,0,0,0.19806,0.14151,0.18006,0,0.001158,0.2053,0.026081,0.28797,0.44491,0.30033,0.12552,0.094451,0.45873,0.22649,0,0.039539,0,0,0.23343,0,0.6069,0.6136,1,0.73874,0.22863,0.19692,0.33823,0.23769,0.54489,0.4605,0.15084,0.38891,0.26439,0.25388,0.041932,0.018051,0.35978,0.17273,0,0.11123,0.095608,0.21441,0,0,0.14379,0.14706,0.47146,0.23555,0.35099,0.21274,0.49101,0.29363,0.071063,0.32737,0,0.10945,0.32932,0.21795,0.16718,0.020979,0.058815,0.20776,0.42072,0.059493,0.21598,0.23755,0.23102,0.31689,0,0.14661,0,0.2085,0,0.10358,0.02587,0.5656,0.11952,0.11364,0.05167,0.28376,0,0.27363,0,0.091142,0,0,0,0,0.04195,0.15455,0.14864,0.21654,0.18736,0.25782,0.3057,0.32946,0.25609,0.19446,0.0012532,0,0,0,0.075219,0.065216,0.011294,0.39017
0.22813,0.34054,0.20196,0.15457,0,0,0.26381,0.25526,0,0,0.12603,0.12916,0.038921,0.14197,0,0,0.12151,0.15023,0.39682,0.46343,0.21388,0.29519,0.18323,0.30646,0,0.021394,0,0,0.02957,0,0.28744,0.66093,0.73874,1,0.19132,0.27941,0.22705,0.17956,0.39034,0.30624,0.031869,0.50209,0.22222,0.16447,0,0,0.29316,0.1247,0.027275,0.010857,0.084766,0.023017,0,0.039747,0.12261,0.051712,0.33132,0.33131,0.17793,0.12578,0.14506,0.26064,0.087306,0.38926,0,0,0.30577,0.22057,0.17809,0.054046,0.19479,0,0.20472,0.39747,0.43201,0.24553,0.46816,0.35496,0,0,0.16929,0,0,0,0.2937,0.40452,0.10174,0,0.012104,0.27232,0,0.3086,0,0.06027,0,0,0,0,0,0.090407,0,0.039851,0,0.096901,0.2384,0.44702,0,0,0.076927,0,0,0,0.084478,0.021935,0.07469,0.31036
0.14593,0.25014,0.3822,0.38484,0.30362,0.24275,0.45846,0.42148,0.42477,0.12252,0.36894,0.4222,0.48412,0.41666,0.52113,0.28311,0.10021,0.14882,0.27211,0.36565,0.50009,0.43118,0.37574,0.53246,0.40606,0.42512,0.35002,0.31508,0.017405,0,0.16791,0.21643,0.22863,0.19132,1,0.83386,0.17003,0.25239,0.13649,0.16669,0,0,0.56108,0.48283,0.4016,0.4617,0.37119,0.42506,0.41869,0.41902,0.52488,0.33769,0.34738,0.35318,0.32131,0.26376,0.22305,0.44881,0.3125,0.15682,0.24893,0.1816,0.2547,0.073158,0.51311,0.4764,0.61499,0.54869,0.44436,0.3344,0.24078,0.25742,0.2298,0.15479,0.39743,0.49705,0.46571,0.52092,0.05197,0.055245,0.062937,0.31606,0.37108,0.40229,0.39534,0.32741,0.32273,0.32951,0.41334,0.41299,0.23907,0.10539,0.31244,0.15376,0,0.0076427,0.28813,0.24628,0.098172,0.083612,0,0,0,0,0,0,0,0,0.20579,0.24245,0.37386,0.11567,0.060529,0.11372,0.15355,0
0.098882,0.15396,0.27816,0.23705,0.27884,0.15506,0.27407,0.33042,0.33962,0.094651,0.14712,0.31896,0.22571,0.31199,0.34288,0.11751,0.025852,0.053556,0.22084,0.31123,0.54461,0.54232,0.24691,0.50936,0.38786,0.40408,0.36732,0.26512,0,0,0.18063,0.33933,0.19692,0.27941,0.83386,1,0.25087,0.30425,0.19406,0.22565,0,0.10655,0.48971,0.45054,0.201,0.35242,0.36494,0.43442,0.27219,0.30942,0.38958,0.21754,0.2741,0.33907,0.27453,0.24867,0.22707,0.34817,0.28566,0.16943,0.15631,0.2197,0.11124,0.081171,0.24408,0.30277,0.46589,0.48523,0.33375,0.22334,0.27693,0.22894,0.208,0.2551,0.44485,0.45965,0.54236,0.57845,0,0,0.10879,0.13936,0.24939,0.18968,0.3582,0.30028,0.26126,0.1997,0.30262,0.43136,0.17553,0.13655,0.21257,0.077662,0,0,0.1688,0.13242,0.05353,0.10743,0,0,0,0,0.01361,0.10872,0,0,0.074884,0.088933,0.33893,0.060045,0.052132,0.034475,0.083371,0
0.15629,0,0,0,0,0,0.056782,0,0,0,0.14706,0.05506,0.041672,0,0.007946,0.059176,0.208,0.014963,0.095771,0.057616,0.30163,0.34558,0.0046109,0,0,0,0.14319,0.14409,0.39139,0,0.48675,0.46003,0.33823,0.22705,0.17003,0.25087,1,0.78805,0.7938,0.77888,0.40383,0.3647,0.40717,0.36698,0.0050267,0.14501,0.51098,0.49746,0,0.080777,0.066248,0.1374,0.12595,0.27706,0.37397,0.48749,0.35458,0.17684,0.35668,0.30408,0.28597,0.32398,0.12035,0.15473,0,0.06884,0.17727,0.2082,0,0.042287,0.096985,0,0.28927,0.14965,0.16354,0.23829,0.31342,0.40194,0,0,0,0.011321,0.087562,0.2147,0,0.33636,0.37161,0.39913,0.13364,0.39661,0.24373,0.43869,0.11931,0.34061,0,0,0.15183,0.075906,0.23901,0.33219,0.26985,0.36449,0.21953,0.29933,0,0.12004,0.24143,0.24131,0,0,0.26761,0,0.041849,0.0341,0,0.012575
0.19296,0.12054,0,0,0.13614,0.021776,0.069255,0,0.10887,0,0.15404,0.10301,0.027228,0,0.20772,0.11273,0.1959,0.055663,0.18539,0.22016,0.40528,0.45573,0,0,0,0,0.35497,0.31867,0.27725,0.013074,0.40266,0.41113,0.23769,0.17956,0.25239,0.30425,0.78805,1,0.69019,0.81696,0.18475,0.46669,0.54691,0.49651,0.18651,0.30032,0.50366,0.55571,0.028881,0.15759,0.13997,0.1049,0.27646,0.28083,0.52952,0.57008,0.35731,0.35213,0.48156,0.46644,0.25924,0.40982,0.12555,0.20509,0.058353,0.12947,0.34528,0.31317,0.21004,0.26595,0.10152,0.040567,0.21915,0.20002,0.18445,0.34795,0.35669,0.44371,0.002788,0.0097332,0.11028,0.05932,0.31929,0.37206,0.18496,0.26631,0.52883,0.53553,0.38059,0.44955,0.36505,0.45189,0.32983,0.44698,0,0,0.20803,0.13426,0.36447,0.39086,0.32783,0.34439,0.26971,0.28343,0.011942,0.10574,0.29891,0.32226,0,0,0.29997,0,0.082751,0.16344,0,0
0.28749,0.042317,0.019653,0,0,0,0.047498,0,0,0,0.093577,0,0,0,0,0.07593,0.20828,0.12405,0.22151,0.095346,0.28588,0.33188,0.018939,0,0,0,0.24374,0.24158,0.31416,0,0.58073,0.63852,0.54489,0.39034,0.13649,0.19406,0.7938,0.69019,1,0.88674,0.12169,0.56057,0.46909,0.47297,0.077359,0.12906,0.57163,0.47234,0,0.057335,0.050267,0.15425,0.092614,0.17467,0.50555,0.57094,0.49105,0.2465,0.45673,0.3946,0.23768,0.21924,0.010546,0.0637,0,0.024799,0.23204,0.15916,0.078521,0.12478,0.07378,0.022591,0.27599,0.10435,0.16877,0.22479,0.30602,0.39097,0,0.071305,0,0.054278,0.069148,0.20525,0.03988,0.50543,0.51753,0.39412,0.25737,0.49538,0.18665,0.56947,0.10324,0.45883,0,0,0.052678,0.08424,0.26508,0.45974,0.40988,0.55459,0.40162,0.49836,0.11804,0.24966,0.5109,0.55993,0,0,0.023519,0,0.018811,0.080231,0,0.22246
0.27303,0.081683,0.0042241,0,0.021279,0,0.062026,0,0,0,0.1241,0,0,0,0.096431,0.11368,0.16797,0.16584,0.21557,0.17201,0.29077,0.34561,0,0,0,0,0.29071,0.28166,0.26598,0,0.59585,0.6103,0.4605,0.30624,0.16669,0.22565,0.77888,0.81696,0.88674,1,0.05497,0.58598,0.54015,0.50854,0.18046,0.22727,0.59382,0.56177,0,0.16612,0.13926,0.22425,0.22489,0.21931,0.58209,0.63512,0.46786,0.307,0.52261,0.50984,0.29752,0.35138,0.068329,0.13364,0,0.12704,0.28832,0.21926,0.10336,0.18919,0.10743,0.044803,0.2754,0.12733,0.15148,0.2637,0.32979,0.41437,0,0.06191,0,0.057892,0.11325,0.24225,0.13547,0.41393,0.52371,0.45763,0.3831,0.47611,0.33538,0.58094,0.25216,0.5617,0,0,0.12397,0.1146,0.39324,0.50369,0.48046,0.56399,0.44708,0.51409,0.091439,0.19323,0.51843,0.53661,0,0,0.19957,0.0017802,0.11805,0.18178,0,0.14989
0.12318,0,0.026491,0.04354,0,0,0.19311,0,0,0.078515,0.10018,0.054543,0.1212,0.031714,0,0.11247,0.21199,0,0.095425,0.066019,0,0.042589,0.30946,0.068004,0,0,0,0,0.40888,0.01862,0.21856,0,0.15084,0.031869,0,0,0.40383,0.18475,0.12169,0.05497,1,0,0,0,0,0,0.10413,0.14743,0,0.034501,0,0.090244,0,0.15836,0,0.090233,0.16963,0,0,0,0.26669,0.21208,0.18579,0.31234,0,0.087167,0,0,0,0,0.063159,0.00081321,0.40802,0.0019693,0,0,0,0.020826,0.02949,0.12398,0,0.13274,0,0.059822,0,0.10424,0,0.13975,0,0.14649,0.091886,0.046888,0.03223,0,0,0,0.065766,0.082958,0.12413,0.10273,0.0095442,0,0,0,0,0,0,0,0,0.18224,0.1226,0,0.1639,0,0,0.077437
0.29614,0.25435,0.13348,0.012007,0.10277,0,0.071242,0.067623,0.016114,0,0,0,0,0,0.061105,0,0.056541,0.16739,0.37021,0.41412,0.24442,0.32063,0,0.098619,0,0,0.27688,0.12867,0,0,0.13097,0.46884,0.38891,0.50209,0,0.10655,0.3647,0.46669,0.56057,0.58598,0,1,0.45806,0.46551,0.24299,0.20982,0.39587,0.33416,0.12565,0.18018,0.20894,0.15214,0.20946,0.22212,0.46754,0.4086,0.35419,0.32851,0.37292,0.37564,0,0.17935,0,0.14105,0,0,0.23902,0.082885,0.2909,0.2354,0.15821,0.074725,0.019945,0.36326,0.33421,0.26759,0.50957,0.41546,0,0,0.22637,0.1131,0.17296,0.037567,0.50325,0.46049,0.38299,0.16847,0.34516,0.38005,0.24892,0.54142,0.23124,0.35608,0,0,0,0,0.39462,0.46999,0.22555,0.2385,0.24153,0.30716,0.34132,0.44803,0.32024,0.44129,0.05277,0,0,0.24997,0.32732,0.26977,0.031806,0.41655
0.33689,0.26519,0.40847,0.31774,0.41131,0.30946,0.44388,0.31822,0.37074,0.13923,0.2462,0.27912,0.25317,0.26154,0.43287,0.25745,0.18307,0.24075,0.3809,0.45845,0.59731,0.58268,0.26067,0.36712,0.28644,0.33965,0.47802,0.41839,0,0,0.23008,0.371,0.26439,0.22222,0.56108,0.48971,0.40717,0.54691,0.46909,0.54015,0,0.45806,1,0.90069,0.5698,0.64532,0.83409,0.81897,0.57901,0.61209,0.65853,0.51432,0.64123,0.57248,0.65248,0.58856,0.44748,0.50487,0.61007,0.46777,0.25594,0.32931,0.23213,0.23665,0.29201,0.36399,0.6763,0.53812,0.48876,0.49907,0.15954,0.15279,0.19973,0.20775,0.36792,0.54121,0.58947,0.62815,0,0,0.096146,0.34134,0.4357,0.48546,0.47695,0.46299,0.54796,0.4943,0.62273,0.62577,0.55039,0.46363,0.47962,0.42481,0,0,0.31993,0.29599,0.54634,0.44154,0.029687,0.15264,0.019931,0.15914,0.1568,0.19496,0.084208,0.16141,0.14749,0.10478,0.33955,0.3396,0.37816,0.38394,0.088207,0
0.37755,0.19575,0.39287,0.18185,0.37711,0.29372,0.38269,0.22558,0.28401,0.13465,0.13206,0.15586,0.1544,0.14619,0.40512,0.28351,0.17157,0.1904,0.39598,0.38632,0.52448,0.48346,0.23779,0.27168,0.17073,0.26953,0.46348,0.43859,0,0,0.19095,0.32348,0.25388,0.16447,0.48283,0.45054,0.36698,0.49651,0.47297,0.50854,0,0.46551,0.90069,1,0.58764,0.66353,0.74699,0.83396,0.48274,0.5727,0.55725,0.46607,0.52445,0.54741,0.56986,0.59503,0.49676,0.42481,0.60795,0.44506,0.23371,0.26578,0.14653,0.17345,0.20274,0.31361,0.59212,0.47167,0.47186,0.48603,0.080049,0.20929,0.19907,0.11619,0.25438,0.43829,0.51984,0.59873,0,0,0.078669,0.40713,0.36567,0.4823,0.44321,0.49942,0.52039,0.48243,0.54596,0.62578,0.49758,0.41562,0.4137,0.37411,0,0.0081426,0.20506,0.35038,0.50298,0.48338,0.078531,0.16576,0.061588,0.21387,0.20338,0.19263,0.14661,0.23717,0.21589,0.075312,0.2854,0.37356,0.36796,0.32683,0.080186,0.070872
0.28128,0.30582,0.32591,0.42907,0.40033,0.2679,0.34074,0.32187,0.38639,0.085017,0.30282,0.1105,0.31399,0.11563,0.53252,0.21172,0.32652,0.20794,0.24298,0.41647,0.19677,0.21077,0.19701,0.17132,0.27634,0.21868,0.42688,0.35645,0,0.12862,0.019714,0.010093,0.041932,0,0.4016,0.201,0.0050267,0.18651,0.077359,0.18046,0,0.24299,0.5698,0.58764,1,0.84446,0.36418,0.55389,0.67534,0.65307,0.6444,0.56784,0.48297,0.46221,0.53341,0.47333,0.32356,0.41974,0.48479,0.53283,0.30019,0.2664,0.37702,0.20309,0.62989,0.47714,0.63036,0.48161,0.47929,0.51882,0.079959,0.065925,0.069406,0.047748,0.17219,0.13492,0.27105,0.17521,0.26525,0.1942,0.30181,0.47765,0.52443,0.47205,0.59359,0.24002,0.50181,0.47122,0.59963,0.3744,0.59566,0.31379,0.45738,0.40208,0.1498,0.26659,0.31095,0.42658,0.63571,0.57161,0.24762,0.1578,0.23933,0.32783,0.05428,0,0.1643,0.22285,0.1417,0.21503,0.39208,0.62892,0.4758,0.49527,0.20358,0
0.26845,0.27539,0.36541,0.41675,0.42731,0.35278,0.36258,0.36164,0.40824,0.17883,0.26044,0.22039,0.28584,0.26816,0.49483,0.20861,0.32797,0.13463,0.22603,0.43568,0.3234,0.32956,0.18402,0.22047,0.33188,0.27804,0.45614,0.38107,0,0.096218,0,0.038848,0.018051,0,0.4617,0.35242,0.14501,0.30032,0.12906,0.22727,0,0.20982,0.64532,0.66353,0.84446,1,0.47751,0.70321,0.71581,0.76785,0.65863,0.60563,0.59179,0.6574,0.58679,0.5404,0.33053,0.43097,0.54808,0.57524,0.31552,0.41454,0.39472,0.34029,0.55992,0.53081,0.689,0.64208,0.44255,0.60556,0.053241,0.0081918,0.038114,0.12868,0.18851,0.28771,0.35799,0.28874,0.2087,0,0.25572,0.38669,0.57483,0.47506,0.49381,0.19652,0.55797,0.51705,0.6134,0.49469,0.68036,0.28238,0.54914,0.39416,0.090958,0.18481,0.37688,0.46338,0.62923,0.50021,0.17122,0.09825,0.12298,0.20958,0,0,0.014446,0.08933,0.1449,0.36355,0.54954,0.41413,0.45159,0.43134,0.12044,0
0.18834,0.15074,0.25528,0.23362,0.1505,0.12824,0.33834,0.23863,0.13456,0,0.22677,0.25955,0.18588,0.20608,0.20482,0.16751,0.21322,0.24264,0.2319,0.30606,0.44378,0.45387,0.22833,0.33146,0.1468,0.24594,0.25508,0.22775,0.17069,0,0.35205,0.39998,0.35978,0.29316,0.37119,0.36494,0.51098,0.50366,0.57163,0.59382,0.10413,0.39587,0.83409,0.74699,0.36418,0.47751,1,0.82224,0.45294,0.46738,0.52725,0.4638,0.60309,0.4382,0.57552,0.47726,0.32071,0.29163,0.40669,0.37081,0.22362,0.34203,0.21193,0.29939,0.12422,0.2702,0.44591,0.37778,0.19777,0.24967,0.12194,0,0.25939,0.15567,0.25455,0.36629,0.47688,0.49266,0,0,0.020089,0.21643,0.18415,0.27255,0.28589,0.47558,0.35288,0.33968,0.46188,0.48693,0.49647,0.45968,0.38558,0.35288,0,0,0.372,0.25547,0.50109,0.38051,0.053497,0.23681,0.034424,0.20439,0.1706,0.15996,0.075601,0.068205,0.0043035,0.065809,0.31658,0.29104,0.33337,0.23514,0.056368,0.042051
0.2706,0.16798,0.30098,0.23549,0.30045,0.20587,0.35273,0.23297,0.28064,0.064658,0.20383,0.19378,0.19336,0.17427,0.31541,0.16902,0.32854,0.15467,0.23335,0.34135,0.42267,0.44742,0.20081,0.24817,0.25565,0.29096,0.3361,0.29143,0.17084,0.083149,0.24275,0.32163,0.17273,0.1247,0.42506,0.43442,0.49746,0.55571,0.47234,0.56177,0.14743,0.33416,0.81897,0.83396,0.55389,0.70321,0.82224,1,0.49017,0.61376,0.57148,0.55201,0.62142,0.69047,0.62306,0.67477,0.42045,0.33733,0.50503,0.4728,0.2988,0.37273,0.2884,0.30065,0.2898,0.3834,0.52308,0.48485,0.26898,0.39294,0.086188,0.017165,0.2247,0.18232,0.17927,0.32953,0.48022,0.49967,0.1027,0.02431,0.16456,0.2887,0.32357,0.34962,0.36926,0.31944,0.46781,0.45227,0.53493,0.60476,0.66608,0.5334,0.46542,0.44341,0,0,0.39767,0.44883,0.62867,0.61104,0.14937,0.23547,0.11405,0.28143,0.054579,0.077279,0.10132,0.11521,0,0.22162,0.57526,0.35929,0.42777,0.28962,0.03686,0
0.10854,0.43707,0.3232,0.70806,0.44609,0.39227,0.46372,0.59669,0.54706,0.29637,0.45772,0.46327,0.51336,0.5034,0.49772,0.1454,0.30416,0.32446,0.1642,0.44703,0.28195,0.31666,0.22483,0.38204,0.49395,0.34829,0.25675,0.18897,0,0.14836,0,0,0,0.027275,0.41869,0.27219,0,0.028881,0,0,0,0.12565,0.57901,0.48274,0.67534,0.71581,0.45294,0.49017,1,0.79561,0.89599,0.69454,0.65545,0.54999,0.40351,0.2488,0.13848,0.4545,0.34535,0.37052,0.23881,0.33922,0.46542,0.37689,0.53239,0.43838,0.58759,0.48794,0.38992,0.40175,0.27673,0,0.091498,0.31576,0.32827,0.32233,0.41814,0.26047,0.12333,0,0.27602,0.39669,0.41562,0.34667,0.462,0.2137,0.25426,0.3442,0.42053,0.29639,0.50269,0.12895,0.45035,0.16837,0.1962,0.23511,0.34853,0.32178,0.56732,0.23375,0,0,0,0,0.029806,0,0,0,0.31806,0.46943,0.37932,0.43248,0.48455,0.43013,0.3118,0
