1,0.77574,0.23683,0.38882,0.089438,0.27696,0.3787,0.45286,0,0.15846,0.41047,0.53305,0.33207,0.4578,0.11916,0.3863,0.17966,0.14484,0.60077,0.60882,0.22979,0.20786,0.16635,0.12962,0,0.091321,0.21745,0.194,0.15432,0.12046,0.29851,0.31664,0.45681,0.51388,0,0,0,0,0.0113,0.099345,0,0.1446,0,0,0,0.046751,0,0,0,0.19789,0,0.066909,0.10741,0.095822,0.074527,0.15628,0.80443,0.74758,0.35303,0.4888,0.20639,0.33666,0.066043,0.2392,0,0,0.24465,0.34052,0.66589,0.65256,0.32545,0.24762,0.090986,0.11156,0.092372,0.20856,0.085543,0.20427,0,0,0.10853,0,0.35176,0.33803,0,0,0.17196,0.28041,0.2389,0.34975,0,0,0,0.0029605,0.094313,0.17937,0,0.044033,0,0,0,0.34098,0,0.18686,0,0,0,0,0,0,0,0,0,0,0,0
0.77574,1,0.12259,0.57873,0,0.16127,0.19542,0.59934,0.052218,0.10049,0.25057,0.46243,0.19241,0.29529,0,0.29547,0.09833,0.1394,0.60729,0.75588,0.18169,0.29067,0.090138,0.11869,0,0.17143,0.26817,0.33818,0,0.068134,0.18972,0.30598,0.34874,0.48947,0,0,0,0.035553,0.023142,0.043129,0,0.14522,0,0,0,0.066608,0,0,0,0.069879,0,0.0032933,0.25172,0.03579,0.25551,0.18267,0.75283,0.89417,0.21147,0.55022,0.077742,0.30117,0.071071,0.25802,0,0,0.16525,0.27359,0.58576,0.67024,0.22051,0.060725,0.09088,0.12264,0.13527,0.22048,0.21822,0.27398,0,0,0.23284,0,0.32306,0.30059,0,0,0.17733,0.23519,0.43453,0.19536,0.19304,0,0,0,0.098985,0.20154,0,0.046174,0,0,0,0.24122,0.0045526,0.27229,0,0,0.017324,0,0,0,0,0,0,0,0,0
0.23683,0.12259,1,0.60632,0.52767,0.51632,0.85709,0.43222,0.45589,0.42344,0.30673,0,0.48801,0.12691,0.52567,0.34766,0,0,0.66184,0.36974,0.203,0.11492,0.9132,0.85623,0.060026,0.30612,0.33762,0.21452,0,0,0.61208,0.5567,0.45919,0.2939,0.62634,0.56246,0.014188,0,0.16968,0.19081,0.12621,0.066696,0.1789,0.01072,0.15213,0.11762,0.14326,0.12688,0,0,0.14192,0,0.03032,0,0.11013,0.061428,0,0,0.23307,0,0.39769,0.062345,0.025348,0,0.53769,0.49553,0.57544,0.44613,0.5855,0.55201,0.055645,0.30696,0.24504,0.2938,0.45616,0.43169,0.30497,0.32298,0,0,0,0,0.022832,0,0.26206,0.021363,0.017588,0.051694,0.52368,0.5114,0.2272,0.29413,0.37011,0.57666,0.11362,0.091823,0.097469,0.1101,0,0.0091282,0,0.19594,0,0,0.047363,0.095495,0,0,0,0.039323,0.029667,0,0,0.14294,0.17905,0
0.38882,0.57873,0.60632,1,0.38148,0.45118,0.58851,0.81181,0.46905,0.42215,0.31232,0.3163,0.41836,0.099755,0.35935,0.50265,0,0,0.8045,0.84561,0.28091,0.37374,0.63077,0.72023,0.30917,0.57952,0.60763,0.61142,0,0,0.37018,0.55399,0.33329,0.3763,0.29054,0.44065,0,0.045275,0.10007,0.015677,0.14498,0.19892,0.12953,0.082594,0.11503,0.37999,0.15004,0.162,0,0,0.10258,0,0.17781,0,0.2918,0.080586,0.30944,0.32608,0.14092,0.11241,0.2447,0.29195,0.28068,0.15068,0.23872,0.40442,0.45889,0.52058,0.52485,0.75072,0.17872,0.16313,0.30377,0.34267,0.37469,0.43603,0.38141,0.45395,0.069698,0,0.31965,0,0.32213,0.087078,0.2102,0.10807,0.23095,0.19345,0.6475,0.44683,0.40782,0.020969,0.13697,0.29181,0,0.065419,0,0,0,0.10979,0,0.32046,0,0.31143,0,0.085098,0,0,0,0,0,0,0.11287,0,0,0
0.089438,0,0.52767,0.38148,1,0.7939,0.58076,0.36265,0.77129,0.81451,0.47099,0.22954,0.52044,0.22986,0.5503,0.41408,0,0,0.2555,0.13711,0.36215,0.17606,0.62499,0.62313,0.52923,0.67737,0.49746,0.51143,0,0,0.53018,0.50511,0.46798,0.38571,0.57235,0.54562,0.05626,0,0,0,0.073164,0,0.0028918,0.010892,0.27988,0.28354,0,0,0.0016073,0,0.16416,0,0,0,0,0,0.069237,0,0.4075,0,0.61996,0.40471,0.33061,0.057151,0.5388,0.61529,0.59078,0.48646,0.1838,0.24857,0.25874,0.36618,0.26529,0.28459,0.43014,0.35145,0.48559,0.45156,0,0,0,0,0.0068151,0,0.25195,0,0,0,0.1822,0.16966,0.0090409,0.14565,0.082075,0.47202,0.0058829,0.099143,0.011594,0.069897,0,0,0,0.2539,0,0.084009,0.13256,0.2589,0,0,0.03672,0,0.030051,0,0,0,0.19218,0.11944
0.27696,0.16127,0.51632,0.45118,0.7939,1,0.53527,0.43676,0.651,0.86572,0.49446,0.31737,0.48518,0.33472,0.54718,0.62828,0,0,0.40258,0.30222,0.21769,0.095217,0.53693,0.55831,0.2763,0.58959,0.44607,0.53239,0,0,0.53165,0.44947,0.35555,0.31475,0.44218,0.44474,0,0,0,0,0.041672,0,0,0,0.031599,0.16003,0,0,0,0,0,0,0,0,0,0,0.20074,0.043675,0.31459,0,0.52892,0.42638,0.26682,0.11245,0.36666,0.56272,0.44908,0.41266,0.40385,0.41301,0.26129,0.35656,0.25536,0.32235,0.40643,0.39195,0.32922,0.37711,0,0,0,0,0.092434,0,0.11127,0,0,0,0.25111,0.22196,0.053074,0.038,0.092839,0.35502,0.041496,0.14658,0,0.075891,0,0,0,0.22066,0,0.084522,0.028168,0.178,0,0,0,0.024638,0,0,0,0,0.10152,0
0.3787,0.19542,0.85709,0.58851,0.58076,0.53527,1,0.56195,0.43689,0.41979,0.52512,0.20662,0.67441,0.25787,0.57994,0.43997,0,0,0.59265,0.36432,0.32083,0.25565,0.80916,0.73995,0.18863,0.38825,0.44224,0.3204,0,0,0.5991,0.56586,0.56302,0.41479,0.56748,0.54792,0,0,0.07131,0.097685,0.17563,0.073519,0.1251,0,0.25048,0.29945,0,0.021869,0,0,0.16474,0,0,0,0,0,0.18246,0.062836,0.46046,0,0.62171,0.31314,0.21791,0,0.54755,0.58187,0.72304,0.62964,0.50155,0.60745,0.20586,0.4012,0.21528,0.26961,0.37667,0.35602,0.30574,0.36031,0,0,0,0,0.18904,0,0.30327,0.042138,0.15563,0.13798,0.47343,0.4845,0.12694,0.13405,0.16832,0.49998,0,0.01579,0,0,0,0,0,0.36797,0,0.077627,0.032766,0.17097,0,0,0,0,0,0,0,0.04436,0.043996,0
0.45286,0.59934,0.43222,0.81181,0.36265,0.43676,0.56195,1,0.3153,0.39611,0.42698,0.56187,0.48028,0.44077,0.27625,0.5141,0.045768,0,0.59398,0.69039,0.31898,0.38641,0.44686,0.531,0.21303,0.47329,0.56948,0.47557,0,0.034372,0.35347,0.50881,0.39971,0.52344,0.15955,0.31491,0,0.1478,0.15027,0.12465,0.17631,0.24518,0.026852,0,0.062586,0.4238,0.044703,0.03941,0,0.053918,0.085611,0.04108,0.22248,0,0.19541,0.0074079,0.41606,0.48508,0.22447,0.24506,0.32331,0.55708,0.18764,0.37316,0.043405,0.36042,0.4166,0.55295,0.46472,0.63435,0.2533,0.14982,0.20468,0.26543,0.30448,0.26781,0.38968,0.43135,0.096011,0,0.2619,0,0.38422,0.15037,0.14746,0.018393,0.2064,0.19498,0.55084,0.17251,0.37647,0,0.094493,0.085129,0,0.058697,0,0,0,0.077406,0,0.18175,0,0.21298,0,0.017019,0,0,0,0,0,0,0,0,0,0
0,0.052218,0.45589,0.46905,0.77129,0.651,0.43689,0.3153,1,0.79385,0.45455,0.20688,0.44259,0.096776,0.53912,0.35649,0,0,0.33568,0.27262,0.12375,0,0.57932,0.61353,0.44261,0.63434,0.34545,0.47907,0,0,0.37109,0.37188,0.34095,0.26593,0.60727,0.57753,0.064579,0,0,0,0,0,0.064842,0.068166,0.31795,0.20419,0.078771,0.05628,0,0,0.17373,0,0,0,0.016249,0,0,0,0.34639,0,0.54372,0.32963,0.47191,0.03167,0.60243,0.61788,0.51878,0.3638,0.19,0.32199,0.017899,0.1533,0.30948,0.29881,0.47459,0.41679,0.48304,0.42537,0,0,0,0,0,0,0.20982,0.0026038,0,0,0.33376,0.19268,0.20089,0.32782,0.21322,0.55124,0.12153,0.19909,0.22149,0.14569,0.081516,0.15997,0,0.31067,0,0.18591,0.16836,0.18407,0.16614,0.08823,0.095035,0.09745,0.2237,0.12414,0.082511,0.046473,0.1688,0.11198
0.15846,0.10049,0.42344,0.42215,0.81451,0.86572,0.41979,0.39611,0.79385,1,0.49419,0.35736,0.41965,0.29639,0.52007,0.57816,0.083263,0,0.34917,0.27981,0.20129,0.042739,0.51107,0.55688,0.35057,0.64885,0.35509,0.46859,0,0,0.51216,0.4973,0.43784,0.39464,0.5193,0.50668,0.039822,0,0,0,0,0,0,0.017368,0.17164,0.2338,0,0,0,0,0.072078,0,0,0,0,0,0.10842,0,0.33533,0,0.53892,0.48667,0.365,0.18469,0.45087,0.62406,0.45723,0.39788,0.27134,0.3252,0.21888,0.31041,0.27699,0.26997,0.40446,0.36528,0.42734,0.42335,0,0,0,0,0,0,0.16994,0.010218,0,0,0.16609,0.16715,0.10687,0.13204,0.13365,0.4039,0.097694,0.19704,0.050423,0.14925,0,0.076266,0,0.24286,0,0.14906,0.14205,0.22479,0.0032923,0,0.075174,0.064587,0.056491,0.015156,0,0,0.22562,0.0759
0.41047,0.25057,0.30673,0.31232,0.47099,0.49446,0.52512,0.42698,0.45455,0.49419,1,0.68681,0.80625,0.51945,0.59096,0.5926,0.29612,0.025476,0.3069,0.2786,0.10607,0.055801,0.3219,0.31241,0.18841,0.3533,0.18773,0.26647,0.24852,0.0208,0.32901,0.25489,0.4438,0.36467,0.39679,0.347,0,0,0,0,0,0,0,0,0.059824,0.17496,0,0,0.071374,0.13975,0.042854,0.080169,0,0,0,0,0.37041,0.29846,0.64988,0.33834,0.78381,0.69343,0.6385,0.4043,0.36565,0.55845,0.55305,0.48392,0.2922,0.38738,0.36406,0.41288,0.32426,0.16823,0.3566,0.3118,0.26054,0.3081,0,0,0,0,0.0419,0,0.04769,0,0,0,0.23673,0.15952,0,0,0,0.19753,0,0.11793,0,0,0,0,0,0.28719,0,0.15032,0.034853,0.1455,0,0,0.064054,0,0,0,0,0,0,0
0.53305,0.46243,0,0.3163,0.22954,0.31737,0.20662,0.56187,0.20688,0.35736,0.68681,1,0.45264,0.66154,0.16356,0.49733,0.40226,0.24958,0.26918,0.44023,0.13607,0.10919,0,0.032385,0.16135,0.27331,0.23936,0.26659,0.33829,0.29149,0.085901,0.14129,0.30555,0.39197,0,0.030946,0,0,0,0,0,0,0,0,0,0.22811,0,0,0.19761,0.41734,0.089913,0.32294,0.14756,0,0,0,0.51151,0.51981,0.46285,0.54227,0.4012,0.71088,0.3781,0.63761,0,0.2246,0.2518,0.3833,0.31886,0.41169,0.34518,0.18754,0.1793,0.19057,0.14094,0.15333,0.15387,0.22907,0.032039,0,0.17247,0,0.20433,0.086756,0,0.011904,0,0,0.10072,0.072539,0.080178,0,0,0,0,0.094539,0,0,0,0,0,0.2102,0,0.25727,0,0,0,0,0,0,0,0,0,0,0,0
0.33207,0.19241,0.48801,0.41836,0.52044,0.48518,0.67441,0.48028,0.44259,0.41965,0.80625,0.45264,1,0.47724,0.69808,0.57697,0.099701,0,0.33933,0.25841,0.21705,0.22992,0.50989,0.51435,0.15114,0.38059,0.26431,0.20983,0.1321,0,0.37362,0.372,0.41583,0.32148,0.47092,0.39254,0,0,0,0,0.064634,0,0,0,0.046301,0.12925,0,0,0,0,0,0,0,0,0,0,0.27053,0.18669,0.59059,0.15641,0.78458,0.60151,0.48381,0.22912,0.48315,0.63032,0.58616,0.53767,0.37122,0.43834,0.4874,0.56873,0.33607,0.25651,0.3627,0.29175,0.26318,0.29884,0,0,0,0,0.16699,0,0.15683,0,0.064401,0,0.30927,0.18835,0,0,0,0.19806,0,0.02436,0,0,0,0,0,0.28668,0,0.0098418,0,0.064415,0,0,0,0,0,0,0,0,0,0
0.4578,0.29529,0.12691,0.099755,0.22986,0.33472,0.25787,0.44077,0.096776,0.29639,0.51945,0.66154,0.47724,1,0.19918,0.39172,0.087003,0.091317,0.19252,0.20743,0.015278,0,0.086686,0.06913,0,0,0.046725,0,0.15932,0.1618,0.19979,0.12097,0.27608,0.34821,0,0,0.060161,0.112,0.10793,0.26735,0.11723,0.18541,0,0,0,0.054559,0,0,0.036841,0.30117,0.032192,0.1684,0.19014,0,0,0,0.30118,0.40649,0.34489,0.22745,0.32568,0.50643,0,0.29612,0,0.07831,0.17751,0.31623,0.45446,0.29154,0.27024,0.14247,0.11931,0.083195,0.19015,0.0043969,0.15454,0.16163,0.071992,0,0,0,0.13951,0.12428,0,0,0,0.021732,0.11491,0,0.093379,0,0,0,0.12523,0.21415,0,0.14104,0,0,0,0.064915,0,0,0,0,0,0,0,0.062164,0,0,0,0,0,0
0.11916,0,0.52567,0.35935,0.5503,0.54718,0.57994,0.27625,0.53912,0.52007,0.59096,0.16356,0.69808,0.19918,1,0.68477,0.16447,0,0.37053,0.19531,0.17548,0.16409,0.60503,0.61352,0,0.342,0.21502,0.21818,0.14153,0,0.38704,0.32058,0.2977,0.16447,0.64896,0.56474,0.042288,0,0,0.012101,0.26325,0.062144,0,0.0061077,0.25349,0.23494,0,0,0,0,0.048475,0,0,0,0,0,0,0,0.4063,0,0.65766,0.44764,0.53693,0.11613,0.71777,0.74336,0.5413,0.4574,0.31113,0.38752,0.30912,0.43531,0.58161,0.40445,0.53792,0.39283,0.31859,0.35256,0.084323,0,0.03166,0.02089,0.305,0,0.48453,0.012634,0.24728,0.09441,0.40455,0.26094,0,0.0090784,0,0.31761,0,0.0028193,0,0,0,0,0,0.22142,0,0.035737,0,0.18911,0,0,0,0,0,0,0,0,0,0
0.3863,0.29547,0.34766,0.50265,0.41408,0.62828,0.43997,0.5141,0.35649,0.57816,0.5926,0.49733,0.57697,0.39172,0.68477,1,0.44071,0.19433,0.46276,0.44562,0.23403,0.24521,0.3295,0.41096,0.043373,0.41054,0.33252,0.40741,0.29586,0.30021,0.37888,0.35774,0.24439,0.24847,0.30882,0.35171,0,0,0,0,0.1712,0,0,0,0,0.20854,0,0,0,0,0,0,0,0,0,0,0.31777,0.22901,0.30495,0.12676,0.48555,0.60712,0.44655,0.46197,0.3197,0.55879,0.32825,0.39835,0.44002,0.52534,0.4168,0.43868,0.4583,0.39124,0.42749,0.37976,0.13609,0.26294,0.21663,0,0.25903,0.16179,0.39162,0.10173,0.21096,0,0.14896,0.12638,0.3422,0.24038,0.00020754,0,0,0.019399,0,0,0,0,0,0,0,0.14055,0,0.17082,0,0.23424,0,0,0,0,0,0,0,0,0,0
0.17966,0.09833,0,0,0,0,0,0.045768,0,0.083263,0.29612,0.40226,0.099701,0.087003,0.16447,0.44071,1,0.7145,0,0.11046,0.14364,0.18381,0,0,0.043276,0.10982,0,0.16157,0.75696,0.65394,0,0.025889,0.070006,0.12069,0,0.054306,0,0,0,0,0.0065444,0,0,0.05047,0.12077,0.21455,0,0,0.27866,0.27709,0.029383,0.17997,0,0,0,0,0.39667,0.20401,0.12813,0.27499,0.18256,0.37747,0.43532,0.5533,0.0036602,0.16519,0.016968,0.08319,0,0.056307,0.3191,0.24401,0.28325,0.24926,0.058074,0.09899,0,0.082029,0.45689,0.10792,0.49759,0.39843,0.20146,0.14339,0.018876,0.11212,0.11157,0.1267,0,0,0,0,0,0,0,0,0,0,0,0,0,0.15238,0.026264,0.38059,0.069912,0.27233,0,0,0,0,0,0,0,0,0,0.15695
0.14484,0.1394,0,0,0,0,0,0,0,0,0.025476,0.24958,0,0.091317,0,0.19433,0.7145,1,0,0.07817,0,0,0,0,0,0,0,0,0.53811,0.70245,0,0,0,0,0,0,0,0,0,0,0,0,0,0,0,0,0,0,0.10693,0.21814,0,0.076273,0.030753,0.069946,0,0.047551,0.26822,0.27546,0,0.21424,0,0.13967,0.11177,0.43957,0,0,0,0,0.045852,0.017786,0.010972,0,0.20394,0.23667,0,0,0,0,0.43612,0.32327,0.3916,0.51844,0.06972,0.31888,0,0.05967,0,0.073599,0,0,0,0,0,0,0,0,0,0,0.042579,0.064134,0.19619,0.034989,0.097295,0.20347,0,0.013593,0,0.12873,0.10405,0,0,0.053544,0,0,0,0.08381
0.60077,0.60729,0.66184,0.8045,0.2555,0.40258,0.59265,0.59398,0.33568,0.34917,0.3069,0.26918,0.33933,0.19252,0.37053,0.46276,0,0,1,0.88963,0.18876,0.17875,0.59909,0.60506,0,0.31262,0.37832,0.39316,0,0,0.44778,0.47748,0.41971,0.43775,0.28418,0.41944,0,0.094165,0.22998,0.23102,0.12649,0.25813,0.10639,0.030233,0.010272,0.29778,0.21093,0.16789,0,0,0.062908,0,0.18853,0,0.38453,0.21686,0.34385,0.35442,0.18855,0.082404,0.18519,0.15939,0.18605,0.025764,0.18568,0.23095,0.48268,0.51221,0.74521,0.82087,0.049866,0.10146,0.27885,0.33032,0.38139,0.42766,0.34553,0.45549,0,0,0.2059,0,0.28509,0.14546,0.19974,0.09368,0.1765,0.29567,0.63322,0.50692,0.40908,0.0028855,0.11665,0.33003,0.11749,0.25082,0,0.20863,0,0.13263,0,0.39157,0,0.26922,0,0,0,0,0,0,0,0,0.013618,0,0,0
0.60882,0.75588,0.36974,0.84561,0.13711,0.30222,0.36432,0.69039,0.27262,0.27981,0.2786,0.44023,0.25841,0.20743,0.19531,0.44562,0.11046,0.07817,0.88963,1,0.19593,0.28412,0.37055,0.43764,0.077829,0.35771,0.4388,0.5002,0,0.037987,0.21663,0.35872,0.27134,0.3943,0.05223,0.26137,0,0.098958,0.16217,0.121,0.10224,0.30404,0.030123,0.021791,0,0.35025,0.16013,0.13844,0,0.032912,0.032809,0.028999,0.23914,0,0.38892,0.17791,0.49275,0.54143,0.16188,0.28995,0.093974,0.25813,0.25605,0.24693,0,0.12547,0.34768,0.46298,0.6502,0.81731,0.10464,0.019838,0.28644,0.32472,0.28989,0.37697,0.33137,0.43967,0.09511,0,0.42295,0,0.37583,0.28066,0.11768,0.10377,0.22545,0.3075,0.56793,0.3965,0.42155,0,0,0.14989,0.031665,0.22463,0,0.13024,0,0.14466,0,0.37287,0,0.39889,0,0,0.0024485,0,0,0,0,0,0.069659,0,0,0
0.22979,0.18169,0.203,0.28091,0.36215,0.21769,0.32083,0.31898,0.12375,0.20129,0.10607,0.13607,0.21705,0.015278,0.17548,0.23403,0.14364,0,0.18876,0.19593,1,0.7429,0.26275,0.2801,0.26502,0.34635,0.52119,0.39268,0.0051783,0,0.21425,0.29272,0.21404,0.23147,0.16859,0.30548,0.19294,0.12501,0.15959,0.16954,0.35266,0.20041,0.16014,0.14168,0.23164,0.40982,0.026217,0.11513,0.19009,0.22427,0.18661,0.19997,0,0,0.068678,0.142,0.20921,0.10801,0.22209,0.18148,0.16806,0.22293,0.01959,0.07954,0.13064,0.24832,0.31655,0.40776,0.16246,0.28538,0.35037,0.34622,0.22064,0.38281,0.24905,0.27496,0.33234,0.38387,0.29875,0,0.26563,0.16782,0.30082,0.18114,0.31826,0.29009,0.3015,0.41026,0.20566,0.28601,0.017383,0,0,0.082242,0,0,0,0.010764,0,0.033386,0,0.081896,0,0.072025,0.021463,0.20513,0,0,0,0,0,0,0,0,0,0
0.20786,0.29067,0.11492,0.37374,0.17606,0.095217,0.25565,0.38641,0,0.042739,0.055801,0.10919,0.22992,0,0.16409,0.24521,0.18381,0,0.17875,0.28412,0.7429,1,0.21712,0.2609,0.31017,0.35928,0.55389,0.44102,0.10365,0.10088,0.06952,0.2639,0.10448,0.12892,0.082694,0.21377,0.067415,0.095309,0.099508,0.065035,0.35781,0.27199,0.099793,0.12918,0.17922,0.40066,0,0.029846,0.16476,0.16291,0.082346,0.20894,0,0,0.056452,0.019363,0.29635,0.21677,0.18291,0.31476,0.1227,0.21101,0.084113,0.10884,0.10748,0.21889,0.30822,0.43721,0.11727,0.35641,0.46652,0.38482,0.20509,0.31174,0.12438,0.23276,0.26894,0.37042,0.32583,0,0.40437,0.19296,0.51374,0.3106,0.33324,0.24701,0.50269,0.52524,0.25634,0.25986,0,0,0,0,0,0,0,0,0,0,0,0.066191,0,0.11723,0,0.15869,0,0,0,0,0,0,0,0,0,0
0.16635,0.090138,0.9132,0.63077,0.62499,0.53693,0.80916,0.44686,0.57932,0.51107,0.3219,0,0.50989,0.086686,0.60503,0.3295,0,0,0.59909,0.37055,0.26275,0.21712,1,0.96265,0.19896,0.44151,0.39065,0.2866,0,0,0.55367,0.58125,0.46901,0.31146,0.71324,0.64655,0.096596,0.02001,0.14492,0.14033,0.15523,0.1088,0.22622,0.097849,0.27639,0.23942,0.17893,0.15592,0,0,0.15869,0,0,0,0.11274,0.022006,0,0,0.31506,0,0.46688,0.12044,0.14653,0,0.66619,0.58344,0.65584,0.51377,0.45305,0.5135,0.12347,0.33563,0.33003,0.28654,0.49096,0.44656,0.45657,0.44233,0,0,0,0,0.056684,0,0.36973,0.052098,0.082606,0.037793,0.50126,0.4965,0.24215,0.31087,0.31234,0.64014,0.10263,0.14699,0.099406,0.13016,0,0.0094701,0,0.2562,0,0,0.058586,0.11448,0,0,0,0.021175,0.08857,0,0.02717,0.087884,0.15843,0
0.12962,0.11869,0.85623,0.72023,0.62313,0.55831,0.73995,0.531,0.61353,0.55688,0.31241,0.032385,0.51435,0.06913,0.61352,0.41096,0,0,0.60506,0.43764,0.2801,0.2609,0.96265,1,0.24178,0.52203,0.43853,0.35704,0,0,0.48981,0.57573,0.37668,0.26973,0.67296,0.63707,0.086793,0.026438,0.1443,0.10851,0.18718,0.14211,0.17899,0.087272,0.24517,0.25409,0.17728,0.15942,0,0,0.14152,0,0,0,0.12503,0,0,0,0.25414,0,0.4261,0.19305,0.18174,0,0.6333,0.62605,0.58124,0.48655,0.43669,0.52732,0.12356,0.30714,0.36319,0.31773,0.49329,0.47627,0.46683,0.4598,0,0,0,0,0.095215,0,0.3645,0.070701,0.090545,0.022938,0.52407,0.49377,0.29714,0.30584,0.33267,0.59717,0.061766,0.11916,0.071242,0.095584,0,0.033353,0,0.20971,0,0,0.065532,0.13734,0,0,0,0,0.074129,0.00059937,0.075062,0.043309,0.1143,0
0,0,0.060026,0.30917,0.52923,0.2763,0.18863,0.21303,0.44261,0.35057,0.18841,0.16135,0.15114,0,0,0.043373,0.043276,0,0,0.077829,0.26502,0.31017,0.19896,0.24178,1,0.7455,0.56801,0.6381,0,0,0.078611,0.23406,0.15478,0.11357,0.13473,0.16549,0,0,0,0,0,0,0.033114,0.032239,0.29809,0.25504,0,0,0.20346,0.10991,0.11489,0.14431,0,0.045308,0,0,0.13558,0,0.15096,0.15958,0.23703,0.15374,0.38447,0.20813,0.20549,0.2655,0.26337,0.20859,0,0,0.1536,0.12808,0,0.048107,0,0.13059,0.17744,0.20928,0,0,0.10551,0.059599,0,0,0,0.11553,0,0,0,0.056312,0,0.069442,0,0.15401,0,0,0,0,0,0,0,0.17237,0,0.2242,0.2977,0.39187,0.045126,0,0,0,0,0,0.060268,0,0.062183,0.35079
0.091321,0.17143,0.30612,0.57952,0.67737,0.58959,0.38825,0.47329,0.63434,0.64885,0.3533,0.27331,0.38059,0,0.342,0.41054,0.10982,0,0.31262,0.35771,0.34635,0.35928,0.44151,0.52203,0.7455,1,0.60173,0.73602,0,0,0.44063,0.57514,0.36408,0.38009,0.35111,0.43808,0,0,0,0,0,0,0.03465,0.047308,0.26654,0.33754,0,0,0,0,0.013942,0,0,0,0,0,0.2296,0.060419,0.22035,0.031724,0.401,0.35704,0.45745,0.28593,0.3592,0.52624,0.40931,0.35535,0.042912,0.27816,0.23507,0.28907,0.12361,0.24007,0.17379,0.31355,0.33235,0.37775,0,0,0.15845,0,0.032598,0,0.10297,0.073865,0,0,0.19645,0.17745,0.023348,0.062875,0,0.29143,0,0,0,0,0,0,0,0.23922,0,0.31609,0.21328,0.33484,0.033426,0,0,0,0,0,0.024489,0,0.0076627,0.13114
0.21745,0.26817,0.33762,0.60763,0.49746,0.44607,0.44224,0.56948,0.34545,0.35509,0.18773,0.23936,0.26431,0.046725,0.21502,0.33252,0,0,0.37832,0.4388,0.52119,0.55389,0.39065,0.43853,0.56801,0.60173,1,0.76948,0,0,0.22598,0.36148,0.19004,0.2232,0.15052,0.30908,0,0,0.05291,0,0.29004,0.16737,0.16068,0.14928,0.19808,0.47293,0.058813,0.12329,0.10391,0.077211,0.17463,0.11152,0.016445,0,0.057645,0,0.22333,0.14004,0.12222,0.1167,0.19857,0.21224,0.19271,0.12045,0.1316,0.29375,0.3792,0.49787,0.18532,0.40929,0.30234,0.21243,0.18501,0.30607,0.21432,0.27718,0.3378,0.38434,0.14414,0,0.26897,0,0.37614,0.091822,0.31016,0.18946,0.27985,0.2845,0.35571,0.27726,0.19002,0,0,0.10229,0,0,0,0,0,0,0,0.096388,0,0.15303,0.014794,0.19054,0,0,0,0,0,0,0.0070521,0,0,0
0.194,0.33818,0.21452,0.61142,0.51143,0.53239,0.3204,0.47557,0.47907,0.46859,0.26647,0.26659,0.20983,0,0.21818,0.40741,0.16157,0,0.39316,0.5002,0.39268,0.44102,0.2866,0.35704,0.6381,0.73602,0.76948,1,0,0,0.22101,0.37349,0.17414,0.22182,0.18396,0.34488,0,0,0,0,0,0,0.07467,0.060519,0.21944,0.3944,0,0.039046,0.071763,0,0.10982,0,0,0,0.046323,0,0.35547,0.1802,0.17725,0.18492,0.26327,0.24457,0.44598,0.2761,0.20918,0.34061,0.3884,0.39019,0.082431,0.36788,0.24638,0.1961,0.22015,0.30384,0.22801,0.3887,0.34242,0.4092,0.01337,0,0.33611,0.048848,0.16821,0,0.099635,0.10452,0.088413,0.068344,0.30191,0.24938,0.14689,0,0,0.2032,0,0,0,0,0,0.03837,0,0.2809,0,0.41581,0.095419,0.25579,0.036035,0,0,0,0,0,0.094035,0,0,0.014812
0.15432,0,0,0,0,0,0,0,0,0,0.24852,0.33829,0.1321,0.15932,0.14153,0.29586,0.75696,0.53811,0,0,0.0051783,0.10365,0,0,0,0,0,0,1,0.74759,0,0,0.0070694,0.022418,0,0,0,0,0,0,0,0,0,0,0.093353,0.1853,0,0,0.31036,0.3628,0.032979,0.27792,0,0,0,0,0.2645,0.076049,0.17649,0.27165,0.13781,0.29457,0.32884,0.49879,0,0.058794,0.041048,0.11781,0,0,0.30104,0.1993,0.2526,0.14781,0.006677,0,0,0,0.4632,0.17912,0.4046,0.3486,0.22605,0.15333,0,0.086871,0.16781,0.12481,0,0,0,0,0,0,0,0,0,0,0,0,0,0.1315,0,0.21949,0,0.069369,0,0,0,0,0,0,0,0,0,0.052115
0.12046,0.068134,0,0,0,0,0,0.034372,0,0,0.0208,0.29149,0,0.1618,0,0.30021,0.65394,0.70245,0,0.037987,0,0.10088,0,0,0,0,0,0,0.74759,1,0,0,0,0,0,0,0,0,0,0,0.095492,0.034141,0,0,0,0.003238,0,0,0.15723,0.30056,0,0.23156,0.082061,0.042392,0,0,0.22446,0.21439,0,0.29122,0,0.20432,0.044602,0.49482,0,0,0,0,0,0.0094452,0.22205,0.034175,0.12262,0.1802,0,0,0,0,0.58789,0.37766,0.52148,0.61469,0.34846,0.48708,0,0.069473,0.26045,0.17739,0,0,0,0,0,0,0,0,0,0,0,0,0.073196,0,0.021208,0.10947,0,0.055179,0,0,0,0,0,0,0,0,0,0.14111
0.29851,0.18972,0.61208,0.37018,0.53018,0.53165,0.5991,0.35347,0.37109,0.51216,0.32901,0.085901,0.37362,0.19979,0.38704,0.37888,0,0,0.44778,0.21663,0.21425,0.06952,0.55367,0.48981,0.078611,0.44063,0.22598,0.22101,0,0,1,0.85101,0.70597,0.66778,0.53761,0.56431,0.008621,0.058586,0.0072724,0.12149,0,0,0.19726,0.077509,0.18757,0.18016,0.057145,0.12111,0,0,0.031544,0,0,0,0.047031,0.096571,0.18049,0.11525,0.10055,0,0.34993,0.19411,0.058134,0,0.33705,0.37892,0.43176,0.31625,0.37665,0.35053,0.072318,0.26363,0.17468,0.24216,0.34337,0.31385,0.32192,0.33713,0,0,0,0,0,0,0.17619,0.034914,0,0.032381,0.29228,0.23047,0.14191,0.15379,0.26702,0.3768,0.10551,0.07767,0.12806,0.13681,0.054406,0.15517,0,0.20335,0.17112,0.15464,0.2855,0.25028,0.086097,0.054401,0.091309,0.069772,0.037371,0.030879,0,0.26974,0.37512,0
0.31664,0.30598,0.5567,0.55399,0.50511,0.44947,0.56586,0.50881,0.37188,0.4973,0.25489,0.14129,0.372,0.12097,0.32058,0.35774,0.025889,0,0.47748,0.35872,0.29272,0.2639,0.58125,0.57573,0.23406,0.57514,0.36148,0.37349,0,0,0.85101,1,0.72674,0.72892,0.4606,0.51976,0,0.12647,0,0.026759,0,0.014119,0.20062,0.098186,0.21251,0.25998,0.062688,0.12081,0,0,0.029517,0,0,0,0.090186,0.10818,0.2916,0.20683,0.093255,0,0.3023,0.24484,0.13877,0.10283,0.3129,0.38675,0.42766,0.35822,0.27927,0.37335,0.19211,0.28653,0.15607,0.20972,0.25225,0.32276,0.40133,0.38836,0,0,0.074316,0,0.030846,0,0.15612,0.095471,0.0088073,0.072699,0.28462,0.27282,0.19365,0.1015,0.19789,0.33574,0.093762,0.0866,0.039723,0.10853,0.017092,0.12982,0,0.27204,0.068878,0.25016,0.1985,0.17321,0.091403,0.00032357,0.079337,0,0,0,0,0.14154,0.23493,0.014528
0.45681,0.34874,0.45919,0.33329,0.46798,0.35555,0.56302,0.39971,0.34095,0.43784,0.4438,0.30555,0.41583,0.27608,0.2977,0.24439,0.070006,0,0.41971,0.27134,0.21404,0.10448,0.46901,0.37668,0.15478,0.36408,0.19004,0.17414,0.0070694,0,0.70597,0.72674,1,0.90618,0.49893,0.51972,0,0.093446,0,0,0,0,0.0524,0,0.27541,0.34631,0,0,0.069476,0.09542,0.10552,0,0,0,0,0.063181,0.40766,0.33143,0.42564,0.18022,0.53536,0.40544,0.24751,0.12075,0.31376,0.3653,0.64573,0.55889,0.27256,0.32986,0.2206,0.28224,0.13551,0.097091,0.31905,0.25264,0.4324,0.43347,0,0,0,0,0,0,0.085194,0,0,0.018829,0.1594,0.10548,0.031629,0,0.028873,0.2881,0.20069,0.22387,0,0.1733,0,0.034296,0,0.30481,0.093755,0.20559,0.11951,0.032625,0.12842,0.10777,0.24682,0.057873,0,0,0,0.037355,0.19738,0
0.51388,0.48947,0.2939,0.3763,0.38571,0.31475,0.41479,0.52344,0.26593,0.39464,0.36467,0.39197,0.32148,0.34821,0.16447,0.24847,0.12069,0,0.43775,0.3943,0.23147,0.12892,0.31146,0.26973,0.11357,0.38009,0.2232,0.22182,0.022418,0,0.66778,0.72892,0.90618,1,0.3232,0.43476,0,0.21375,0,0.10027,0,0.063392,0.060915,0,0.19123,0.3919,0,0.004551,0.052332,0.10659,0.053013,0,0,0,0.095843,0.11625,0.51965,0.48943,0.27803,0.20215,0.37735,0.43697,0.20496,0.2782,0.087348,0.22088,0.48784,0.48344,0.28187,0.33992,0.15067,0.13999,0.12734,0.15467,0.26549,0.25165,0.47419,0.47855,0,0,0.04264,0,0.077262,0,0.046282,0,0,0.07869,0.16003,0,0.15513,0,0,0.14252,0.19637,0.27417,0,0.24518,0,0.14731,0,0.26717,0.12796,0.30136,0.040623,0,0.18586,0.064265,0.10315,0.061335,0,0,0,0,0.10724,0
0,0,0.62634,0.29054,0.57235,0.44218,0.56748,0.15955,0.60727,0.5193,0.39679,0,0.47092,0,0.64896,0.30882,0,0,0.28418,0.05223,0.16859,0.082694,0.71324,0.67296,0.13473,0.35111,0.15052,0.18396,0,0,0.53761,0.4606,0.49893,0.3232,1,0.90163,0.24005,0.088134,0,0.03947,0.030422,0,0.30368,0.21308,0.553,0.36819,0.15822,0.15004,0.046344,0,0.23245,0,0,0,0,0,0,0,0.3281,0,0.63933,0.23821,0.40485,0,0.87529,0.75971,0.72157,0.51937,0.12272,0.19916,0.065855,0.32012,0.43322,0.27894,0.52469,0.39527,0.55448,0.54225,0,0,0,0,0,0,0.42865,0.044257,0,0,0.27202,0.2037,0.098136,0.1891,0.1055,0.48113,0.076628,0.16765,0.14393,0.16495,0,0.086281,0,0.19654,0,0.091326,0.19012,0.2438,0.11223,0.064984,0.10171,0.073361,0.23394,0.10729,0,0.1155,0.24548,0.074219
0,0,0.56246,0.44065,0.54562,0.44474,0.54792,0.31491,0.57753,0.50668,0.347,0.030946,0.39254,0,0.56474,0.35171,0.054306,0,0.41944,0.26137,0.30548,0.21377,0.64655,0.63707,0.16549,0.43808,0.30908,0.34488,0,0,0.56431,0.51976,0.51972,0.43476,0.90163,1,0.31003,0.22817,0.067134,0.12865,0.12504,0.032364,0.39365,0.31614,0.62212,0.61235,0.26253,0.26846,0.18197,0,0.37311,0,0,0,0.15726,0.0023025,0,0,0.30364,0,0.55217,0.29595,0.39906,0,0.75076,0.72525,0.78114,0.67769,0.18531,0.35006,0.046783,0.22375,0.48994,0.37983,0.58184,0.46026,0.64885,0.67885,0,0,0.083669,0,0.019751,0,0.51481,0.19701,0.05857,0.12844,0.36824,0.24096,0.27835,0.11851,0.05713,0.43043,0.033677,0.20654,0.14487,0.22717,0.039521,0.23505,0,0.27901,0.034239,0.30875,0.17363,0.22692,0.19373,0.039024,0,0.034893,0.22144,0.12758,0.054928,0.078772,0.13351,0
0,0,0.014188,0,0.05626,0,0,0,0.064579,0.039822,0,0,0,0.060161,0.042288,0,0,0,0,0,0.19294,0.067415,0.096596,0.086793,0,0,0,0,0,0,0.008621,0,0,0,0.24005,0.31003,1,0.70866,0.63707,0.66842,0.50515,0.51791,0.56013,0.62049,0.45149,0.41946,0.64689,0.59162,0.38478,0.24332,0.43006,0.29099,0.11875,0,0.4252,0.27848,0,0,0,0,0,0,0,0,0.14303,0.055666,0.1197,0.19808,0,0,0,0,0.22988,0.1492,0.25788,0.034618,0.42539,0.32077,0.34232,0,0.1546,0,0.029298,0.072898,0.59963,0.38484,0.13547,0.32734,0.048956,0,0.37677,0.14899,0.16955,0.12922,0.045883,0.1835,0.39777,0.47779,0.5223,0.50149,0.18765,0.032079,0.099853,0.077775,0.03783,0,0.22915,0.089476,0,0.16388,0.5604,0.46726,0.18897,0.17301,0.21249,0.058902
0,0.035553,0,0.045275,0,0,0,0.1478,0,0,0,0,0,0.112,0,0,0,0,0.094165,0.098958,0.12501,0.095309,0.02001,0.026438,0,0,0,0,0,0,0.058586,0.12647,0.093446,0.21375,0.088134,0.22817,0.70866,1,0.57981,0.71673,0.48711,0.67772,0.50058,0.51942,0.3717,0.46304,0.54207,0.56238,0.40585,0.2929,0.45317,0.31373,0.22788,0,0.51553,0.37565,0,0,0,0,0,0.014576,0,0,0,0,0.10762,0.26224,0.052827,0.10622,0,0,0.13475,0.11658,0.14175,0.021495,0.40367,0.3442,0.39535,0,0.36421,0.044577,0.29134,0.31726,0.54419,0.43269,0.33704,0.51369,0.1154,0,0.43148,0,0.038833,0,0.07621,0.2297,0.30054,0.44505,0.4453,0.47888,0.17284,0.18172,0.14052,0.29591,0,0,0.25281,0.058408,0,0.11243,0.39933,0.27662,0.084898,0,0,0
0.0113,0.023142,0.16968,0.10007,0,0,0.07131,0.15027,0,0,0,0,0,0.10793,0,0,0,0,0.22998,0.16217,0.15959,0.099508,0.14492,0.1443,0,0,0.05291,0,0,0,0.0072724,0,0,0,0,0.067134,0.63707,0.57981,1,0.90753,0.56856,0.73359,0.47113,0.42316,0.13246,0.2335,0.66583,0.57097,0.030269,0.029203,0.18473,0.10153,0.31691,0.086947,0.62561,0.40167,0,0,0,0,0,0,0,0,0,0,0,0.15729,0.2961,0.23536,0,0,0.07301,0.10918,0.11333,0,0.22568,0.20392,0.32067,0,0.17108,0,0.33448,0.45784,0.47358,0.28583,0.41102,0.52016,0.40836,0.17215,0.43616,0.041014,0.24548,0.069355,0.10963,0.18499,0.33963,0.42946,0.4042,0.32726,0.16924,0.037183,0,0,0,0,0.0072268,0.058696,0,0.11951,0.27095,0.2716,0.18778,0.035276,0,0
0.099345,0.043129,0.19081,0.015677,0,0,0.097685,0.12465,0,0,0,0,0,0.26735,0.012101,0,0,0,0.23102,0.121,0.16954,0.065035,0.14033,0.10851,0,0,0,0,0,0,0.12149,0.026759,0,0.10027,0.03947,0.12865,0.66842,0.71673,0.90753,1,0.55391,0.757,0.42585,0.39785,0.1074,0.24347,0.60866,0.53027,0.084622,0.14101,0.23652,0.14185,0.29605,0.015692,0.58778,0.43714,0,0,0,0,0,0,0,0,0,0,0.043665,0.21012,0.37356,0.23529,0,0,0.067428,0.14242,0.15195,0,0.25244,0.22742,0.30266,0,0.088997,0,0.30033,0.42541,0.45742,0.247,0.33022,0.53612,0.312,0.10551,0.39516,0,0.19892,0.01598,0.20786,0.28691,0.35776,0.54276,0.40851,0.33569,0.16511,0.011959,0,0,0,0,0.024201,0.062931,0,0.23237,0.33417,0.20583,0,0,0,0
0,0,0.12621,0.14498,0.073164,0.041672,0.17563,0.17631,0,0,0,0,0.064634,0.11723,0.26325,0.1712,0.0065444,0,0.12649,0.10224,0.35266,0.35781,0.15523,0.18718,0,0,0.29004,0,0,0.095492,0,0,0,0,0.030422,0.12504,0.50515,0.48711,0.56856,0.55391,1,0.71724,0.33488,0.41227,0.21268,0.39092,0.23585,0.33011,0.14962,0.10863,0.21851,0.15242,0.055415,0,0.13246,0,0,0,0,0,0,0.002575,0,0,0.08482,0.14223,0.068183,0.29764,0.18512,0.23496,0.13116,0.082711,0.2476,0.37494,0.1866,0.012008,0.059089,0.10909,0.56472,0,0.3654,0.22967,0.66018,0.53367,0.6682,0.36034,0.60832,0.66142,0.20718,0.11149,0.11032,0,0,0,0,0,0,0,0.012727,0.086068,0,0,0,0,0,0.059913,0,0,0,0,0,0.16147,0,0,0,0.025727
0.1446,0.14522,0.066696,0.19892,0,0,0.073519,0.24518,0,0,0,0,0,0.18541,0.062144,0,0,0,0.25813,0.30404,0.20041,0.27199,0.1088,0.14211,0,0,0.16737,0,0,0.034141,0,0.014119,0,0.063392,0,0.032364,0.51791,0.67772,0.73359,0.757,0.71724,1,0.34355,0.38114,0.13113,0.34724,0.44732,0.44356,0.17068,0.19303,0.22017,0.23522,0.27102,0.058886,0.447,0.27704,0,0.042166,0,0,0,0,0,0,0,0,0.020167,0.26032,0.30703,0.32665,0,0,0.18343,0.24217,0.11636,0.0093773,0.23179,0.22643,0.4553,0,0.38179,0.076676,0.57015,0.64241,0.52465,0.36679,0.51586,0.62791,0.24497,0.1546,0.34175,0,0.064638,0,0,0.046505,0.0735,0.26043,0.24872,0.23249,0.015202,0.13382,0,0.086717,0,0,0,0,0,0,0.12287,0.12048,0.12433,0,0,0
0,0,0.1789,0.12953,0.0028918,0,0.1251,0.026852,0.064842,0,0,0,0,0,0,0,0,0,0.10639,0.030123,0.16014,0.099793,0.22622,0.17899,0.033114,0.03465,0.16068,0.07467,0,0,0.19726,0.20062,0.0524,0.060915,0.30368,0.39365,0.56013,0.50058,0.47113,0.42585,0.33488,0.34355,1,0.87883,0.67299,0.53176,0.79466,0.86939,0.34,0.027435,0.44081,0.11973,0.072358,0.0037507,0.52721,0.40649,0,0,0,0,0,0,0,0,0.24226,0.046247,0.15062,0.12759,0,0,0,0,0.14719,0.15095,0.13165,0.038548,0.30904,0.29962,0.33481,0.0070359,0.38268,0.16503,0.080554,0.10488,0.55741,0.3965,0.25927,0.40053,0.22979,0.12761,0.42228,0.17999,0.11533,0.19459,0,0.049035,0.4234,0.34595,0.47442,0.55927,0.052566,0.14037,0.16428,0.29948,0.16997,0.13175,0.17378,0.090331,0,0.054952,0.53701,0.58527,0.41085,0.24784,0.13681,0.037461
0,0,0.01072,0.082594,0.010892,0,0,0,0.068166,0.017368,0,0,0,0,0.0061077,0,0.05047,0,0.030233,0.021791,0.14168,0.12918,0.097849,0.087272,0.032239,0.047308,0.14928,0.060519,0,0,0.077509,0.098186,0,0,0.21308,0.31614,0.62049,0.51942,0.42316,0.39785,0.41227,0.38114,0.87883,1,0.60774,0.55092,0.74898,0.81572,0.3738,0.083022,0.40422,0.18692,0.05051,0,0.45647,0.26968,0,0,0,0,0,0,0,0,0.18213,0.046042,0.076191,0.11876,0,0,0,0,0.1311,0.10421,0.092767,0,0.23938,0.22431,0.40318,0,0.41109,0.096921,0.1401,0.12727,0.60803,0.427,0.25109,0.38778,0.15213,0.050013,0.33226,0.052972,0,0.022668,0,0.0026848,0.28337,0.2722,0.3906,0.4636,0,0.060279,0.084091,0.29758,0.10194,0.12595,0.060982,0,0,0,0.48114,0.48947,0.29384,0.1164,0.060781,0.0081707
0,0,0.15213,0.11503,0.27988,0.031599,0.25048,0.062586,0.31795,0.17164,0.059824,0,0.046301,0,0.25349,0,0.12077,0,0.010272,0,0.23164,0.17922,0.27639,0.24517,0.29809,0.26654,0.19808,0.21944,0.093353,0,0.18757,0.21251,0.27541,0.19123,0.553,0.62212,0.45149,0.3717,0.13246,0.1074,0.21268,0.13113,0.67299,0.60774,1,0.75157,0.40188,0.47272,0.58407,0.2084,0.57925,0.27075,0,0,0.20542,0.1125,0,0,0.12892,0,0.26289,0.081263,0.33655,0,0.57349,0.46088,0.51993,0.45092,0,0,0,0,0.2498,0.21804,0.24271,0.13706,0.40014,0.3988,0.22539,0.1083,0.34748,0.21958,0.09258,0,0.5915,0.44081,0.26316,0.20815,0.15338,0.092505,0.20371,0.16173,0,0.25668,0,0,0.24638,0.15161,0.20769,0.36148,0,0.2657,0.17734,0.37794,0.30417,0.34134,0.24465,0.093377,0,0,0.41553,0.40076,0.28491,0.12988,0.14199,0.26215
0.046751,0.066608,0.11762,0.37999,0.28354,0.16003,0.29945,0.4238,0.20419,0.2338,0.17496,0.22811,0.12925,0.054559,0.23494,0.20854,0.21455,0,0.29778,0.35025,0.40982,0.40066,0.23942,0.25409,0.25504,0.33754,0.47293,0.3944,0.1853,0.003238,0.18016,0.25998,0.34631,0.3919,0.36819,0.61235,0.41946,0.46304,0.2335,0.24347,0.39092,0.34724,0.53176,0.55092,0.75157,1,0.37167,0.44098,0.62497,0.40986,0.56295,0.40824,0.038605,0,0.31627,0.14412,0.10659,0,0.20022,0.13648,0.26404,0.32416,0.32729,0.19633,0.3051,0.40446,0.59726,0.73255,0,0.28203,0.099632,0.01893,0.3051,0.2724,0.29005,0.18038,0.50784,0.59073,0.31553,0,0.52123,0.014279,0.43238,0.067286,0.63153,0.41149,0.42703,0.48082,0.28238,0.13688,0.34623,0,0,0.042234,0,0.091305,0,0.19132,0.061435,0.33456,0,0.29697,0,0.53515,0.052402,0.16277,0.10677,0,0,0,0.1329,0.13101,0.085432,0,0,0
0,0,0.14326,0.15004,0,0,0,0.044703,0.078771,0,0,0,0,0,0,0,0,0,0.21093,0.16013,0.026217,0,0.17893,0.17728,0,0,0.058813,0,0,0,0.057145,0.062688,0,0,0.15822,0.26253,0.64689,0.54207,0.66583,0.60866,0.23585,0.44732,0.79466,0.74898,0.40188,0.37167,1,0.90112,0.24764,0.026675,0.38135,0.13227,0.32545,0.15084,0.79834,0.59028,0,0,0,0,0,0,0,0,0.028696,0,0.051151,0.076011,0,0.040683,0,0,0.087909,0.03764,0.1485,0.049638,0.39644,0.33571,0.18772,0,0.22181,0,0,0.1182,0.41899,0.30533,0.070248,0.27842,0.33009,0.19505,0.68061,0.29302,0.30087,0.27911,0.30342,0.40988,0.64873,0.66319,0.70951,0.6572,0.2652,0.16875,0.20788,0.25108,0,0,0.21405,0.1644,0,0.36819,0.64788,0.5387,0.45475,0.22748,0.088813,0
0,0,0.12688,0.162,0,0,0.021869,0.03941,0.05628,0,0,0,0,0,0,0,0,0,0.16789,0.13844,0.11513,0.029846,0.15592,0.15942,0,0,0.12329,0.039046,0,0,0.12111,0.12081,0,0.004551,0.15004,0.26846,0.59162,0.56238,0.57097,0.53027,0.33011,0.44356,0.86939,0.81572,0.47272,0.44098,0.90112,1,0.33058,0.094484,0.46457,0.21277,0.30196,0.2007,0.68807,0.59421,0,0,0,0,0,0,0,0,0.047612,0,0.025206,0.062131,0,0.061009,0,0,0.071677,0.059059,0.11309,0.045857,0.32514,0.3193,0.25346,0,0.33924,0.0057038,0.067238,0.21495,0.49533,0.42381,0.16832,0.39913,0.25432,0.23746,0.62013,0.27262,0.2495,0.23347,0.10319,0.19076,0.56157,0.51023,0.62802,0.67551,0.20103,0.14104,0.24047,0.338,0.0998,0.042701,0.18124,0.078606,0,0.22844,0.64466,0.62493,0.4372,0.25638,0.10397,0
0,0,0,0,0.0016073,0,0,0,0,0,0.071374,0.19761,0,0.036841,0,0,0.27866,0.10693,0,0,0.19009,0.16476,0,0,0.20346,0,0.10391,0.071763,0.31036,0.15723,0,0,0.069476,0.052332,0.046344,0.18197,0.38478,0.40585,0.030269,0.084622,0.14962,0.17068,0.34,0.3738,0.58407,0.62497,0.24764,0.33058,1,0.82428,0.80893,0.83729,0.31836,0.23132,0.27287,0.31656,0,0,0.25481,0.37021,0.066819,0.121,0.14992,0.08689,0.03524,0.045573,0.30413,0.38924,0,0,0,0,0.1308,0.09244,0.13857,0.051523,0.31377,0.34311,0.26041,0,0.38827,0.12264,0.14154,0.10357,0.37804,0.50565,0.22082,0.30109,0,0.10645,0.3026,0,0,0.0062336,0,0.058193,0.1547,0.16044,0.2417,0.3901,0.099749,0.22256,0.2541,0.4201,0.20689,0.19582,0.25618,0.061992,0,0,0.27592,0.22477,0.14921,0.041568,0.041863,0.17349
0.19789,0.069879,0,0,0,0,0,0.053918,0,0,0.13975,0.41734,0,0.30117,0,0,0.27709,0.21814,0,0.032912,0.22427,0.16291,0,0,0.10991,0,0.077211,0,0.3628,0.30056,0,0,0.09542,0.10659,0,0,0.24332,0.2929,0.029203,0.14101,0.10863,0.19303,0.027435,0.083022,0.2084,0.40986,0.026675,0.094484,0.82428,1,0.65503,0.91261,0.45254,0.39684,0.19489,0.35372,0.1612,0.19392,0.3419,0.56803,0.0055383,0.26436,0,0.20862,0,0,0.15844,0.33076,0,0.093618,0.089907,0,0.070575,0.05703,0.075787,0,0.17494,0.20827,0.2528,0,0.27038,0.094224,0.17565,0.24787,0.15332,0.42911,0.16574,0.26917,0,0.16522,0.224,0,0,0,0.017706,0.082176,0.075898,0.15204,0.15934,0.25323,0.15873,0.22169,0.20593,0.31088,0.091007,0.056854,0.17119,0.081203,0.037401,0.037677,0.10028,0.01836,0,0,0.0043428,0.079462
0,0,0.14192,0.10258,0.16416,0,0.16474,0.085611,0.17373,0.072078,0.042854,0.089913,0,0.032192,0.048475,0,0.029383,0,0.062908,0.032809,0.18661,0.082346,0.15869,0.14152,0.11489,0.013942,0.17463,0.10982,0.032979,0,0.031544,0.029517,0.10552,0.053013,0.23245,0.37311,0.43006,0.45317,0.18473,0.23652,0.21851,0.22017,0.44081,0.40422,0.57925,0.56295,0.38135,0.46457,0.80893,0.65503,1,0.75395,0.52978,0.31638,0.43163,0.40821,0,0,0.17753,0.12666,0.059685,0.05593,0.026486,0,0.19679,0.1906,0.36367,0.42746,0,0.1271,0,0,0.21141,0.19136,0.34173,0.18895,0.35386,0.34477,0.20267,0,0.28209,0.12466,0.075854,0.028481,0.5152,0.61157,0.17028,0.28156,0.27308,0.32172,0.54585,0.25175,0.169,0.26885,0.0039227,0.053486,0.34005,0.22019,0.39829,0.54142,0.12829,0.19775,0.26647,0.33702,0.29111,0.23496,0.21657,0.082193,0,0.082426,0.45124,0.41126,0.25034,0.16567,0.17389,0.11993
0.066909,0.0032933,0,0,0,0,0,0.04108,0,0,0.080169,0.32294,0,0.1684,0,0,0.17997,0.076273,0,0.028999,0.19997,0.20894,0,0,0.14431,0,0.11152,0,0.27792,0.23156,0,0,0,0,0,0,0.29099,0.31373,0.10153,0.14185,0.15242,0.23522,0.11973,0.18692,0.27075,0.40824,0.13227,0.21277,0.83729,0.91261,0.75395,1,0.52163,0.46198,0.28025,0.40637,0.026309,0.068986,0.26472,0.49542,0,0.13382,0,0.077458,0,0,0.16275,0.3298,0,0.12177,0.060984,0,0.06234,0.048129,0.076831,0.0037198,0.14896,0.18461,0.25968,0,0.3151,0.1088,0.18589,0.26975,0.27245,0.54839,0.25574,0.32477,0.018378,0.29434,0.29894,0.0283,0,0,0,0.0075538,0.099889,0.10456,0.19058,0.29993,0.12782,0.23934,0.20395,0.32392,0.13635,0.156,0.15101,0.055212,0,0,0.16843,0.12287,0.14204,0.020632,0,0.12412
0.10741,0.25172,0.03032,0.17781,0,0,0,0.22248,0,0,0,0.14756,0,0.19014,0,0,0,0.030753,0.18853,0.23914,0,0,0,0,0,0,0.016445,0,0,0.082061,0,0,0,0,0,0,0.11875,0.22788,0.31691,0.29605,0.055415,0.27102,0.072358,0.05051,0,0.038605,0.32545,0.30196,0.31836,0.45254,0.52978,0.52163,1,0.64465,0.57698,0.56775,0,0.23197,0,0.25716,0,0,0,0,0,0,0,0.0068385,0.25425,0.26175,0,0,0,0.054339,0.11965,0.0028871,0.10469,0.06555,0.10777,0,0.18244,0.051112,0.086389,0.35192,0.017179,0.33763,0.04007,0.15942,0.39773,0.35352,0.69525,0.28865,0.44971,0.11668,0.24437,0.12556,0.37679,0.24749,0.51652,0.52919,0.47759,0.011413,0.32935,0.1013,0.11837,0,0.081586,0.1392,0,0.2349,0.23875,0.24967,0.30954,0.25147,0.14084,0
0.095822,0.03579,0,0,0,0,0,0,0,0,0,0,0,0,0,0,0,0.069946,0,0,0,0,0,0,0.045308,0,0,0,0,0.042392,0,0,0,0,0,0,0,0,0.086947,0.015692,0,0.058886,0.0037507,0,0,0,0.15084,0.2007,0.23132,0.39684,0.31638,0.46198,0.64465,1,0.29554,0.54495,0,0.064827,0.027797,0.20674,0,0,0,0,0,0,0,0,0.096129,0.075844,0,0,0,0,0,0,0,0,0.030073,0.21408,0.029409,0.18933,0,0.28659,0,0.32229,0,0,0.042951,0.45669,0.35922,0.58203,0.53914,0.38092,0.26322,0.0077809,0.38059,0.11746,0.44842,0.34864,0.53744,0.18591,0.39067,0.024968,0.2858,0.1362,0.13902,0.39807,0.17822,0.2235,0.23674,0.26585,0.40001,0.49892,0.33294,0.17868
0.074527,0.25551,0.11013,0.2918,0,0,0,0.19541,0.016249,0,0,0,0,0,0,0,0,0,0.38453,0.38892,0.068678,0.056452,0.11274,0.12503,0,0,0.057645,0.046323,0,0,0.047031,0.090186,0,0.095843,0,0.15726,0.4252,0.51553,0.62561,0.58778,0.13246,0.447,0.52721,0.45647,0.20542,0.31627,0.79834,0.68807,0.27287,0.19489,0.43163,0.28025,0.57698,0.29554,1,0.78505,0,0.094035,0,0.016171,0,0,0,0,0,0,0.078199,0.15613,0.19819,0.27236,0,0,0.10102,0.08123,0.21369,0.16267,0.38981,0.37537,0.15736,0,0.32299,0,0.090134,0.2632,0.25375,0.32062,0.20447,0.38881,0.52769,0.3456,0.76246,0.2084,0.30043,0.25994,0.40809,0.51222,0.61127,0.67735,0.67886,0.66257,0.3472,0.26931,0.28356,0.35426,0,0,0.28715,0.21285,0,0.38121,0.43852,0.37437,0.399,0.15105,0,0
0.15628,0.18267,0.061428,0.080586,0,0,0,0.0074079,0,0,0,0,0,0,0,0,0,0.047551,0.21686,0.17791,0.142,0.019363,0.022006,0,0,0,0,0,0,0,0.096571,0.10818,0.063181,0.11625,0,0.0023025,0.27848,0.37565,0.40167,0.43714,0,0.27704,0.40649,0.26968,0.1125,0.14412,0.59028,0.59421,0.31656,0.35372,0.40821,0.40637,0.56775,0.54495,0.78505,1,0.069757,0.12825,0,0.10521,0,0,0,0,0,0,0,0.014834,0.13807,0.16322,0,0,0,0.0063787,0.057758,0.066567,0.23651,0.2498,0.075767,0,0.1719,0,0,0.2721,0.014731,0.30051,0.084114,0.31453,0.2537,0.44892,0.58202,0.30434,0.33821,0.30948,0.47696,0.44045,0.62986,0.67147,0.63605,0.64746,0.41619,0.33108,0.38901,0.34533,0.073505,0,0.30845,0.3487,0.15342,0.43928,0.43822,0.37465,0.33403,0.29832,0.11706,0
