1,0.22063,0.45108,0.16709,0.054044,0.21017,0.49352,0.092219,0.077551,0.16699,0.5241,0,0.3624,0.060623,0.29582,0.32718,0.16828,0,0.61687,0.41351,0.15635,0.0327,0.34977,0.15935,0.13487,0.19123,0.13618,0.13407,0.33011,0,0.031581,0.1496,0.38225,0.23362,0.28617,0.3563,0.39066,0.15531,0.38066,0.22547,0.3716,0.19262,0.33022,0.31133,0.045759,0.24398,0.34212,0.26026,0.33388,0.23024,0.30485,0.24631,0.29907,0.41992,0.36778,0.40919,0.78616,0.1185,0.55453,0.17768,0.6399,0,0.26297,0,0.38967,0.062699,0.36976,0.28989,0.52881,0.32615,0.14223,0.060484,0.38249,0.15656,0.27954,0.3308,0.31608,0.26247,0.067441,0,0.25676,0.092638,0.32425,0.41746,0.21661,0.39368,0.0092683,0.28736,0.021909,0.60234,0.24251,0.6409,0.35273,0.62708,0,0.077487,0.25985,0.38197,0.32541,0.58211,0.13819,0.64768,0.088568,0.43589,0.03575,0.36351,0.19614,0.40311,0,0.23193,0.31169,0.13737,0.44177,0.45855,0.24995,0
0.22063,1,0,0.40982,0,0.081478,0,0.54171,0.11918,0.23997,0.16975,0.61428,0.11233,0.57511,0.21271,0.39439,0.24935,0.39224,0.46275,0.72404,0.013605,0.40802,0.10322,0.23957,0.025187,0.02988,0,0.032576,0.18849,0.43636,0.19653,0.38932,0.46962,0.66671,0.26224,0.33241,0.14174,0.45352,0,0.18326,0,0.33397,0.14577,0.43628,0.14454,0.52207,0.30112,0.30625,0.41105,0.60053,0.27662,0.32926,0.27867,0.17062,0.35093,0.21064,0.34873,0.84316,0.29856,0.60255,0.45605,0.71431,0.1713,0.67532,0.3238,0.52464,0.29312,0.2282,0.34411,0.32689,0.28224,0.42752,0.24574,0.54095,0.24195,0.27772,0.45772,0.5234,0.26278,0.19656,0.32423,0.32896,0.12931,0.050884,0.39385,0.222,0,0,0.34309,0,0.2693,0,0.34957,0,0,0,0.16487,0.015188,0.42625,0.22054,0.37838,0,0.2487,0.10271,0.23439,0.031638,0.1803,0.13404,0.057537,0.13057,0.17738,0.31889,0.29832,0.2278,0.17114,0.074106
0.45108,0,1,0.66923,0.066597,0.041577,0.90782,0.44928,0,0.25961,0.35781,0,0.60822,0.076032,0.20485,0.018369,0.1332,0,0.46753,0.2847,0.1721,0,0.83772,0.71897,0.52204,0.4178,0.020913,0.0058942,0.095452,0,0,0.07617,0.21875,0.17374,0.30766,0.33417,0.31586,0.086412,0.30479,0.19315,0.24008,0.11061,0.54477,0.28347,0.18442,0.29691,0.4958,0.35333,0.3779,0.15938,0.45333,0.30332,0.29884,0.42956,0.18259,0.13526,0.26842,0,0,0,0.078036,0,0.12193,0,0.21239,0,0.41334,0.3442,0.25585,0.14364,0.13027,0,0.093848,0,0.20673,0.08808,0.34711,0.238,0.078182,0,0.17185,0.15715,0,0.015591,0.082242,0.2741,0,0,0.19489,0.48123,0.41525,0.6102,0.37446,0.54544,0.14185,0.16952,0.29474,0.3094,0.12172,0.29541,0,0.28963,0,0,0,0.22846,0,0,0,0.32855,0.34894,0.21905,0.19622,0.25227,0.21251,0.23327
0.16709,0.40982,0.66923,1,0.08613,0.040614,0.55069,0.88995,0.056277,0.37551,0.3096,0.44428,0.56855,0.57874,0.25812,0.28866,0.10457,0.26544,0.49715,0.55716,0.037608,0.18039,0.58187,0.87314,0.36719,0.34496,0,0.039484,0.042219,0.22188,0.10431,0.30398,0.25853,0.43711,0.36624,0.45718,0.19805,0.29923,0.069062,0.27634,0,0.21497,0.50642,0.49622,0.33656,0.66576,0.53545,0.5308,0.53538,0.55031,0.60655,0.58551,0.30473,0.34014,0.21946,0.162,0.044627,0.080663,0,0.035022,0.025288,0.18427,0.1171,0.16475,0.29678,0.3775,0.55449,0.59646,0.34099,0.31002,0.25054,0.134,0.1397,0.19962,0.29433,0.18112,0.49973,0.46443,0.17776,0.19063,0.29293,0.39265,0,0,0.32369,0.40724,0.00047785,0,0.46413,0.28549,0.50983,0.21076,0.51635,0.17272,0.14417,0.16016,0.31914,0.25815,0.19585,0.15485,0.028267,0,0,0,0.14713,0.15532,0,0,0,0.33604,0.37803,0.32173,0.19617,0.068726,0.1413,0.33979
0.054044,0,0.066597,0.08613,1,0.70246,0.096894,0.04587,0.76231,0.58321,0.1724,0.050025,0.31443,0.1382,0.5319,0.4119,0.051156,0.12047,0,0.023645,0.34181,0.50197,0,0.11612,0.46135,0.43697,0.56427,0.61761,0.11842,0.10729,0.20213,0.053477,0.072652,0,0.050361,0.057653,0.22797,0.27829,0.072939,0.1675,0,0.072874,0.18751,0.23176,0.33881,0.081459,0.085201,0.24631,0.10954,0.024307,0.056306,0.077166,0,0,0,0.30267,0.055265,0.11749,0.42631,0.43556,0.076421,0.12545,0.21317,0,0.26177,0.29778,0.25985,0.26592,0.17102,0.40284,0.17454,0.10822,0.15969,0.18799,0.13075,0.2734,0.10965,0.088672,0.075499,0.23869,0.15775,0.2284,0.212,0.12461,0.22488,0.20011,0.3526,0.19512,0.15624,0.11061,0.073937,0.12151,0.06032,0.15633,0,0.094915,0,0.05379,0.038587,0.094268,0.30209,0.11714,0.19586,0.20029,0,0,0.33205,0.34882,0,0.12464,0.23699,0.13208,0,0,0,0
0.21017,0.081478,0.041577,0.040614,0.70246,1,0.022653,0.040571,0.7229,0.73551,0.095771,0.027727,0.17303,0.10698,0.52775,0.5607,0.076372,0.12107,0.057814,0.073624,0.46583,0.41262,0,0.078214,0.23412,0.36999,0.4778,0.59673,0.072321,0,0.14089,0.05627,0.22355,0,0.22844,0.35061,0.36227,0.28432,0.11554,0.1833,0,0.15793,0.16412,0.31595,0.29441,0.2026,0.16041,0.31355,0.20115,0.13523,0.16786,0.16995,0.11459,0.13765,0.091841,0.32708,0.24251,0.21972,0.4426,0.4064,0.29721,0.18698,0.20882,0.033802,0.43913,0.38228,0.32389,0.33025,0.24299,0.37517,0.21388,0.12722,0.21593,0.20844,0.27938,0.3315,0.28569,0.30495,0.10957,0.2216,0.16124,0.18775,0.22273,0.22598,0.26118,0.25801,0.22932,0.15216,0.14024,0.17825,0.12324,0.1671,0.13172,0.1847,0,0.041573,0.0058624,0.12027,0.067706,0.1649,0.29417,0.1881,0.2851,0.25587,0.071859,0.10103,0.32144,0.35524,0.065508,0.13542,0.32049,0.17426,0.021955,0.03666,0,0
0.49352,0,0.90782,0.55069,0.096894,0.022653,1,0.33109,0,0.17503,0.35229,0,0.60815,0,0.13207,0,0.08949,0,0.4872,0.25999,0.050807,0,0.69951,0.54442,0.41544,0.3494,0.046471,0.017015,0.15479,0,0,0,0.21694,0.13125,0.14567,0.22908,0.25446,0.038357,0.3092,0.14145,0.39932,0.095324,0.51141,0.23247,0.11631,0.22139,0.46498,0.32433,0.36458,0.1703,0.39183,0.26511,0.24242,0.44735,0.1748,0.25154,0.33044,0,0.063014,0,0.12274,0,0.19724,0,0.13814,0,0.33042,0.29173,0.19511,0.15153,0.014489,0,0.13847,0,0.23627,0.049945,0.28245,0.1466,0.0014542,0,0.12786,0.11804,0,0.016846,0,0.29027,0,0.0038747,0.031558,0.52504,0.33692,0.64641,0.28232,0.58329,0.11494,0.2435,0.32595,0.38316,0.16263,0.37355,0,0.42515,0,0.11387,0,0.29765,0,0,0,0.28107,0.29532,0.2009,0.16502,0.2443,0.21157,0.2016
0.092219,0.54171,0.44928,0.88995,0.04587,0.040571,0.33109,1,0.079279,0.39113,0.29864,0.53931,0.54077,0.70584,0.26504,0.3836,0.016633,0.27808,0.37151,0.47679,0,0.22236,0.44709,0.75072,0.17286,0.24492,0,0,0,0.28379,0.069079,0.35189,0.31704,0.51954,0.32289,0.41074,0.081829,0.26834,0,0.14165,0,0.20808,0.32554,0.45416,0.23371,0.68134,0.41219,0.43491,0.47927,0.5832,0.51664,0.56759,0.21938,0.19149,0.20802,0.10064,0,0.24479,0.011197,0.17687,0.18031,0.43355,0.063934,0.35363,0.34421,0.58214,0.47818,0.55389,0.23431,0.22509,0.22665,0.26594,0.058653,0.30768,0.23816,0.21957,0.49898,0.50285,0.10153,0.17159,0.19689,0.30605,0,0,0.33017,0.34942,0.037539,0,0.57831,0.17571,0.44463,0.044592,0.53861,0.0070244,0.084512,0.029248,0.18491,0.12997,0.19015,0.071251,0.20782,0,0,0,0.20388,0.074132,0,0,0.020977,0.21918,0.25566,0.29334,0.20117,0.0044978,0.12511,0.3474
0.077551,0.11918,0,0.056277,0.76231,0.7229,0,0.079279,1,0.63056,0.15791,0.044602,0.22965,0.14605,0.55514,0.48623,0.093581,0.12043,0.021506,0.08821,0.45655,0.52694,0,0.030716,0.25613,0.37292,0.50666,0.57711,0.1791,0.21644,0.15278,0.083803,0.10328,0,0.088593,0.11271,0.3004,0.36505,0.0049556,0.21694,0,0.15592,0.099403,0.29143,0.32151,0.1034,0.015273,0.20719,0.048663,0.015331,0.0040153,0.049365,0,0,0,0.14574,0.084463,0.2427,0.38479,0.46614,0.14424,0.18253,0.21239,0.088665,0.37575,0.34169,0.25823,0.24913,0.22236,0.3543,0.25026,0.20559,0.18357,0.35001,0.29744,0.35624,0.25542,0.27986,0.15615,0.27161,0.22254,0.22481,0.25989,0.15152,0.30535,0.17528,0.29408,0.10132,0.18423,0.06446,0.083537,0.044617,0.12236,0.080471,0,0,0,0,0.037106,0.015304,0.39738,0.10321,0.24586,0.18849,0,0,0.36394,0.38846,0,0.17585,0.24948,0.011074,0.065428,0.025317,0,0
0.16699,0.23997,0.25961,0.37551,0.58321,0.73551,0.17503,0.39113,0.63056,1,0.14752,0.17349,0.36217,0.31952,0.51278,0.53775,0.19137,0.30413,0.135,0.14887,0.43698,0.40314,0.19038,0.40413,0.43787,0.53377,0.24268,0.34129,0.031163,0.13203,0.085446,0.13145,0.1974,0.06592,0.31437,0.43501,0.4112,0.34307,0.10367,0.19353,0,0.085022,0.3527,0.42291,0.39155,0.42815,0.36124,0.45546,0.3752,0.29978,0.34865,0.33635,0.25506,0.29682,0.21359,0.32399,0.21369,0.24475,0.30593,0.34932,0.19918,0.21379,0.17237,0.055939,0.49441,0.45287,0.45126,0.48823,0.29331,0.3933,0.32776,0.20485,0.18695,0.21271,0.37417,0.36043,0.471,0.46166,0.24604,0.33128,0.25446,0.30752,0,0.018354,0.27696,0.25253,0.063003,0,0.37184,0.22846,0.39116,0.22592,0.29661,0.13202,0.028852,0.018295,0.0509,0.068573,0.1609,0.13716,0.15123,0,0.063141,0,0,0.0016932,0.080982,0.087141,0.029307,0.21435,0.41989,0.32094,0.1325,0.039921,0.047224,0
0.5241,0.16975,0.35781,0.3096,0.1724,0.095771,0.35229,0.29864,0.15791,0.14752,1,0.35238,0.70359,0.4388,0.48185,0.37904,0.29584,0.1709,0.39044,0.38344,0,0.13698,0.25568,0.30467,0.13824,0.086297,0.042483,0.19211,0.27333,0.097956,0.13066,0.13673,0.31872,0.31581,0.30034,0.23956,0.30649,0.37798,0.15923,0.27857,0.055215,0.23278,0.32296,0.36156,0.25942,0.40676,0.34279,0.39382,0.36675,0.42557,0.42175,0.45577,0.11257,0.22402,0.087172,0.27834,0.30504,0.023002,0.27896,0.1992,0.37247,0.14442,0.44358,0.068443,0.48385,0.37405,0.46956,0.41689,0.35857,0.39162,0.17338,0.094797,0.33826,0.31325,0.24206,0.28545,0.22099,0.17303,0.047826,0.012883,0.30707,0.21993,0.35854,0.12772,0.44214,0.47032,0.31371,0.10574,0.23736,0.41257,0.21698,0.33398,0.3539,0.45068,0,0.083283,0.16475,0.279,0.15778,0.41188,0.11798,0.32503,0.08061,0.20901,0.11282,0.24381,0.15352,0.3119,0,0.19978,0.4071,0.19318,0.1911,0.2267,0.263,0.023318
0,0.61428,0,0.44428,0.050025,0.027727,0,0.53931,0.044602,0.17349,0.35238,1,0.30021,0.84397,0.30088,0.53136,0.40631,0.72326,0.28276,0.47461,0,0.39685,0,0.34881,0.048729,0.015826,0,0.15479,0.24736,0.68568,0.33349,0.42886,0.24999,0.44633,0.23656,0.17776,0.027164,0.50099,0,0.28956,0,0.27646,0.22499,0.45121,0.3859,0.56865,0.24613,0.41848,0.42236,0.59174,0.41499,0.49522,0.12656,0.24625,0.053497,0.36562,0.056534,0.49577,0.087035,0.37009,0.15935,0.5383,0.40567,0.61287,0.32052,0.53037,0.29363,0.32369,0.22598,0.3422,0.27213,0.32668,0.27947,0.48689,0.23556,0.21041,0.232,0.30489,0.29998,0.41996,0.35475,0.55411,0.19395,0.088714,0.46116,0.46532,0.16312,0,0.33596,0.096862,0.21127,0,0.1693,0,0,0.07252,0.099599,0.15965,0.22757,0.16295,0.15434,0,0.0092223,0,0.091395,0,0.15881,0.10476,0,0.065316,0.2786,0.37748,0.12681,0,0,0.094861
0.3624,0.11233,0.60822,0.56855,0.31443,0.17303,0.60815,0.54077,0.22965,0.36217,0.70359,0.30021,1,0.49849,0.53044,0.39814,0.21577,0.21234,0.35324,0.3103,0.012862,0.10519,0.3879,0.53887,0.28314,0.29146,0.067914,0.21326,0.16232,0.068072,0,0.067514,0.23708,0.2157,0.30495,0.29798,0.31888,0.35356,0.26692,0.36456,0.17926,0.27587,0.54025,0.44406,0.35998,0.44869,0.50691,0.53236,0.47678,0.38327,0.58226,0.51451,0.17703,0.29689,0.14548,0.34106,0.19882,0,0.25029,0.15406,0.27988,0.014897,0.38043,0,0.48858,0.33825,0.59425,0.56056,0.33818,0.3875,0.065857,0,0.24374,0.17701,0.34407,0.3055,0.37451,0.27285,0.1166,0.062668,0.3052,0.32148,0.20466,0.058809,0.39429,0.47365,0.25397,0.07258,0.43352,0.44987,0.42152,0.43417,0.47788,0.4984,0.0055081,0.21491,0.30409,0.39053,0.18653,0.365,0.1173,0.24577,0.012086,0.08377,0.097429,0.18973,0.038721,0.1134,0,0.27836,0.53411,0.23688,0.12049,0.097362,0.17451,0.072969
0.060623,0.57511,0.076032,0.57874,0.1382,0.10698,0,0.70584,0.14605,0.31952,0.4388,0.84397,0.49849,1,0.36897,0.65058,0.22132,0.60005,0.28596,0.45651,0,0.44907,0.036263,0.49347,0.029256,0.085007,0,0.19556,0.10261,0.56993,0.2319,0.40908,0.30703,0.45655,0.35625,0.32698,0.099925,0.5128,0,0.31334,0,0.33638,0.25883,0.49283,0.38727,0.66898,0.2902,0.48271,0.44003,0.61986,0.53242,0.61813,0.12492,0.16899,0.059386,0.33698,0.028542,0.46221,0.2132,0.40266,0.25344,0.57616,0.29821,0.52405,0.44344,0.68486,0.51101,0.54822,0.31876,0.41143,0.27957,0.41071,0.28701,0.53354,0.24937,0.3559,0.39404,0.45808,0.21925,0.37061,0.29748,0.50411,0.14868,0.051731,0.52296,0.4912,0.17067,0,0.48364,0.17416,0.2464,0,0.30764,0,0,0,0.088712,0.15292,0.13371,0.084798,0.19268,0,0,0,0.13397,0.080405,0.13098,0.088213,0,0.11762,0.3292,0.30222,0.10411,0,0,0.11639
0.29582,0.21271,0.20485,0.25812,0.5319,0.52775,0.13207,0.26504,0.55514,0.51278,0.48185,0.30088,0.53044,0.36897,1,0.69158,0.20806,0.25318,0.15437,0.23447,0.2482,0.4348,0.17613,0.3081,0.39121,0.36186,0.35023,0.43927,0.26546,0.24264,0.31067,0.26467,0.16321,0.076387,0.38205,0.29831,0.41096,0.35399,0.23369,0.42507,0.042154,0.42738,0.34548,0.43412,0.43131,0.35048,0.21785,0.40126,0.31946,0.2451,0.3421,0.32672,0.035144,0.13243,0.054288,0.2851,0.20263,0.17503,0.25406,0.3036,0.24848,0.14238,0.29659,0.031128,0.56398,0.38636,0.43034,0.4058,0.38702,0.45977,0.24304,0.12756,0.33325,0.39176,0.19493,0.35138,0.19826,0.19304,0.189,0.31506,0.37935,0.35164,0.54889,0.34568,0.58712,0.44417,0.49585,0.24608,0.38786,0.19126,0.1888,0.16601,0.28563,0.31937,0,0.12304,0.090697,0.20184,0.073847,0.25738,0.26239,0.13327,0.11176,0.1356,0.038515,0.08582,0.20803,0.27684,0,0.25455,0.41719,0.22837,0.061025,0.032057,0.0085836,0
0.32718,0.39439,0.018369,0.28866,0.4119,0.5607,0,0.3836,0.48623,0.53775,0.37904,0.53136,0.39814,0.65058,0.69158,1,0.26219,0.42932,0.27071,0.32397,0.25032,0.55133,0,0.25906,0.11829,0.30011,0.32405,0.50734,0.32477,0.4561,0.28859,0.37809,0.21032,0.17461,0.36361,0.39059,0.39084,0.50484,0.13077,0.45594,0,0.41839,0.33686,0.5616,0.48901,0.52916,0.25085,0.45685,0.42895,0.43804,0.4637,0.48745,0.19691,0.2649,0.17377,0.4886,0.30078,0.41886,0.41384,0.47275,0.40628,0.38158,0.39486,0.26033,0.59175,0.57039,0.43242,0.49861,0.49807,0.52972,0.31135,0.27427,0.38321,0.45768,0.34786,0.44425,0.35952,0.42014,0.32932,0.4203,0.422,0.48504,0.4783,0.49634,0.56927,0.51725,0.303,0.2692,0.41193,0.34875,0.2382,0.10313,0.33601,0.1624,0,0.042705,0.075454,0.24561,0.19313,0.25213,0.33292,0.098591,0.08253,0.10247,0.046777,0.10648,0.37672,0.40485,0,0.21,0.43368,0.28777,0.20422,0.029726,0,0
0.16828,0.24935,0.1332,0.10457,0.051156,0.076372,0.08949,0.016633,0.093581,0.19137,0.29584,0.40631,0.21577,0.22132,0.20806,0.26219,1,0.65864,0.29428,0.2378,0.097606,0.27217,0.059466,0.14738,0.25946,0.23391,0,0.076798,0.69167,0.49756,0.48572,0.36595,0.29415,0.26854,0.19433,0.14895,0.39021,0.38057,0,0.24708,0,0.23659,0.3978,0.44178,0.48124,0.35734,0.44859,0.43221,0.43208,0.30827,0.39721,0.2949,0.34206,0.45472,0.0095647,0.23247,0.49983,0.27261,0.051508,0.07831,0.15517,0,0.718,0.27628,0.2473,5.4282e-05,0.13155,0.096762,0.38394,0.37667,0.42441,0.082186,0.56153,0.32026,0.43982,0.32279,0.2777,0.25001,0.74266,0.49082,0.72681,0.53113,0.044269,0.03898,0.24887,0.25148,0.053615,0,0,0.20354,0.27983,0.21295,0.043813,0.05581,0,0.015778,0,0.020905,0.31341,0.35511,0.0045921,0.093316,0.10679,0.13148,0,0.029882,0.15047,0.10534,0,0.22927,0.37186,0.37812,0.17446,0.33017,0.22228,0
0,0.39224,0,0.26544,0.12047,0.12107,0,0.27808,0.12043,0.30413,0.1709,0.72326,0.21234,0.60005,0.25318,0.42932,0.65864,1,0.20922,0.22976,0.061615,0.37756,0,0.27488,0.2076,0.24077,0,0.13639,0.39138,0.76485,0.42484,0.38696,0.1193,0.22029,0.18182,0.15552,0.22553,0.524,0,0.39401,0,0.28441,0.34608,0.49603,0.60944,0.48527,0.27959,0.49028,0.41025,0.41222,0.39933,0.4085,0.1885,0.29583,0,0.33487,0.086433,0.40485,0.025644,0.25795,0,0.23591,0.43987,0.51783,0.23121,0.30013,0.22707,0.28779,0.33203,0.40863,0.42725,0.32697,0.304,0.38755,0.38573,0.29372,0.30724,0.3471,0.52496,0.7265,0.49776,0.75254,0,0.064734,0.41174,0.42274,0.0015036,0,0.23171,0.11925,0.26568,0,0.031173,0,0,0,0,0.053125,0.18201,0.073907,0.063392,0,0,0,0,0,0.18441,0.051619,0,0.17489,0.42904,0.43093,0.068184,0,0,0
0.61687,0.46275,0.46753,0.49715,0,0.057814,0.4872,0.37151,0.021506,0.135,0.39044,0.28276,0.35324,0.28596,0.15437,0.27071,0.29428,0.20922,1,0.77028,0.16483,0.2339,0.34046,0.31405,0.15279,0.23912,0,0.057724,0.3713,0.15542,0.1241,0.22775,0.47203,0.51608,0.14833,0.29412,0.29625,0.29163,0.17263,0.25396,0.17008,0.2845,0.43012,0.4952,0.25685,0.44529,0.44513,0.44618,0.50971,0.44701,0.4275,0.33981,0.41808,0.38948,0.29346,0.29633,0.55307,0.27461,0.37287,0.25486,0.36088,0.095141,0.3292,0.18594,0.26346,0.13993,0.40327,0.40304,0.57101,0.48853,0.30127,0.22918,0.40167,0.29188,0.51283,0.31216,0.54417,0.48073,0.14145,0.04296,0.3727,0.32796,0.065799,0.15798,0.29356,0.352,0,0,0.12728,0.37164,0.46263,0.47012,0.40294,0.40963,0,0.1021,0.30133,0.34871,0.39596,0.41679,0.22069,0.4404,0.20591,0.3094,0.21188,0.24591,0.16999,0.15983,0,0.4034,0.43238,0.26552,0.39256,0.37526,0.20159,0.088982
0.41351,0.72404,0.2847,0.55716,0.023645,0.073624,0.25999,0.47679,0.08821,0.14887,0.38344,0.47461,0.3103,0.45651,0.23447,0.32397,0.2378,0.22976,0.77028,1,0.054508,0.36541,0.21516,0.33489,0.10607,0.098916,0,0.12236,0.28531,0.28369,0.11614,0.27801,0.41941,0.59954,0.25141,0.32407,0.23942,0.45554,0.11803,0.29866,0.086935,0.36459,0.32634,0.48145,0.20584,0.49476,0.43307,0.44649,0.48698,0.57722,0.41861,0.38894,0.4069,0.30768,0.36184,0.27432,0.4405,0.52802,0.34118,0.44288,0.35301,0.37513,0.279,0.39272,0.34505,0.31128,0.45117,0.35262,0.50896,0.4893,0.21353,0.27584,0.36796,0.43633,0.37766,0.28685,0.46404,0.46903,0.2185,0.054028,0.37416,0.35553,0.18999,0.12564,0.39178,0.36197,0,0,0.24141,0.17152,0.34043,0.2188,0.38131,0.22432,0,0.15537,0.3677,0.28888,0.429,0.36224,0.27709,0.20972,0.20875,0.23704,0.24484,0.19937,0.19735,0.20381,0,0.30384,0.37385,0.32773,0.32232,0.3377,0.22229,0.068507
0.15635,0.013605,0.1721,0.037608,0.34181,0.46583,0.050807,0,0.45655,0.43698,0,0,0.012862,0,0.2482,0.25032,0.097606,0.061615,0.16483,0.054508,1,0.40206,0.026101,0,0.2075,0.55097,0.37327,0.28812,0.2124,0.071226,0.18372,0.15029,0,0,0,0.070373,0.59903,0.24296,0.14161,0.18004,0,0.18902,0.27145,0.30141,0.31156,0.039171,0.13464,0.14641,0.10656,0,0.050855,0,0.20397,0.029666,0.076967,0,0.1938,0.12767,0.19647,0.19657,0,0,0.10858,0,0.062732,0,0.065101,0.14617,0.34585,0.31308,0.49891,0.20414,0.16017,0.1118,0.35723,0.2526,0.36216,0.36056,0.17659,0.24151,0.31699,0.24103,0,0.21455,0.10772,0.046713,0,0,0.10938,0.14041,0.22311,0.21469,0.10884,0.057932,0.00093719,0,0,0,0.047943,0,0.13071,0.051429,0,0,0,0,0.10624,0.086449,0.064415,0.28948,0.26739,0.031436,0.13277,0.061822,0,0
0.0327,0.40802,0,0.18039,0.50197,0.41262,0,0.22236,0.52694,0.40314,0.13698,0.39685,0.10519,0.44907,0.4348,0.55133,0.27217,0.37756,0.2339,0.36541,0.40206,1,0,0.11256,0.21268,0.36596,0.25839,0.43601,0.29848,0.45607,0.43209,0.40611,0.2705,0.26074,0.0075629,0.087995,0.29127,0.47139,0,0.18036,0,0.3238,0.13757,0.38654,0.36095,0.2633,0.074716,0.2682,0.13794,0.19779,0.079734,0.098177,0,0,0,0.17899,0.17419,0.51276,0.26558,0.44813,0.11994,0.35076,0.34656,0.36138,0.18655,0.30442,0.14817,0.20308,0.39946,0.49063,0.58791,0.65263,0.39067,0.51978,0.28493,0.43956,0.39474,0.45743,0.26501,0.36372,0.39628,0.41928,0.15856,0.089377,0.31582,0.20464,0.1309,0,0.10207,0,0.076125,0,0.023817,0,0,0,0,0,0.037557,0,0.25022,0,0.099616,0.036205,0,0,0.24791,0.15627,0,0.093356,0.16048,0.21031,0,0,0,0
0.34977,0.10322,0.83772,0.58187,0,0,0.69951,0.44709,0,0.19038,0.25568,0,0.3879,0.036263,0.17613,0,0.059466,0,0.34046,0.21516,0.026101,0,1,0.73049,0.61329,0.37781,0,0,0,0,0.13177,0.23818,0.25753,0.24702,0.32732,0.31818,0.12125,0,0.19821,0.018707,0.12949,0.014359,0.29397,0.1001,0,0.22551,0.32833,0.11947,0.22817,0.12485,0.2336,0.17184,0.16839,0.29849,0.17725,0,0.16932,0,0,0,0.073884,0,0,0,0.11779,0,0.21871,0.12959,0.048971,0,0.17953,0,0,0,0,0,0.21134,0.13383,0.012645,0,0.037667,0,0,0,0.028629,0.091663,0.0058709,0,0.228,0.25205,0.28141,0.39878,0.32916,0.37674,0.21396,0.10563,0.21355,0.14608,0.089694,0.18269,0,0.060874,0,0,0.051018,0.18433,0,0,0.092054,0.18436,0.077237,0.18417,0.14782,0.24685,0.27471,0.35052
0.15935,0.23957,0.71897,0.87314,0.11612,0.078214,0.54442,0.75072,0.030716,0.40413,0.30467,0.34881,0.53887,0.49347,0.3081,0.25906,0.14738,0.27488,0.31405,0.33489,0,0.11256,0.73049,1,0.52998,0.36652,0,0.00043206,0,0.14033,0.16689,0.3223,0.22303,0.30575,0.49359,0.46478,0.17578,0.19193,0.071634,0.20397,0,0.12257,0.43522,0.34136,0.29426,0.55203,0.43371,0.41672,0.41781,0.3846,0.51638,0.518,0.22366,0.32486,0.089295,0.10461,0.050494,0,0,0,0.0097304,0.1062,0.068358,0.025694,0.32791,0.33641,0.49288,0.49098,0.23427,0.18947,0.2442,0.082774,0.078951,0.079143,0.14152,0.13244,0.33869,0.33218,0.17138,0.21094,0.21167,0.30195,0,0,0.28976,0.34315,0.073398,0,0.39305,0.26489,0.39123,0.18746,0.41652,0.21379,0.099283,0.083089,0.17319,0.16031,0.036627,0.075895,0,0,0,0,0.055985,0.13795,0,0,0,0.24181,0.27645,0.28125,0.06135,0.02489,0.10991,0.31994
0.13487,0.025187,0.52204,0.36719,0.46135,0.23412,0.41544,0.17286,0.25613,0.43787,0.13824,0.048729,0.28314,0.029256,0.39121,0.11829,0.25946,0.2076,0.15279,0.10607,0.2075,0.21268,0.61329,0.52998,1,0.71453,0.24654,0.17035,0.23775,0.14528,0.45092,0.29805,0.11348,0.0045123,0.29724,0.24027,0.23867,0.10924,0.18754,0.15989,0,0.0039809,0.3257,0.18993,0.27876,0.159,0.22049,0.21527,0.14756,0,0.13859,0.066184,0.075954,0.19813,0.017121,0.13401,0.11001,0,0.011828,0.011255,0,0,0.080333,0,0.13222,0,0.23029,0.14507,0.15526,0.22338,0.3455,0.056504,0.11845,0,0.065544,0.082238,0.14557,0.074075,0.26732,0.26213,0.26208,0.23811,0.0094395,0.058793,0.20587,0.12862,0.13096,0.026189,0.17752,0.14714,0.23743,0.25961,0.14255,0.2877,0.10966,0.091541,0.064131,0.03056,0.044996,0.1005,0,0,0,0,0,0.058357,0,0,0.014457,0.17834,0.21323,0.24901,0.065153,0.11484,0.061956,0.084057
0.19123,0.02988,0.4178,0.34496,0.43697,0.36999,0.3494,0.24492,0.37292,0.53377,0.086297,0.015826,0.29146,0.085007,0.36186,0.30011,0.23391,0.24077,0.23912,0.098916,0.55097,0.36596,0.37781,0.36652,0.71453,1,0.29578,0.18995,0.36185,0.24642,0.44174,0.40603,0.088625,6.8597e-05,0.077675,0.20231,0.45696,0.2426,0.13994,0.28641,0,0.15512,0.41835,0.37763,0.43161,0.24586,0.25364,0.30978,0.21779,0.046137,0.1713,0.11193,0.20352,0.17003,0.12331,0.21665,0.14878,0.056722,0.19144,0.16317,0,0,0.18832,0,0.062306,0.0035932,0.21791,0.29217,0.36991,0.39924,0.52741,0.22969,0.21912,0.05456,0.33393,0.28393,0.39103,0.32668,0.33996,0.40197,0.43366,0.44387,0,0.17209,0.22337,0.28573,0.021135,0.086395,0.25347,0.32531,0.35569,0.28692,0.22698,0.2222,0.031492,0.02581,0.020186,0.076621,0.1744,0.14161,0.044448,0.050235,0,0,0,0,0.10318,0.00013578,0,0.32207,0.37132,0.27699,0.19579,0.056322,0,0
0.13618,0,0.020913,0,0.56427,0.4778,0.046471,0,0.50666,0.24268,0.042483,0,0.067914,0,0.35023,0.32405,0,0,0,0,0.37327,0.25839,0,0,0.24654,0.29578,1,0.8396,0.33123,0.11349,0.042232,0,0,0,0,0,0.2498,0.2021,0.21682,0.33251,0.12826,0.22067,0.21077,0.16487,0.32156,0,0,0.13582,0.029962,0,0.0099749,0,0.067676,0.1411,0.040349,0.3726,0.13288,0,0.25614,0.20689,0,0,0.15358,0,0.039808,0,0.043069,0.085661,0.21929,0.2879,0,0,0.14189,0.087511,0.069909,0.078476,0,0,0.070763,0.061838,0.1739,0.28355,0.38895,0.56547,0.21012,0.30906,0.17297,0.41083,0.0042093,0.28449,0,0.15924,0,0.26447,0.015786,0.14291,0.10898,0.18428,0.053108,0.12891,0.096246,0.28655,0,0.19116,0,0,0.28604,0.41172,0,0.16324,0.23276,0.020616,0.021218,0.022267,0,0
0.13407,0.032576,0.0058942,0.039484,0.61761,0.59673,0.017015,0,0.57711,0.34129,0.19211,0.15479,0.21326,0.19556,0.43927,0.50734,0.076798,0.13639,0.057724,0.12236,0.28812,0.43601,0,0.00043206,0.17035,0.18995,0.8396,1,0.31222,0.20731,0.13211,0.017409,0,0,0.010237,0.035903,0.24632,0.33866,0.088955,0.26693,0.0088841,0.26877,0.20595,0.30985,0.39059,0.095379,0.059623,0.27075,0.19271,0.10446,0.18846,0.18618,0.085769,0.20013,0,0.36331,0.20128,0.14132,0.33416,0.34093,0.16058,0.070436,0.31799,0.078744,0.2492,0.23907,0.19093,0.21363,0.23655,0.36676,0.044108,0.060965,0.29081,0.29433,0.15636,0.2681,0,0.006484,0.1125,0.14434,0.23883,0.33964,0.46214,0.44511,0.33249,0.40746,0.31369,0.26273,0.081624,0.24019,0,0.072993,0,0.19756,0,0.053381,0,0.10588,0,0.11955,0.19524,0.25642,0.086174,0.23641,0,0.086584,0.28019,0.40248,0,0.070983,0.24793,0.041173,0,0.034948,0,0
0.33011,0.18849,0.095452,0.042219,0.11842,0.072321,0.15479,0,0.1791,0.031163,0.27333,0.24736,0.16232,0.10261,0.26546,0.32477,0.69167,0.39138,0.3713,0.28531,0.2124,0.29848,0,0,0.23775,0.36185,0.33123,0.31222,1,0.55187,0.46925,0.33123,0.14422,0.16225,0.047915,0.058949,0.42327,0.38101,0.064583,0.38582,0.17878,0.4131,0.43343,0.52717,0.472,0.27517,0.33242,0.38196,0.39408,0.24687,0.34152,0.25753,0.32671,0.441,0.12924,0.40958,0.53221,0.22294,0.14729,0.106,0.11096,0,0.61636,0.18145,0.085426,0,0.030478,0.06212,0.47863,0.41871,0.34376,0.10113,0.64375,0.40584,0.44231,0.31533,0.22463,0.19872,0.67883,0.32686,0.76234,0.59186,0.32133,0.41816,0.29526,0.41553,0.033278,0.11747,0,0.33068,0.16174,0.24996,0.058036,0.21268,0,0.093222,0.081995,0.17388,0.40261,0.45026,0.10563,0.29122,0.0931,0.29303,0,0.085339,0.37844,0.33267,0,0.35802,0.32258,0.32812,0.28334,0.34244,0.132,0
0,0.43636,0,0.22188,0.10729,0,0,0.28379,0.21644,0.13203,0.097956,0.68568,0.068072,0.56993,0.24264,0.4561,0.49756,0.76485,0.15542,0.28369,0.071226,0.45607,0,0.14033,0.14528,0.24642,0.11349,0.20731,0.55187,1,0.46222,0.44585,0,0.20547,0.084205,0.02743,0.14635,0.50061,0,0.37153,0,0.34695,0.19942,0.50143,0.52995,0.41332,0.12061,0.34091,0.30299,0.34004,0.27977,0.32898,0.10782,0.13602,0,0.25814,0,0.45435,0,0.2933,0,0.27664,0.31059,0.56006,0.12605,0.27436,0.08371,0.14795,0.2918,0.31098,0.39385,0.38519,0.31648,0.54704,0.33872,0.24953,0.19205,0.28391,0.59309,0.68786,0.56884,0.73202,0.14019,0.22835,0.45345,0.37828,0.057228,0,0.23147,0.023115,0.18744,0,0.091137,0,0,0,0,0,0.30138,0.065024,0.26296,0,0.02259,0,0,0,0.28497,0.15425,0,0.16925,0.24627,0.36342,0.18505,0.00021419,0,0
0.031581,0.19653,0,0.10431,0.20213,0.14089,0,0.069079,0.15278,0.085446,0.13066,0.33349,0,0.2319,0.31067,0.28859,0.48572,0.42484,0.1241,0.11614,0.18372,0.43209,0.13177,0.16689,0.45092,0.44174,0.042232,0.13211,0.46925,0.46222,1,0.80655,0.31265,0.26271,0.20748,0.1665,0.19564,0.18393,0,0.10961,0,0.24446,0.13438,0.31549,0.34236,0.23946,0.054745,0.20028,0.15543,0.1545,0.10334,0.13959,0,0.048337,0,0.022537,0.16477,0.30946,0,0.097375,0,0.13576,0.39048,0.32038,0.10868,0.11631,0.02501,0.046873,0.25993,0.29456,0.65348,0.37793,0.42883,0.34149,0.15864,0.27791,0.13618,0.14257,0.40139,0.44495,0.46282,0.38692,0.19259,0.053428,0.306,0.2203,0.27816,0,0.0016204,0,0,0,0,0,0,0,0,0,0,0.021707,0.10431,0,0.10484,0.028574,0.052015,0.0079724,0.17173,0.028712,0,0.104,0.078281,0.14446,0.032098,0.12217,0.036712,0.027074
0.1496,0.38932,0.07617,0.30398,0.053477,0.05627,0,0.35189,0.083803,0.13145,0.13673,0.42886,0.067514,0.40908,0.26467,0.37809,0.36595,0.38696,0.22775,0.27801,0.15029,0.40611,0.23818,0.3223,0.29805,0.40603,0,0.017409,0.33123,0.44585,0.80655,1,0.35757,0.42903,0.26695,0.26718,0.12629,0.18317,0,0.13785,0,0.33391,0.11816,0.35853,0.23662,0.39025,0.088152,0.1607,0.22571,0.27923,0.17129,0.23562,0.062834,0.068817,0,0.052246,0.20086,0.42599,0.020503,0.17167,0.14847,0.3419,0.25876,0.41004,0.18285,0.26493,0.096725,0.1316,0.29188,0.22959,0.59666,0.4903,0.32691,0.41899,0.14787,0.30531,0.25505,0.28954,0.38036,0.35468,0.40091,0.38542,0.15781,0.074731,0.28282,0.27813,0.18029,0,0.1461,0.052832,0,0,0.078283,0,0,0,0,0,0.084529,0.052068,0.10616,0,0,0,0.0071351,0,0.082528,0,0,0.10361,0.04392,0.17015,0.13532,0.14966,0.067556,0.02834
0.38225,0.46962,0.21875,0.25853,0.072652,0.22355,0.21694,0.31704,0.10328,0.1974,0.31872,0.24999,0.23708,0.30703,0.16321,0.21032,0.29415,0.1193,0.47203,0.41941,0,0.2705,0.25753,0.22303,0.11348,0.088625,0,0,0.14422,0,0.31265,0.35757,1,0.84099,0.34149,0.40965,0.16838,0.19634,0,0,0,0.14958,0.12583,0.3415,0.056611,0.41345,0.31611,0.30785,0.35327,0.40629,0.25523,0.2762,0.18567,0.19733,0,0.018937,0.45236,0.44338,0.26124,0.27628,0.63861,0.43106,0.33356,0.43145,0.37183,0.39226,0.31005,0.27758,0.28597,0.27889,0.35317,0.34343,0.31936,0.33538,0.25365,0.33465,0.47725,0.45972,0.023958,0,0.17268,0.014482,0.0041501,0,0.13438,0.077366,0,0,0,0,0.13449,0.13125,0.22436,0.16569,0,0,0,0,0.076349,0.14129,0.27129,0.20285,0.43794,0.34499,0.47462,0.41641,0.14295,0.059764,0.070174,0.17428,0.16839,0.12844,0.13298,0.33573,0.35599,0.27219
0.23362,0.66671,0.17374,0.43711,0,0,0.13125,0.51954,0,0.06592,0.31581,0.44633,0.2157,0.45655,0.076387,0.17461,0.26854,0.22029,0.51608,0.59954,0,0.26074,0.24702,0.30575,0.0045123,6.8597e-05,0,0,0.16225,0.20547,0.26271,0.42903,0.84099,1,0.33158,0.38639,0.067823,0.27482,0,0,0,0.21244,0.11922,0.38877,0.054062,0.53261,0.33804,0.29718,0.38914,0.55817,0.29648,0.33232,0.24262,0.15934,0.055578,0,0.28611,0.50823,0.060677,0.26717,0.50248,0.56505,0.24397,0.62232,0.28258,0.44609,0.23538,0.22402,0.22979,0.15692,0.35027,0.41346,0.21855,0.41166,0.21451,0.20154,0.46701,0.50579,0.068609,0,0.21531,0.13332,0.0033314,0,0.19761,0.10748,0,0,0.032557,0,0.15556,0,0.25681,0,0,0,0.0066295,0,0.16871,0.080083,0.25963,0.0021468,0.33749,0.16542,0.42709,0.2663,0.042987,0,0.065649,0.21973,0.13149,0.18591,0.13048,0.27091,0.35519,0.35552
0.28617,0.26224,0.30766,0.36624,0.050361,0.22844,0.14567,0.32289,0.088593,0.31437,0.30034,0.23656,0.30495,0.35625,0.38205,0.36361,0.19433,0.18182,0.14833,0.25141,0,0.0075629,0.32732,0.49359,0.29724,0.077675,0,0.010237,0.047915,0.084205,0.20748,0.26695,0.34149,0.33158,1,0.79651,0.18538,0.15323,0.15872,0.19403,0,0.18642,0.26162,0.35242,0.26735,0.50871,0.32425,0.381,0.30984,0.32127,0.46051,0.43108,0.22142,0.21001,0.17236,0.16485,0.21775,0.16585,0.095134,0.021966,0.31877,0.20848,0.045807,0.086895,0.66673,0.4245,0.61994,0.5021,0.34863,0.2403,0.13517,0.026691,0.25205,0.24922,0.11069,0.2446,0.253,0.27509,0.21348,0.12577,0.18324,0.16062,0.1599,0.056723,0.43711,0.29044,0.074197,0,0.24235,0.17456,0.19497,0.18156,0.30528,0.23827,0.060308,0.025774,0.18426,0.17762,0.039543,0.16815,0.033331,0.073355,0.032975,0.066956,0.1322,0.26462,0.01705,0.039674,0.019874,0.27179,0.32716,0.23295,0.13533,0.16593,0.18787,0.079155
0.3563,0.33241,0.33417,0.45718,0.057653,0.35061,0.22908,0.41074,0.11271,0.43501,0.23956,0.17776,0.29798,0.32698,0.29831,0.39059,0.14895,0.15552,0.29412,0.32407,0.070373,0.087995,0.31818,0.46478,0.24027,0.20231,0,0.035903,0.058949,0.02743,0.1665,0.26718,0.40965,0.38639,0.79651,1,0.27721,0.22747,0.1848,0.22927,0,0.20723,0.36679,0.47086,0.30395,0.62969,0.46903,0.48228,0.45103,0.48013,0.53691,0.52707,0.34053,0.31808,0.29392,0.22179,0.31145,0.22836,0.18718,0.091667,0.33198,0.22465,0.035045,0.089095,0.58806,0.44231,0.62579,0.6118,0.45027,0.33693,0.22428,0.10365,0.2555,0.22725,0.26791,0.22576,0.47668,0.45346,0.1819,0.13477,0.26043,0.18884,0.054697,0.041407,0.37935,0.31961,0,0,0.32257,0.28513,0.3911,0.3023,0.46434,0.27431,0.10483,0.075384,0.28307,0.2341,0.18607,0.26074,0.11256,0.1367,0.15543,0.12445,0.24317,0.34863,0.012817,0.030345,0.12498,0.32555,0.41908,0.27802,0.23861,0.2649,0.30041,0.18417
0.39066,0.14174,0.31586,0.19805,0.22797,0.36227,0.25446,0.081829,0.3004,0.4112,0.30649,0.027164,0.31888,0.099925,0.41096,0.39084,0.39021,0.22553,0.29625,0.23942,0.59903,0.29127,0.12125,0.17578,0.23867,0.45696,0.2498,0.24632,0.42327,0.14635,0.19564,0.12629,0.16838,0.067823,0.18538,0.27721,1,0.59545,0.32008,0.48727,0.18626,0.40948,0.61421,0.56787,0.52775,0.34035,0.49852,0.53293,0.4482,0.21662,0.43659,0.27143,0.37165,0.38855,0.192,0.25691,0.47281,0.15469,0.29175,0.17803,0.1412,0,0.39407,0,0.33267,0.041922,0.40163,0.41475,0.66188,0.57675,0.39846,0.059119,0.38183,0.19728,0.47085,0.33537,0.44541,0.40848,0.38853,0.31189,0.57887,0.4216,0.083657,0.31085,0.38023,0.38962,0.057654,0.062424,0.17983,0.42965,0.40151,0.39631,0.29466,0.34757,0,0.10751,0.092423,0.21503,0.22213,0.29811,0.086628,0.26731,0.0057696,0.096035,0,0.087529,0.20668,0.26247,0,0.45527,0.60187,0.30927,0.28356,0.22514,0.064071,0
0.15531,0.45352,0.086412,0.29923,0.27829,0.28432,0.038357,0.26834,0.36505,0.34307,0.37798,0.50099,0.35356,0.5128,0.35399,0.50484,0.38057,0.524,0.29163,0.45554,0.24296,0.47139,0,0.19193,0.10924,0.2426,0.2021,0.33866,0.38101,0.50061,0.18393,0.18317,0.19634,0.27482,0.15323,0.22747,0.59545,1,0.094183,0.64835,0,0.47561,0.50627,0.65847,0.51985,0.49248,0.44669,0.60393,0.4512,0.47612,0.4072,0.44175,0.32845,0.39434,0.13057,0.46352,0.25305,0.41995,0.31292,0.45972,0.14484,0.29012,0.40468,0.36781,0.34695,0.37343,0.44216,0.44178,0.53102,0.58355,0.29903,0.31523,0.28709,0.41863,0.42683,0.36063,0.45668,0.53377,0.32575,0.42615,0.51244,0.63112,0.19894,0.27492,0.55356,0.58955,0.15526,0.061901,0.37501,0.31969,0.35877,0.085757,0.30637,0.17949,0,0.26676,0.18105,0.30674,0.30543,0.30066,0.23817,0.085781,0.10746,0.076715,0.0041441,0.054,0.31435,0.37125,0,0.39205,0.59217,0.42007,0.26098,0.12752,0.014563,0
0.38066,0,0.30479,0.069062,0.072939,0.11554,0.3092,0,0.0049556,0.10367,0.15923,0,0.26692,0,0.23369,0.13077,0,0,0.17263,0.11803,0.14161,0,0.19821,0.071634,0.18754,0.13994,0.21682,0.088955,0.064583,0,0,0,0,0,0.15872,0.1848,0.32008,0.094183,1,0.50047,0.53779,0.13403,0.2694,0.053322,0,0,0.16802,0.068662,0.073343,0,0.19322,0.013737,0.1705,0.1611,0.55171,0.28904,0.26351,0,0.28704,0.068947,0.05883,0,0,0,0.11697,0,0.27784,0.14747,0.17473,0.090885,0,0,0.057255,0,0.073889,5.9002e-05,0,0,0.079594,0,0.075358,0,0.28957,0.47405,0.18978,0.17891,0.19801,0.58972,0.24448,0.37706,0.21041,0.44554,0.24521,0.4274,0.37911,0.43762,0.59531,0.48793,0.22085,0.30528,0,0.29526,0,0.090645,0,0.065291,0.14835,0.24908,0.11034,0.090298,0.25265,0,0.063206,0.113,0.069057,0
0.22547,0.18326,0.19315,0.27634,0.1675,0.1833,0.14145,0.14165,0.21694,0.19353,0.27857,0.28956,0.36456,0.31334,0.42507,0.45594,0.24708,0.39401,0.25396,0.29866,0.18004,0.18036,0.018707,0.20397,0.15989,0.28641,0.33251,0.26693,0.38582,0.37153,0.10961,0.13785,0,0,0.19403,0.22927,0.48727,0.64835,0.50047,1,0.32575,0.5661,0.55656,0.53779,0.46681,0.33013,0.37864,0.54128,0.3422,0.27879,0.42177,0.38276,0.28177,0.3482,0.30198,0.52039,0.19116,0.090091,0.2509,0.23094,0,0,0.25189,0.0093245,0.23687,0.083718,0.43729,0.42692,0.54958,0.47394,0.076568,0.00098521,0.25751,0.21822,0.30702,0.24222,0.28245,0.28973,0.3785,0.37336,0.49604,0.62215,0.3129,0.56111,0.58224,0.63998,0.1248,0.44029,0.41755,0.43946,0.36414,0.23523,0.31977,0.34082,0.10898,0.47474,0.47826,0.60542,0.33503,0.34532,0.086478,0.19808,0,0.022076,0,0,0.31022,0.36094,0,0.4086,0.66569,0.25458,0.20156,0.057629,0,0
0.3716,0,0.24008,0,0,0,0.39932,0,0,0,0.055215,0,0.17926,0,0.042154,0,0,0,0.17008,0.086935,0,0,0.12949,0,0,0,0.12826,0.0088841,0.17878,0,0,0,0,0,0,0,0.18626,0,0.53779,0.32575,1,0.33811,0.13759,0,0,0,0.072012,0,0.01552,0,0.065894,0,0.075633,0.2011,0.29129,0.31248,0.36771,0,0.10284,0,0.084374,0,0.048601,0,0,0,0,0,0.071224,0,0,0,0.15975,0,0.1021,0,0,0,0.077236,0,0.054044,0,0.23758,0.43346,0,0.14815,0,0.4334,0,0.214,0,0.20623,0.007206,0.29591,0.12843,0.32478,0.38594,0.44425,0.23114,0.25441,0,0.30632,0,0.162,0,0.088266,0.059379,0.11124,0,0.0072478,0,0,0,0.021665,0,0
0.19262,0.33397,0.11061,0.21497,0.072874,0.15793,0.095324,0.20808,0.15592,0.085022,0.23278,0.27646,0.27587,0.33638,0.42738,0.41839,0.23659,0.28441,0.2845,0.36459,0.18902,0.3238,0.014359,0.12257,0.0039809,0.15512,0.22067,0.26877,0.4131,0.34695,0.24446,0.33391,0.14958,0.21244,0.18642,0.20723,0.40948,0.47561,0.13403,0.5661,0.33811,1,0.32235,0.47231,0.3297,0.32273,0.27981,0.3981,0.3282,0.25736,0.34706,0.30445,0.24318,0.21737,0.1414,0.24739,0.27207,0.27434,0.094072,0.14472,0.12355,0.037825,0.26632,0.20609,0.26002,0.14441,0.29614,0.32824,0.5058,0.42534,0.17132,0.17325,0.46137,0.55273,0.38946,0.38765,0.28116,0.28234,0.31441,0.23064,0.47662,0.49348,0.38724,0.3691,0.46016,0.51721,0.075762,0.072174,0.20268,0.20746,0.17104,0.035121,0.23883,0.19632,0.043933,0.20213,0.22203,0.29122,0.27858,0.26607,0.23633,0.17689,0.059296,0.18357,0.10383,0.080559,0.20246,0.21872,0,0.34984,0.36257,0.25339,0.069853,0.12018,0,0
0.33022,0.14577,0.54477,0.50642,0.18751,0.16412,0.51141,0.32554,0.099403,0.3527,0.32296,0.22499,0.54025,0.25883,0.34548,0.33686,0.3978,0.34608,0.43012,0.32634,0.27145,0.13757,0.29397,0.43522,0.3257,0.41835,0.21077,0.20595,0.43343,0.19942,0.13438,0.11816,0.12583,0.11922,0.26162,0.36679,0.61421,0.50627,0.2694,0.55656,0.13759,0.32235,1,0.76861,0.73466,0.60166,0.82386,0.83278,0.72985,0.44444,0.75951,0.57714,0.55858,0.69685,0.25687,0.47582,0.36241,0.011982,0.16533,0.0056164,0.036194,0,0.37732,0,0.30929,0.075809,0.55176,0.61075,0.64495,0.63273,0.2273,0,0.34281,0.13084,0.44146,0.16499,0.49859,0.40451,0.33839,0.25755,0.59599,0.60368,0.029473,0.20489,0.47358,0.53471,0,0,0.33309,0.50159,0.6852,0.56249,0.45077,0.46245,0.060938,0.24362,0.33988,0.45639,0.37431,0.47492,0,0.24436,0,0.033621,0.011255,0.21711,0.0081351,0.073736,0,0.55327,0.79924,0.5191,0.33279,0.22987,0.16487,0.09682
0.31133,0.43628,0.28347,0.49622,0.23176,0.31595,0.23247,0.45416,0.29143,0.42291,0.36156,0.45121,0.44406,0.49283,0.43412,0.5616,0.44178,0.49603,0.4952,0.48145,0.30141,0.38654,0.1001,0.34136,0.18993,0.37763,0.16487,0.30985,0.52717,0.50143,0.31549,0.35853,0.3415,0.38877,0.35242,0.47086,0.56787,0.65847,0.053322,0.53779,0,0.47231,0.76861,1,0.74199,0.80174,0.71488,0.86755,0.78755,0.65182,0.75398,0.6979,0.5338,0.57937,0.28686,0.50468,0.37918,0.34927,0.29515,0.31551,0.24613,0.19692,0.45072,0.34751,0.4629,0.42044,0.58202,0.65709,0.6846,0.67363,0.40036,0.29625,0.51392,0.53186,0.56153,0.44731,0.6665,0.65311,0.42149,0.39883,0.69045,0.71323,0.14882,0.19559,0.64902,0.62224,0,0,0.38304,0.36282,0.5952,0.30728,0.48458,0.27282,0,0.1749,0.26861,0.37469,0.45269,0.46237,0.35256,0.21448,0.23095,0.21975,0.16259,0.21105,0.24878,0.24842,0,0.57058,0.73389,0.57632,0.40049,0.25502,0.15116,0.057588
0.045759,0.14454,0.18442,0.33656,0.33881,0.29441,0.11631,0.23371,0.32151,0.39155,0.25942,0.3859,0.35998,0.38727,0.43131,0.48901,0.48124,0.60944,0.25685,0.20584,0.31156,0.36095,0,0.29426,0.27876,0.43161,0.32156,0.39059,0.472,0.52995,0.34236,0.23662,0.056611,0.054062,0.26735,0.30395,0.52775,0.51985,0,0.46681,0,0.3297,0.73466,0.74199,1,0.62055,0.51669,0.75221,0.65761,0.43638,0.63322,0.57581,0.33917,0.40942,0,0.35835,0.14807,0.1907,0.18091,0.19895,0,0,0.46119,0.21665,0.41566,0.30322,0.51118,0.63409,0.64827,0.75365,0.3918,0.15801,0.41265,0.35957,0.47591,0.28546,0.37915,0.35974,0.42152,0.65276,0.67517,0.79625,0.007221,0.12483,0.62611,0.56008,0,0,0.32292,0.34046,0.46869,0.25453,0.23821,0.21283,0,0,0,0.12016,0.17217,0.23259,0.15258,0.11881,0.047782,0.013361,0,0,0.23322,0.18708,0,0.48341,0.74062,0.46209,0.20643,0.078925,0,0
0.24398,0.52207,0.29691,0.66576,0.081459,0.2026,0.22139,0.68134,0.1034,0.42815,0.40676,0.56865,0.44869,0.66898,0.35048,0.52916,0.35734,0.48527,0.44529,0.49476,0.039171,0.2633,0.22551,0.55203,0.159,0.24586,0,0.095379,0.27517,0.41332,0.23946,0.39025,0.41345,0.53261,0.50871,0.62969,0.34035,0.49248,0,0.33013,0,0.32273,0.60166,0.80174,0.62055,1,0.67061,0.75579,0.84355,0.84947,0.81376,0.84915,0.46509,0.5036,0.2287,0.33186,0.22919,0.34716,0.18528,0.25167,0.29261,0.40541,0.30533,0.41285,0.53642,0.62799,0.64187,0.74477,0.54251,0.53371,0.31907,0.28557,0.32767,0.44118,0.4012,0.28485,0.61666,0.6339,0.32644,0.38452,0.54449,0.58418,0.074129,0,0.57476,0.5462,0.020498,0,0.43743,0.31363,0.50902,0.17465,0.48043,0.14206,0,0.044056,0.22942,0.24418,0.32772,0.337,0.24321,0.0331,0.17163,0.039367,0.25786,0.25142,0.0070678,0.0097602,0,0.42518,0.57522,0.5379,0.31712,0.18613,0.25091,0.26526
0.34212,0.30112,0.4958,0.53545,0.085201,0.16041,0.46498,0.41219,0.015273,0.36124,0.34279,0.24613,0.50691,0.2902,0.21785,0.25085,0.44859,0.27959,0.44513,0.43307,0.13464,0.074716,0.32833,0.43371,0.22049,0.25364,0,0.059623,0.33242,0.12061,0.054745,0.088152,0.31611,0.33804,0.32425,0.46903,0.49852,0.44669,0.16802,0.37864,0.072012,0.27981,0.82386,0.71488,0.51669,0.67061,1,0.82057,0.76888,0.56398,0.78622,0.61643,0.68998,0.7175,0.38718,0.3908,0.42149,0.097068,0.11203,0.0083575,0.22016,0,0.36458,0.052341,0.36021,0.18679,0.53788,0.54916,0.56616,0.51167,0.1789,0,0.35124,0.15,0.41777,0.15862,0.56757,0.4671,0.35235,0.13339,0.54392,0.4326,0,0.012984,0.3822,0.39482,0,0,0.30835,0.36791,0.74743,0.51683,0.5517,0.35327,0.17529,0.24454,0.44608,0.43542,0.52166,0.53902,0.14842,0.22404,0.21969,0.17831,0.28847,0.39331,0,0.046801,0,0.54471,0.72084,0.58274,0.37822,0.42236,0.44003,0.33126
