1,0.84991,0.54014,0.71621,0.50028,0.45683,0.58533,0.73822,0.44102,0.52312,0.72581,0.63456,0.58989,0.59734,0.40971,0.41837,0.64336,0.60218,0.84828,0.839,0.19995,0.023332,0.57598,0.51246,0.40449,0.42069,0.23867,0.23334,0.25516,0.31001,0.58481,0.54154,0.77139,0.77438,0.44224,0.47342,0,0,0,0,0,0.094866,0.36388,0.36888,0.49194,0.64711,0.18587,0.34588,0.62087,0.62716,0.54599,0.46288,0.64751,0.54213,0.27324,0.36147,0.86423,0.78866,0.60549,0.58541,0.6873,0.64213,0.51005,0.60406,0.29157,0.29584,0.54078,0.59896,0.77227,0.7721,0.30764,0.10533,0.64933,0.60061,0.61048,0.6178,0.45795,0.46112,0.24247,0,0.48709,0.4508,0.099198,0.083452,0.35542,0.29134,0,0,0.33654,0.58238,0.54297,0.44981,0.52809,0.43647,0.022294,0,0.11084,0.14347,0.55685,0.59504,0.60734,0.48518,0.59764,0.57629,0.3059,0.24481,0.1217,0.25415,0,0.16905,0.41271,0.56658,0.5056,0.22376,0.085231,0.039736
0.84991,1,0.36211,0.72653,0.4435,0.43032,0.37272,0.77819,0.31292,0.49868,0.57819,0.72977,0.3938,0.62825,0.41164,0.43039,0.6219,0.69907,0.81859,0.87727,0.26441,0.066889,0.43538,0.45211,0.28803,0.37402,0.25531,0.22705,0.25018,0.46535,0.56955,0.55941,0.70704,0.73456,0.31794,0.4009,0,0.041665,0,0,0,0.1622,0.36319,0.34541,0.47766,0.66272,0.18889,0.30604,0.68306,0.7361,0.56554,0.55817,0.70459,0.57837,0.32179,0.37854,0.77059,0.90422,0.66876,0.76776,0.59787,0.68672,0.54249,0.71399,0.19574,0.24623,0.48605,0.57702,0.76724,0.80783,0.36932,0.054464,0.66028,0.67625,0.64141,0.59496,0.4665,0.46102,0.26776,0.072676,0.54248,0.44946,0.11359,0.10108,0.31638,0.29829,0.017099,0,0.34755,0.52407,0.56674,0.35832,0.45231,0.24186,0.0021561,0,0.05039,0.099082,0.62958,0.62275,0.61436,0.34692,0.63156,0.52155,0.28801,0.15974,0.1191,0.29492,0,0.21045,0.30317,0.51029,0.54219,0.23319,0.052882,0.024816
0.54014,0.36211,1,0.73851,0.34187,0.26563,0.85587,0.6503,0.35348,0.35266,0.55733,0.27273,0.52655,0.39451,0.40174,0.21335,0.31876,0.21043,0.61823,0.55858,0.25563,0.24779,0.82868,0.74654,0.61872,0.50778,0.15495,0.18424,0.36702,0.23211,0.29965,0.32953,0.48232,0.47133,0.50561,0.50972,0.1403,0.3493,0.20917,0.23998,0.11126,0.3834,0.66254,0.62125,0.49895,0.42579,0.5076,0.56974,0.56242,0.38108,0.64391,0.35331,0.54121,0.49481,0.48115,0.50683,0.55987,0.32073,0.4816,0.28034,0.4678,0.10962,0.4759,0.35438,0.16998,0.0074159,0.79713,0.7387,0.47626,0.59162,0.34213,0.22104,0.45336,0.42106,0.4037,0.38737,0.4607,0.4948,0.059732,0,0.33378,0.48885,0.38317,0.3536,0.59286,0.51591,0.2468,0.29491,0.53877,0.64511,0.61138,0.60881,0.51454,0.57819,0.1735,0.27429,0.46406,0.43144,0.65569,0.61939,0.40762,0.35538,0.35523,0.32152,0.002437,1.7675e-05,0.10022,0.22148,0.13963,0.16348,0.47328,0.33473,0.35635,0.059157,0,0.042074
0.71621,0.72653,0.73851,1,0.43631,0.37336,0.68962,0.84599,0.31732,0.42897,0.5941,0.64281,0.48239,0.64343,0.41107,0.35298,0.46329,0.48134,0.79007,0.81277,0.28915,0.12202,0.77017,0.76839,0.55923,0.61342,0.29376,0.28522,0.2469,0.36369,0.60355,0.66521,0.7329,0.75512,0.49652,0.51771,0,0.13311,0,0,0,0.21882,0.52818,0.45528,0.48817,0.5381,0.33746,0.44457,0.6431,0.59542,0.64214,0.48608,0.64714,0.52918,0.38099,0.41403,0.72595,0.67075,0.61904,0.62223,0.55445,0.4394,0.63035,0.63149,0.18056,0.14682,0.73318,0.79045,0.60991,0.69087,0.41581,0.127,0.58071,0.59805,0.57068,0.53589,0.4023,0.4133,0.10347,0,0.44323,0.46318,0.17787,0.17267,0.49975,0.53834,0.024266,0.035772,0.46212,0.64187,0.66846,0.55652,0.56938,0.46859,0.050939,0,0.21838,0.21586,0.71989,0.65649,0.60575,0.45355,0.5887,0.56395,0.21426,0.17132,0.1518,0.27958,0,0.18041,0.42606,0.51519,0.49405,0.28456,0.12961,0.034818
0.50028,0.4435,0.34187,0.43631,1,0.82519,0.31805,0.40338,0.81984,0.71006,0.45419,0.51559,0.49765,0.47169,0.54397,0.45176,0.39886,0.4667,0.40484,0.39826,0.23821,0,0.38648,0.34251,0.52199,0.53341,0.6783,0.52246,0.08615,0.10842,0.56308,0.5386,0.60569,0.61813,0.5113,0.48201,0,0,0,0,0,0,0.19649,0.14543,0.33678,0.38524,0,0.068888,0.32525,0.33626,0.30033,0.21299,0.29443,0.20731,0,0.029006,0.5301,0.51299,0.55094,0.52555,0.64464,0.51986,0.60914,0.56257,0.40075,0.31198,0.4715,0.48164,0.4417,0.44472,0.3534,0.26582,0.36518,0.22675,0.37005,0.385,0.035089,0.035752,0.1783,0.09727,0.41126,0.26726,0,0,0.28009,0.14844,0,0,0.14047,0.3144,0.44224,0.36088,0.38036,0.37135,0,0,0,0,0.3425,0.30727,0.43504,0.44197,0.54688,0.55041,0.37652,0.32624,0.1432,0.17383,0,0.19947,0.31381,0.52355,0.29963,0.26398,0.015714,0.19875
0.45683,0.43032,0.26563,0.37336,0.82519,1,0.21084,0.40553,0.74963,0.81431,0.37933,0.46834,0.42973,0.38486,0.63143,0.59555,0.38234,0.47274,0.38874,0.3877,0.33797,0.073614,0.31944,0.26945,0.4558,0.52367,0.70325,0.63205,0.12391,0.18843,0.5003,0.45793,0.52602,0.52949,0.43738,0.39995,0,0,0,0,0,0,0.1705,0.10258,0.29341,0.33081,0,0.068752,0.30849,0.32877,0.30753,0.22938,0.26608,0.18326,0.025052,0.043461,0.40774,0.48377,0.52449,0.51323,0.55711,0.50006,0.48566,0.4706,0.43149,0.37818,0.43815,0.4422,0.48935,0.44381,0.41571,0.39675,0.31713,0.22635,0.33553,0.387,0.12578,0.13001,0.26794,0.19162,0.4155,0.27386,0.060236,0.039251,0.2826,0.14177,0.061508,0,0.17692,0.2834,0.3525,0.22246,0.30693,0.17866,0,0,0,0,0.25278,0.24553,0.41765,0.25337,0.45899,0.40757,0.29648,0.16234,0.047257,0.13661,0,0.20621,0.14642,0.34092,0.24768,0.18547,0,0.12952
0.58533,0.37272,0.85587,0.68962,0.31805,0.21084,1,0.67399,0.36744,0.35888,0.66371,0.36969,0.64914,0.43528,0.29661,0.11747,0.35681,0.20953,0.60154,0.55183,0.087464,0.078964,0.75471,0.60534,0.48687,0.38207,0.052298,0.040711,0.33973,0.17913,0.35161,0.35525,0.53206,0.50418,0.38241,0.34593,0.01249,0.16492,0.031595,0.090381,0.018494,0.21738,0.56348,0.56654,0.42233,0.45073,0.40672,0.47131,0.48631,0.37164,0.5131,0.34259,0.48641,0.48434,0.291,0.36038,0.58258,0.32516,0.39957,0.20379,0.57337,0.26218,0.56092,0.4645,0.20829,0.0026512,0.61691,0.57565,0.3719,0.45492,0.23624,0.12354,0.46584,0.4066,0.44414,0.39155,0.35143,0.36615,0.049988,0,0.28584,0.41195,0.1828,0.19169,0.44235,0.39034,0,0.093628,0.29835,0.54718,0.47078,0.52057,0.44411,0.55123,0.18191,0.13087,0.37846,0.3415,0.58455,0.54855,0.37721,0.4574,0.32726,0.38856,0.064054,0.09216,0.09565,0.16055,0.036451,0.11318,0.45329,0.4937,0.38224,0.17695,0.086485,0
0.73822,0.77819,0.6503,0.84599,0.40338,0.40553,0.67399,1,0.41037,0.57458,0.64543,0.67097,0.59823,0.68083,0.5026,0.43832,0.53383,0.52646,0.76175,0.80091,0.30259,0.20455,0.6459,0.63225,0.41731,0.45062,0.21126,0.21019,0.35363,0.49461,0.44826,0.46246,0.62657,0.6519,0.37377,0.38368,0,0.18531,0,0.045395,0.063672,0.31018,0.51613,0.49243,0.58277,0.67766,0.37187,0.46402,0.69875,0.62182,0.67544,0.50165,0.66474,0.55392,0.38314,0.39464,0.64753,0.6457,0.55128,0.48363,0.65567,0.57345,0.52652,0.59998,0.3785,0.29815,0.67176,0.66918,0.67195,0.73728,0.45885,0.18879,0.5997,0.62762,0.61777,0.55849,0.5113,0.48957,0.23215,0.0089321,0.53166,0.51936,0.24574,0.24605,0.52728,0.46429,0.12143,0.093035,0.51091,0.54723,0.61722,0.46921,0.58634,0.39296,0.090396,0.071717,0.26283,0.27706,0.64451,0.62291,0.58968,0.36917,0.52968,0.42401,0.10169,0.055014,0.13557,0.27069,0,0.22233,0.3974,0.47894,0.45922,0.17334,0,0
0.44102,0.31292,0.35348,0.31732,0.81984,0.74963,0.36744,0.41037,1,0.80684,0.49405,0.43538,0.65072,0.46971,0.59214,0.48043,0.39477,0.36679,0.31345,0.30838,0.14857,0,0.39986,0.25648,0.43696,0.40952,0.49713,0.3843,0.1176,0.13318,0.41695,0.35321,0.51333,0.52548,0.42988,0.35442,0,0,0,0,0,0,0.13717,0.14197,0.28673,0.35918,0,0.019869,0.22327,0.21928,0.24511,0.14893,0.20047,0.14557,0,0,0.41586,0.38089,0.4038,0.28799,0.68848,0.54466,0.50285,0.46481,0.5491,0.39972,0.40283,0.35804,0.40695,0.36097,0.28194,0.33111,0.22739,0.086012,0.23534,0.27133,0.032861,0.024509,0.21588,0.12843,0.38939,0.28459,0,0,0.2868,0.022383,0,0,0.12161,0.16389,0.35864,0.3251,0.40235,0.38977,0,0,0,0,0.19586,0.18347,0.34607,0.39428,0.43204,0.41151,0.303,0.30076,0.19602,0.17513,0,0.16938,0.24333,0.43729,0.19813,0.15235,0,0.19382
0.52312,0.49868,0.35266,0.42897,0.71006,0.81431,0.35888,0.57458,0.80684,1,0.48809,0.54708,0.63678,0.54994,0.71353,0.75872,0.38146,0.48609,0.39994,0.42589,0.3078,0.12352,0.42405,0.36042,0.41326,0.40564,0.52058,0.47879,0.17306,0.28173,0.40509,0.37527,0.47098,0.49548,0.3683,0.34961,0,0,0,0,0,0.0039443,0.21735,0.20569,0.40011,0.47317,8.4098e-05,0.12477,0.36266,0.40642,0.39985,0.30681,0.36005,0.27917,0.081966,0.13956,0.42373,0.50532,0.56953,0.46325,0.72467,0.65823,0.46158,0.52886,0.59896,0.55884,0.47452,0.46209,0.5594,0.52116,0.42529,0.34925,0.32156,0.27714,0.37417,0.35081,0.22745,0.21443,0.29099,0.19236,0.44287,0.36954,0.10968,0.13895,0.37482,0.21262,0.11413,0,0.28625,0.36601,0.45342,0.34849,0.48901,0.34596,0,0,0,0,0.28269,0.31965,0.50594,0.33466,0.50393,0.38565,0.18274,0.12214,0.069229,0.20872,0,0.2236,0.17947,0.29267,0.25088,0.14279,0,0.11306
0.72581,0.57819,0.55733,0.5941,0.45419,0.37933,0.66371,0.64543,0.49405,0.48809,1,0.61861,0.79919,0.63595,0.51741,0.43255,0.57013,0.49476,0.67436,0.63281,0.21264,0.096853,0.59419,0.50269,0.51133,0.44954,0.22574,0.18037,0.43372,0.36316,0.54009,0.46696,0.64142,0.61916,0.43915,0.43983,0,0.034064,0,0,0,0.16694,0.39582,0.38694,0.51954,0.59295,0.22407,0.32361,0.54532,0.46705,0.5048,0.32721,0.54714,0.52792,0.22301,0.29723,0.67854,0.552,0.47993,0.37408,0.73019,0.55852,0.58191,0.56931,0.50597,0.33692,0.52727,0.48123,0.58232,0.56511,0.31842,0.18987,0.51416,0.45113,0.48849,0.52459,0.34733,0.36082,0.23898,0.022424,0.50851,0.47451,0.22808,0.19419,0.52349,0.37036,0.11852,0.09603,0.38271,0.55067,0.48793,0.45309,0.5129,0.48637,0.10996,0.011684,0.16675,0.13587,0.49959,0.54436,0.49202,0.40186,0.46862,0.43201,0.21614,0.21615,0.090843,0.25174,0,0.30924,0.35975,0.58827,0.47093,0.23328,0.069277,0.042416
0.63456,0.72977,0.27273,0.64281,0.51559,0.46834,0.36969,0.67097,0.43538,0.54708,0.61861,1,0.59843,0.84027,0.491,0.49451,0.50462,0.69899,0.59458,0.63777,0.2495,0,0.42637,0.46257,0.34716,0.52189,0.40809,0.29974,0.23964,0.43878,0.72736,0.70521,0.70979,0.73295,0.33113,0.36105,0,0,0,0,0,0,0.17846,0.14408,0.2553,0.43736,0,0.085065,0.42662,0.51013,0.39214,0.43439,0.44768,0.30795,0.0075229,0.071904,0.64776,0.69602,0.52206,0.57798,0.6887,0.68095,0.70275,0.77172,0.37027,0.40526,0.34238,0.43569,0.52071,0.50375,0.3956,0.12176,0.47249,0.41492,0.51923,0.45705,0.13531,0.16737,0.28169,0.15553,0.5051,0.34792,0,0,0.27481,0.29745,0,0,0.15884,0.43871,0.43469,0.30323,0.46264,0.29104,0,0,0,0,0.44056,0.43419,0.56229,0.48108,0.62299,0.61175,0.43491,0.3283,0.15989,0.16474,0,0.25098,0.21095,0.58664,0.48693,0.44139,0.24019,0.034225
0.58989,0.3938,0.52655,0.48239,0.49765,0.42973,0.64914,0.59823,0.65072,0.63678,0.79919,0.59843,1,0.67523,0.55211,0.53143,0.45586,0.42133,0.43741,0.41029,0.13426,0.0069111,0.57455,0.46308,0.52991,0.44132,0.25667,0.21736,0.31609,0.2521,0.48347,0.4036,0.55579,0.56313,0.49112,0.45825,0,0,0,0,0,0.019568,0.25165,0.24491,0.37178,0.44559,0.075383,0.17096,0.29952,0.28905,0.38518,0.23513,0.35721,0.32332,0.031396,0.08243,0.52552,0.41127,0.32307,0.15704,0.79685,0.57663,0.48923,0.4896,0.66131,0.52649,0.42262,0.36649,0.44085,0.40104,0.29295,0.22463,0.37116,0.26393,0.37819,0.3455,0.18615,0.21223,0.25318,0.045702,0.37056,0.3357,0.029134,0.053285,0.38663,0.2366,0,0,0.29623,0.40617,0.38627,0.42245,0.55685,0.51797,0.054047,0,0.033346,0.029726,0.29833,0.33493,0.44662,0.44914,0.447,0.40925,0.20457,0.27386,0.092744,0.1571,0,0.32077,0.32201,0.5002,0.31543,0.24662,0.064122,0.04673
0.59734,0.62825,0.39451,0.64343,0.47169,0.38486,0.43528,0.68083,0.46971,0.54994,0.63595,0.84027,0.67523,1,0.50724,0.55718,0.45299,0.57005,0.57111,0.58968,0.15306,0,0.51362,0.5609,0.43971,0.50138,0.29647,0.20495,0.20433,0.36546,0.62707,0.60753,0.66902,0.70413,0.44613,0.45224,0,0,0,0,0,0.016154,0.19778,0.16722,0.27878,0.4042,0.020946,0.12605,0.38477,0.43173,0.42003,0.37113,0.48593,0.34236,0.07864,0.10181,0.59394,0.62585,0.3972,0.44839,0.64459,0.61634,0.56748,0.65204,0.40433,0.41846,0.38834,0.44923,0.52986,0.53651,0.31588,0.073349,0.38864,0.32596,0.43704,0.38694,0.18776,0.23381,0.1765,0.071351,0.41174,0.3054,0,0.014067,0.34546,0.32239,0,0,0.32403,0.45947,0.50007,0.41841,0.6033,0.47861,0.059411,0,0,0,0.43256,0.41783,0.54593,0.51212,0.60703,0.57986,0.39345,0.41523,0.22832,0.19286,0,0.27924,0.27411,0.50447,0.4353,0.3812,0.10508,0.071054
0.40971,0.41164,0.40174,0.41107,0.54397,0.63143,0.29661,0.5026,0.59214,0.71353,0.51741,0.491,0.55211,0.50724,1,0.77227,0.48093,0.55679,0.37612,0.40935,0.5683,0.45734,0.39688,0.41636,0.48183,0.559,0.57787,0.63865,0.5916,0.61877,0.37041,0.3231,0.34354,0.38505,0.29139,0.33844,0.094805,0.21852,0.080086,0.11912,0.12774,0.33399,0.37671,0.37089,0.51283,0.53858,0.26369,0.336,0.51845,0.49297,0.54775,0.37593,0.42513,0.39658,0.26835,0.2966,0.41616,0.37996,0.48708,0.37079,0.48965,0.39358,0.42885,0.37528,0.57087,0.53559,0.52027,0.49721,0.53993,0.53718,0.51946,0.45109,0.31915,0.34619,0.30318,0.37188,0.26958,0.26022,0.53258,0.47836,0.69038,0.64655,0.52431,0.53672,0.64016,0.50168,0.4056,0.28298,0.48993,0.53121,0.50261,0.40342,0.48942,0.22426,0.10114,0.13517,0.15737,0.15292,0.36489,0.44472,0.41549,0.08996,0.39119,0.16005,0.011748,0,0,0.066133,0,0.41542,0.23844,0.23155,0.25802,0.131,0,0
0.41837,0.43039,0.21335,0.35298,0.45176,0.59555,0.11747,0.43832,0.48043,0.75872,0.43255,0.49451,0.53143,0.55718,0.77227,1,0.36357,0.51938,0.2858,0.32148,0.44214,0.29872,0.30461,0.41553,0.39536,0.44657,0.4962,0.54266,0.30537,0.43008,0.33363,0.31559,0.30275,0.34678,0.30216,0.32981,0,0.070952,0,0,0.034971,0.18291,0.19247,0.16108,0.44433,0.46504,0.092046,0.16801,0.36934,0.4445,0.45423,0.34606,0.36821,0.2803,0.13875,0.17916,0.36614,0.42003,0.43095,0.39547,0.50285,0.50339,0.22355,0.30586,0.6369,0.74699,0.39569,0.40754,0.52537,0.4757,0.44363,0.35199,0.19935,0.24394,0.25246,0.25792,0.22415,0.25186,0.40849,0.40368,0.52522,0.4862,0.28726,0.35186,0.50429,0.43656,0.27626,0.13695,0.43981,0.49632,0.39776,0.29314,0.52345,0.26457,0.047417,0.013673,0,0.022838,0.19888,0.29406,0.43391,0.13995,0.4172,0.19608,0.045736,0.001502,0,0.076124,0,0.38405,0.12741,0.11869,0.17775,0.11198,0,0
0.64336,0.6219,0.31876,0.46329,0.39886,0.38234,0.35681,0.53383,0.39477,0.38146,0.57013,0.50462,0.45586,0.45299,0.48093,0.36357,1,0.78947,0.56603,0.62342,0.3629,0.16952,0.32616,0.30502,0.37821,0.48913,0.31315,0.34179,0.57908,0.64716,0.4812,0.43186,0.5764,0.59202,0.2831,0.31071,0,0.13346,0,0.0025375,0.11864,0.25808,0.31967,0.34203,0.48297,0.58687,0.19117,0.32313,0.56926,0.43738,0.46448,0.28177,0.46313,0.38748,0.20933,0.22242,0.72243,0.62026,0.35625,0.37504,0.48434,0.39346,0.54146,0.45414,0.31887,0.2598,0.39287,0.41614,0.61697,0.56147,0.30846,0.18598,0.57798,0.57896,0.54589,0.55412,0.34179,0.34477,0.66088,0.35058,0.69418,0.59493,0.2539,0.32064,0.42823,0.27636,0.1066,0.041842,0.27433,0.37473,0.41387,0.309,0.45623,0.27864,0.0036201,0.043881,0.13934,0.14442,0.44575,0.47617,0.43222,0.20856,0.47271,0.30913,0.18599,0.1127,0.049539,0.16444,0,0.21361,0.3928,0.46789,0.43302,0.27735,0.098624,0
0.60218,0.69907,0.21043,0.48134,0.4667,0.47274,0.20953,0.52646,0.36679,0.48609,0.49476,0.69899,0.42133,0.57005,0.55679,0.51938,0.78947,1,0.52812,0.61488,0.50666,0.18499,0.30786,0.36378,0.42927,0.58839,0.48772,0.44043,0.48271,0.70072,0.61845,0.58125,0.56573,0.61098,0.29108,0.34775,0,0.0056056,0,0,0,0.13742,0.2469,0.25862,0.44434,0.57579,0.070989,0.18948,0.54309,0.57812,0.47974,0.40538,0.50028,0.37915,0.092628,0.15091,0.68941,0.71245,0.45117,0.5399,0.5224,0.52306,0.57463,0.5998,0.39207,0.41398,0.33151,0.42285,0.56751,0.54808,0.51184,0.30293,0.57357,0.54137,0.60045,0.50646,0.21886,0.28163,0.60512,0.48933,0.70709,0.57896,0.13016,0.2218,0.35359,0.277,0,0,0.23677,0.41918,0.42935,0.28139,0.46359,0.2164,0,0,0,0,0.42182,0.47571,0.48629,0.25057,0.53134,0.42828,0.33457,0.16241,0,0.11334,0,0.28638,0.26818,0.45202,0.45846,0.33794,0.15706,0.0306
0.84828,0.81859,0.61823,0.79007,0.40484,0.38874,0.60154,0.76175,0.31345,0.39994,0.67436,0.59458,0.43741,0.57111,0.37612,0.2858,0.56603,0.52812,1,0.95394,0.2111,0.068667,0.67699,0.57895,0.38087,0.42218,0.15509,0.12109,0.29761,0.36196,0.55909,0.56142,0.74679,0.72042,0.37792,0.43044,0,0.10765,0,0,0.019087,0.1973,0.43086,0.41215,0.441,0.56496,0.27428,0.39134,0.6506,0.60704,0.53133,0.44223,0.63658,0.57735,0.3717,0.45041,0.78376,0.75425,0.58233,0.62934,0.51528,0.47692,0.58735,0.59675,0.15051,0.083604,0.58279,0.61556,0.77823,0.79249,0.35469,0.12401,0.68976,0.61957,0.60916,0.60943,0.51147,0.51231,0.14331,0,0.45738,0.44588,0.22566,0.16455,0.41533,0.34893,0.078602,0.085541,0.38484,0.57037,0.56267,0.4309,0.46822,0.32686,0.16764,0.060051,0.24088,0.26192,0.64588,0.65287,0.54106,0.35533,0.51132,0.47935,0.25098,0.11666,0.12002,0.31763,0,0.20994,0.34824,0.4955,0.52512,0.21864,0.062849,0.0018982
0.839,0.87727,0.55858,0.81277,0.39826,0.3877,0.55183,0.80091,0.30838,0.42589,0.63281,0.63777,0.41029,0.58968,0.40935,0.32148,0.62342,0.61488,0.95394,1,0.28729,0.11841,0.64462,0.55792,0.37986,0.43245,0.20374,0.17892,0.34011,0.47926,0.58029,0.58735,0.74614,0.73901,0.35622,0.41836,0,0.10904,0,0,0.037554,0.21606,0.40877,0.38746,0.48779,0.61616,0.26207,0.37828,0.6955,0.65459,0.56107,0.45984,0.65667,0.58117,0.34872,0.42634,0.79457,0.79572,0.60756,0.66698,0.53741,0.5112,0.59716,0.62501,0.18731,0.1107,0.58094,0.61752,0.80438,0.80832,0.40117,0.12069,0.70395,0.66223,0.63476,0.60994,0.50926,0.4958,0.24747,0,0.54648,0.50211,0.22729,0.1937,0.41229,0.34903,0.05596,0.049274,0.37136,0.53456,0.58486,0.41595,0.501,0.31021,0.19209,0.036123,0.22121,0.23738,0.6502,0.6556,0.58185,0.35369,0.56028,0.49667,0.25828,0.1059,0.11841,0.3083,0,0.24013,0.34441,0.48175,0.55226,0.27282,0.11901,0.00036143
0.19995,0.26441,0.25563,0.28915,0.23821,0.33797,0.087464,0.30259,0.14857,0.3078,0.21264,0.2495,0.13426,0.15306,0.5683,0.44214,0.3629,0.50666,0.2111,0.28729,1,0.77319,0.19998,0.34518,0.43568,0.58976,0.5517,0.60561,0.59398,0.6432,0.19945,0.24466,0.10332,0.14927,0.11249,0.16498,0.27712,0.37599,0.22965,0.28973,0.35565,0.46357,0.35662,0.32475,0.57193,0.48749,0.3566,0.38584,0.53177,0.4715,0.56196,0.36679,0.31334,0.31265,0.28847,0.35709,0.22024,0.17561,0.32943,0.23811,0.15776,0.097333,0.15363,0.074072,0.3874,0.40118,0.42734,0.39085,0.35521,0.33523,0.63824,0.59691,0.38105,0.41599,0.38892,0.39456,0.33551,0.40104,0.60701,0.69796,0.67879,0.67607,0.49134,0.57973,0.56061,0.50938,0.38801,0.3505,0.36589,0.45328,0.28138,0.18374,0.24211,0.010481,0.12624,0.19446,0.18684,0.1952,0.21938,0.30505,0.18805,0,0.07532,0,0,0,0,0,0.1099,0.35578,0.18606,0.0092262,0.12479,0.015076,0,0
0.023332,0.066889,0.24779,0.12202,0,0.073614,0.078964,0.20455,0,0.12352,0.096853,0,0.0069111,0,0.45734,0.29872,0.16952,0.18499,0.068667,0.11841,0.77319,1,0.040905,0.15306,0.13647,0.2358,0.24583,0.46764,0.69315,0.62407,0,0,0,0,0,0,0.68331,0.71935,0.64352,0.71424,0.71768,0.75335,0.45225,0.49327,0.49676,0.43053,0.63611,0.59148,0.48975,0.34964,0.53265,0.38218,0.3059,0.34778,0.51345,0.50766,0,0,0.23559,0.045367,0,0,0,0,0.16131,0.21916,0.3696,0.30315,0.21137,0.23658,0.39404,0.44786,0.23274,0.40439,0.25491,0.23922,0.51182,0.48098,0.48142,0.53064,0.49946,0.66885,0.75045,0.78866,0.60678,0.58319,0.64329,0.66416,0.52585,0.39865,0.22811,0.17856,0.12347,0,0.20722,0.55043,0.52162,0.54723,0.20339,0.32765,0.11458,0,0,0,0,0,0,0.002964,0.43057,0.24518,0.16941,0,0,0,0,0
0.57598,0.43538,0.82868,0.77017,0.38648,0.31944,0.75471,0.6459,0.39986,0.42405,0.59419,0.42637,0.57455,0.51362,0.39688,0.30461,0.32616,0.30786,0.67699,0.64462,0.19998,0.040905,1,0.8703,0.6874,0.57417,0.1924,0.15003,0.21684,0.18802,0.50408,0.51196,0.60497,0.58208,0.5465,0.52251,0,0.067551,0,0,0,0.12974,0.36933,0.30635,0.4165,0.34818,0.19705,0.27043,0.41855,0.31738,0.44628,0.18,0.42832,0.40885,0.18091,0.29007,0.61293,0.43547,0.38143,0.31336,0.48818,0.24811,0.55876,0.45763,0.31468,0.11078,0.65738,0.61118,0.48895,0.53832,0.34867,0.11418,0.47871,0.34577,0.40029,0.40011,0.29902,0.36555,0.031279,0,0.3488,0.39052,0.1931,0.17368,0.50486,0.42363,0.032098,0.063442,0.39821,0.54943,0.54186,0.50819,0.61863,0.54324,0.21163,0.032937,0.22445,0.20656,0.51706,0.46776,0.50029,0.47032,0.44347,0.47714,0.23387,0.18693,0.094855,0.22113,0,0.1948,0.36425,0.37066,0.44576,0.26651,0.079603,0.09927
0.51246,0.45211,0.74654,0.76839,0.34251,0.26945,0.60534,0.63225,0.25648,0.36042,0.50269,0.46257,0.46308,0.5609,0.41636,0.41553,0.30502,0.36378,0.57895,0.55792,0.34518,0.15306,0.8703,1,0.70115,0.64444,0.31317,0.27825,0.23027,0.26165,0.45444,0.52968,0.50767,0.51189,0.55334,0.54814,0,0.16533,0,0.021484,0,0.22546,0.4064,0.32029,0.46305,0.36603,0.26376,0.33445,0.44334,0.3494,0.53666,0.23193,0.44106,0.36461,0.25752,0.33685,0.57935,0.41395,0.35833,0.30812,0.384,0.17836,0.46862,0.40221,0.2754,0.22587,0.68967,0.68433,0.43797,0.55289,0.41744,0.12813,0.4747,0.38353,0.42591,0.4175,0.31067,0.39286,0.10124,0.00020863,0.40174,0.46635,0.22365,0.25433,0.59538,0.63678,0.1035,0.12786,0.49449,0.67238,0.55114,0.4977,0.65574,0.49929,0.15566,0.10223,0.24649,0.24477,0.51629,0.46305,0.5328,0.39268,0.46425,0.4349,0.17532,0.13599,0.043281,0.21002,0,0.19751,0.43522,0.33084,0.42524,0.25643,0.024767,0
0.40449,0.28803,0.61872,0.55923,0.52199,0.4558,0.48687,0.41731,0.43696,0.41326,0.51133,0.34716,0.52991,0.43971,0.48183,0.39536,0.37821,0.42927,0.38087,0.37986,0.43568,0.13647,0.6874,0.70115,1,0.85819,0.58082,0.47009,0.25635,0.22541,0.60258,0.57579,0.55142,0.55122,0.76836,0.71189,0,0.0090259,0,0,0,0.061889,0.33881,0.18136,0.45419,0.30296,0.071797,0.20269,0.34132,0.2199,0.45308,0.079181,0.24771,0.21331,0.10872,0.17027,0.5062,0.3665,0.32124,0.23542,0.42455,0.17207,0.48479,0.30629,0.47333,0.30653,0.65821,0.59644,0.3655,0.40328,0.43601,0.36235,0.40814,0.2858,0.40654,0.46308,0.1352,0.22351,0.24817,0.15683,0.41376,0.37414,0.14182,0.13822,0.46893,0.37564,0.038253,0,0.36548,0.48556,0.4467,0.4222,0.5381,0.51782,0.082735,0,0.048387,0,0.34756,0.3513,0.45137,0.40949,0.43272,0.45528,0.31516,0.2532,0,0.070787,0,0.26115,0.36843,0.35834,0.38357,0.33754,0.13233,0.10243
0.42069,0.37402,0.50778,0.61342,0.53341,0.52367,0.38207,0.45062,0.40952,0.40564,0.44954,0.52189,0.44132,0.50138,0.559,0.44657,0.48913,0.58839,0.42218,0.43245,0.58976,0.2358,0.57417,0.64444,0.85819,1,0.69545,0.63009,0.37543,0.41103,0.70531,0.71053,0.59759,0.62612,0.63115,0.58006,0,0.0071556,0,0,0,0.080165,0.31763,0.16655,0.39913,0.3176,0.079611,0.2071,0.38973,0.32861,0.47656,0.19298,0.28852,0.19276,0.081988,0.11314,0.56989,0.44759,0.34412,0.34827,0.36775,0.22638,0.56178,0.39429,0.40393,0.35849,0.60167,0.60824,0.36632,0.3963,0.50669,0.45103,0.45113,0.35267,0.46742,0.51927,0.091709,0.17422,0.41269,0.34363,0.5507,0.47038,0.12575,0.2059,0.47562,0.45559,0,0,0.30177,0.49349,0.43597,0.35691,0.4946,0.36592,0.0024446,0,0,0,0.3602,0.34731,0.4367,0.33945,0.44108,0.4726,0.35626,0.22144,0,0.047124,0,0.28182,0.34084,0.41503,0.36843,0.35331,0.14652,0.031962
0.23867,0.25531,0.15495,0.29376,0.6783,0.70325,0.052298,0.21126,0.49713,0.52058,0.22574,0.40809,0.25667,0.29647,0.57787,0.4962,0.31315,0.48772,0.15509,0.20374,0.5517,0.24583,0.1924,0.31317,0.58082,0.69545,1,0.87108,0.25708,0.30653,0.45884,0.46415,0.35786,0.3949,0.41053,0.39978,0,0,0,0,0,0,0.23055,0.12044,0.29513,0.25144,0.011503,0.15361,0.27843,0.28038,0.36444,0.1987,0.16932,0.015193,0.0053107,0.03581,0.28911,0.29193,0.37606,0.35191,0.31165,0.21975,0.39497,0.29428,0.3533,0.40499,0.42114,0.45129,0.2654,0.26736,0.41799,0.39811,0.25266,0.19534,0.30653,0.33907,0,0.0039364,0.43436,0.45381,0.48302,0.36756,0.067823,0.12243,0.30285,0.29668,0.0081258,0,0.15403,0.3169,0.28059,0.17754,0.25704,0.13253,0,0,0,0,0.17671,0.1823,0.32151,0.20071,0.35583,0.29982,0.28795,0.10941,0,0.018691,0,0.30105,0.2946,0.26046,0.23004,0.3321,0.051941,0.086277
0.23334,0.22705,0.18424,0.28522,0.52246,0.63205,0.040711,0.21019,0.3843,0.47879,0.18037,0.29974,0.21736,0.20495,0.63865,0.54266,0.34179,0.44043,0.12109,0.17892,0.60561,0.46764,0.15003,0.27825,0.47009,0.63009,0.87108,1,0.39347,0.41054,0.30899,0.32846,0.21544,0.26252,0.29214,0.31616,0.061596,0.16198,0.065567,0.09423,0.21148,0.20813,0.31855,0.23779,0.31671,0.29784,0.21507,0.32344,0.33122,0.29157,0.42869,0.24816,0.22797,0.07079,0.16942,0.15317,0.22626,0.22481,0.37307,0.30871,0.22393,0.13724,0.23984,0.17343,0.27648,0.40377,0.44622,0.48385,0.2951,0.29078,0.36845,0.37893,0.26867,0.31411,0.29958,0.35157,0.14008,0.12451,0.50917,0.48413,0.48816,0.48064,0.29287,0.33364,0.40764,0.44791,0.22468,0.15204,0.32477,0.39547,0.30497,0.23261,0.23207,0.075332,0,0.0044629,0.047156,0.060478,0.18103,0.23959,0.34549,0.070953,0.32098,0.16377,0.074815,0,0,0.070972,0,0.27948,0.31933,0.10784,0.17637,0.23006,0,0.04464
0.25516,0.25018,0.36702,0.2469,0.08615,0.12391,0.33973,0.35363,0.1176,0.17306,0.43372,0.23964,0.31609,0.20433,0.5916,0.30537,0.57908,0.48271,0.29761,0.34011,0.59398,0.69315,0.21684,0.23027,0.25635,0.37543,0.25708,0.39347,1,0.84061,0.098724,0.086398,0.064439,0.08253,0,0.066969,0.45385,0.55474,0.42991,0.50963,0.49202,0.65551,0.47869,0.52455,0.53812,0.55311,0.55658,0.52682,0.58106,0.42858,0.53507,0.37797,0.42527,0.47825,0.40946,0.39793,0.30027,0.13717,0.23139,0.09484,0.19983,0.04707,0.24639,0.1397,0.2799,0.2275,0.37281,0.31257,0.37286,0.39385,0.36377,0.34963,0.47872,0.48766,0.38776,0.37005,0.41978,0.39279,0.69685,0.58359,0.71195,0.76278,0.66821,0.72059,0.62661,0.50616,0.46124,0.50324,0.46701,0.45098,0.33193,0.26754,0.2932,0.055279,0.21925,0.47951,0.4652,0.46187,0.37928,0.45533,0.17543,0,0.083607,0,0,0,0,0.015674,0.24055,0.33893,0.31392,0.12612,0.22259,0,0,0
0.31001,0.46535,0.23211,0.36369,0.10842,0.18843,0.17913,0.49461,0.13318,0.28173,0.36316,0.43878,0.2521,0.36546,0.61877,0.43008,0.64716,0.70072,0.36196,0.47926,0.6432,0.62407,0.18802,0.26165,0.22541,0.41103,0.30653,0.41054,0.84061,1,0.2197,0.21484,0.17557,0.22089,0,0.078236,0.28874,0.43097,0.23632,0.33392,0.41711,0.59528,0.39646,0.43254,0.53905,0.60258,0.42201,0.43456,0.63537,0.5351,0.5585,0.43593,0.46157,0.45634,0.34353,0.3432,0.35673,0.35372,0.31378,0.28154,0.25245,0.2124,0.29935,0.25664,0.33471,0.31404,0.36399,0.34885,0.47617,0.48998,0.46127,0.33704,0.47813,0.57012,0.45879,0.38007,0.39298,0.3969,0.74479,0.63835,0.78611,0.76105,0.56209,0.65687,0.56619,0.46706,0.36886,0.33256,0.45637,0.38022,0.38426,0.24148,0.34664,0.0032854,0.14172,0.31662,0.29313,0.34068,0.37379,0.46124,0.30384,0,0.21863,0,0,0,0,0.10637,0.12961,0.3358,0.21979,0.1212,0.27114,0.050046,0,0
0.58481,0.56955,0.29965,0.60355,0.56308,0.5003,0.35161,0.44826,0.41695,0.40509,0.54009,0.72736,0.48347,0.62707,0.37041,0.33363,0.4812,0.61845,0.55909,0.58029,0.19945,0,0.50408,0.45444,0.60258,0.70531,0.45884,0.30899,0.098724,0.2197,1,0.93794,0.85168,0.84359,0.56059,0.48014,0,0,0,0,0,0,0.049456,0,0.14054,0.22131,0,0,0.24611,0.32355,0.2006,0.15081,0.28913,0.2382,0,0,0.73305,0.67988,0.4029,0.53409,0.54057,0.50693,0.7478,0.6615,0.31316,0.19776,0.31784,0.38617,0.43211,0.37932,0.31753,0.15041,0.47947,0.27664,0.42384,0.48257,0,0.0011725,0.14509,0.064654,0.34571,0.13807,0,0,0.096238,0.078933,0,0,0,0.27079,0.3501,0.23958,0.35473,0.32356,0,0,0,0,0.33104,0.28169,0.4408,0.50153,0.53276,0.66944,0.61969,0.52753,0.15538,0.070462,0,0.18038,0.12752,0.59317,0.45032,0.49845,0.384,0.13967
0.54154,0.55941,0.32953,0.66521,0.5386,0.45793,0.35525,0.46246,0.35321,0.37527,0.46696,0.70521,0.4036,0.60753,0.3231,0.31559,0.43186,0.58125,0.56142,0.58735,0.24466,0,0.51196,0.52968,0.57579,0.71053,0.46415,0.32846,0.086398,0.21484,0.93794,1,0.81023,0.8114,0.52071,0.45292,0,0,0,0,0,0,0.098854,0,0.13932,0.21781,0,0,0.25889,0.32958,0.22694,0.17622,0.3004,0.22123,0,0,0.7237,0.67524,0.43228,0.57345,0.4922,0.44372,0.7215,0.6525,0.22515,0.17091,0.36853,0.45574,0.41647,0.40471,0.33808,0.15435,0.51468,0.30881,0.46187,0.46924,0,0.033119,0.13296,0.051664,0.33434,0.17469,0,0,0.13662,0.18307,0,0,0.014567,0.34315,0.34933,0.22204,0.35848,0.2867,0.030704,0,0,0,0.37795,0.29082,0.46664,0.44893,0.54645,0.65927,0.55624,0.45163,0.1504,0.13151,0,0.16536,0.15797,0.54368,0.40881,0.46917,0.39986,0.081803
0.77139,0.70704,0.48232,0.7329,0.60569,0.52602,0.53206,0.62657,0.51333,0.47098,0.64142,0.70979,0.55579,0.66902,0.34354,0.30275,0.5764,0.56573,0.74679,0.74614,0.10332,0,0.60497,0.50767,0.55142,0.59759,0.35786,0.21544,0.064439,0.17557,0.85168,0.81023,1,0.97301,0.62896,0.57755,0,0,0,0,0,0,0.22782,0.13004,0.25449,0.35802,0,0.091981,0.39971,0.39518,0.33991,0.24344,0.42015,0.29604,0.040969,0.10129,0.84766,0.77985,0.48958,0.57954,0.63317,0.55956,0.75357,0.70477,0.26201,0.1617,0.49908,0.55792,0.63731,0.59348,0.28456,0.12914,0.50499,0.39995,0.47772,0.55345,0.15584,0.20454,0.10144,0,0.36679,0.22283,0,0,0.19593,0.12238,0,0,0.097787,0.36329,0.43491,0.32868,0.40739,0.42411,0,0,0,0,0.48272,0.41208,0.49705,0.60423,0.5938,0.72649,0.59728,0.53537,0.29185,0.23701,0,0.20083,0.34525,0.68041,0.46613,0.39901,0.25425,0.19072
0.77438,0.73456,0.47133,0.75512,0.61813,0.52949,0.50418,0.6519,0.52548,0.49548,0.61916,0.73295,0.56313,0.70413,0.38505,0.34678,0.59202,0.61098,0.72042,0.73901,0.14927,0,0.58208,0.51189,0.55122,0.62612,0.3949,0.26252,0.08253,0.22089,0.84359,0.8114,0.97301,1,0.62461,0.59295,0,0,0,0,0,0,0.2316,0.13799,0.28541,0.39457,0,0.10136,0.41857,0.43883,0.37612,0.288,0.43468,0.29627,0.059467,0.10721,0.84299,0.79536,0.49974,0.59951,0.65335,0.60926,0.73181,0.7351,0.28935,0.23378,0.4931,0.57486,0.63113,0.60269,0.31079,0.14268,0.51674,0.43666,0.48486,0.56077,0.15663,0.20912,0.14658,0,0.40672,0.25789,0,0,0.21053,0.15808,0,0,0.12533,0.38954,0.44864,0.3226,0.41401,0.40146,0,0,0,0,0.50433,0.41316,0.49057,0.56525,0.59039,0.71147,0.56171,0.52584,0.27974,0.21584,0,0.19804,0.37128,0.68333,0.44302,0.39164,0.25777,0.16863
0.44224,0.31794,0.50561,0.49652,0.5113,0.43738,0.38241,0.37377,0.42988,0.3683,0.43915,0.33113,0.49112,0.44613,0.29139,0.30216,0.2831,0.29108,0.37792,0.35622,0.11249,0,0.5465,0.55334,0.76836,0.63115,0.41053,0.29214,0,0,0.56059,0.52071,0.62896,0.62461,1,0.90605,0,0,0,0,0,0,0.2032,0.025116,0.31151,0.1898,0,0.078214,0.17265,0.089172,0.26719,0,0.18762,0.11456,0.075099,0.09317,0.51565,0.42591,0.26184,0.24381,0.40148,0.23959,0.39725,0.32004,0.39584,0.29165,0.57922,0.54526,0.43415,0.44107,0.23897,0.20563,0.29117,0.16515,0.25277,0.34262,0.086591,0.11993,0.053415,0,0.16516,0.094724,0,0,0.28715,0.20764,0,0,0.27341,0.37608,0.3336,0.32963,0.40399,0.47617,0,0,0,0,0.25477,0.23342,0.39078,0.51895,0.44521,0.52476,0.46532,0.43931,0.15975,0.1881,0,0.16087,0.34629,0.38699,0.31622,0.27991,0.064078,0.25612
0.47342,0.4009,0.50972,0.51771,0.48201,0.39995,0.34593,0.38368,0.35442,0.34961,0.43983,0.36105,0.45825,0.45224,0.33844,0.32981,0.31071,0.34775,0.43044,0.41836,0.16498,0,0.52251,0.54814,0.71189,0.58006,0.39978,0.31616,0.066969,0.078236,0.48014,0.45292,0.57755,0.59295,0.90605,1,0,0.005703,0,0,0,0,0.26032,0.12626,0.33153,0.23364,0.036959,0.20296,0.27593,0.1741,0.3543,0.044941,0.28985,0.19862,0.23931,0.25175,0.52243,0.46098,0.37222,0.32521,0.39642,0.22392,0.38758,0.33759,0.30663,0.28651,0.61011,0.61625,0.49713,0.54261,0.26606,0.15979,0.34162,0.24551,0.25669,0.31919,0.17421,0.18191,0.12219,0,0.22774,0.18349,0.047526,0,0.3447,0.29996,0.078818,0,0.37288,0.4877,0.4479,0.43646,0.43929,0.46917,0,0,0.022636,0,0.38557,0.37762,0.459,0.48017,0.50243,0.53097,0.40083,0.37657,0.11708,0.23616,0,0.17659,0.43003,0.37454,0.42113,0.28057,0.041605,0.3043
0,0,0.1403,0,0,0,0.01249,0,0,0,0,0,0,0,0.094805,0,0,0,0,0,0.27712,0.68331,0,0,0,0,0,0.061596,0.45385,0.28874,0,0,0,0,0,0,1,0.87694,0.89815,0.93984,0.70182,0.7887,0.43689,0.52281,0.30037,0.20679,0.74273,0.61041,0.28552,0.12175,0.34425,0.22644,0.22531,0.24571,0.64168,0.55436,0,0,0,0,0,0,0,0,0,0,0.13215,0.060243,0,0.051949,0.025803,0.087226,0,0.2103,0,0,0.46744,0.40168,0.13961,0.18655,0.063315,0.35413,0.65745,0.67535,0.4041,0.48229,0.70074,0.78999,0.47938,0.26386,0.10465,0.17378,0,0,0.14254,0.78966,0.70901,0.74785,0.15424,0.24999,0,0,0,0,0,0,0,0.014399,0.62115,0.041413,0.17335,0,0,0,0,0
0,0.041665,0.3493,0.13311,0,0,0.16492,0.18531,0,0,0.034064,0,0,0,0.21852,0.070952,0.13346,0.0056056,0.10765,0.10904,0.37599,0.71935,0.067551,0.16533,0.0090259,0.0071556,0,0.16198,0.55474,0.43097,0,0,0,0,0,0.005703,0.87694,1,0.83531,0.9,0.70994,0.88828,0.53927,0.62493,0.43149,0.35488,0.74989,0.69296,0.43054,0.23937,0.47931,0.28233,0.36479,0.34302,0.71752,0.65796,0,0,0.156,0,0,0,0,0,0,0.013671,0.37506,0.30996,0.20458,0.26559,0.18451,0.19624,0.22859,0.4417,0.23084,0.17727,0.6152,0.55304,0.20761,0.19043,0.22904,0.51641,0.72731,0.72542,0.54399,0.60703,0.70642,0.77865,0.63405,0.4327,0.28987,0.3208,0.17697,0.047132,0.13493,0.77491,0.71358,0.76532,0.33146,0.43871,0.13149,0,0.00022259,0,0,0,0,0.16145,0.58067,0.09841,0.28781,0,0.040233,0,0,0
0,0,0.20917,0,0,0,0.031595,0,0,0,0,0,0,0,0.080086,0,0,0,0,0,0.22965,0.64352,0,0,0,0,0,0.065567,0.42991,0.23632,0,0,0,0,0,0,0.89815,0.83531,1,0.96315,0.73301,0.77915,0.42938,0.47945,0.25793,0.18705,0.71481,0.61083,0.30347,0.11952,0.32241,0.19042,0.22908,0.27128,0.73407,0.64573,0,0,0.048175,0,0,0,0,0,0,0,0.19496,0.11516,0.12344,0.16639,0,0.043161,0.0366,0.23164,0,0.016547,0.53157,0.4477,0.092683,0.10164,0.030166,0.31903,0.71209,0.64491,0.37823,0.42876,0.7797,0.87115,0.53858,0.30038,0.13253,0.16764,0,0,0.19504,0.8186,0.75199,0.75814,0.17674,0.27793,0,0,0,0,0,0,0,0.12826,0.6583,0,0.12765,0,0,0,0,0
0,0,0.23998,0,0,0,0.090381,0.045395,0,0,0,0,0,0,0.11912,0,0.0025375,0,0,0,0.28973,0.71424,0,0.021484,0,0,0,0.09423,0.50963,0.33392,0,0,0,0,0,0,0.93984,0.9,0.96315,1,0.77268,0.85426,0.47659,0.54549,0.31557,0.24191,0.78279,0.67657,0.34395,0.14946,0.38374,0.22733,0.26996,0.29766,0.72209,0.64456,0,0,0.029133,0,0,0,0,0,0,0,0.22791,0.15076,0.10258,0.15667,0.013702,0.074323,0.069003,0.29923,0.048332,0.052011,0.55973,0.48418,0.16379,0.15477,0.10314,0.41299,0.74328,0.72832,0.45222,0.51878,0.75811,0.87246,0.5701,0.33388,0.15081,0.19913,0,0,0.19156,0.83544,0.77881,0.80893,0.20486,0.30684,0,0,0,0,0,0,0,0.08126,0.64053,0.0084888,0.19374,0,0,0,0,0
0,0,0.11126,0,0,0,0.018494,0.063672,0,0,0,0,0,0,0.12774,0.034971,0.11864,0,0.019087,0.037554,0.35565,0.71768,0,0,0,0,0,0.21148,0.49202,0.41711,0,0,0,0,0,0,0.70182,0.70994,0.73301,0.77268,1,0.71689,0.39561,0.4416,0.32005,0.26086,0.61379,0.55539,0.34649,0.15491,0.31628,0.22961,0.15901,0.20155,0.53291,0.47824,0,0,0.076841,0,0,0,0,0,0,0,0.20208,0.15566,0.12175,0.11498,0.056626,0.058966,0.12047,0.38029,0.12942,0.12979,0.46114,0.37238,0.35119,0.24231,0.2539,0.47194,0.70473,0.67718,0.42834,0.48042,0.60485,0.65702,0.43797,0.24155,0.090791,0.064207,0.0042242,0,0.19335,0.53348,0.57675,0.63273,0.14411,0.25319,0.072069,0,0,0,0,0,0,0.05797,0.56761,0.0037113,0.07417,0,0,0,0,0
0.094866,0.1622,0.3834,0.21882,0,0,0.21738,0.31018,0,0.0039443,0.16694,0,0.019568,0.016154,0.33399,0.18291,0.25808,0.13742,0.1973,0.21606,0.46357,0.75335,0.12974,0.22546,0.061889,0.080165,0,0.20813,0.65551,0.59528,0,0,0,0,0,0,0.7887,0.88828,0.77915,0.85426,0.71689,1,0.5368,0.61223,0.51961,0.46172,0.74714,0.68069,0.55086,0.361,0.53911,0.37035,0.42932,0.4266,0.67554,0.6432,0.016452,0,0.21496,0.063381,0,0,0,0,0.033992,0.062681,0.39343,0.31813,0.29453,0.35203,0.25901,0.21762,0.29371,0.49349,0.27189,0.23797,0.62813,0.62507,0.32141,0.29448,0.39456,0.63922,0.79378,0.82227,0.5972,0.61159,0.73476,0.79175,0.65067,0.47771,0.31518,0.29453,0.18273,0.016937,0.19389,0.73106,0.66982,0.71112,0.36214,0.46463,0.13279,0,0.0052734,0,0,0,0,0.14059,0.49448,0.11579,0.25601,0,0.065509,0,0,0
0.36388,0.36319,0.66254,0.52818,0.19649,0.1705,0.56348,0.51613,0.13717,0.21735,0.39582,0.17846,0.25165,0.19778,0.37671,0.19247,0.31967,0.2469,0.43086,0.40877,0.35662,0.45225,0.36933,0.4064,0.33881,0.31763,0.23055,0.31855,0.47869,0.39646,0.049456,0.098854,0.22782,0.2316,0.2032,0.26032,0.43689,0.53927,0.42938,0.47659,0.39561,0.5368,1,0.92034,0.66876,0.60527,0.83603,0.86974,0.77949,0.58603,0.8464,0.62682,0.6793,0.57384,0.68737,0.66555,0.36604,0.25888,0.53073,0.35769,0.28722,0.018833,0.27086,0.20409,0.0020167,0.019657,0.73039,0.72225,0.40158,0.55874,0.24385,0.23641,0.31322,0.48612,0.38426,0.36088,0.51877,0.51959,0.23521,0.048359,0.42735,0.60475,0.56164,0.55125,0.63287,0.62696,0.41572,0.45702,0.57779,0.6358,0.58985,0.5547,0.28738,0.36039,0.097442,0.35211,0.54543,0.54558,0.71551,0.72069,0.35144,0.18751,0.32943,0.15245,0,0,0.022935,0.24832,0.33021,0.19864,0.50535,0.28049,0.35444,0.06717,0,0
0.36888,0.34541,0.62125,0.45528,0.14543,0.10258,0.56654,0.49243,0.14197,0.20569,0.38694,0.14408,0.24491,0.16722,0.37089,0.16108,0.34203,0.25862,0.41215,0.38746,0.32475,0.49327,0.30635,0.32029,0.18136,0.16655,0.12044,0.23779,0.52455,0.43254,0,0,0.13004,0.13799,0.025116,0.12626,0.52281,0.62493,0.47945,0.54549,0.4416,0.61223,0.92034,1,0.60504,0.62019,0.84721,0.8945,0.7377,0.59056,0.7998,0.66352,0.67976,0.61884,0.67905,0.69611,0.33848,0.21895,0.49653,0.30131,0.2801,0.046052,0.22319,0.19483,0,0,0.62475,0.63717,0.39025,0.5265,0.25204,0.21637,0.29225,0.48454,0.37033,0.27883,0.56632,0.55114,0.2459,0.07518,0.42443,0.64968,0.58575,0.59054,0.59779,0.58601,0.42828,0.47805,0.54786,0.62708,0.55447,0.56679,0.29691,0.34318,0.043708,0.4217,0.58194,0.63639,0.67946,0.73364,0.30253,0.11595,0.26306,0.063758,0,0,0.00072652,0.24775,0.35373,0.1955,0.51527,0.22217,0.29521,0,0,0
0.49194,0.47766,0.49895,0.48817,0.33678,0.29341,0.42233,0.58277,0.28673,0.40011,0.51954,0.2553,0.37178,0.27878,0.51283,0.44433,0.48297,0.44434,0.441,0.48779,0.57193,0.49676,0.4165,0.46305,0.45419,0.39913,0.29513,0.31671,0.53812,0.53905,0.14054,0.13932,0.25449,0.28541,0.31151,0.33153,0.30037,0.43149,0.25793,0.31557,0.32005,0.51961,0.66876,0.60504,1,0.88688,0.56692,0.59761,0.82953,0.66203,0.75746,0.45887,0.62517,0.60329,0.48244,0.5251,0.44462,0.37051,0.48133,0.33746,0.45448,0.33341,0.21967,0.22474,0.50368,0.41805,0.66493,0.58833,0.54541,0.60202,0.44587,0.35975,0.462,0.55471,0.48045,0.4811,0.52941,0.53426,0.45762,0.35231,0.68124,0.70985,0.57341,0.59999,0.74983,0.62176,0.47996,0.45159,0.60797,0.60563,0.56473,0.44957,0.46766,0.35355,0.074633,0.24722,0.31367,0.35293,0.53381,0.58021,0.40936,0.18238,0.34338,0.16041,0,0,0,0.23033,0.18077,0.23347,0.40693,0.212,0.27411,0.026297,0,0
0.64711,0.66272,0.42579,0.5381,0.38524,0.33081,0.45073,0.67766,0.35918,0.47317,0.59295,0.43736,0.44559,0.4042,0.53858,0.46504,0.58687,0.57579,0.56496,0.61616,0.48749,0.43053,0.34818,0.36603,0.30296,0.3176,0.25144,0.29784,0.55311,0.60258,0.22131,0.21781,0.35802,0.39457,0.1898,0.23364,0.20679,0.35488,0.18705,0.24191,0.26086,0.46172,0.60527,0.62019,0.88688,1,0.50936,0.56316,0.8654,0.81837,0.74613,0.63052,0.7243,0.68908,0.45755,0.50774,0.54956,0.55057,0.57448,0.48463,0.57528,0.56139,0.30121,0.4131,0.47054,0.45679,0.55283,0.55258,0.63848,0.67104,0.42081,0.30318,0.55113,0.67086,0.58027,0.53071,0.56635,0.52563,0.47708,0.33009,0.6886,0.71248,0.46985,0.49722,0.62635,0.51821,0.36859,0.33729,0.54517,0.59882,0.56491,0.42161,0.44799,0.28047,0.021925,0.17368,0.22989,0.30107,0.54878,0.61885,0.45615,0.20078,0.41024,0.22225,0,0,0.013369,0.2418,0.06844,0.19502,0.3557,0.31384,0.28325,0.070744,0,0
0.18587,0.18889,0.5076,0.33746,0,0,0.40672,0.37187,0,8.4098e-05,0.22407,0,0.075383,0.020946,0.26369,0.092046,0.19117,0.070989,0.27428,0.26207,0.3566,0.63611,0.19705,0.26376,0.071797,0.079611,0.011503,0.21507,0.55658,0.42201,0,0,0,0,0,0.036959,0.74273,0.74989,0.71481,0.78279,0.61379,0.74714,0.83603,0.84721,0.56692,0.50936,1,0.93135,0.67626,0.483,0.72442,0.54229,0.61783,0.55711,0.77642,0.72384,0.13027,0.019585,0.30148,0.12859,0.023513,0,0,0,0,0,0.50257,0.48227,0.28576,0.42167,0.126,0.14047,0.22818,0.43708,0.25068,0.23412,0.59213,0.54537,0.21564,0.086528,0.30828,0.56429,0.68877,0.68745,0.58306,0.62684,0.57181,0.67497,0.62746,0.55456,0.47549,0.47456,0.20448,0.1727,0.16313,0.63379,0.76145,0.76563,0.59587,0.63112,0.19926,0,0.10085,0,0,0,0,0.14825,0.53334,0.20856,0.49358,0.029142,0.22571,0,0,0
0.34588,0.30604,0.56974,0.44457,0.068888,0.068752,0.47131,0.46402,0.019869,0.12477,0.32361,0.085065,0.17096,0.12605,0.336,0.16801,0.32313,0.18948,0.39134,0.37828,0.38584,0.59148,0.27043,0.33445,0.20269,0.2071,0.15361,0.32344,0.52682,0.43456,0,0,0.091981,0.10136,0.078214,0.20296,0.61041,0.69296,0.61083,0.67657,0.55539,0.68069,0.86974,0.8945,0.59761,0.56316,0.93135,1,0.72998,0.52563,0.8006,0.57558,0.63818,0.57585,0.76248,0.7575,0.27803,0.14664,0.40098,0.22487,0.13172,0,0.071412,0.016584,0,0.0063889,0.63134,0.63609,0.43165,0.54137,0.17179,0.16832,0.26091,0.51087,0.3038,0.33458,0.61024,0.55918,0.28377,0.08584,0.37367,0.62072,0.64696,0.65318,0.61487,0.64399,0.53058,0.59022,0.62937,0.62516,0.54708,0.56997,0.29949,0.29782,0.091534,0.55218,0.71208,0.74214,0.62938,0.68719,0.31286,0.065098,0.22603,0.023367,0,0,0,0.22153,0.39406,0.20388,0.61986,0.14859,0.33724,0,0,0
