1,0.78605,0.54508,0.36371,0.20387,0.28572,0.46238,0.29171,0.33464,0.22689,0.69866,0.47929,0.55112,0.35455,0.32658,0.15183,0.61009,0.42347,0.51285,0.37622,0.13418,0.16199,0.35594,0.33871,0.2193,0.18461,0.18558,0.16511,0.45781,0.076409,0.22698,0.23088,0.64725,0.58308,0.1945,0.027637,0.19448,0,0,0.0095674,0.098824,0,0.17217,0.19234,0.318,0.44936,0.24345,0.16857,0.42008,0.64732,0.69877,0.67553,0.54022,0.53961,0.37269,0.24285,0.6503,0.55244,0.65042,0.47804,0.83219,0.65932,0.62214,0.65946,0.44207,0.37043,0.555,0.43335,0.56967,0.47195,0.34527,0.25247,0.3715,0.059116,0.28272,0.27793,0.43122,0.43034,0.52075,0,0.3735,0.21682,0.38726,0.019283,0.2746,0.3014,0.014412,0,0.40218,0.42382,0.34447,0.46044,0.3572,0.39792,0.051244,0,0,0,0.33169,0.27555,0.30068,0.314,0.31757,0.29046,0.22633,0.32791,0.25889,0,0.068034,0.091939,0.068064,0.41632,0.31184,0.21726,0.27249,0.10468
0.78605,1,0.33622,0.41287,0.23373,0.31936,0.32781,0.33084,0.27156,0.24578,0.46035,0.62318,0.25085,0.38382,0.19667,0.25258,0.51949,0.5391,0.4946,0.49026,0.19167,0.31629,0.21056,0.27166,0.15831,0.21903,0.26907,0.2917,0.37164,0.36747,0.34265,0.29854,0.66521,0.58799,0.060534,0.0098521,0.12083,0.089189,0,0.21406,0.081307,0.0019983,0.37263,0.42614,0.39752,0.61234,0.52637,0.44026,0.53389,0.76854,0.65029,0.61556,0.62338,0.53382,0.54985,0.53479,0.57555,0.65253,0.52516,0.5244,0.6476,0.69447,0.52051,0.71183,0.2364,0.39198,0.43859,0.4444,0.61094,0.51255,0.36625,0.13375,0.32979,0.15301,0.19135,0.28537,0.39575,0.42568,0.39823,0.094436,0.51877,0.48946,0.40125,0.28634,0.20453,0.39575,0.097965,0.1543,0.32196,0.4431,0.46342,0.51439,0.37233,0.41095,0.082685,0.0095401,0.092946,0.17574,0.66527,0.59633,0.43749,0.40011,0.49904,0.47259,0.38635,0.4215,0.41991,0.26033,0.1278,0.20805,0.21266,0.59597,0.5256,0.38654,0.20505,0.16541
0.54508,0.33622,1,0.61921,0.21083,0.38438,0.79968,0.53156,0.40066,0.33763,0.50718,0.26088,0.58378,0.33334,0.4509,0.17601,0.20447,0.10288,0.69683,0.47229,0.13809,0.17479,0.68409,0.6697,0.31738,0.36704,0.15448,0.18395,0.34144,0,0.39972,0.39144,0.42207,0.46144,0.46718,0.40394,0.091005,0,0,0,0.039403,0,0.15939,0.13606,0.40154,0.22235,0.11072,0,0.22741,0.31309,0.49184,0.46442,0.34084,0.35273,0.087904,0,0.17555,0.095905,0.23419,0.22549,0.44413,0.38784,0.24144,0.16929,0.68278,0.51338,0.48127,0.34292,0.33978,0.45202,0.40124,0.39153,0.37104,0.0072838,0.29257,0.11738,0.46938,0.39285,0.3112,0,0.08172,0,0.22346,0,0.45985,0.34572,0,0,0.49149,0.42639,0.46695,0.46981,0.56916,0.53646,0.062611,0,0,0,0.11187,0,0.3145,0.27411,0.17514,0.11051,0.18157,0.27404,0.054167,0,0,0.0926,0.07834,0.25596,0.22043,0.1885,0.37172,0.10724
0.36371,0.41287,0.61921,1,0.23475,0.56242,0.80036,0.89994,0.52273,0.58541,0.54877,0.61451,0.49344,0.72392,0.41875,0.54899,0.15304,0,0.731,0.85559,0.1933,0.29913,0.28105,0.75271,0,0.27236,0.2005,0.31241,0.42901,0.20599,0.59286,0.67977,0.62384,0.70239,0.43402,0.53753,0.12687,0.13482,0,0,0.09099,0.13938,0.45548,0.27244,0.5712,0.51886,0.41511,0.2744,0.46511,0.38164,0.4003,0.3544,0.28986,0.12766,0.11089,0.036038,0,0,0,0.10624,0.34724,0.47063,0.43278,0.068009,0.71916,0.85643,0.33339,0.42589,0.39485,0.47494,0.51701,0.41911,0.38241,0.2037,0.28419,0.27705,0.39356,0.45988,0.15168,0,0.27787,0.047844,0.43505,0.19215,0.40765,0.60505,0.1426,0.07718,0.53459,0.75417,0.71326,0.45269,0.80694,0.4698,0.057565,0,0,0,0.33874,0.06912,0.58282,0.25389,0.38759,0.17277,0.39319,0.2845,0.21489,0,0.15554,0.22443,0.16771,0.43373,0.4148,0.37489,0.4215,0.15726
0.20387,0.23373,0.21083,0.23475,1,0.68618,0.16145,0.12778,0.68624,0.56011,0.22775,0.25946,0.25017,0.24273,0.62501,0.55067,0.16241,0.099335,0.26243,0.25171,0.44541,0.43649,0.33589,0.24215,0.4532,0.33469,0.8572,0.75111,0.11628,0.11865,0.35556,0.247,0.21084,0.2225,0.12865,0,0,0.055053,0,0.035133,0,0.12567,0.17614,0.18238,0.32782,0.25067,0.21559,0.17275,0.23519,0.25463,0.25003,0.2456,0.054111,0.011893,0.24782,0.26902,0.10989,0.15752,0.18237,0.13558,0.22325,0.1884,0.2092,0.1745,0.29381,0.25218,0.2576,0.23835,0.31863,0.32886,0.41273,0.23996,0.10861,0.092678,0.26341,0.1581,0.24317,0.1341,0.1433,0.062085,0.21012,0.2041,0.53978,0.373,0.28497,0.3511,0.46382,0.32386,0.40965,0.44093,0.33643,0.34005,0.20048,0.15271,0.045006,0,0.070863,0.058481,0.21895,0.20148,0.2125,0.2332,0.09462,0.20086,0.14895,0.13892,0.24586,0.24229,0.17671,0.075829,0.2391,0.27962,0.06216,0.049015,0,0
0.28572,0.31936,0.38438,0.56242,0.68618,1,0.4591,0.51611,0.71842,0.84198,0.35549,0.41852,0.39698,0.48238,0.57304,0.57299,0.045107,0,0.40785,0.43186,0.40643,0.38899,0.25932,0.47312,0.26019,0.43115,0.69895,0.76382,0.10813,0.028721,0.47996,0.42638,0.33429,0.37872,0.27842,0.28126,0,0.099479,0,0.029428,0,0.11134,0.28908,0.22077,0.43074,0.39334,0.26548,0.17804,0.30074,0.28815,0.31317,0.32825,0.12553,0.04861,0.14673,0.1282,0,0.0088311,0.062356,0.13184,0.26894,0.27917,0.20441,0.12035,0.47204,0.56346,0.3187,0.39275,0.27814,0.33277,0.45148,0.29948,0.18727,0.10387,0.23755,0.20195,0.31391,0.27088,0.073678,0,0.14018,0.094076,0.45877,0.22528,0.31602,0.46935,0.28077,0.18523,0.51519,0.58935,0.46752,0.37263,0.43916,0.27106,0,0,0,0,0.16851,0.10153,0.28502,0.18446,0.14998,0.087956,0.24892,0.21274,0.22227,0.13753,0.141,0.17284,0.18357,0.28817,0.16586,0.20243,0.16704,0.075931
0.46238,0.32781,0.79968,0.80036,0.16145,0.4591,1,0.80565,0.56537,0.48767,0.63061,0.48788,0.68482,0.6338,0.45665,0.37906,0.19152,0,0.72811,0.68629,0.17735,0.23681,0.27646,0.55208,0,0.20873,0.057098,0.19584,0.52587,0.050678,0.49933,0.45747,0.58862,0.66001,0.38189,0.46727,0.12324,0,0,0,0.11734,0.090428,0.35844,0.17425,0.44897,0.37978,0.30298,0.1977,0.4373,0.32951,0.42071,0.3857,0.22913,0.11189,0,0,0,0,0.087701,0.16676,0.42312,0.41869,0.44427,0.048509,0.80156,0.76893,0.35485,0.35035,0.31333,0.33204,0.45951,0.42978,0.41851,0.091026,0.2842,0.20129,0.41148,0.39602,0.16678,0,0.19526,0,0.36931,0.046441,0.33384,0.37007,0,0,0.46054,0.55515,0.56585,0.4088,0.66187,0.48477,0,0,0,0,0.1936,0,0.42927,0.26707,0.28976,0.12701,0.29547,0.26985,0.12382,0,0,0.082089,0.044595,0.32277,0.29825,0.29728,0.46504,0.11209
0.29171,0.33084,0.53156,0.89994,0.12778,0.51611,0.80565,1,0.46886,0.53454,0.48491,0.5508,0.49541,0.73662,0.32146,0.43753,0.040439,0,0.60587,0.74383,0.15739,0.25263,0.1601,0.63372,0,0.24035,0.052183,0.20646,0.32117,0.18279,0.468,0.60099,0.57545,0.71957,0.47173,0.61264,0.098672,0.19273,0,0,0.10613,0.14268,0.36611,0.17426,0.4572,0.43803,0.30543,0.15924,0.34294,0.23519,0.29335,0.29232,0.17182,0.048943,0,0,0,0,0,0.1251,0.2806,0.49384,0.33877,0.025377,0.70034,0.88708,0.26228,0.40559,0.28296,0.40448,0.49532,0.40901,0.30701,0.21895,0.23715,0.23698,0.39489,0.44124,0.075599,0,0.20483,0,0.34828,0.16597,0.31784,0.52974,0.064584,0.089788,0.41346,0.64425,0.68839,0.36734,0.80083,0.45561,0.040033,0,0,0,0.2401,0.04481,0.58852,0.31273,0.40303,0.21545,0.43128,0.33954,0.253,0.037016,0.11532,0.1981,0.15529,0.37224,0.44419,0.41769,0.43107,0.19057
0.33464,0.27156,0.40066,0.52273,0.68624,0.71842,0.56537,0.46886,1,0.74125,0.5803,0.54211,0.58768,0.58946,0.75898,0.65911,0.15224,0,0.5012,0.50809,0.3383,0.37326,0.17936,0.34634,0.056447,0.17308,0.56833,0.60471,0.36293,0.14853,0.43375,0.30401,0.37222,0.40476,0.16221,0.15955,0.023318,0.084332,0,0,0,0.11716,0.27291,0.1589,0.35113,0.30454,0.27217,0.19198,0.40171,0.32064,0.35592,0.31814,0.10333,0,0.095343,0.071912,0,0,0.036273,0.11678,0.33043,0.28448,0.38802,0.07168,0.57931,0.58086,0.25294,0.27354,0.33458,0.30695,0.40532,0.36698,0.24539,0.14212,0.24156,0.24605,0.29788,0.27502,0.051483,0,0.2148,0.055967,0.60254,0.28254,0.36233,0.4347,0.3777,0.2167,0.5638,0.64214,0.52433,0.43099,0.45519,0.33331,0.0051343,0,0.055379,0,0.17502,0.081727,0.373,0.34836,0.23949,0.18423,0.27778,0.2164,0.22444,0.056492,0.044133,0.16379,0.14472,0.27691,0.16702,0.20039,0.23269,0.11258
0.22689,0.24578,0.33763,0.58541,0.56011,0.84198,0.48767,0.53454,0.74125,1,0.43662,0.50254,0.49477,0.57804,0.62816,0.66816,0,0,0.46323,0.51212,0.30493,0.37493,0.095416,0.38015,0,0.15541,0.51231,0.60513,0.22575,0.15942,0.37949,0.34031,0.31922,0.39674,0.14851,0.18366,0,0.13942,0,0,0,0.16723,0.36396,0.19723,0.37365,0.35956,0.3269,0.28274,0.37301,0.24503,0.26784,0.20439,0.043514,0,0.059901,0.086478,0,0,0,0.00040558,0.20297,0.20822,0.21421,0,0.53118,0.59266,0.13827,0.23683,0.15883,0.17053,0.35512,0.2381,0.26485,0.13037,0.22587,0.25273,0.31962,0.31869,0.017197,0,0.12235,0.056481,0.47911,0.27507,0.28296,0.4379,0.25296,0.19255,0.48491,0.62882,0.45475,0.35497,0.42718,0.25975,0,0,0,0,0.17009,0.086923,0.3525,0.19467,0.26711,0.11703,0.32506,0.21431,0.25445,0.10095,0.12022,0.15545,0.10309,0.28894,0.17342,0.22448,0.33093,0.11878
0.69866,0.46035,0.50718,0.54877,0.22775,0.35549,0.63061,0.48491,0.5803,0.43662,1,0.68575,0.80712,0.68254,0.57051,0.46384,0.50056,0.063705,0.61503,0.59833,0.24764,0.24877,0.17896,0.35733,0,0.0064252,0.18682,0.23131,0.63902,0.15811,0.34372,0.29854,0.60547,0.58702,0.1975,0.11794,0.1203,0,0,0,0.15411,0.10236,0.26521,0.096615,0.3815,0.43325,0.2795,0.2005,0.53112,0.51224,0.52737,0.48709,0.28714,0.14091,0.12505,0.024969,0.16989,0.036029,0.30346,0.26467,0.67531,0.537,0.71712,0.31398,0.65917,0.61389,0.37811,0.346,0.47536,0.38093,0.40692,0.3726,0.44572,0.12934,0.22468,0.33106,0.35337,0.32654,0.36418,0,0.34227,0.045911,0.60138,0.14291,0.31411,0.35687,0.14075,0,0.5334,0.62829,0.50605,0.37446,0.4873,0.32702,0,0,0,0,0.21857,0.046104,0.37216,0.24963,0.29638,0.17356,0.25665,0.2046,0.12463,0,0.043981,0.08539,0.089926,0.37484,0.2819,0.17677,0.29968,0.071467
0.47929,0.62318,0.26088,0.61451,0.25946,0.41852,0.48788,0.5508,0.54211,0.50254,0.68575,1,0.48416,0.83064,0.45911,0.69804,0.30256,0.20161,0.59658,0.7482,0.26025,0.38205,0,0.2868,0,0,0.26675,0.32792,0.47869,0.55228,0.44396,0.37745,0.62281,0.58948,0.0221,0.065399,0.028408,0.19341,0,0.049103,0.049807,0.20936,0.54359,0.33943,0.38585,0.54518,0.60334,0.52006,0.58714,0.54303,0.41798,0.34592,0.30208,0.040394,0.27587,0.33934,0.010736,0.045336,0.13268,0.2166,0.44296,0.51257,0.61107,0.30809,0.45453,0.66005,0.15879,0.29304,0.41205,0.33908,0.37197,0.27308,0.37751,0.33241,0.1797,0.38768,0.35965,0.41658,0.18874,0.0055836,0.40638,0.29962,0.5855,0.44936,0.16921,0.46243,0.17692,0.23407,0.40846,0.67728,0.61439,0.4374,0.49192,0.28045,0,0,0.093219,0.088784,0.5513,0.41626,0.55916,0.32316,0.55304,0.42867,0.46226,0.38508,0.32888,0.20709,0.09746,0.22543,0.24985,0.56236,0.49709,0.3686,0.2761,0.11773
0.55112,0.25085,0.58378,0.49344,0.25017,0.39698,0.68482,0.49541,0.58768,0.49477,0.80712,0.48416,1,0.6377,0.74726,0.50091,0.26563,0,0.64349,0.49563,0.36596,0.30528,0.25296,0.3578,0,0.068636,0.18945,0.21598,0.54884,0.072185,0.26822,0.27541,0.49039,0.51567,0.20854,0.15167,0.16339,0.012296,0,0,0.16814,0.20085,0.31865,0.089132,0.31608,0.24356,0.25453,0.1565,0.41334,0.29845,0.43665,0.37085,0.12949,0.04114,0.013952,0,0,0,0.13187,0.10745,0.44834,0.33403,0.50054,0.10704,0.6955,0.55111,0.29195,0.24128,0.25499,0.29739,0.34453,0.41744,0.40863,0.10954,0.26682,0.29323,0.44854,0.35815,0.26586,0,0.25049,0.025838,0.55301,0.17772,0.48089,0.42131,0.21478,0.12015,0.58901,0.60231,0.46076,0.45651,0.49258,0.37838,0,0,0,0,0.14241,0.016109,0.33276,0.28662,0.21398,0.16549,0.28408,0.27501,0.077342,0,0.034679,0.12275,0.05595,0.33936,0.24786,0.26479,0.42941,0.027833
0.35455,0.38382,0.33334,0.72392,0.24273,0.48238,0.6338,0.73662,0.58946,0.57804,0.68254,0.83064,0.6377,1,0.50592,0.73432,0.11457,0,0.58746,0.73626,0.23752,0.30128,0.032328,0.42592,0,0.024488,0.17758,0.25883,0.3841,0.35175,0.46018,0.49538,0.57674,0.62754,0.22714,0.28058,0.032857,0.19858,0,0,0.013205,0.23603,0.52866,0.21892,0.39517,0.45889,0.52306,0.41288,0.48029,0.30161,0.32206,0.25199,0.07614,0,0.04221,0.15672,0,0,0,0.12595,0.33958,0.46052,0.51922,0.070389,0.61491,0.78447,0.18034,0.35786,0.30918,0.32447,0.41328,0.31735,0.2916,0.22303,0.18919,0.3044,0.44791,0.4706,0.073669,0,0.23321,0.064421,0.53819,0.35007,0.23449,0.53856,0.18226,0.21992,0.48643,0.76261,0.66348,0.39912,0.64345,0.34197,0,0,0.070645,0,0.37668,0.2193,0.56482,0.35481,0.46264,0.33796,0.46624,0.37391,0.27488,0.096129,0.16098,0.28514,0.29963,0.52649,0.42761,0.36277,0.3977,0.17038
0.32658,0.19667,0.4509,0.41875,0.62501,0.57304,0.45665,0.32146,0.75898,0.62816,0.57051,0.45911,0.74726,0.50592,1,0.72924,0.22361,0.073225,0.61637,0.48804,0.48655,0.45514,0.31132,0.30533,0.12344,0.12722,0.5709,0.55494,0.48029,0.26552,0.39568,0.31935,0.33307,0.35182,0.072835,0,0.13824,0.1613,0,0,0.13849,0.34371,0.34415,0.19953,0.32525,0.16891,0.2817,0.21967,0.36863,0.25447,0.3408,0.23418,0.11241,0.011359,0.16914,0.16849,0,0,0.034931,0,0.23452,0.22863,0.33032,0.089048,0.57503,0.45066,0.1639,0.089781,0.27559,0.32442,0.45388,0.46041,0.41236,0.29971,0.36146,0.36557,0.3693,0.26734,0.24767,0.15749,0.32686,0.23352,0.73534,0.45085,0.58881,0.50161,0.56149,0.40431,0.64097,0.6388,0.45743,0.47602,0.36546,0.2883,0.0076606,0,0.13526,0.033607,0.22466,0.11135,0.31754,0.30274,0.16675,0.17434,0.26294,0.16086,0.12561,0.047357,0.091476,0.13729,0.063652,0.27762,0.17039,0.20388,0.24616,0
0.15183,0.25258,0.17601,0.54899,0.55067,0.57299,0.37906,0.43753,0.65911,0.66816,0.46384,0.69804,0.50091,0.73432,0.72924,1,0.089409,0,0.53564,0.66292,0.40886,0.48084,0.011797,0.25895,0,0,0.52511,0.58094,0.3771,0.50127,0.48051,0.40347,0.45444,0.43583,0,0,0.035263,0.28315,0,0.067741,0.090271,0.4436,0.54894,0.25358,0.29171,0.29757,0.53436,0.50422,0.43533,0.25969,0.16956,0.069736,0.0089895,0,0.18277,0.3475,0,0,0,0,0.14904,0.2359,0.45589,0.061121,0.43351,0.538,0,0.10632,0.15994,0.19285,0.35462,0.25849,0.29367,0.37106,0.31007,0.43769,0.31173,0.32998,0.054117,0.076984,0.34096,0.28137,0.72632,0.65307,0.28939,0.52153,0.48936,0.48981,0.48894,0.72575,0.50638,0.39622,0.39197,0.19243,0.020321,0,0.21989,0.15008,0.42978,0.30614,0.44366,0.27247,0.33438,0.28808,0.45145,0.27512,0.25479,0.22954,0.14161,0.20734,0.16077,0.40966,0.26031,0.28034,0.29692,0
0.61009,0.51949,0.20447,0.15304,0.16241,0.045107,0.19152,0.040439,0.15224,0,0.50056,0.30256,0.26563,0.11457,0.22361,0.089409,1,0.51085,0.25806,0.23913,0.27026,0.22398,0.18392,0.094227,0.27388,0.20829,0.17266,0.19604,0.6632,0.32579,0.28459,0.22579,0.54582,0.44273,0.1544,0.0084391,0.37169,0.081064,0.24226,0.16392,0.34846,0.20548,0.18364,0.3089,0.34781,0.38555,0.1947,0.17164,0.4226,0.48444,0.52924,0.45613,0.49365,0.44715,0.42548,0.24476,0.65976,0.52321,0.51992,0.22337,0.59687,0.44192,0.55956,0.57671,0.23464,0.12872,0.41581,0.25541,0.47763,0.35042,0.37114,0.25817,0.53403,0.26252,0.20193,0.29335,0.22244,0.2033,0.78416,0.28024,0.6902,0.50467,0.45051,0.25257,0.33054,0.28349,0.23534,0.1509,0.30607,0.2387,0.13812,0.17306,0.096339,0.10791,0.048687,0.13042,0.12505,0.13383,0.23785,0.16379,0.11444,0.090785,0.11555,0.058869,0.14431,0.077009,0.13751,0.012453,0.0045545,0.04488,0.024302,0.17692,0.18493,0.12257,0.11492,0
0.42347,0.5391,0.10288,0,0.099335,0,0,0,0,0,0.063705,0.20161,0,0,0.073225,0,0.51085,1,0.12707,0.013912,0.18415,0.25058,0.34459,0.10276,0.41637,0.30814,0.22139,0.1383,0.13304,0.31348,0.15285,0.14013,0.27363,0.1827,0.046335,0,0.22187,0.11444,0.202,0.3716,0.094684,0.093847,0.014912,0.25168,0.089132,0.12605,0.085546,0.037022,0.064948,0.36125,0.39435,0.3697,0.55343,0.573,0.47156,0.39923,0.62225,0.75308,0.42936,0.2404,0.29947,0.34802,0.09192,0.67011,0,0,0.25645,0.13769,0.35981,0.39173,0.21963,0.12616,0.23492,0.28159,0.11852,0.19359,0.23631,0.16389,0.60498,0.42435,0.45742,0.62663,0.16975,0.16209,0.24957,0.22743,0.13095,0.17684,0.14972,0.087003,0.13023,0.31817,0.010167,0.16319,0.13631,0.20293,0.11271,0.20675,0.352,0.3239,0.098825,0.15781,0.18534,0.2278,0.1772,0.26315,0.27399,0.27771,0.14413,0.14963,0.13332,0.25397,0.25896,0.16633,0,0.083151
0.51285,0.4946,0.69683,0.731,0.26243,0.40785,0.72811,0.60587,0.5012,0.46323,0.61503,0.59658,0.64349,0.58746,0.61637,0.53564,0.25806,0.12707,1,0.86015,0.29513,0.39592,0.35285,0.51157,0,0.098668,0.22921,0.31496,0.52006,0.30768,0.54538,0.48407,0.61006,0.63358,0.17755,0.23601,0.12436,0.14654,0,0,0.2059,0.21066,0.49599,0.28644,0.41308,0.39678,0.50388,0.38466,0.43973,0.42679,0.37503,0.32057,0.26143,0.16466,0.14961,0.19226,0.023595,0.055455,0.053865,0.1523,0.30264,0.37626,0.43487,0.21506,0.57334,0.60966,0.2886,0.28988,0.43566,0.51046,0.45241,0.41812,0.50646,0.27593,0.42276,0.36682,0.54191,0.55298,0.22204,0,0.34078,0.22493,0.52794,0.2727,0.44017,0.4606,0.17946,0.10758,0.53131,0.65667,0.6551,0.6384,0.61414,0.56007,0.01536,0,0.0011431,0.00091597,0.46451,0.23327,0.50256,0.37303,0.39302,0.3271,0.43988,0.38193,0.19803,0.036722,0.10853,0.23255,0.19774,0.53339,0.42543,0.39776,0.45964,0.068181
0.37622,0.49026,0.47229,0.85559,0.25171,0.43186,0.68629,0.74383,0.50809,0.51212,0.59833,0.7482,0.49563,0.73626,0.48804,0.66292,0.23913,0.013912,0.86015,1,0.26306,0.39638,0.138,0.53332,0,0.062769,0.21199,0.33586,0.53969,0.4704,0.6151,0.56336,0.63815,0.67664,0.15628,0.29535,0.10611,0.24875,0,0,0.1981,0.25277,0.60742,0.34157,0.49046,0.52357,0.61927,0.50061,0.55217,0.4593,0.31651,0.24798,0.24643,0.057507,0.15584,0.20743,0,0,0,0.11851,0.28771,0.40987,0.53226,0.13589,0.56314,0.73494,0.19254,0.3039,0.39919,0.45581,0.48792,0.37558,0.45083,0.35022,0.35022,0.38533,0.42681,0.50169,0.12783,0,0.41903,0.23263,0.56668,0.41264,0.32661,0.52365,0.20497,0.18636,0.47246,0.7393,0.72093,0.54125,0.68711,0.47029,0,0,0.076139,0.013796,0.54386,0.29297,0.60772,0.34587,0.4753,0.3326,0.4825,0.32654,0.24491,0.11254,0.074201,0.16309,0.20533,0.56058,0.50834,0.44372,0.42661,0.10806
0.13418,0.19167,0.13809,0.1933,0.44541,0.40643,0.17735,0.15739,0.3383,0.30493,0.24764,0.26025,0.36596,0.23752,0.48655,0.40886,0.27026,0.18415,0.29513,0.26306,1,0.62779,0.18285,0.16586,0.32104,0.39014,0.47843,0.51555,0.35534,0.25071,0.39329,0.27904,0.25,0.20984,0.12159,0.12133,0.23915,0.37337,0.12546,0.30518,0.3144,0.35936,0.39522,0.39518,0.38391,0.2898,0.34,0.27235,0.35752,0.28806,0.34045,0.31418,0.20439,0.082106,0.28126,0.21847,0,0.082594,0.080277,0.054319,0.10761,0.012548,0.23476,0.16697,0.23645,0.22078,0.23676,0.22588,0.13395,0.27274,0.52506,0.4275,0.38955,0.2893,0.24552,0.23916,0.25555,0.14584,0.22104,0.41784,0.47978,0.47121,0.46011,0.45753,0.4044,0.42518,0.50752,0.41811,0.45037,0.3358,0.19611,0.32475,0.17746,0.094491,0,0.063946,0.239,0.24627,0.21628,0.16788,0.078351,0.12046,0,0,0.14907,0.027835,0.022035,0.11005,0,0.088543,0.22644,0.10096,0.1374,0.12521,0.023104,0
0.16199,0.31629,0.17479,0.29913,0.43649,0.38899,0.23681,0.25263,0.37326,0.37493,0.24877,0.38205,0.30528,0.30128,0.45514,0.48084,0.22398,0.25058,0.39592,0.39638,0.62779,1,0.18472,0.19405,0.26566,0.30565,0.41212,0.48765,0.3112,0.38261,0.45532,0.3473,0.41304,0.37198,0.041038,0.058855,0.23198,0.25468,0,0.15449,0.24271,0.33944,0.33735,0.29938,0.26363,0.22888,0.3341,0.29376,0.29417,0.23884,0.28368,0.24618,0.13901,0.098805,0.21432,0.26997,0.03852,0.068375,0.031404,0,0.10692,0.12927,0.2129,0.16467,0.23913,0.29582,0.11437,0.13379,0.15531,0.25657,0.48609,0.49597,0.4124,0.39681,0.36468,0.43639,0.32153,0.23335,0.23986,0.17354,0.42464,0.3643,0.54152,0.5151,0.30381,0.35113,0.34356,0.26965,0.3009,0.39993,0.28043,0.38318,0.24292,0.20435,0.034128,0,0.1067,0.11404,0.3013,0.26009,0.17638,0.14306,0.16642,0.18603,0.3064,0.30809,0.065896,0.18966,0.094983,0.21017,0.14554,0.32252,0.3549,0.32594,0.24005,0
0.35594,0.21056,0.68409,0.28105,0.33589,0.25932,0.27646,0.1601,0.17936,0.095416,0.17896,0,0.25296,0.032328,0.31132,0.011797,0.18392,0.34459,0.35285,0.138,0.18285,0.18472,1,0.73011,0.75113,0.69251,0.31725,0.18819,0,0,0.37791,0.47846,0.16384,0.15823,0.59576,0.33988,0.0059718,0,0.12989,0.094581,0,0,0,0.11824,0.35346,0.075926,0,0,0,0.10412,0.39973,0.39946,0.26765,0.36906,0.12757,0,0.28129,0.29955,0.22241,0.10773,0.25225,0.17635,0,0.179,0.34411,0.11436,0.54162,0.3622,0.30347,0.54149,0.37833,0.34658,0.17039,0.0062458,0.26896,0.0090659,0.36592,0.2563,0.31322,0.16723,0,0.051225,0.063191,0,0.54188,0.44048,0.099284,0.048019,0.41782,0.27193,0.2445,0.36066,0.36706,0.41414,0.14552,0.10972,0,0,0.010075,0,0.089321,0.23169,0,0.05531,0.066509,0.26771,0.040617,0,0.11915,0.16043,0.24846,0.16774,0.089475,0.096574,0.11993,0.064926
0.33871,0.27166,0.6697,0.75271,0.24215,0.47312,0.55208,0.63372,0.34634,0.38015,0.35733,0.2868,0.3578,0.42592,0.30533,0.25895,0.094227,0.10276,0.51157,0.53332,0.16586,0.19405,0.73011,1,0.39489,0.60789,0.25944,0.22842,0.10668,0,0.55672,0.6935,0.35789,0.4104,0.64771,0.57977,0.089096,0.0097496,0,0,0.034444,0,0.20559,0.1872,0.52331,0.31332,0.12758,0,0.13825,0.20135,0.41894,0.38913,0.2922,0.24806,0.071645,0,0.055497,0.038228,0.044201,0.088423,0.29851,0.30165,0.16085,0.054668,0.5691,0.54836,0.51387,0.4957,0.33528,0.558,0.44874,0.38756,0.21876,0.02133,0.25306,0.087919,0.38247,0.37592,0.1991,0.018116,0.062623,0,0.16837,0,0.52249,0.64498,0.094585,0.045548,0.53377,0.59042,0.53751,0.41029,0.74599,0.52481,0.11504,0,0,0,0.10265,0,0.36203,0.23821,0.13331,0.06179,0.20459,0.25739,0.111,0,0.14539,0.20768,0.26136,0.27365,0.25045,0.22088,0.26974,0.18903
0.2193,0.15831,0.31738,0,0.4532,0.26019,0,0,0.056447,0,0,0,0,0,0.12344,0,0.27388,0.41637,0,0,0.32104,0.26566,0.75113,0.39489,1,0.82143,0.47794,0.33856,0,0,0.28172,0.27862,0.029859,0,0.45876,0.19422,0.0071539,0,0.33276,0.23415,0,0,0,0.20861,0.3086,0.10892,0,0,0,0.11722,0.36001,0.39373,0.20716,0.36094,0.25427,0.086225,0.4201,0.39766,0.33006,0.071608,0.21615,0.035924,0,0.22257,0.083686,0,0.47613,0.29937,0.17382,0.37416,0.30922,0.25147,0.11789,0.025364,0.23219,0,0.16003,0.0099665,0.35739,0.25139,0.12501,0.17172,0.025691,0,0.35855,0.26801,0.1647,0.14211,0.19801,0.0071626,0,0.15886,0.019648,0.10148,0.10266,0.11501,0,0.084837,0,0,0,0,0,0,0,0.11554,0.036331,0.036272,0.023422,0,0.18004,0,0,0,0,0
0.18461,0.21903,0.36704,0.27236,0.33469,0.43115,0.20873,0.24035,0.17308,0.15541,0.0064252,0,0.068636,0.024488,0.12722,0,0.20829,0.30814,0.098668,0.062769,0.39014,0.30565,0.69251,0.60789,0.82143,1,0.37322,0.33969,0,0,0.48935,0.57695,0.20762,0.19343,0.66182,0.53916,0.060656,0.010396,0.19782,0.2966,0.019472,0,0.063872,0.35982,0.53894,0.33892,0,0,0.050659,0.17759,0.46989,0.50551,0.32147,0.34469,0.26525,0.077004,0.2378,0.25805,0.21251,0.098368,0.21848,0.1332,0,0.16889,0.26759,0.19362,0.59576,0.51523,0.24753,0.45099,0.45089,0.39087,0.16777,0.055268,0.21712,0,0.20599,0.12787,0.29707,0.27134,0.18776,0.20858,0.059929,0,0.50594,0.5355,0.19178,0.18929,0.36589,0.21616,0.13199,0.19908,0.29252,0.21379,0.12953,0.10573,0.09559,0.12894,0.035559,0.0095824,0.022181,0.089311,0,0,0.11432,0.21119,0.13549,0.08609,0.042646,0.13486,0.24919,0.056438,0.090086,0.19605,0.081925,0
0.18558,0.26907,0.15448,0.2005,0.8572,0.69895,0.057098,0.052183,0.56833,0.51231,0.18682,0.26675,0.18945,0.17758,0.5709,0.52511,0.17266,0.22139,0.22921,0.21199,0.47843,0.41212,0.31725,0.25944,0.47794,0.37322,1,0.85935,0.087842,0.10356,0.39146,0.2378,0.16906,0.1311,0.033957,0,0,0.093557,0,0.20264,0,0.12462,0.17589,0.2211,0.25686,0.21058,0.21274,0.16678,0.18039,0.29124,0.24759,0.24407,0.13294,0.066701,0.2869,0.32641,0.12768,0.23203,0.1161,0.11358,0.19624,0.1768,0.17739,0.25457,0.14815,0.14514,0.232,0.23013,0.32353,0.33051,0.3309,0.16794,0.12771,0.090189,0.30398,0.24289,0.24891,0.13996,0.17008,0.16573,0.23411,0.26462,0.48703,0.33859,0.27673,0.35582,0.47115,0.34169,0.42958,0.4177,0.29822,0.35713,0.1459,0.16756,0,0,0.067782,0.11833,0.21418,0.20585,0.1619,0.19264,0.038384,0.14448,0.11207,0.098187,0.20171,0.26626,0.10478,0.063453,0.22703,0.22335,0,0,0,0
0.16511,0.2917,0.18395,0.31241,0.75111,0.76382,0.19584,0.20646,0.60471,0.60513,0.23131,0.32792,0.21598,0.25883,0.55494,0.58094,0.19604,0.1383,0.31496,0.33586,0.51555,0.48765,0.18819,0.22842,0.33856,0.33969,0.85935,1,0.19677,0.1913,0.45017,0.29159,0.24449,0.2334,0.031646,0.013374,0.049423,0.19042,0,0.17676,0,0.18577,0.28098,0.28349,0.31736,0.28287,0.29548,0.25997,0.30169,0.32255,0.24049,0.23739,0.083745,0.012313,0.25952,0.31049,0.053669,0.12213,0.085258,0.11678,0.18823,0.1891,0.23526,0.21816,0.26159,0.30022,0.20225,0.23588,0.27592,0.29512,0.40133,0.24861,0.21378,0.18926,0.26422,0.32661,0.22501,0.15991,0.14635,0.13783,0.30503,0.29524,0.52742,0.41287,0.25668,0.35993,0.43402,0.3287,0.41298,0.44513,0.33978,0.34716,0.20905,0.20192,0.030556,0,0.06327,0.12449,0.26377,0.19675,0.23534,0.22091,0.13486,0.14862,0.22138,0.14538,0.24271,0.27851,0.12018,0.12,0.20372,0.2124,0.083838,0.065842,0.029178,0.010631
0.45781,0.37164,0.34144,0.42901,0.11628,0.10813,0.52587,0.32117,0.36293,0.22575,0.63902,0.47869,0.54884,0.3841,0.48029,0.3771,0.6632,0.13304,0.52006,0.53969,0.35534,0.3112,0,0.10668,0,0,0.087842,0.19677,1,0.44046,0.40622,0.24511,0.58065,0.55292,0.023456,0.080192,0.40024,0.1102,0.06271,0,0.39773,0.27787,0.45636,0.38167,0.39197,0.41748,0.39535,0.37256,0.67653,0.53773,0.51753,0.38237,0.40898,0.22527,0.33195,0.12302,0.2585,0.068299,0.26694,0.16581,0.48952,0.36967,0.68004,0.27049,0.50052,0.42829,0.25208,0.15386,0.39139,0.25347,0.42787,0.39206,0.7125,0.36342,0.27197,0.33848,0.18174,0.22002,0.56232,0.19218,0.6782,0.35499,0.6087,0.37709,0.3608,0.27548,0.35031,0.18414,0.42248,0.40407,0.28591,0.26379,0.2708,0.1711,0.047656,0,0.18539,0.080508,0.3155,0.13259,0.26531,0.071986,0.19201,0,0.1921,0,0.053876,0,0,0,0,0.24748,0.24619,0.13706,0.22688,0
0.076409,0.36747,0,0.20599,0.11865,0.028721,0.050678,0.18279,0.14853,0.15942,0.15811,0.55228,0.072185,0.35175,0.26552,0.50127,0.32579,0.31348,0.30768,0.4704,0.25071,0.38261,0,0,0,0,0.10356,0.1913,0.44046,1,0.32537,0.25287,0.3557,0.34798,0,0,0.12749,0.50201,0,0.27956,0.30664,0.50499,0.56204,0.4319,0.17929,0.27901,0.5614,0.56,0.374,0.28877,0.10459,0,0.18043,0.032845,0.30141,0.46442,0.020951,0.092596,0,0,0,0.14935,0.28968,0.19345,0.005981,0.16335,0,0,0.11024,0.087697,0.20991,0.21194,0.33002,0.65732,0.15853,0.46071,0.14426,0.244,0.26746,0.34379,0.66263,0.70476,0.51211,0.74818,0.18182,0.33582,0.34478,0.51701,0.054824,0.28016,0.26338,0.18909,0.08004,0,0.044836,0.096126,0.38566,0.37859,0.55848,0.4828,0.30107,0.13147,0.33415,0.27092,0.43472,0.27297,0.18757,0.29889,0.0039023,0.11357,0.03958,0.3653,0.41568,0.3728,0.20785,0
0.22698,0.34265,0.39972,0.59286,0.35556,0.47996,0.49933,0.468,0.43375,0.37949,0.34372,0.44396,0.26822,0.46018,0.39568,0.48051,0.28459,0.15285,0.54538,0.6151,0.39329,0.45532,0.37791,0.55672,0.28172,0.48935,0.39146,0.45017,0.40622,0.32537,1,0.7855,0.55662,0.5525,0.33044,0.36506,0.16223,0.10507,0,0.0082906,0.15388,0.20043,0.49606,0.42785,0.51906,0.45368,0.43279,0.35219,0.38149,0.28794,0.37963,0.30246,0.23443,0.064832,0.18286,0.20182,0,0,0,0.049668,0.16814,0.1965,0.32099,0.13014,0.40675,0.44964,0.37834,0.40806,0.36169,0.39094,0.56813,0.45664,0.3883,0.26337,0.37835,0.27931,0.40959,0.3818,0.27613,0.093159,0.37612,0.25715,0.38874,0.23032,0.38004,0.48284,0.23846,0.15615,0.43482,0.49066,0.41074,0.30459,0.40145,0.2857,0.030786,0,0.12923,0.11705,0.32988,0.17201,0.24318,0.18392,0.12048,0.098052,0.32057,0.27499,0.17813,0.089241,0,0.095085,0.16514,0.32914,0.25695,0.2958,0.28818,0.116
0.23088,0.29854,0.39144,0.67977,0.247,0.42638,0.45747,0.60099,0.30401,0.34031,0.29854,0.37745,0.27541,0.49538,0.31935,0.40347,0.22579,0.14013,0.48407,0.56336,0.27904,0.3473,0.47846,0.6935,0.27862,0.57695,0.2378,0.29159,0.24511,0.25287,0.7855,1,0.58166,0.60867,0.52257,0.49915,0.13176,0.15699,0,0.095851,0.1155,0.25227,0.38263,0.35396,0.56615,0.44986,0.29635,0.16945,0.23366,0.16522,0.35657,0.29213,0.19089,0.066676,0.12969,0.17631,0.016915,0.027722,0,0,0.19671,0.27858,0.24258,0.097763,0.50647,0.53223,0.40972,0.43816,0.39128,0.46936,0.5475,0.52125,0.34623,0.33644,0.37853,0.31557,0.38403,0.43446,0.28078,0.074771,0.31223,0.22456,0.34242,0.2121,0.52079,0.65122,0.19394,0.16767,0.41313,0.54248,0.43571,0.254,0.53219,0.29007,0.13275,0.014323,0.069606,0.060229,0.28088,0.084697,0.30507,0.18513,0.14463,0.12244,0.3292,0.35438,0.18159,0.080788,0.16189,0.23295,0.19423,0.39401,0.31707,0.31332,0.30949,0.13913
0.64725,0.66521,0.42207,0.62384,0.21084,0.33429,0.58862,0.57545,0.37222,0.31922,0.60547,0.62281,0.49039,0.57674,0.33307,0.45444,0.54582,0.27363,0.61006,0.63815,0.25,0.41304,0.16384,0.35789,0.029859,0.20762,0.16906,0.24449,0.58065,0.3557,0.55662,0.58166,1,0.93165,0.2429,0.23592,0.29427,0.080268,0,0.016814,0.1684,0.17825,0.40722,0.30118,0.44927,0.58961,0.46089,0.36766,0.51341,0.50604,0.51635,0.47075,0.39238,0.27567,0.28209,0.30432,0.3337,0.31212,0.36582,0.33776,0.61618,0.6505,0.69126,0.52928,0.50816,0.59151,0.46047,0.49494,0.56657,0.40171,0.48062,0.32613,0.5073,0.2524,0.3652,0.40119,0.50132,0.52715,0.46817,0,0.54109,0.3502,0.54662,0.29241,0.29092,0.43384,0.083272,0.0682,0.40541,0.53601,0.45304,0.38385,0.47809,0.34616,0.059066,0,0,0,0.46555,0.33917,0.45468,0.30198,0.41878,0.33694,0.42224,0.43952,0.30253,0.1012,0.11734,0.14437,0.087641,0.55637,0.46559,0.35933,0.36101,0.17116
0.58308,0.58799,0.46144,0.70239,0.2225,0.37872,0.66001,0.71957,0.40476,0.39674,0.58702,0.58948,0.51567,0.62754,0.35182,0.43583,0.44273,0.1827,0.63358,0.67664,0.20984,0.37198,0.15823,0.4104,0,0.19343,0.1311,0.2334,0.55292,0.34798,0.5525,0.60867,0.93165,1,0.35959,0.38068,0.28382,0.10412,0,0,0.1643,0.14926,0.3911,0.25599,0.46224,0.56155,0.4028,0.28772,0.46934,0.42518,0.47071,0.43149,0.33121,0.23662,0.17744,0.21907,0.23413,0.21801,0.29161,0.30431,0.539,0.67351,0.5952,0.40156,0.57714,0.69394,0.44398,0.5065,0.53246,0.4241,0.53828,0.37989,0.50095,0.26015,0.38542,0.37164,0.5664,0.58847,0.4248,0,0.48095,0.26905,0.50968,0.2408,0.32983,0.45465,0.085705,0.072553,0.40683,0.56912,0.52089,0.38208,0.57827,0.39155,0.051149,0,0,0,0.40154,0.27013,0.54697,0.36593,0.45567,0.35269,0.47129,0.43837,0.36053,0.11917,0.095648,0.13188,0.13205,0.52994,0.50752,0.42085,0.43281,0.23312
0.1945,0.060534,0.46718,0.43402,0.12865,0.27842,0.38189,0.47173,0.16221,0.14851,0.1975,0.0221,0.20854,0.22714,0.072835,0,0.1544,0.046335,0.17755,0.15628,0.12159,0.041038,0.59576,0.64771,0.45876,0.66182,0.033957,0.031646,0.023456,0,0.33044,0.52257,0.2429,0.35959,1,0.84467,0.13864,0.041535,0.11311,0.065847,0.054651,0,0.024074,0.22048,0.55935,0.34708,0,0,0.02622,0.047394,0.41056,0.47991,0.1741,0.2139,0.046729,0,0.091129,0.041196,0.13621,0.14583,0.23328,0.23197,0,0.011092,0.46768,0.43457,0.65012,0.60971,0.28665,0.51728,0.42399,0.30396,0.21117,0.038652,0.13422,0,0.33338,0.27877,0.23999,0.15417,0.0092687,0,0,0,0.49361,0.5032,0.10112,0.028446,0.44126,0.31599,0.25905,0.11478,0.49135,0.23907,0.12107,0.085672,0.017137,0,0,0,0.23771,0.18642,0.020166,0,0.12904,0.12552,0.10124,0,0.067314,0.12752,0.27243,0.0034748,0.13608,0.22664,0.19664,0.049525
0.027637,0.0098521,0.40394,0.53753,0,0.28126,0.46727,0.61264,0.15955,0.18366,0.11794,0.065399,0.15167,0.28058,0,0,0.0084391,0,0.23601,0.29535,0.12133,0.058855,0.33988,0.57977,0.19422,0.53916,0,0.013374,0.080192,0,0.36506,0.49915,0.23592,0.38068,0.84467,1,0.19955,0.128,0.054252,0.0056654,0.16839,0,0.18943,0.31626,0.56046,0.39952,0.068548,0,0.16756,0.070169,0.31909,0.38026,0.17627,0.12717,0.036913,0,0,0,0.024802,0.17265,0.10758,0.17633,0,0,0.45822,0.55208,0.53801,0.5932,0.18061,0.39488,0.40525,0.3225,0.23507,0.10345,0.084565,0,0.27109,0.24004,0.099953,0.14033,0.04425,0,0,0,0.39999,0.46786,0.098712,0.058097,0.37097,0.31283,0.35084,0.13945,0.55528,0.2505,0.077171,0.072584,0.13862,0,0,0,0.33908,0.19202,0.11586,0,0.21483,0.11755,0.10141,0.0076146,0,0.13973,0.28067,0.049897,0.23087,0.31358,0.25386,0.063292
0.19448,0.12083,0.091005,0.12687,0,0,0.12324,0.098672,0.023318,0,0.1203,0.028408,0.16339,0.032857,0.13824,0.035263,0.37169,0.22187,0.12436,0.10611,0.23915,0.23198,0.0059718,0.089096,0.0071539,0.060656,0,0.049423,0.40024,0.12749,0.16223,0.13176,0.29427,0.28382,0.13864,0.19955,1,0.41574,0.48123,0.32451,0.51794,0.23514,0.19325,0.29695,0.14486,0.13076,0.15703,0.09476,0.2437,0.1669,0.31501,0.26448,0.37308,0.27884,0.36112,0.16747,0.19506,0.14181,0.18791,0.14746,0.20354,0.16832,0.22083,0.19396,0.10555,0.080218,0.28712,0.24289,0.23108,0.22262,0.24667,0.15891,0.3718,0.20744,0.041526,0.17272,0.25717,0.2226,0.41673,0.34702,0.39219,0.28897,0.18235,0.10957,0.30306,0.25014,0.31468,0.20611,0.36361,0.20776,0.12857,0.18967,0.18921,0.17512,0.17364,0.081056,0.29154,0.07022,0.088775,0.082476,0.21178,0.1622,0.15947,0,0.098018,0,0.14777,0.087409,0.030399,0.092564,0,0.064684,0.2349,0.12013,0.16889,0.025688
0,0.089189,0,0.13482,0.055053,0.099479,0,0.19273,0.084332,0.13942,0,0.19341,0.012296,0.19858,0.1613,0.28315,0.081064,0.11444,0.14654,0.24875,0.37337,0.25468,0,0.0097496,0,0.010396,0.093557,0.19042,0.1102,0.50201,0.10507,0.15699,0.080268,0.10412,0.041535,0.128,0.41574,1,0.21919,0.63036,0.41094,0.57157,0.40024,0.40128,0.14886,0.12122,0.38221,0.29594,0.14569,0.070756,0.052038,0.050859,0.17777,0,0.27063,0.33959,0,0.019477,0,0,0,0.0157,0,0.093191,0,0.12272,0,0,0.0072271,0.21657,0.21314,0.1346,0.1429,0.44947,0.034887,0.16306,0.16051,0.27065,0.094603,0.50884,0.39439,0.56963,0.21939,0.50935,0.26512,0.39933,0.45127,0.52662,0.24829,0.27335,0.28612,0.29273,0.2164,0.15169,0.14418,0.19836,0.46479,0.37581,0.35423,0.30827,0.31002,0.2465,0.22732,0.1421,0.35488,0.10344,0.19794,0.38188,0.095011,0.34431,0.25637,0.15751,0.35382,0.26211,0.1227,0
0,0,0,0,0,0,0,0,0,0,0,0,0,0,0,0,0.24226,0.202,0,0,0.12546,0,0.12989,0,0.33276,0.19782,0,0,0.06271,0,0,0,0,0,0.11311,0.054252,0.48123,0.21919,1,0.52474,0.34049,0.085934,0,0.25008,0.031852,0,0,0,0,0.012659,0.19216,0.20746,0.20861,0.33168,0.4268,0.13149,0.27759,0.23826,0.22449,0,0.038927,0,0,0.032683,0,0,0.20647,0.053423,0,0.035712,0,0,0.041265,0.081503,0,0,0,0,0.24109,0.46242,0.087225,0.19038,0,0,0.13555,0.059763,0.36443,0.23186,0.051923,0,0,0,0,0,0.27468,0.49084,0.42201,0.38023,0,0,0,0,0,0,0,0,0,0,0,0,0,0,0,0,0,0
0.0095674,0.21406,0,0,0.035133,0.029428,0,0,0,0,0,0.049103,0,0,0,0.067741,0.16392,0.3716,0,0,0.30518,0.15449,0.094581,0,0.23415,0.2966,0.20264,0.17676,0,0.27956,0.0082906,0.095851,0.016814,0,0.065847,0.0056654,0.32451,0.63036,0.52474,1,0.18087,0.40023,0.16677,0.38126,0.10278,0.12264,0.21952,0.18423,0.02323,0.14415,0.19223,0.21958,0.26379,0.18948,0.50267,0.57353,0.093193,0.33569,0.033522,0.056124,0,0.017677,0,0.25364,0,0,0.11662,0.12845,0.082049,0.23662,0.039194,0,0,0.2934,0,0.15154,0.05104,0.095792,0.14662,0.52671,0.24284,0.52517,0.079316,0.32681,0.17814,0.35011,0.43036,0.5338,0.1596,0.085784,0.04864,0.18973,0,0.081683,0.28282,0.44005,0.51594,0.54672,0.28004,0.37035,0.16555,0.24868,0.2022,0.22285,0.26081,0.1777,0.25682,0.42836,0.16279,0.3153,0.29276,0.093644,0.17134,0.14935,0,0
0.098824,0.081307,0.039403,0.09099,0,0,0.11734,0.10613,0,0,0.15411,0.049807,0.16814,0.013205,0.13849,0.090271,0.34846,0.094684,0.2059,0.1981,0.3144,0.24271,0,0.034444,0,0.019472,0,0,0.39773,0.30664,0.15388,0.1155,0.1684,0.1643,0.054651,0.16839,0.51794,0.41094,0.34049,0.18087,1,0.40557,0.26194,0.31242,0.15101,0.13045,0.18058,0.18281,0.23218,0.14367,0.20623,0.14326,0.21588,0.14737,0.18095,0.072077,0.056471,0.012537,0.019388,0,0.027987,0,0.11052,0.017083,0.073602,0.048311,0.024187,0,0,0.030036,0.17871,0.14231,0.4534,0.39085,0.17858,0.2593,0.088127,0.075051,0.30644,0.30725,0.41247,0.37569,0.19828,0.31125,0.26902,0.22505,0.2766,0.29519,0.15267,0.091636,0.032541,0.032891,0.053791,0,0,0.13789,0.2636,0.25386,0.1065,0.071021,0.15003,0.09202,0.079143,0,0.26245,0,0.05027,0.07741,0,0,0,0,0.13955,0.19331,0.21576,0
0,0.0019983,0,0.13938,0.12567,0.11134,0.090428,0.14268,0.11716,0.16723,0.10236,0.20936,0.20085,0.23603,0.34371,0.4436,0.20548,0.093847,0.21066,0.25277,0.35936,0.33944,0,0,0,0,0.12462,0.18577,0.27787,0.50499,0.20043,0.25227,0.17825,0.14926,0,0,0.23514,0.57157,0.085934,0.40023,0.40557,1,0.37502,0.26226,0.091243,0.031204,0.31808,0.3202,0.17261,0.045416,0.042752,0,0.061546,0,0.18714,0.2851,0,0,0,0,0,0,0.11123,0.019071,0.11817,0.10746,0,0,0,0.092632,0.26608,0.2665,0.3289,0.66693,0.20804,0.46443,0.12778,0.15733,0.22811,0.33114,0.39989,0.44712,0.39117,0.59749,0.25552,0.27334,0.43074,0.48681,0.21964,0.25465,0.18297,0.1344,0.048534,0,0.063926,0.11653,0.38696,0.35702,0.29237,0.2246,0.13514,0.064639,0.10562,0.063161,0.34512,0.16607,0.097023,0.22117,0,0.18913,0.048195,0.14749,0.16548,0.20705,0.25186,0
0.17217,0.37263,0.15939,0.45548,0.17614,0.28908,0.35844,0.36611,0.27291,0.36396,0.26521,0.54359,0.31865,0.52866,0.34415,0.54894,0.18364,0.014912,0.49599,0.60742,0.39522,0.33735,0,0.20559,0,0.063872,0.17589,0.28098,0.45636,0.56204,0.49606,0.38263,0.40722,0.3911,0.024074,0.18943,0.19325,0.40024,0,0.16677,0.26194,0.37502,1,0.77752,0.55843,0.58495,0.90558,0.88458,0.68183,0.40013,0.3533,0.24362,0.21138,0,0.39332,0.46065,0,0,0,0.089463,0.063087,0.093587,0.33057,0.043124,0.27959,0.41949,0.14687,0.26082,0.2175,0.1738,0.2879,0.16025,0.32872,0.30746,0.1195,0.27634,0.29556,0.32143,0.091999,0.22552,0.47184,0.45483,0.4438,0.5499,0.30315,0.48683,0.38219,0.40651,0.38926,0.47891,0.41851,0.44745,0.3718,0.20105,0,0.0061747,0.46764,0.43398,0.62482,0.5165,0.40311,0.17129,0.30424,0.24921,0.35758,0.18471,0.14121,0.13092,0,0.1402,0.28029,0.50353,0.44288,0.36897,0.33377,0
0.19234,0.42614,0.13606,0.27244,0.18238,0.22077,0.17425,0.17426,0.1589,0.19723,0.096615,0.33943,0.089132,0.21892,0.19953,0.25358,0.3089,0.25168,0.28644,0.34157,0.39518,0.29938,0.11824,0.1872,0.20861,0.35982,0.2211,0.28349,0.38167,0.4319,0.42785,0.35396,0.30118,0.25599,0.22048,0.31626,0.29695,0.40128,0.25008,0.38126,0.31242,0.26226,0.77752,1,0.70214,0.70164,0.71683,0.68519,0.66379,0.52674,0.59665,0.53676,0.47672,0.27597,0.67028,0.53672,0.13756,0.19798,0.19338,0.22198,0.1499,0.12155,0.16408,0.16506,0.1495,0.27156,0.40786,0.42939,0.30978,0.31749,0.36019,0.17512,0.3665,0.29149,0.040615,0.13026,0.19154,0.19671,0.24867,0.50684,0.51239,0.58711,0.25657,0.41371,0.41406,0.52583,0.45494,0.43287,0.40744,0.33447,0.28136,0.4275,0.23731,0.081667,0,0.14231,0.55653,0.60826,0.58653,0.52082,0.31776,0.13561,0.22771,0.16624,0.24227,0.054687,0.15688,0.18904,0,0.13001,0.29428,0.34339,0.39624,0.28932,0.12965,0
0.318,0.39752,0.40154,0.5712,0.32782,0.43074,0.44897,0.4572,0.35113,0.37365,0.3815,0.38585,0.31608,0.39517,0.32525,0.29171,0.34781,0.089132,0.41308,0.49046,0.38391,0.26363,0.35346,0.52331,0.3086,0.53894,0.25686,0.31736,0.39197,0.17929,0.51906,0.56615,0.44927,0.46224,0.55935,0.56046,0.14486,0.14886,0.031852,0.10278,0.15101,0.091243,0.55843,0.70214,1,0.8476,0.50613,0.41116,0.71772,0.57047,0.69509,0.63345,0.43279,0.26051,0.44915,0.22597,0.15287,0.11145,0.31133,0.26482,0.41835,0.30492,0.3285,0.15788,0.58657,0.59514,0.63713,0.63576,0.40085,0.47257,0.48209,0.36853,0.36609,0.11724,0.12584,0.051098,0.2237,0.19522,0.26278,0.23709,0.42711,0.31063,0.3429,0.24419,0.57233,0.65694,0.37519,0.24357,0.53114,0.5116,0.43617,0.39122,0.50254,0.17729,0.034535,0.058945,0.27452,0.2984,0.39382,0.2632,0.34743,0.1238,0.16903,0.081804,0.19193,0.062969,0.10298,0.013086,0.029928,0.13877,0.27267,0.33129,0.34033,0.28388,0.15173,0
0.44936,0.61234,0.22235,0.51886,0.25067,0.39334,0.37978,0.43803,0.30454,0.35956,0.43325,0.54518,0.24356,0.45889,0.16891,0.29757,0.38555,0.12605,0.39678,0.52357,0.2898,0.22888,0.075926,0.31332,0.10892,0.33892,0.21058,0.28287,0.41748,0.27901,0.45368,0.44986,0.58961,0.56155,0.34708,0.39952,0.13076,0.12122,0,0.12264,0.13045,0.031204,0.58495,0.70164,0.8476,1,0.60832,0.54227,0.78811,0.72474,0.6849,0.67317,0.46238,0.26603,0.50358,0.35326,0.23145,0.21157,0.40178,0.42047,0.51656,0.43178,0.49376,0.32008,0.42321,0.58096,0.60599,0.69466,0.48109,0.39288,0.42283,0.1898,0.30688,0.090571,0.12086,0.094084,0.24228,0.2723,0.22937,0.10177,0.46613,0.35751,0.35376,0.2827,0.30678,0.50353,0.25104,0.18361,0.40855,0.46257,0.41423,0.35471,0.40387,0.11848,0.015182,0.023609,0.24033,0.31514,0.50087,0.43017,0.38763,0.13609,0.3311,0.18931,0.26443,0.11425,0.21845,0.079218,0.033939,0.10529,0.21185,0.44283,0.38606,0.31537,0.15514,0
0.24345,0.52637,0.11072,0.41511,0.21559,0.26548,0.30298,0.30543,0.27217,0.3269,0.2795,0.60334,0.25453,0.52306,0.2817,0.53436,0.1947,0.085546,0.50388,0.61927,0.34,0.3341,0,0.12758,0,0,0.21274,0.29548,0.39535,0.5614,0.43279,0.29635,0.46089,0.4028,0,0.068548,0.15703,0.38221,0,0.21952,0.18058,0.31808,0.90558,0.71683,0.50613,0.60832,1,0.9346,0.72412,0.52986,0.36594,0.27573,0.29687,0,0.50062,0.61474,0,0.065789,0.023499,0.23527,0.14528,0.21154,0.37131,0.19638,0.18301,0.39067,0.14845,0.28251,0.32215,0.20878,0.21899,0.080626,0.26263,0.22606,0.054294,0.27172,0.30847,0.32406,0.046475,0.14494,0.46476,0.48981,0.45698,0.56771,0.17404,0.40476,0.33261,0.38242,0.32743,0.4801,0.49762,0.52554,0.35648,0.28701,0,0,0.46055,0.46326,0.79606,0.70228,0.49664,0.32574,0.47158,0.44148,0.4133,0.26428,0.2635,0.27666,0.0084615,0.20666,0.37873,0.64768,0.54251,0.39359,0.27869,0
