1,0.67488,0.48498,0.47044,0.26489,0.38881,0.49872,0.4021,0.2943,0.38764,0.53299,0.52641,0.46049,0.42655,0.45438,0.43811,0.71345,0.52379,0.7656,0.78433,0.45279,0.40493,0.40011,0.34699,0.24344,0.31339,0.22698,0.27784,0.43433,0.42084,0.37873,0.30625,0.62743,0.68798,0.20205,0.2314,0.22163,0.33276,0.26465,0.42599,0.43205,0.12711,0.39851,0.48225,0.42774,0.46345,0.49842,0.51954,0.5394,0.59596,0.5158,0.61558,0.52785,0.50235,0.56778,0.61248,0.9176,0.71067,0.56465,0.46518,0.41093,0.47558,0.33435,0.40896,0.121,0.36946,0.49733,0.48458,0.72256,0.75172,0.16396,0.19635,0.29766,0.33734,0.31025,0.39289,0.36288,0.48589,0.48266,0.46424,0.56967,0.57211,0.54702,0.49825,0.48241,0.47264,0.36226,0.40045,0.30981,0.67065,0.48147,0.47962,0.37749,0.46605,0.065662,0.022033,0.31002,0.48026,0.57838,0.60567,0.41015,0.56915,0.54908,0.58036,0.30813,0.39368,0.036627,0.36181,0.17379,0.27069,0.31326,0.454,0.5412,0.51415,0.1963,0
0.67488,1,0.19005,0.54678,0,0.20965,0.20056,0.50092,0.36978,0.38106,0.47147,0.52615,0.29836,0.3874,0.44555,0.5231,0.43784,0.60243,0.68436,0.77058,0.39971,0.47992,0.20725,0.23358,0,0.11224,0.35568,0.44817,0.12987,0.37364,0.46698,0.41166,0.54046,0.63337,0.21685,0.26041,0.18497,0.39365,0.21449,0.35564,0.29302,0.30285,0.28807,0.39028,0.36521,0.41551,0.35698,0.3734,0.42873,0.47729,0.3252,0.42024,0.34779,0.286,0.46838,0.43444,0.69507,0.87873,0.54273,0.65487,0.37515,0.50414,0.17834,0.42928,0.21479,0.40066,0.51139,0.51504,0.82329,0.81639,0.35519,0.24821,0.35798,0.44305,0.44452,0.48006,0.45848,0.47865,0.32673,0.3527,0.54614,0.45215,0.43721,0.3698,0.50323,0.48659,0.32744,0.34726,0.5784,0.4528,0.41158,0.40271,0.39025,0.3249,0,0,0.18433,0.2682,0.46403,0.5072,0.54311,0.33774,0.61883,0.54032,0.20636,0.29682,0.12744,0.36353,0.18602,0.21039,0.25383,0.35446,0.46741,0.55728,0.049065,0
0.48498,0.19005,1,0.62631,0.73525,0.63858,0.78368,0.3065,0.19761,0.168,0.23155,0.057143,0.46303,0.1883,0.51257,0.18733,0.35415,0.097516,0.50101,0.46322,0.27016,0.13441,0.88815,0.79014,0.73018,0.70136,0.11862,0.068146,0.26294,0.012782,0.23435,0.23642,0.34659,0.40595,0.46411,0.48192,0.32476,0.1508,0.2773,0.23168,0.24141,0,0.60306,0.41966,0.50609,0.49793,0.55484,0.38723,0.48628,0.48337,0.48429,0.43949,0.39541,0.4369,0.43222,0.32377,0.38993,0.17023,0.26408,0.026406,0.40419,0.19093,0.44785,0.17143,0.43019,0.35954,0.59819,0.54426,0.31601,0.37361,0,0.24671,0.11722,0.10906,0.12954,0.25936,0.50393,0.56204,0.27694,0.22622,0.38638,0.35217,0.2948,0.34043,0.51549,0.39145,0.22878,0.19734,0.3435,0.57168,0.59557,0.62692,0.5311,0.71752,0.24389,0.076038,0.54384,0.46181,0.55582,0.44775,0.049953,0.61835,0.19178,0.27133,0.50027,0.51023,0,0.23082,0.2018,0.47855,0.54133,0.50211,0.47995,0.31774,0.48439,0
0.47044,0.54678,0.62631,1,0.26866,0.55255,0.66374,0.81704,0.36956,0.50439,0.43521,0.43405,0.47075,0.53459,0.61229,0.655,0.38748,0.39535,0.66127,0.68504,0.32685,0.40003,0.71927,0.85273,0.21498,0.45494,0.21472,0.31107,0.20407,0.25872,0.55817,0.61967,0.52778,0.68903,0.5195,0.57109,0.28521,0.34529,0.30151,0.36455,0.19408,0.071473,0.6778,0.54671,0.64717,0.71087,0.62315,0.50087,0.59307,0.67361,0.45521,0.49927,0.45472,0.40662,0.58994,0.47859,0.52178,0.53125,0.47298,0.49515,0.55695,0.60269,0.46999,0.52523,0.40521,0.69983,0.76244,0.81542,0.57702,0.69409,0.224,0.41014,0.30925,0.33329,0.41288,0.51568,0.68723,0.73298,0.42285,0.32525,0.67595,0.55284,0.46,0.49286,0.74713,0.75797,0.4314,0.38007,0.59145,0.70092,0.77285,0.70321,0.79011,0.70909,0.17412,0.11136,0.54541,0.52335,0.69256,0.63054,0.39592,0.59017,0.48181,0.54618,0.43046,0.50937,0.087041,0.45983,0.35787,0.48702,0.5881,0.62979,0.65129,0.55604,0.33396,0
0.26489,0,0.73525,0.26866,1,0.56511,0.62896,0.10877,0.29546,0.074469,0.027025,0,0.38065,0.079236,0.29825,0,0.14226,0,0.15993,0.19543,0.276,0.089969,0.58273,0.4919,0.86217,0.67911,0.20364,0.031956,0.22863,0.0017318,0.10101,0.063815,0.099848,0.14051,0.22228,0.21207,0.25923,0.026737,0.080682,0.094403,0.1951,0,0.32603,0.22021,0.27447,0.2468,0.27588,0.18306,0.31491,0.21982,0.37833,0.24856,0.26481,0.24754,0.15287,0.063627,0.1566,0,0.049199,0,0.24913,0.041042,0.29566,0.045963,0.25016,0.10282,0.26052,0.19398,0.058915,0.10554,0,0.14369,0.030817,0.045738,0,0.11578,0.22075,0.29253,0.11521,0.06762,0.15246,0.14804,0.019006,0.10237,0.23652,0.12644,0,0,0.15977,0.28923,0.28024,0.32914,0.27259,0.46042,0.17374,0.033878,0.30066,0.23269,0.25703,0.15412,0,0.37987,0,0.082009,0.26555,0.30162,0,0.022877,0.02042,0.24454,0.25091,0.2294,0.16624,0,0.27307,0
0.38881,0.20965,0.63858,0.55255,0.56511,1,0.60493,0.36836,0.40014,0.5099,0.13427,0.093433,0.38042,0.21243,0.2964,0.33872,0.26144,0.060457,0.34893,0.4016,0.43883,0.36336,0.63999,0.61441,0.5332,0.64015,0.38974,0.37252,0.20068,0.08424,0.3425,0.36823,0.33917,0.40753,0.42783,0.33088,0.36511,0.16315,0.26919,0.27749,0.31807,0,0.46731,0.39112,0.46642,0.47974,0.44241,0.35747,0.45521,0.45973,0.47127,0.41478,0.36384,0.30447,0.38482,0.23033,0.35187,0.13884,0.28887,0.14452,0.36615,0.29791,0.21788,0.10504,0.39381,0.4258,0.51276,0.48996,0.34993,0.40503,0.03176,0.23983,0.15228,0.17633,0.1663,0.31658,0.46978,0.5307,0.27797,0.18058,0.41325,0.34299,0.25466,0.26522,0.48106,0.38771,0.20365,0.12019,0.37714,0.45898,0.50489,0.52652,0.54131,0.61046,0.15572,0.075249,0.41151,0.35889,0.44227,0.32959,0.1758,0.52611,0.25741,0.33649,0.43184,0.50105,0.081214,0.27288,0.21917,0.37324,0.49545,0.45188,0.47703,0.25648,0.3128,0
0.49872,0.20056,0.78368,0.66374,0.62896,0.60493,1,0.62916,0.45978,0.41639,0.53592,0.36396,0.77398,0.51553,0.57456,0.43299,0.36545,0.1846,0.49143,0.49074,0.35831,0.29084,0.74103,0.74208,0.49193,0.54097,0.17604,0.21621,0.35587,0.2498,0.4241,0.42303,0.42072,0.53547,0.4171,0.39392,0.30193,0.31295,0.26841,0.35869,0.33686,0.055164,0.62178,0.43077,0.47131,0.47902,0.57724,0.45685,0.5498,0.54744,0.58185,0.51227,0.5101,0.50234,0.57891,0.49342,0.49093,0.24513,0.51518,0.27993,0.67579,0.51601,0.51194,0.40246,0.34222,0.48325,0.55103,0.52308,0.37869,0.4918,0.15102,0.32516,0.32659,0.32689,0.34702,0.42769,0.55284,0.66923,0.33671,0.29119,0.5007,0.47901,0.35561,0.3961,0.51846,0.50476,0.26439,0.20824,0.40202,0.70168,0.66444,0.64914,0.60071,0.69799,0.23695,0.13343,0.53162,0.56269,0.63386,0.56006,0.24856,0.66981,0.33557,0.47261,0.3578,0.45248,0,0.31626,0.23557,0.41426,0.4627,0.53404,0.55566,0.48213,0.38204,0
0.4021,0.50092,0.3065,0.81704,0.10877,0.36836,0.62916,1,0.46418,0.5669,0.59604,0.69948,0.58713,0.79647,0.51222,0.73592,0.31869,0.42261,0.51164,0.60034,0.28971,0.38308,0.41408,0.62994,0,0.20644,0.12119,0.24369,0.20973,0.43109,0.51477,0.58333,0.46374,0.64617,0.25468,0.32364,0.13761,0.37046,0.17796,0.35624,0.21597,0.23517,0.52508,0.46236,0.44651,0.5359,0.50708,0.48913,0.54373,0.63115,0.49928,0.53956,0.52604,0.46273,0.59403,0.54572,0.50837,0.58013,0.54905,0.63464,0.6461,0.80546,0.43971,0.69802,0.13867,0.58508,0.46614,0.56017,0.47192,0.63701,0.32581,0.31105,0.34456,0.41097,0.4632,0.47574,0.56038,0.63689,0.37567,0.28019,0.66882,0.5224,0.48014,0.48277,0.59676,0.68843,0.41497,0.35936,0.56095,0.65198,0.65743,0.52528,0.64061,0.47601,0.13437,0.14304,0.38325,0.49056,0.63668,0.62124,0.46073,0.43597,0.4654,0.53548,0.26834,0.31127,0.086002,0.40428,0.27356,0.29532,0.33396,0.50358,0.53009,0.52129,0.16915,0
0.2943,0.36978,0.19761,0.36956,0.29546,0.40014,0.45978,0.46418,1,0.74107,0.43388,0.3554,0.59122,0.39325,0.46703,0.45706,0.13452,0.15828,0.37535,0.36187,0.45659,0.5462,0.30823,0.25815,0.020602,0.0992,0.62703,0.63229,0.091846,0.22647,0.64951,0.58771,0.18764,0.29877,0.10605,0,0.21121,0.25394,0.027504,0.24497,0.35264,0.23855,0.18399,0.14237,0.18758,0.16497,0.16236,0.11476,0.22646,0.21986,0.35496,0.26714,0.32436,0.12936,0.33982,0.30195,0.4006,0.35948,0.5837,0.55495,0.49808,0.47941,0.1685,0.17857,0.38406,0.46818,0.36467,0.30922,0.47725,0.48159,0.5969,0.51112,0.57138,0.55778,0.56277,0.58033,0.38258,0.44033,0.19372,0.14906,0.2793,0.23791,0.012967,0.029959,0.3497,0.2846,0,0,0.47952,0.44783,0.44272,0.47969,0.4448,0.4389,0,0,0.16697,0.18525,0.35951,0.36501,0.53997,0.41467,0.5506,0.60173,0,0.25964,0.13993,0.49161,0.066301,0.038111,0.15695,0.22221,0.40233,0.417,0,0
0.38764,0.38106,0.168,0.50439,0.074469,0.5099,0.41639,0.5669,0.74107,1,0.4526,0.45888,0.49336,0.46485,0.42974,0.65491,0.27072,0.2226,0.46751,0.43688,0.40575,0.49309,0.32153,0.37179,0,0.039146,0.52733,0.60181,0.14083,0.24705,0.66062,0.67284,0.30181,0.43941,0.18192,0.088565,0.28457,0.32312,0.19944,0.37938,0.3083,0.20335,0.3626,0.33453,0.33881,0.35595,0.36001,0.35015,0.35865,0.42067,0.42871,0.40433,0.40542,0.23287,0.50034,0.47404,0.53691,0.40915,0.63993,0.64412,0.4957,0.58434,0.22628,0.25766,0.33717,0.60732,0.47196,0.4752,0.51262,0.56967,0.46841,0.43314,0.52357,0.4839,0.54271,0.56108,0.50864,0.53985,0.30476,0.19883,0.42949,0.36301,0.19271,0.18993,0.45689,0.46025,0.13859,0.20966,0.44939,0.58083,0.55259,0.54177,0.55835,0.49926,0.038319,0.10628,0.30769,0.38744,0.49233,0.51869,0.60084,0.48501,0.62623,0.7158,0.10284,0.37159,0.18248,0.55222,0.29324,0.2553,0.3812,0.42133,0.56656,0.51046,0.030625,0
0.53299,0.47147,0.23155,0.43521,0.027025,0.13427,0.53592,0.59604,0.43388,0.4526,1,0.74046,0.82483,0.74275,0.53153,0.59135,0.45755,0.49523,0.53787,0.48327,0.34269,0.38583,0.31788,0.32757,0,0.0057404,0.22122,0.36145,0.29745,0.44798,0.49984,0.48073,0.52785,0.59002,0.20898,0.17612,0.14849,0.42722,0.1802,0.3746,0.45181,0.38171,0.2827,0.23184,0.16188,0.19089,0.31397,0.3283,0.31607,0.37778,0.45457,0.47074,0.40217,0.33842,0.58481,0.59197,0.62195,0.57887,0.67046,0.60231,0.68688,0.67974,0.49453,0.57864,0.20926,0.45424,0.32523,0.34411,0.50577,0.52268,0.46308,0.30346,0.61329,0.591,0.59604,0.53954,0.49321,0.57484,0.3664,0.33852,0.50766,0.49556,0.40714,0.41631,0.42889,0.49354,0.27671,0.35385,0.51261,0.58015,0.42957,0.3824,0.37101,0.27993,0,0,0.17973,0.37057,0.48875,0.5418,0.51297,0.33158,0.49517,0.50241,0.076722,0.12842,0,0.28253,0.14959,0.13508,0.17009,0.32831,0.41185,0.56219,0.071579,0
0.52641,0.52615,0.057143,0.43405,0,0.093433,0.36396,0.69948,0.3554,0.45888,0.74046,1,0.57712,0.86016,0.35883,0.64635,0.33858,0.47594,0.51444,0.56474,0.2849,0.32654,0.12663,0.23542,0,0,0.076791,0.20011,0.19412,0.47975,0.41518,0.43431,0.40945,0.53919,0,0,0,0.31444,0.042204,0.22064,0.32979,0.27499,0.18046,0.23838,0.086196,0.17198,0.26049,0.3437,0.31053,0.41639,0.40847,0.5176,0.49035,0.4521,0.52846,0.61319,0.63474,0.68786,0.60406,0.67714,0.54588,0.7655,0.35015,0.69068,0,0.31522,0.13877,0.20267,0.47835,0.54456,0.36409,0.21081,0.43558,0.52623,0.50606,0.47276,0.37193,0.46566,0.25559,0.2131,0.43933,0.37909,0.41321,0.36521,0.33108,0.41501,0.30143,0.32107,0.37507,0.56197,0.41675,0.29734,0.27074,0.18064,0,0,0.039243,0.3263,0.48399,0.57102,0.49079,0.3099,0.49801,0.51634,0.095868,0.12171,0.093848,0.33049,0.17666,0.086106,0.064482,0.25103,0.33394,0.45911,0.0082602,0
0.46049,0.29836,0.46303,0.47075,0.38065,0.38042,0.77398,0.58713,0.59122,0.49336,0.82483,0.57712,1,0.71517,0.63374,0.54997,0.35519,0.32808,0.47021,0.42068,0.41881,0.40185,0.55818,0.52023,0.24364,0.30119,0.29897,0.38538,0.31013,0.38218,0.54811,0.52075,0.46694,0.55674,0.27216,0.16407,0.22476,0.41032,0.16783,0.36433,0.45957,0.2671,0.36778,0.25845,0.23891,0.24004,0.3455,0.31215,0.36973,0.3946,0.52986,0.47752,0.42907,0.38535,0.51648,0.50182,0.52459,0.38033,0.6192,0.43449,0.78271,0.66404,0.56959,0.52258,0.35559,0.51913,0.37959,0.3496,0.41703,0.45959,0.42416,0.41832,0.53436,0.54521,0.49218,0.52934,0.47959,0.59588,0.33469,0.29206,0.48111,0.48946,0.3308,0.3583,0.48357,0.48841,0.17687,0.21235,0.5125,0.65265,0.52608,0.51288,0.48941,0.47044,0,0,0.24895,0.38011,0.48308,0.49979,0.41473,0.46211,0.3986,0.49334,0.1139,0.22406,0,0.28077,0.085015,0.1905,0.23665,0.36194,0.43311,0.48161,0.16062,0
0.42655,0.3874,0.1883,0.53459,0.079236,0.21243,0.51553,0.79647,0.39325,0.46485,0.74275,0.86016,0.71517,1,0.445,0.68891,0.29757,0.43923,0.44203,0.47346,0.31298,0.35369,0.29543,0.4423,0,0.11407,0.060425,0.16591,0.17828,0.46623,0.4376,0.49256,0.44771,0.59163,0.037203,0.076158,0.0058533,0.32481,0.030808,0.23387,0.30223,0.26005,0.24825,0.24927,0.14091,0.2404,0.27393,0.3389,0.3653,0.47826,0.47246,0.55029,0.50854,0.45259,0.51157,0.53397,0.53673,0.55538,0.55361,0.58867,0.67628,0.85027,0.49955,0.76862,0.004573,0.46846,0.20552,0.28226,0.37156,0.46009,0.31555,0.25021,0.35925,0.44468,0.43161,0.41518,0.39624,0.5,0.31267,0.21729,0.51759,0.45592,0.39698,0.39708,0.45028,0.55688,0.27153,0.29105,0.48844,0.61056,0.48314,0.35072,0.42665,0.24959,0,0,0.08672,0.31609,0.47625,0.52191,0.42393,0.2892,0.36807,0.42278,0.14574,0.13323,0.012142,0.26015,0.07784,0.079017,0.094504,0.29257,0.30361,0.39988,0.10949,0
0.45438,0.44555,0.51257,0.61229,0.29825,0.2964,0.57456,0.51222,0.46703,0.42974,0.53153,0.35883,0.63374,0.445,1,0.65509,0.42973,0.42959,0.65463,0.59368,0.27061,0.33748,0.63219,0.59002,0.20515,0.35225,0.22147,0.30578,0.31863,0.38195,0.56263,0.52171,0.5216,0.61646,0.33355,0.32642,0.20819,0.41155,0.24168,0.36937,0.22294,0.15672,0.56918,0.47723,0.53409,0.5073,0.53696,0.46357,0.51423,0.51062,0.44383,0.4503,0.38988,0.38834,0.48076,0.48913,0.48921,0.4745,0.42963,0.36737,0.54192,0.44186,0.64748,0.49083,0.40869,0.50436,0.55304,0.52082,0.49729,0.53639,0.2811,0.37617,0.37522,0.40509,0.44237,0.52121,0.47005,0.56114,0.34016,0.33657,0.54922,0.50855,0.50812,0.4947,0.62724,0.57093,0.37611,0.34898,0.49304,0.6292,0.62636,0.60256,0.55974,0.54744,0.088285,0.028079,0.38355,0.45658,0.55941,0.57375,0.37258,0.45677,0.44116,0.48172,0.15437,0.24999,0,0.31324,0.21816,0.39377,0.41809,0.48129,0.52948,0.45547,0.21726,0
0.43811,0.5231,0.18733,0.655,0,0.33872,0.43299,0.73592,0.45706,0.65491,0.59135,0.64635,0.54997,0.68891,0.65509,1,0.42977,0.5548,0.57734,0.5986,0.34156,0.48579,0.35512,0.46619,0,0.16799,0.22283,0.41009,0.21808,0.49495,0.60773,0.6406,0.60092,0.7192,0.27354,0.21538,0.12523,0.3912,0.11485,0.29653,0.30023,0.23291,0.48951,0.49313,0.47767,0.52377,0.4677,0.52316,0.52127,0.60012,0.44709,0.52742,0.44936,0.40175,0.53513,0.51766,0.56939,0.57787,0.50644,0.5876,0.61862,0.72157,0.55456,0.67899,0.29069,0.62665,0.46796,0.51484,0.52433,0.57075,0.38394,0.30484,0.40627,0.46654,0.47683,0.53892,0.47029,0.54633,0.41894,0.34856,0.63415,0.57501,0.52335,0.52907,0.62265,0.69687,0.41907,0.42902,0.5153,0.65238,0.5689,0.46454,0.54235,0.35526,0,0,0.25223,0.40272,0.55572,0.56876,0.48212,0.34777,0.45845,0.49608,0.092407,0.15093,0,0.24895,0.22755,0.25122,0.32719,0.5306,0.52396,0.48327,0.08481,0
0.71345,0.43784,0.35415,0.38748,0.14226,0.26144,0.36545,0.31869,0.13452,0.27072,0.45755,0.33858,0.35519,0.29757,0.42973,0.42977,1,0.71853,0.58147,0.56729,0.35504,0.34497,0.30874,0.28019,0.17955,0.32406,0.10584,0.17002,0.71244,0.62553,0.31275,0.25172,0.73184,0.71584,0.31251,0.28997,0.19059,0.25911,0.20907,0.42161,0.44042,0.20976,0.41636,0.52148,0.47548,0.50219,0.46542,0.53581,0.51382,0.52744,0.43352,0.50988,0.3654,0.32252,0.48489,0.49744,0.67259,0.49875,0.28198,0.2164,0.33899,0.31506,0.54884,0.43376,0.1893,0.34493,0.41739,0.45344,0.4505,0.48048,0.21239,0.1522,0.32219,0.35714,0.31227,0.37625,0.22094,0.35728,0.776,0.6963,0.75762,0.77448,0.62328,0.65018,0.52427,0.56462,0.40968,0.55256,0.16653,0.52704,0.26181,0.23215,0.31318,0.24353,0.20261,0.14655,0.33522,0.47481,0.46331,0.45644,0.26082,0.28427,0.33089,0.35541,0.11177,0.17651,0,0.15017,0.14944,0.16206,0.22761,0.52931,0.45426,0.35713,0.18189,0
0.52379,0.60243,0.097516,0.39535,0,0.060457,0.1846,0.42261,0.15828,0.2226,0.49523,0.47594,0.32808,0.43923,0.42959,0.5548,0.71853,1,0.57145,0.57356,0.30446,0.37104,0.13234,0.19441,0,0.17265,0.079051,0.21471,0.49511,0.81221,0.37998,0.32766,0.72878,0.74647,0.22719,0.20465,0,0.3435,0.026532,0.27931,0.35325,0.22998,0.26239,0.39738,0.34368,0.41715,0.29472,0.37934,0.45143,0.49093,0.29737,0.44069,0.28146,0.27528,0.37017,0.39282,0.56488,0.64905,0.30854,0.37951,0.44545,0.49076,0.52989,0.67533,0.17236,0.38642,0.31085,0.36233,0.49127,0.48053,0.28297,0.24076,0.29009,0.45392,0.33619,0.4272,0.21071,0.32977,0.70398,0.77631,0.64947,0.77869,0.55731,0.62982,0.46197,0.56011,0.2866,0.40113,0.26592,0.38253,0.18822,0.16231,0.26896,0.095686,0,0,0.12386,0.27358,0.34452,0.39078,0.33084,0.089079,0.31299,0.29774,0,0,0,0.078832,0,0.0066899,0.067438,0.41052,0.3238,0.33215,0.032279,0
0.7656,0.68436,0.50101,0.66127,0.15993,0.34893,0.49143,0.51164,0.37535,0.46751,0.53787,0.51444,0.47021,0.44203,0.65463,0.57734,0.58147,0.57145,1,0.91071,0.42446,0.45236,0.55033,0.49952,0.12221,0.25463,0.28288,0.3841,0.31619,0.39023,0.56165,0.50711,0.67815,0.76804,0.36469,0.35587,0.20755,0.42751,0.26552,0.38684,0.34758,0.12115,0.48891,0.48286,0.53129,0.54233,0.51357,0.46436,0.54397,0.59258,0.48518,0.57106,0.48947,0.40349,0.57612,0.56815,0.77715,0.70146,0.61467,0.58782,0.513,0.54382,0.46525,0.46255,0.35444,0.59243,0.69036,0.66607,0.816,0.80151,0.26163,0.37765,0.3873,0.42139,0.43763,0.53254,0.50975,0.61745,0.48383,0.4637,0.59996,0.57107,0.52408,0.47212,0.63527,0.58537,0.38618,0.36331,0.50352,0.66971,0.64611,0.66639,0.57962,0.58708,0.077721,0.012109,0.39131,0.48475,0.64929,0.675,0.53687,0.5714,0.64634,0.64386,0.27993,0.45285,0.052083,0.48827,0.22093,0.33983,0.46687,0.54004,0.62941,0.62721,0.24202,0
0.78433,0.77058,0.46322,0.68504,0.19543,0.4016,0.49074,0.60034,0.36187,0.43688,0.48327,0.56474,0.42068,0.47346,0.59368,0.5986,0.56729,0.57356,0.91071,1,0.39751,0.40389,0.45288,0.4832,0.1448,0.29246,0.25448,0.32394,0.35796,0.42368,0.46086,0.41969,0.60418,0.74418,0.29536,0.38227,0.25143,0.38131,0.29855,0.35286,0.30589,0.1299,0.51924,0.53799,0.54107,0.57856,0.57705,0.54144,0.62577,0.64403,0.5218,0.59632,0.55394,0.48889,0.57309,0.55211,0.79054,0.76536,0.5852,0.57888,0.48476,0.56016,0.41629,0.54162,0.18623,0.45301,0.62161,0.61058,0.81062,0.85628,0.1806,0.21723,0.31384,0.36212,0.38786,0.48908,0.52034,0.63165,0.45562,0.42895,0.6556,0.53589,0.56752,0.53095,0.57978,0.53304,0.39555,0.34951,0.50711,0.63485,0.64289,0.61875,0.54179,0.55535,0.13752,0.071444,0.40423,0.49317,0.6816,0.68021,0.46569,0.56325,0.63705,0.62147,0.38804,0.50096,0.11235,0.43911,0.26494,0.41558,0.48812,0.5653,0.6374,0.57038,0.29567,0
0.45279,0.39971,0.27016,0.32685,0.276,0.43883,0.35831,0.28971,0.45659,0.40575,0.34269,0.2849,0.41881,0.31298,0.27061,0.34156,0.35504,0.30446,0.42446,0.39751,1,0.79295,0.28774,0.19835,0.19047,0.31249,0.53603,0.52546,0.17632,0.29731,0.57153,0.53396,0.46267,0.47835,0.20521,0.028828,0.13265,0.27267,0,0.2774,0.54004,0.20603,0.13781,0.22213,0.21564,0.22443,0.13698,0.17102,0.23429,0.23065,0.31268,0.28276,0.25738,0.12577,0.35237,0.31093,0.46207,0.37889,0.37133,0.33743,0.35497,0.36184,0.19912,0.20461,0.31265,0.39865,0.35293,0.32225,0.49117,0.44429,0.52865,0.53931,0.48313,0.52354,0.40775,0.48091,0.30488,0.39194,0.32634,0.29486,0.34704,0.43032,0.11837,0.096149,0.42299,0.44045,0.088184,0.11932,0.32696,0.43322,0.2245,0.29866,0.2763,0.28938,0,0,0.11645,0.18432,0.2649,0.30893,0.374,0.31274,0.38529,0.47169,0.051613,0.27379,0.10267,0.31423,0.069191,0,0.077106,0.23583,0.34433,0.39343,0,0
0.40493,0.47992,0.13441,0.40003,0.089969,0.36336,0.29084,0.38308,0.5462,0.49309,0.38583,0.32654,0.40185,0.35369,0.33748,0.48579,0.34497,0.37104,0.45236,0.40389,0.79295,1,0.22902,0.19282,0.0029291,0.20418,0.58091,0.70049,0.12648,0.33547,0.73169,0.69856,0.50533,0.5269,0.2527,0.023487,0.15869,0.30907,0.063717,0.3911,0.41398,0.35589,0.15142,0.25218,0.28302,0.29479,0.1356,0.18941,0.2211,0.25541,0.22845,0.25445,0.17776,0.040705,0.36513,0.35737,0.47698,0.42251,0.42922,0.46682,0.37163,0.41536,0.18743,0.22468,0.38852,0.52781,0.42902,0.43111,0.52195,0.46935,0.63333,0.61077,0.53878,0.62693,0.53431,0.60099,0.3043,0.40013,0.3112,0.30089,0.4085,0.4503,0.15788,0.10879,0.46808,0.50926,0.13755,0.19681,0.40055,0.43258,0.27792,0.32099,0.37231,0.2883,0,0,0.067343,0.17566,0.28356,0.32795,0.47125,0.26933,0.45779,0.52891,0,0.20173,0.088662,0.4079,0.14217,0,0.10655,0.26621,0.39174,0.44002,0,0
0.40011,0.20725,0.88815,0.71927,0.58273,0.63999,0.74103,0.41408,0.30823,0.32153,0.31788,0.12663,0.55818,0.29543,0.63219,0.35512,0.30874,0.13234,0.55033,0.45288,0.28774,0.22902,1,0.89558,0.59681,0.66907,0.23754,0.22815,0.17322,0.035173,0.43141,0.44355,0.38474,0.47414,0.56175,0.50386,0.34122,0.21702,0.28861,0.26445,0.18636,0,0.58877,0.3698,0.5019,0.50184,0.51753,0.33847,0.41797,0.4662,0.42658,0.38789,0.3409,0.35641,0.40576,0.29159,0.35517,0.18518,0.30457,0.10995,0.49687,0.30646,0.50695,0.22655,0.57617,0.56585,0.67238,0.62547,0.35652,0.41492,0.067028,0.43288,0.20098,0.21243,0.22559,0.38501,0.56148,0.62621,0.2847,0.19333,0.42891,0.38721,0.26705,0.35387,0.62166,0.50348,0.21737,0.23159,0.44323,0.6206,0.68365,0.7271,0.67361,0.78015,0.17261,0.0071441,0.51926,0.40166,0.54674,0.45955,0.15994,0.62213,0.24928,0.35855,0.41371,0.49066,0,0.32328,0.18385,0.4555,0.57646,0.51848,0.53734,0.38303,0.39652,0
0.34699,0.23358,0.79014,0.85273,0.4919,0.61441,0.74208,0.62994,0.25815,0.37179,0.32757,0.23542,0.52023,0.4423,0.59002,0.46619,0.28019,0.19441,0.49952,0.4832,0.19835,0.19282,0.89558,1,0.48797,0.64279,0.085062,0.12074,0.1818,0.12757,0.37542,0.44346,0.3706,0.52094,0.52086,0.57377,0.30614,0.23367,0.29077,0.26443,0.12865,0,0.65156,0.43606,0.54313,0.59393,0.57355,0.40791,0.49616,0.56721,0.39796,0.39542,0.35073,0.39584,0.42848,0.33339,0.34422,0.22693,0.29093,0.1744,0.50886,0.43233,0.51147,0.4081,0.39897,0.57351,0.64222,0.66222,0.31966,0.45277,0.02859,0.34688,0.14052,0.17502,0.19478,0.36385,0.60228,0.65323,0.31265,0.20508,0.52454,0.43489,0.34195,0.44302,0.62578,0.59455,0.30385,0.26572,0.43532,0.62237,0.70796,0.66004,0.70849,0.72688,0.19931,0.072205,0.52505,0.43812,0.56642,0.4783,0.12422,0.5853,0.21543,0.34746,0.42181,0.46026,0,0.30378,0.23537,0.4994,0.57872,0.54276,0.5262,0.35616,0.39988,0
0.24344,0,0.73018,0.21498,0.86217,0.5332,0.49193,0,0.020602,0,0,0,0.24364,0,0.20515,0,0.17955,0,0.12221,0.1448,0.19047,0.0029291,0.59681,0.48797,1,0.84833,0.066491,0,0.19307,0,0,0,0.17326,0.18286,0.32427,0.31503,0.21123,0,0.088638,0.037091,0.17564,0,0.2747,0.17035,0.25549,0.24664,0.2242,0.10812,0.25326,0.19537,0.23556,0.16588,0.12274,0.18443,0.024489,0,0.075383,0,0,0,0.14885,0,0.2586,0.026293,0.24858,0.049271,0.23109,0.17672,0.0023927,0.018557,0,0.056865,0,0,0,0,0.13957,0.18756,0.13454,0.10696,0.11705,0.14889,0.050852,0.1172,0.21613,0.11216,0,0,0.078158,0.17732,0.18587,0.23732,0.21958,0.36765,0.10195,0,0.2304,0.10956,0.1248,0.014018,0,0.26055,0,0,0.29403,0.24446,0,0,0,0.20915,0.21882,0.18827,0.081875,0,0.31466,0
0.31339,0.11224,0.70136,0.45494,0.67911,0.64015,0.54097,0.20644,0.0992,0.039146,0.0057404,0,0.30119,0.11407,0.35225,0.16799,0.32406,0.17265,0.25463,0.29246,0.31249,0.20418,0.66907,0.64279,0.84833,1,0.0819,0.060634,0.23049,0.15699,0.19188,0.16347,0.36695,0.41911,0.41743,0.39769,0.20533,0.042173,0.069558,0.092057,0.24231,0,0.43784,0.3304,0.42769,0.44942,0.36746,0.26826,0.40197,0.38989,0.28608,0.28023,0.20752,0.29517,0.15751,0.050974,0.20137,0.062742,0,0,0.26603,0.12216,0.38042,0.2313,0.28845,0.26118,0.37882,0.36716,0.14061,0.194,0,0.19214,0,0.055388,0,0.1601,0.24175,0.30609,0.28614,0.23907,0.34387,0.35795,0.21362,0.29641,0.41777,0.36694,0.097865,0.027348,0.17351,0.36468,0.35638,0.35173,0.39361,0.45331,0.059863,0,0.28565,0.20333,0.28392,0.18546,0,0.35168,0,0.04352,0.29621,0.26756,0,0,0,0.26424,0.31398,0.37208,0.29077,0.094752,0.33499,0
0.22698,0.35568,0.11862,0.21472,0.20364,0.38974,0.17604,0.12119,0.62703,0.52733,0.22122,0.076791,0.29897,0.060425,0.22147,0.22283,0.10584,0.079051,0.28288,0.25448,0.53603,0.58091,0.23754,0.085062,0.066491,0.0819,1,0.88027,0.07037,0.059719,0.60468,0.52944,0.18414,0.20364,0.31375,0.075187,0.47567,0.24579,0.22208,0.35907,0.29311,0.29591,0.088113,0.067491,0.1452,0.10164,0.039339,0.029693,0.0486,0.01891,0.18526,0.076398,0.095354,0,0.21085,0.088678,0.28699,0.222,0.44616,0.38851,0.22985,0.18126,0,0,0.52068,0.40437,0.43494,0.35153,0.4814,0.38454,0.55494,0.47459,0.57678,0.53731,0.47082,0.51904,0.33678,0.37276,0.12606,0.088004,0.20333,0.15173,0,0,0.26285,0.17351,0,0.010212,0.37371,0.24833,0.23326,0.35616,0.29678,0.35418,0,0,0.096423,0.023561,0.18011,0.17353,0.39985,0.29001,0.45238,0.505,0,0.22233,0.11512,0.39189,0.21459,0.14512,0.26007,0.15753,0.31443,0.303,0,0
0.27784,0.44817,0.068146,0.31107,0.031956,0.37252,0.21621,0.24369,0.63229,0.60181,0.36145,0.20011,0.38538,0.16591,0.30578,0.41009,0.17002,0.21471,0.3841,0.32394,0.52546,0.70049,0.22815,0.12074,0,0.060634,0.88027,1,0.050741,0.14492,0.70466,0.64667,0.34018,0.36576,0.40857,0.14152,0.42236,0.34506,0.23548,0.41794,0.34827,0.35916,0.14388,0.11934,0.22348,0.1882,0.09626,0.088494,0.088921,0.11179,0.18757,0.13272,0.10128,0,0.2964,0.19457,0.38387,0.32215,0.51532,0.50952,0.35314,0.33375,0.067444,0,0.59358,0.58093,0.5277,0.47346,0.56191,0.4779,0.60911,0.53241,0.62337,0.58971,0.55505,0.5926,0.40519,0.43717,0.21165,0.1792,0.29456,0.26284,0.011158,0.042695,0.36824,0.32589,0,0.09849,0.45927,0.3254,0.3107,0.41913,0.40988,0.37281,0,0,0.12283,0.093467,0.24287,0.27188,0.51903,0.31346,0.53687,0.58346,0,0.24162,0.076224,0.41531,0.23709,0.14785,0.30496,0.26884,0.42095,0.46488,0,0
0.43433,0.12987,0.26294,0.20407,0.22863,0.20068,0.35587,0.20973,0.091846,0.14083,0.29745,0.19412,0.31013,0.17828,0.31863,0.21808,0.71244,0.49511,0.31619,0.35796,0.17632,0.12648,0.17322,0.1818,0.19307,0.23049,0.07037,0.050741,1,0.70168,0.17612,0.081668,0.42412,0.43083,0.095827,0.11773,0.17332,0.09528,0.32579,0.36998,0.36189,0.12382,0.28262,0.33102,0.25021,0.25778,0.31935,0.36579,0.32433,0.29769,0.2734,0.30888,0.23628,0.24905,0.32003,0.41019,0.40977,0.17334,0.16816,0.035562,0.21224,0.14467,0.43655,0.30836,0,0.06926,0.15094,0.15619,0.23767,0.26819,0.060635,0.076214,0.25685,0.32511,0.1741,0.25602,0.06854,0.2229,0.72883,0.6895,0.57376,0.63605,0.53755,0.67011,0.1903,0.24536,0.26549,0.4365,0,0.30457,0.1025,0.079888,0.08814,0.15942,0.50244,0.37514,0.39862,0.44623,0.28684,0.28357,0.045207,0.27034,0.14289,0.24634,0,0.13733,0,0.14379,0.21177,0.20511,0.12795,0.33832,0.24395,0.17539,0.1879,0
0.42084,0.37364,0.012782,0.25872,0.0017318,0.08424,0.2498,0.43109,0.22647,0.24705,0.44798,0.47975,0.38218,0.46623,0.38195,0.49495,0.62553,0.81221,0.39023,0.42368,0.29731,0.33547,0.035173,0.12757,0,0.15699,0.059719,0.14492,0.70168,1,0.37171,0.30228,0.60439,0.62493,0.02548,0,0,0.28412,0.011792,0.31084,0.3688,0.27256,0.16985,0.32271,0.21701,0.27169,0.20767,0.32322,0.36266,0.39367,0.25762,0.38061,0.2748,0.28984,0.32439,0.44279,0.47302,0.4561,0.27193,0.28796,0.40806,0.46325,0.45164,0.62265,0,0.2344,0.10683,0.14666,0.3459,0.35043,0.26609,0.21703,0.28401,0.50284,0.30093,0.3858,0.070416,0.23518,0.68735,0.77933,0.57529,0.7584,0.54809,0.63954,0.28701,0.42829,0.24012,0.34012,0.099487,0.34927,0.097839,0.048286,0.11044,0.033648,0.11615,0.099407,0.12383,0.29883,0.25837,0.3135,0.23115,0.12323,0.20015,0.29362,0,0,0,0.094503,0,0,0,0.277,0.22497,0.24989,0,0
0.37873,0.46698,0.23435,0.55817,0.10101,0.3425,0.4241,0.51477,0.64951,0.66062,0.49984,0.41518,0.54811,0.4376,0.56263,0.60773,0.31275,0.37998,0.56165,0.46086,0.57153,0.73169,0.43141,0.37542,0,0.19188,0.60468,0.70466,0.17612,0.37171,1,0.92366,0.47912,0.57076,0.29078,0.083773,0.19512,0.39577,0.15215,0.38037,0.32361,0.26779,0.29127,0.25307,0.35164,0.34903,0.2325,0.19914,0.28286,0.3332,0.27628,0.29904,0.26851,0.13285,0.44826,0.42921,0.50858,0.45585,0.57525,0.57507,0.52692,0.55183,0.3414,0.35587,0.47551,0.65607,0.5416,0.5074,0.5937,0.53366,0.66423,0.73522,0.6,0.67052,0.63846,0.69407,0.47316,0.55057,0.36904,0.29519,0.43685,0.47182,0.19023,0.20232,0.51993,0.52916,0.06176,0.17252,0.47723,0.55527,0.50351,0.55934,0.53955,0.51482,0,0,0.19495,0.27601,0.4225,0.47482,0.58794,0.44068,0.55476,0.67495,0,0.26103,0.042016,0.54245,0.22816,0.12577,0.25566,0.38648,0.52204,0.52052,0,0
0.30625,0.41166,0.23642,0.61967,0.063815,0.36823,0.42303,0.58333,0.58771,0.67284,0.48073,0.43431,0.52075,0.49256,0.52171,0.6406,0.25172,0.32766,0.50711,0.41969,0.53396,0.69856,0.44355,0.44346,0,0.16347,0.52944,0.64667,0.081668,0.30228,0.92366,1,0.42503,0.53697,0.31987,0.11866,0.16906,0.33622,0.12347,0.35603,0.21849,0.19903,0.31789,0.26386,0.37224,0.38539,0.2605,0.21281,0.29367,0.35732,0.28847,0.30994,0.27485,0.14171,0.47185,0.44766,0.46842,0.42218,0.53748,0.56632,0.56032,0.60418,0.35949,0.38706,0.47766,0.71047,0.54715,0.54827,0.50478,0.4958,0.61915,0.72049,0.56468,0.60368,0.6116,0.656,0.52727,0.57681,0.33231,0.21754,0.43451,0.43063,0.16641,0.17199,0.56654,0.59776,0.095829,0.16754,0.49565,0.5887,0.52021,0.55413,0.56579,0.50597,0,0,0.2323,0.3063,0.44871,0.48691,0.55772,0.41449,0.53151,0.63432,0.0025351,0.27168,0.075745,0.52842,0.22624,0.17869,0.30771,0.4255,0.53426,0.51058,0.0011294,0
0.62743,0.54046,0.34659,0.52778,0.099848,0.33917,0.42072,0.46374,0.18764,0.30181,0.52785,0.40945,0.46694,0.44771,0.5216,0.60092,0.73184,0.72878,0.67815,0.60418,0.46267,0.50533,0.38474,0.3706,0.17326,0.36695,0.18414,0.34018,0.42412,0.60439,0.47912,0.42503,1,0.92014,0.50701,0.34796,0.17135,0.45184,0.20318,0.46852,0.54778,0.3073,0.42913,0.52352,0.54392,0.56012,0.42876,0.47888,0.54166,0.57934,0.47165,0.54933,0.36256,0.29058,0.54653,0.47256,0.64639,0.57046,0.38869,0.37227,0.58324,0.5349,0.6001,0.57791,0.43018,0.60219,0.55919,0.58633,0.59189,0.54504,0.30141,0.24957,0.38119,0.44962,0.38863,0.45331,0.36591,0.48551,0.66066,0.6113,0.73892,0.78738,0.63433,0.54715,0.71237,0.74936,0.49527,0.48739,0.41818,0.55967,0.3483,0.29506,0.43234,0.25668,0.0072283,0,0.26494,0.43553,0.46403,0.44764,0.37179,0.2202,0.34347,0.3646,0.094149,0.16011,0,0.12006,0.11459,0.12023,0.21518,0.51942,0.42869,0.43962,0.15923,0
0.68798,0.63337,0.40595,0.68903,0.14051,0.40753,0.53547,0.64617,0.29877,0.43941,0.59002,0.53919,0.55674,0.59163,0.61646,0.7192,0.71584,0.74647,0.76804,0.74418,0.47835,0.5269,0.47414,0.52094,0.18286,0.41911,0.20364,0.36576,0.43083,0.62493,0.57076,0.53697,0.92014,1,0.49247,0.42496,0.18743,0.45338,0.21857,0.43132,0.46156,0.26154,0.5458,0.6014,0.62634,0.6743,0.54903,0.56171,0.65573,0.71996,0.54526,0.64479,0.48372,0.4087,0.62681,0.56225,0.72495,0.68168,0.49412,0.49032,0.66304,0.69148,0.63357,0.71413,0.3744,0.67034,0.63667,0.6803,0.67619,0.68375,0.33741,0.31187,0.40008,0.46676,0.43734,0.53538,0.49922,0.62109,0.66673,0.59986,0.79395,0.79186,0.62242,0.59154,0.76355,0.80331,0.46114,0.43912,0.50314,0.6776,0.52148,0.45988,0.58262,0.4137,0.023978,0,0.36085,0.4986,0.59697,0.59737,0.43558,0.36888,0.45444,0.50539,0.18423,0.28844,0,0.25131,0.15953,0.2426,0.35263,0.62138,0.55862,0.53217,0.21499,0
0.20205,0.21685,0.46411,0.5195,0.22228,0.42783,0.4171,0.25468,0.10605,0.18192,0.20898,0,0.27216,0.037203,0.33355,0.27354,0.31251,0.22719,0.36469,0.29536,0.20521,0.2527,0.56175,0.52086,0.32427,0.41743,0.31375,0.40857,0.095827,0.02548,0.29078,0.31987,0.50701,0.49247,1,0.80354,0.49562,0.26947,0.3972,0.32689,0.18978,0.051815,0.45859,0.29798,0.53852,0.50195,0.37446,0.24122,0.30164,0.31301,0.24146,0.14545,0.065356,0,0.33498,0.064281,0.20067,0.086185,0.18047,0.069447,0.39864,0.17404,0.35078,0.10266,0.70394,0.61087,0.72371,0.70915,0.33279,0.31137,0.10432,0.19616,0.24288,0.14261,0.22186,0.31006,0.54889,0.53319,0.32147,0.2591,0.44936,0.38548,0.21567,0.26368,0.57641,0.52881,0.26842,0.25621,0.40069,0.30892,0.36954,0.42593,0.56778,0.47766,0.14034,0.06686,0.45312,0.28339,0.31585,0.19212,0.13635,0.25908,0.17583,0.19962,0.31039,0.34332,0,0.092219,0.27178,0.43164,0.57157,0.5227,0.4288,0.34215,0.32045,0
0.2314,0.26041,0.48192,0.57109,0.21207,0.33088,0.39392,0.32364,0,0.088565,0.17612,0,0.16407,0.076158,0.32642,0.21538,0.28997,0.20465,0.35587,0.38227,0.028828,0.023487,0.50386,0.57377,0.31503,0.39769,0.075187,0.14152,0.11773,0,0.083773,0.11866,0.34796,0.42496,0.80354,1,0.43101,0.22039,0.42943,0.24132,0.032005,0,0.55143,0.37262,0.53814,0.55265,0.51284,0.35456,0.37757,0.41502,0.24951,0.196,0.17954,0.15718,0.37411,0.134,0.18842,0.18533,0.13144,0.091231,0.24295,0.15196,0.30074,0.20414,0.36345,0.40043,0.63768,0.67684,0.28101,0.36629,0,0,0.11283,0,0.1569,0.19802,0.56084,0.52373,0.23599,0.20473,0.41367,0.29614,0.2651,0.31137,0.46398,0.44193,0.32646,0.23697,0.34618,0.29152,0.43235,0.41018,0.5229,0.45291,0.1761,0.13483,0.46293,0.34123,0.39614,0.30374,0.069937,0.30791,0.17699,0.18652,0.46168,0.40161,0,0.083624,0.34046,0.54917,0.61615,0.50482,0.41435,0.29608,0.40146,0
0.22163,0.18497,0.32476,0.28521,0.25923,0.36511,0.30193,0.13761,0.21121,0.28457,0.14849,0,0.22476,0.0058533,0.20819,0.12523,0.19059,0,0.20755,0.25143,0.13265,0.15869,0.34122,0.30614,0.21123,0.20533,0.47567,0.42236,0.17332,0,0.19512,0.16906,0.17135,0.18743,0.49562,0.43101,1,0.29783,0.65927,0.48283,0.31367,0.2398,0.34175,0.21945,0.27916,0.23614,0.31688,0.25234,0.20315,0.11619,0.31674,0.13391,0.14778,0.011463,0.30993,0.065416,0.23599,0.051841,0.30934,0.11946,0.2229,0.041099,0.17879,0,0.40702,0.25231,0.46715,0.40051,0.26774,0.28124,0.13134,0.048904,0.32589,0.17648,0.26714,0.26412,0.4927,0.46168,0.098533,0.019684,0.36344,0.090658,0.12489,0.17766,0.37222,0.18317,0.083392,0.22243,0.401,0.2154,0.29015,0.3534,0.34677,0.40074,0.28374,0.23923,0.41065,0.26193,0.27932,0.16999,0.14041,0.28504,0.25613,0.27848,0.31125,0.34612,0.10754,0.1903,0.41093,0.53959,0.56155,0.36335,0.36224,0.20201,0.19863,0
0.33276,0.39365,0.1508,0.34529,0.026737,0.16315,0.31295,0.37046,0.25394,0.32312,0.42722,0.31444,0.41032,0.32481,0.41155,0.3912,0.25911,0.3435,0.42751,0.38131,0.27267,0.30907,0.21702,0.23367,0,0.042173,0.24579,0.34506,0.09528,0.28412,0.39577,0.33622,0.45184,0.45338,0.26947,0.22039,0.29783,1,0.2824,0.60969,0.36388,0.40648,0.25774,0.27838,0.26235,0.26428,0.24527,0.25716,0.24417,0.272,0.24695,0.29493,0.18754,0.17486,0.34394,0.3749,0.37093,0.37944,0.42824,0.3809,0.36782,0.36011,0.19624,0.27307,0.26379,0.3989,0.39208,0.37882,0.44002,0.41743,0.28806,0.24679,0.31623,0.30577,0.32875,0.28567,0.30799,0.35517,0.20377,0.24251,0.35934,0.40325,0.33261,0.25123,0.42704,0.43514,0.30416,0.25797,0.34366,0.3599,0.31706,0.31341,0.2967,0.27171,0.0013557,0.11539,0.15608,0.27778,0.2764,0.31534,0.35501,0.23286,0.32804,0.39246,0.062963,0.126,0,0.18246,0.15772,0.2135,0.18144,0.2132,0.27737,0.32158,0,0
0.26465,0.21449,0.2773,0.30151,0.080682,0.26919,0.26841,0.17796,0.027504,0.19944,0.1802,0.042204,0.16783,0.030808,0.24168,0.11485,0.20907,0.026532,0.26552,0.29855,0,0.063717,0.28861,0.29077,0.088638,0.069558,0.22208,0.23548,0.32579,0.011792,0.15215,0.12347,0.20318,0.21857,0.3972,0.42943,0.65927,0.2824,1,0.63918,0.15777,0.15425,0.3551,0.24057,0.29236,0.26772,0.40246,0.27422,0.19081,0.18249,0.20264,0.13415,0.099979,0.093185,0.40786,0.29669,0.27389,0.10741,0.2941,0.13321,0.16643,0.037655,0.14182,0,0.21912,0.19473,0.42604,0.38374,0.29281,0.35274,0,0,0.16806,0.078214,0.22464,0.15815,0.41708,0.4081,0.15845,0.1224,0.38332,0.20605,0.39591,0.33074,0.27177,0.18496,0.41782,0.47272,0.28861,0.25362,0.29538,0.32336,0.26337,0.39565,0.51334,0.52295,0.51613,0.46322,0.24613,0.21951,0.072272,0.35628,0.25292,0.2744,0.4011,0.44623,0.27542,0.35704,0.55229,0.62204,0.50954,0.29659,0.3035,0.2277,0.3211,0
0.42599,0.35564,0.23168,0.36455,0.094403,0.27749,0.35869,0.35624,0.24497,0.37938,0.3746,0.22064,0.36433,0.23387,0.36937,0.29653,0.42161,0.27931,0.38684,0.35286,0.2774,0.3911,0.26445,0.26443,0.037091,0.092057,0.35907,0.41794,0.36998,0.31084,0.38037,0.35603,0.46852,0.43132,0.32689,0.24132,0.48283,0.60969,0.63918,1,0.30199,0.37522,0.37435,0.42359,0.3828,0.36927,0.39758,0.41603,0.30968,0.33285,0.31923,0.32253,0.21898,0.19513,0.497,0.52528,0.44793,0.30508,0.46092,0.36677,0.28686,0.24982,0.16612,0.11041,0.30292,0.41121,0.48512,0.47608,0.42581,0.48151,0.25529,0.23129,0.32703,0.30175,0.37417,0.29612,0.2887,0.36243,0.3424,0.3653,0.53898,0.50201,0.53285,0.43042,0.46869,0.46731,0.53457,0.58859,0.35846,0.45726,0.29599,0.31638,0.30046,0.34453,0.36661,0.40189,0.39969,0.51653,0.31873,0.34033,0.30602,0.32136,0.36081,0.46053,0.11751,0.26141,0.11253,0.38676,0.37503,0.35671,0.28854,0.2763,0.36764,0.37942,0.032872,0
0.43205,0.29302,0.24141,0.19408,0.1951,0.31807,0.33686,0.21597,0.35264,0.3083,0.45181,0.32979,0.45957,0.30223,0.22294,0.30023,0.44042,0.35325,0.34758,0.30589,0.54004,0.41398,0.18636,0.12865,0.17564,0.24231,0.29311,0.34827,0.36189,0.3688,0.32361,0.21849,0.54778,0.46156,0.18978,0.032005,0.31367,0.36388,0.15777,0.30199,1,0.38224,0.12072,0.16897,0.13586,0.11498,0.12349,0.17819,0.21645,0.19349,0.36915,0.34113,0.26119,0.16682,0.35653,0.31091,0.46115,0.32002,0.35185,0.2667,0.38297,0.3158,0.31438,0.26518,0.25478,0.26562,0.23281,0.20879,0.40222,0.32642,0.34617,0.18872,0.50986,0.52759,0.38964,0.36327,0.21665,0.28147,0.38298,0.36433,0.40484,0.44845,0.28045,0.25999,0.36935,0.36651,0.15161,0.2678,0.29381,0.34613,0.16942,0.15534,0.14667,0.14606,0.020431,0.049407,0.11128,0.23221,0.23047,0.21402,0.2989,0.22381,0.25982,0.30068,0,0.082663,0.0037134,0.10319,0.048269,0,0,0.19871,0.19469,0.27175,0.0053489,0
0.12711,0.30285,0,0.071473,0,0,0.055164,0.23517,0.23855,0.20335,0.38171,0.27499,0.2671,0.26005,0.15672,0.23291,0.20976,0.22998,0.12115,0.1299,0.20603,0.35589,0,0,0,0,0.29591,0.35916,0.12382,0.27256,0.26779,0.19903,0.3073,0.26154,0.051815,0,0.2398,0.40648,0.15425,0.37522,0.38224,1,0,0.045912,0,0,0,0.05412,0,0,0,0,0,0,0.15692,0.20985,0.19875,0.21064,0.224,0.22905,0.16748,0.16817,0.14526,0.17241,0.057814,0.12803,0.021558,0.050703,0.26168,0.20032,0.473,0.112,0.4757,0.50497,0.40868,0.34209,0.085665,0.12771,0.11108,0.12123,0.30501,0.26623,0.17791,0.10928,0.18253,0.30327,0.19042,0.29463,0.1585,0.14859,0,0,0,0,0,0.067733,0,0.034937,0.012887,0.052062,0.17911,0,0.22097,0.21311,0,0,0.046023,0.099607,0.13771,0,0,0,0.011606,0.23761,0,0
0.39851,0.28807,0.60306,0.6778,0.32603,0.46731,0.62178,0.52508,0.18399,0.3626,0.2827,0.18046,0.36778,0.24825,0.56918,0.48951,0.41636,0.26239,0.48891,0.51924,0.13781,0.15142,0.58877,0.65156,0.2747,0.43784,0.088113,0.14388,0.28262,0.16985,0.29127,0.31789,0.42913,0.5458,0.45859,0.55143,0.34175,0.25774,0.3551,0.37435,0.12072,0,1,0.87764,0.87743,0.88408,0.94667,0.85789,0.84693,0.82068,0.70503,0.65589,0.62621,0.6059,0.68802,0.52651,0.37692,0.32784,0.39572,0.32271,0.40559,0.35837,0.5267,0.3578,0.30059,0.40161,0.67827,0.6988,0.32221,0.50371,0.013007,0.11101,0.10595,0.0682,0.20482,0.28875,0.52286,0.54864,0.33339,0.2367,0.60334,0.43436,0.52302,0.54023,0.6329,0.54326,0.48295,0.40882,0.43911,0.62161,0.7197,0.64406,0.63848,0.64845,0.31295,0.23468,0.67274,0.69456,0.77823,0.72422,0.28717,0.56117,0.38642,0.44224,0.42671,0.4189,0.034992,0.30763,0.40392,0.624,0.74101,0.78707,0.72344,0.45776,0.3457,0
0.48225,0.39028,0.41966,0.54671,0.22021,0.39112,0.43077,0.46236,0.14237,0.33453,0.23184,0.23838,0.25845,0.24927,0.47723,0.49313,0.52148,0.39738,0.48286,0.53799,0.22213,0.25218,0.3698,0.43606,0.17035,0.3304,0.067491,0.11934,0.33102,0.32271,0.25307,0.26386,0.52352,0.6014,0.29798,0.37262,0.21945,0.27838,0.24057,0.42359,0.16897,0.045912,0.87764,1,0.87336,0.88762,0.86724,0.92899,0.87437,0.8335,0.70978,0.72495,0.62429,0.59439,0.66421,0.59464,0.44239,0.4348,0.35296,0.34335,0.30946,0.33994,0.46221,0.39498,0.19922,0.29877,0.55112,0.58829,0.3558,0.50572,0.095551,0.053997,0.070747,0.07614,0.17529,0.23435,0.34519,0.39803,0.39831,0.34249,0.6363,0.50711,0.60039,0.56996,0.6295,0.57083,0.55522,0.50037,0.3871,0.5612,0.52062,0.44219,0.47495,0.43141,0.24471,0.21098,0.52304,0.6735,0.68803,0.68471,0.3019,0.37424,0.3619,0.38775,0.2994,0.28739,0.018066,0.24942,0.32936,0.42565,0.54938,0.71742,0.61244,0.36612,0.17422,0
0.42774,0.36521,0.50609,0.64717,0.27447,0.46642,0.47131,0.44651,0.18758,0.33881,0.16188,0.086196,0.23891,0.14091,0.53409,0.47767,0.47548,0.34368,0.53129,0.54107,0.21564,0.28302,0.5019,0.54313,0.25549,0.42769,0.1452,0.22348,0.25021,0.21701,0.35164,0.37224,0.54392,0.62634,0.53852,0.53814,0.27916,0.26235,0.29236,0.3828,0.13586,0,0.87743,0.87336,1,0.96384,0.82719,0.75742,0.86278,0.81542,0.61905,0.60058,0.48006,0.40512,0.57529,0.43504,0.38808,0.36122,0.32534,0.30254,0.35861,0.30708,0.46471,0.32168,0.42807,0.47645,0.75397,0.76285,0.39582,0.50366,0.098247,0.15666,0.079278,0.054474,0.17146,0.27813,0.42153,0.45234,0.41845,0.32573,0.61473,0.48979,0.53193,0.48415,0.72051,0.62727,0.50105,0.39598,0.43603,0.52421,0.58777,0.55643,0.63476,0.57292,0.22272,0.14472,0.59654,0.62139,0.65761,0.60226,0.28791,0.43328,0.35266,0.39089,0.36875,0.3916,0.021381,0.27801,0.32212,0.49701,0.67242,0.75596,0.65188,0.37597,0.29445,0
