1,0.64408,0.67542,0.45409,0.49475,0.39049,0.77098,0.43734,0.52887,0.28033,0.63665,0.43503,0.69069,0.39944,0.61871,0.58756,0.33167,0.25699,0.784,0.71658,0.36594,0.37094,0.51635,0.52537,0.4321,0.38393,0.42396,0.45996,0.15096,0,0.41405,0.40493,0.64462,0.61957,0.50453,0.39117,0.32009,0.17166,0.29589,0.3525,0.016984,0.021754,0.54532,0.47211,0.5867,0.59971,0.4962,0.41199,0.64172,0.61296,0.63706,0.60078,0.46913,0.41861,0.41324,0.50637,0.77178,0.64007,0.78804,0.62211,0.76233,0.53179,0.52494,0.54977,0.54543,0.5021,0.68797,0.68121,0.73403,0.63034,0.16882,0.40513,0.51324,0.35754,0.57066,0.57008,0.50943,0.60158,0.23838,0,0.33198,0.43822,0.45816,0.25193,0.41916,0.44587,0.42906,0.4786,0.35856,0.57054,0.44482,0.27555,0.4649,0.59591,0.3266,0.40517,0.4925,0.59212,0.54679,0.4985,0.45755,0.50398,0.49904,0.50697,0.47482,0.58514,0.36457,0.33445,0,0.50649,0.47922,0.48726,0.5522,0.4868,0.497,0.17664
0.64408,1,0.55892,0.711,0.55207,0.35991,0.65559,0.75573,0.64328,0.41459,0.48026,0.7393,0.57543,0.67544,0.71456,0.6294,0.4665,0.56507,0.7954,0.8428,0.34934,0.45362,0.5859,0.70969,0.46543,0.50319,0.30627,0.32324,0.20497,0.2814,0.49093,0.53841,0.71703,0.78072,0.4285,0.51287,0.43772,0.38982,0.39937,0.40897,0.16813,0.29157,0.6823,0.64112,0.63094,0.68261,0.68902,0.63485,0.75796,0.72284,0.75483,0.697,0.77468,0.61268,0.68273,0.59259,0.69162,0.85933,0.72762,0.7882,0.70337,0.80312,0.68997,0.78787,0.55875,0.64294,0.58344,0.70046,0.79622,0.63387,0.34417,0.47516,0.51712,0.55254,0.73408,0.58628,0.67153,0.66136,0.50147,0.1201,0.693,0.6109,0.58371,0.3397,0.68759,0.67065,0.53122,0.25745,0.65962,0.55235,0.7124,0.44969,0.67732,0.47046,0.30946,0.34638,0.68296,0.62339,0.75773,0.65815,0.65056,0.29252,0.68307,0.51061,0.5759,0.40119,0.58541,0.48274,0.1638,0.63204,0.5646,0.6716,0.72898,0.61037,0.65179,0.24067
0.67542,0.55892,1,0.72605,0.67914,0.43798,0.9306,0.64846,0.71887,0.3909,0.46713,0.41317,0.64959,0.44287,0.67534,0.53265,0.17105,0.21542,0.70041,0.63185,0.44503,0.40884,0.72736,0.70347,0.73356,0.60083,0.42392,0.4276,0,0,0.5475,0.4312,0.662,0.67769,0.69293,0.57839,0.37,0.20221,0.34107,0.33255,0.015864,0.095525,0.65726,0.45061,0.69276,0.64117,0.53745,0.44125,0.60877,0.61255,0.79155,0.7226,0.52934,0.58649,0.48993,0.49511,0.59245,0.59792,0.59687,0.56866,0.71433,0.58559,0.37816,0.46297,0.77637,0.69877,0.77811,0.76697,0.62331,0.63954,0.1867,0.42979,0.44324,0.3073,0.60776,0.51864,0.65537,0.6484,0.23488,0,0.37053,0.41626,0.53397,0.24244,0.63715,0.53087,0.49029,0.35702,0.62537,0.57852,0.61609,0.45142,0.68799,0.70174,0.26447,0.24876,0.51394,0.45366,0.52347,0.51096,0.58616,0.44661,0.54342,0.44173,0.59236,0.50876,0.40655,0.37818,0.080516,0.40199,0.58137,0.56946,0.56419,0.3938,0.45126,0.19337
0.45409,0.711,0.72605,1,0.67734,0.41267,0.75102,0.92552,0.67097,0.56883,0.45329,0.65176,0.51073,0.70184,0.70275,0.58451,0.2934,0.42127,0.67308,0.67937,0.39692,0.50808,0.69946,0.83538,0.61129,0.59411,0.35867,0.34484,0.048198,0.20641,0.60254,0.59592,0.72034,0.80852,0.58632,0.60067,0.41804,0.29486,0.32112,0.28962,0.049297,0.27616,0.65708,0.46702,0.63396,0.62449,0.60247,0.47025,0.62553,0.6332,0.80984,0.75833,0.72642,0.61058,0.60896,0.47449,0.47276,0.62674,0.54035,0.6498,0.6627,0.79491,0.5234,0.66642,0.7681,0.85379,0.70416,0.80049,0.5689,0.56556,0.45646,0.55831,0.54541,0.44613,0.68695,0.46764,0.73645,0.67776,0.40057,0.18027,0.59827,0.41917,0.5835,0.2283,0.80533,0.69344,0.53184,0.23688,0.75139,0.43498,0.69567,0.41196,0.769,0.49909,0.20778,0.21353,0.57277,0.44484,0.60193,0.51623,0.69545,0.23568,0.65746,0.3992,0.65254,0.41138,0.53417,0.42072,0.1227,0.44751,0.55051,0.63534,0.5556,0.4584,0.52562,0.26214
0.49475,0.55207,0.67914,0.67734,1,0.53194,0.73748,0.64289,0.81887,0.78096,0.56279,0.46353,0.55491,0.46958,0.67777,0.5697,0.32147,0.39355,0.6046,0.53109,0.31469,0.41035,0.68899,0.70086,0.65012,0.60514,0.48018,0.48515,0.09031,0.17608,0.62771,0.61605,0.5693,0.6003,0.54188,0.45795,0.33198,0.098773,0.11721,0.10031,0,0.0020056,0.541,0.37434,0.49553,0.4731,0.49029,0.36905,0.51751,0.52121,0.59985,0.55411,0.47559,0.48678,0.30754,0.4345,0.52339,0.61144,0.49737,0.54636,0.58916,0.59729,0.42925,0.52997,0.69462,0.6834,0.53988,0.59661,0.50088,0.52808,0.37054,0.49109,0.56787,0.43751,0.56361,0.38876,0.61096,0.60485,0.37033,0.15606,0.44759,0.36901,0.35606,0.13666,0.58507,0.44732,0.31433,0.16549,0.49513,0.35361,0.54949,0.37986,0.58535,0.44949,0.1128,0.17222,0.43906,0.36521,0.52554,0.44707,0.59026,0.24294,0.52872,0.39843,0.51065,0.31195,0.34021,0.17072,0.054719,0.31726,0.5113,0.52768,0.52889,0.40991,0.4523,0.21181
0.39049,0.35991,0.43798,0.41267,0.53194,1,0.4614,0.34376,0.51475,0.50245,0.4162,0.27951,0.36227,0.1908,0.58134,0.54084,0.2043,0.30449,0.44332,0.41552,0.48981,0.60492,0.5374,0.54181,0.62672,0.68946,0.68633,0.64261,0.1,0.034748,0.60948,0.57422,0.47883,0.44885,0.49696,0.45945,0.047892,0.36315,0.2298,0.4364,0.10569,0.33719,0.27496,0.19656,0.32674,0.32546,0.19626,0.22914,0.29807,0.28835,0.35732,0.40777,0.20724,0.31472,0.37292,0.30662,0.3324,0.43716,0.36841,0.40352,0.32634,0.37004,0.25474,0.34251,0.47126,0.53059,0.44733,0.47299,0.39126,0.52837,0.28616,0.38935,0.49242,0.45009,0.49081,0.46616,0.33607,0.39798,0.12415,0,0.17191,0.42868,0.20047,0.23434,0.37206,0.43744,0.26088,0.42302,0.36396,0.39734,0.21741,0.022048,0.2785,0.32876,0.21202,0.29879,0.29848,0.29083,0.28784,0.15221,0.37333,0.29054,0.37898,0.37517,0.26624,0.21933,0.078783,0.28077,0,0.27186,0.28605,0.17946,0.25785,0.34085,0.27135,0.30206
0.77098,0.65559,0.9306,0.75102,0.73748,0.4614,1,0.71769,0.77716,0.45895,0.54473,0.54191,0.73258,0.54268,0.74174,0.6577,0.26714,0.29482,0.79101,0.73073,0.46275,0.46021,0.74709,0.75293,0.68205,0.58635,0.41311,0.45088,0.06698,0,0.56424,0.50802,0.74803,0.75152,0.69791,0.58343,0.46787,0.2361,0.39191,0.3763,0.063383,0.11262,0.70307,0.50516,0.73155,0.68524,0.60575,0.51189,0.68272,0.66716,0.80401,0.73891,0.5962,0.64123,0.51009,0.58642,0.67706,0.68805,0.68835,0.67494,0.79002,0.6898,0.47713,0.58537,0.82187,0.76201,0.80392,0.821,0.71016,0.69949,0.24658,0.49293,0.49063,0.39171,0.63489,0.59345,0.73811,0.75833,0.30572,0,0.45461,0.50882,0.58258,0.29176,0.69098,0.62453,0.53231,0.40396,0.61236,0.66369,0.69081,0.52915,0.74211,0.75813,0.28312,0.30536,0.57189,0.52276,0.62141,0.61356,0.66235,0.49374,0.61881,0.52288,0.62237,0.57519,0.50402,0.41331,0.049578,0.48734,0.59197,0.63783,0.63696,0.46564,0.55841,0.1859
0.43734,0.75573,0.64846,0.92552,0.64289,0.34376,0.71769,1,0.72673,0.5945,0.45405,0.82159,0.62102,0.84682,0.67854,0.57124,0.26488,0.48158,0.64329,0.65819,0.35408,0.4382,0.62814,0.7999,0.45978,0.45602,0.19806,0.18528,0.040883,0.28799,0.47503,0.51008,0.72401,0.77947,0.47379,0.52479,0.35511,0.25282,0.25628,0.23015,0.054542,0.22581,0.61647,0.4841,0.56972,0.60245,0.61049,0.48516,0.6563,0.65632,0.73609,0.69267,0.7334,0.58039,0.57096,0.40252,0.41786,0.6154,0.49548,0.61863,0.69099,0.86267,0.56338,0.75119,0.70477,0.80131,0.57509,0.70946,0.52268,0.50851,0.49228,0.50384,0.46408,0.46238,0.64691,0.44272,0.71889,0.67695,0.41067,0.12989,0.61348,0.42773,0.54168,0.26344,0.71916,0.62832,0.45345,0.16196,0.69199,0.38297,0.70899,0.41869,0.73163,0.41679,0.2108,0.1763,0.52406,0.39407,0.59664,0.48408,0.64242,0.122,0.61433,0.31738,0.6107,0.38014,0.50517,0.30018,0.086417,0.44011,0.46937,0.61184,0.54365,0.38187,0.53817,0.20347
0.52887,0.64328,0.71887,0.67097,0.81887,0.51475,0.77716,0.72673,1,0.68213,0.56598,0.62821,0.75915,0.63715,0.76125,0.64673,0.27881,0.44181,0.65438,0.5837,0.386,0.35664,0.60676,0.67618,0.60687,0.54786,0.2689,0.24065,0.059729,0.24038,0.4818,0.45186,0.61924,0.62248,0.46391,0.43995,0.25679,0.27601,0.19685,0.21303,0.096227,0.076429,0.58396,0.45345,0.55661,0.57364,0.53282,0.4949,0.6406,0.6248,0.66307,0.61235,0.55459,0.56506,0.42091,0.39999,0.49841,0.61272,0.54522,0.56636,0.72079,0.70203,0.52534,0.62566,0.72727,0.69117,0.53283,0.60561,0.54973,0.58859,0.27506,0.38825,0.42361,0.46194,0.56898,0.43167,0.66525,0.66183,0.3358,0.078847,0.4902,0.48621,0.40808,0.22796,0.57365,0.52541,0.37674,0.15972,0.58608,0.44567,0.63867,0.46405,0.66898,0.53084,0.090818,0.091597,0.43556,0.32952,0.563,0.50384,0.60183,0.2493,0.54467,0.37345,0.50887,0.31495,0.31123,0.21599,0.0059259,0.37562,0.54364,0.59787,0.57921,0.38089,0.48425,0.21427
0.28033,0.41459,0.3909,0.56883,0.78096,0.50245,0.45895,0.5945,0.68213,1,0.48916,0.47671,0.44668,0.53305,0.502,0.47944,0.22816,0.35739,0.38231,0.34843,0.28368,0.3723,0.50131,0.57212,0.45972,0.49349,0.27403,0.22299,0.09007,0.25689,0.51435,0.53422,0.41838,0.43428,0.31289,0.27309,0.11733,0.023442,0,0,0,0,0.31842,0.21337,0.30346,0.28123,0.29048,0.17482,0.34941,0.36542,0.35465,0.32146,0.32976,0.26578,0.14375,0.2176,0.26455,0.42619,0.26472,0.33874,0.38156,0.46017,0.32033,0.42237,0.44346,0.50206,0.28406,0.37588,0.25454,0.33051,0.49394,0.46356,0.53554,0.46665,0.42037,0.28009,0.43941,0.4578,0.31936,0.19282,0.34972,0.24186,0.13709,0.034844,0.4018,0.30813,0.11192,0.025123,0.30328,0.11877,0.31312,0.14055,0.3253,0.14614,0,0.030831,0.19822,0.15578,0.30691,0.20112,0.34836,0,0.30738,0.14812,0.30588,0.085476,0.14099,0,0,0.10993,0.25557,0.31966,0.28511,0.19067,0.24172,0.17351
0.63665,0.48026,0.46713,0.45329,0.56279,0.4162,0.54473,0.45405,0.56598,0.48916,1,0.46754,0.61088,0.44153,0.62804,0.65395,0.5859,0.47402,0.68997,0.61666,0.255,0.3044,0.44957,0.49203,0.36802,0.40712,0.36577,0.37225,0.31539,0.18568,0.43973,0.50425,0.56286,0.54698,0.42884,0.35639,0.19207,0.1274,0.12852,0.12202,0.06962,0,0.53548,0.48467,0.47212,0.47352,0.47048,0.35983,0.56987,0.54657,0.52686,0.45633,0.38628,0.3498,0.23584,0.36454,0.54536,0.48102,0.5376,0.42899,0.54844,0.42599,0.52038,0.49259,0.53877,0.45819,0.49612,0.52602,0.49879,0.55843,0.33805,0.39967,0.5821,0.47306,0.61724,0.42798,0.45627,0.55395,0.36759,0.092999,0.38138,0.40344,0.3595,0.22687,0.45049,0.45068,0.23018,0.28447,0.25623,0.3905,0.38675,0.24796,0.41034,0.48053,0.19188,0.22907,0.33821,0.39857,0.45655,0.36025,0.4189,0.26238,0.41345,0.38642,0.47093,0.40305,0.22796,0.17517,0.047951,0.38819,0.47899,0.43631,0.42201,0.38437,0.41971,0.20932
0.43503,0.7393,0.41317,0.65176,0.46353,0.27951,0.54191,0.82159,0.62821,0.47671,0.46754,1,0.64349,0.85324,0.60235,0.5448,0.36247,0.56752,0.55465,0.59496,0.3361,0.41759,0.46015,0.62303,0.28573,0.29912,0.075898,0.072608,0.16316,0.40387,0.35132,0.40376,0.64104,0.66068,0.27674,0.36552,0.27614,0.27675,0.25089,0.19674,0.12541,0.22973,0.44574,0.43838,0.40639,0.47039,0.45673,0.39972,0.60026,0.58693,0.55308,0.52832,0.57056,0.41422,0.43039,0.27867,0.40121,0.55743,0.43305,0.49641,0.58189,0.73019,0.59902,0.73319,0.47582,0.55624,0.3624,0.50139,0.48635,0.4214,0.5357,0.48036,0.40898,0.54237,0.59114,0.46655,0.57729,0.60233,0.40703,0.15758,0.57191,0.51405,0.40059,0.26075,0.49255,0.56169,0.3168,0.10084,0.45712,0.33239,0.52526,0.27365,0.49353,0.26313,0.13553,0.13352,0.35228,0.26969,0.45607,0.35427,0.44466,0,0.44625,0.19872,0.39598,0.23527,0.4001,0.17433,0,0.37731,0.31643,0.43898,0.39763,0.26578,0.42814,0.15979
0.69069,0.57543,0.64959,0.51073,0.55491,0.36227,0.73258,0.62102,0.75915,0.44668,0.61088,0.64349,1,0.70685,0.71235,0.62447,0.30057,0.42787,0.64254,0.56556,0.36169,0.32951,0.43683,0.53275,0.46607,0.36645,0.26855,0.20338,0.097021,0.12746,0.31293,0.29104,0.61372,0.57685,0.39623,0.35244,0.26129,0.20229,0.23899,0.21524,0.091653,0.12804,0.48035,0.40642,0.44292,0.46808,0.41077,0.37871,0.58073,0.57814,0.58877,0.54863,0.48018,0.42662,0.33426,0.27917,0.48381,0.51042,0.50981,0.45755,0.7602,0.6171,0.58205,0.60379,0.5903,0.54525,0.50524,0.54402,0.52129,0.54406,0.24452,0.34157,0.35326,0.39977,0.48557,0.4493,0.55818,0.58922,0.34233,0,0.41668,0.45889,0.34925,0.15138,0.42408,0.40807,0.27509,0.12769,0.42513,0.40523,0.50279,0.32999,0.51544,0.48381,0.18119,0.18053,0.32608,0.29852,0.44309,0.37758,0.46,0.21384,0.44549,0.31762,0.4541,0.38029,0.22838,0.21915,0,0.40654,0.41462,0.42645,0.44454,0.30684,0.41431,0.13415
0.39944,0.67544,0.44287,0.70184,0.46958,0.1908,0.54268,0.84682,0.63715,0.53305,0.44153,0.85324,0.70685,1,0.61394,0.55569,0.22669,0.48393,0.53945,0.55266,0.25965,0.28975,0.45361,0.62567,0.33356,0.32768,0.059807,0.025684,0.062677,0.34149,0.34872,0.37707,0.65803,0.65849,0.28645,0.3507,0.30647,0.20814,0.18518,0.10897,0.064638,0.17658,0.46117,0.41328,0.40138,0.46919,0.46797,0.38537,0.55951,0.58153,0.58975,0.53265,0.59874,0.40096,0.36094,0.20901,0.28986,0.48485,0.37731,0.45959,0.61207,0.72314,0.57637,0.71167,0.50475,0.55203,0.41768,0.54276,0.41,0.42553,0.5153,0.46371,0.37854,0.46157,0.5551,0.40642,0.61144,0.59883,0.40488,0.1284,0.59866,0.36517,0.42322,0.18101,0.54539,0.50907,0.29379,0.0107,0.4857,0.23769,0.56667,0.32403,0.54739,0.27677,0.1281,0.074418,0.35346,0.24198,0.44181,0.33623,0.46232,0,0.46506,0.19688,0.50678,0.25843,0.34268,0.14395,0.012121,0.32714,0.33646,0.48967,0.39458,0.21295,0.38888,0.15925
0.61871,0.71456,0.67534,0.70275,0.67777,0.58134,0.74174,0.67854,0.76125,0.502,0.62804,0.60235,0.71235,0.61394,1,0.79274,0.46695,0.4508,0.72086,0.67541,0.47616,0.49184,0.64358,0.73716,0.68515,0.63918,0.57517,0.52598,0.32708,0.29829,0.5914,0.56866,0.68664,0.70461,0.54873,0.57603,0.37255,0.51825,0.45769,0.45842,0.2626,0.36746,0.63542,0.52865,0.58596,0.57992,0.50387,0.56899,0.62333,0.59926,0.75795,0.66898,0.56309,0.59884,0.56136,0.48663,0.54759,0.67947,0.58351,0.65123,0.67909,0.6526,0.56873,0.58886,0.75333,0.74927,0.66094,0.71993,0.6422,0.70538,0.24166,0.41308,0.54699,0.56641,0.69321,0.61427,0.65349,0.67902,0.53312,0.25433,0.655,0.59349,0.62409,0.41013,0.74548,0.74635,0.59081,0.35888,0.68139,0.62601,0.62222,0.40994,0.69028,0.58798,0.19575,0.22229,0.52726,0.43036,0.57674,0.52121,0.62491,0.32865,0.60152,0.50052,0.53949,0.35454,0.41992,0.47878,0.088566,0.47754,0.60082,0.56292,0.57372,0.52783,0.5436,0.3237
0.58756,0.6294,0.53265,0.58451,0.5697,0.54084,0.6577,0.57124,0.64673,0.47944,0.65395,0.5448,0.62447,0.55569,0.79274,1,0.5868,0.46666,0.71196,0.70626,0.43485,0.4629,0.52041,0.60233,0.50925,0.55636,0.47392,0.50113,0.39098,0.34004,0.52478,0.58179,0.71001,0.71724,0.50854,0.46225,0.31699,0.39686,0.30128,0.38075,0.14378,0.24585,0.61772,0.5891,0.59391,0.63842,0.53322,0.56614,0.65467,0.63653,0.64025,0.64968,0.47697,0.53944,0.44923,0.54609,0.58022,0.63962,0.56873,0.63003,0.61954,0.63832,0.59164,0.61678,0.6788,0.70434,0.61733,0.7041,0.6251,0.7192,0.22248,0.3489,0.4944,0.65496,0.64287,0.64377,0.59345,0.6851,0.47513,0.17721,0.60987,0.67437,0.50227,0.46078,0.63006,0.77912,0.48433,0.41209,0.45165,0.66452,0.563,0.39316,0.61611,0.58374,0.21056,0.29234,0.47497,0.49511,0.59073,0.53503,0.63101,0.39966,0.63136,0.55534,0.52825,0.43097,0.38284,0.44909,0,0.47508,0.55999,0.54744,0.54822,0.53656,0.5781,0.26946
0.33167,0.4665,0.17105,0.2934,0.32147,0.2043,0.26714,0.26488,0.27881,0.22816,0.5859,0.36247,0.30057,0.22669,0.46695,0.5868,1,0.61285,0.44666,0.51203,0.23581,0.30371,0.14529,0.20514,0.16488,0.31041,0.30027,0.33375,0.7221,0.60999,0.25855,0.37318,0.37725,0.43481,0.1775,0.24448,0.27231,0.32938,0.27286,0.17207,0.33306,0.20334,0.51245,0.59741,0.46642,0.49079,0.43438,0.49991,0.50867,0.4898,0.40528,0.40355,0.29962,0.36864,0.22938,0.45415,0.54627,0.46811,0.37822,0.40521,0.29997,0.33928,0.59453,0.41507,0.30043,0.35078,0.25659,0.35438,0.50005,0.40795,0.14863,0.23932,0.49029,0.68663,0.49987,0.46166,0.30244,0.42282,0.63825,0.50289,0.67789,0.70686,0.31407,0.34184,0.42285,0.59991,0.25439,0.17893,0.13484,0.42088,0.31916,0.23043,0.32742,0.3258,0,0.18991,0.25265,0.38246,0.47374,0.46042,0.39872,0.23671,0.41068,0.41284,0.22216,0.15673,0.29443,0.42782,0.0081201,0.36715,0.47902,0.39286,0.48922,0.53227,0.38372,0.10506
0.25699,0.56507,0.21542,0.42127,0.39355,0.30449,0.29482,0.48158,0.44181,0.35739,0.47402,0.56752,0.42787,0.48393,0.4508,0.46666,0.61285,1,0.47659,0.5406,0.2808,0.35562,0.17728,0.28917,0.27261,0.42703,0.29398,0.2867,0.34635,0.58094,0.32682,0.41378,0.54098,0.60589,0.23065,0.2706,0.25885,0.3064,0.21086,0.14952,0.28437,0.36542,0.46736,0.49991,0.39884,0.42309,0.43324,0.44793,0.54623,0.52749,0.47817,0.49107,0.47375,0.43336,0.31041,0.2714,0.46029,0.51672,0.39688,0.43005,0.41724,0.53323,0.68375,0.63588,0.37039,0.42657,0.2934,0.39214,0.45748,0.41289,0.34043,0.35946,0.42995,0.63592,0.54762,0.41046,0.35801,0.42373,0.48514,0.46529,0.61774,0.66168,0.21169,0.19142,0.44195,0.49832,0.16298,0,0.28681,0.18803,0.38829,0.13818,0.3686,0.18603,0.099337,0.11995,0.3237,0.31957,0.46767,0.35564,0.49088,0.027742,0.53694,0.3353,0.33709,0.16817,0.20299,0.27424,0.14104,0.40932,0.43508,0.36648,0.43455,0.48801,0.42695,0.1872
0.784,0.7954,0.70041,0.67308,0.6046,0.44332,0.79101,0.64329,0.65438,0.38231,0.68997,0.55465,0.64254,0.53945,0.72086,0.71196,0.44666,0.47659,1,0.91859,0.38326,0.44516,0.66553,0.71909,0.57827,0.60519,0.4156,0.4864,0.16847,0.10418,0.61333,0.63536,0.81782,0.81267,0.63593,0.59746,0.49922,0.31364,0.36141,0.40382,0.071395,0.099136,0.73084,0.60734,0.69201,0.71929,0.71233,0.58709,0.73759,0.72099,0.78566,0.70944,0.70217,0.64561,0.57307,0.6255,0.7684,0.78974,0.77057,0.71758,0.72526,0.68273,0.62125,0.69273,0.69937,0.67212,0.78455,0.82454,0.84258,0.8183,0.25767,0.46509,0.56102,0.50448,0.77161,0.66198,0.69764,0.73602,0.37284,0,0.52915,0.54925,0.55707,0.30211,0.69092,0.66956,0.48203,0.36162,0.5703,0.64995,0.72611,0.53639,0.71248,0.72734,0.41237,0.45035,0.68593,0.65434,0.73118,0.69204,0.68922,0.4761,0.72798,0.63806,0.68807,0.62837,0.55775,0.45996,0.13522,0.71425,0.68722,0.72353,0.70514,0.59103,0.68216,0.22345
0.71658,0.8428,0.63185,0.67937,0.53109,0.41552,0.73073,0.65819,0.5837,0.34843,0.61666,0.59496,0.56556,0.55266,0.67541,0.70626,0.51203,0.5406,0.91859,1,0.37647,0.42754,0.63827,0.70549,0.52021,0.55034,0.3935,0.4463,0.22878,0.11812,0.56018,0.60178,0.81806,0.84535,0.56891,0.5633,0.51005,0.29742,0.38548,0.42773,0.10365,0.20427,0.75194,0.67964,0.71991,0.78169,0.74567,0.63262,0.77945,0.79046,0.75796,0.73897,0.76423,0.69292,0.63953,0.68534,0.7737,0.82002,0.79863,0.76662,0.67253,0.71819,0.64795,0.72831,0.58134,0.63031,0.73728,0.8256,0.86841,0.76035,0.27961,0.4557,0.55627,0.58088,0.76106,0.6923,0.65773,0.6971,0.42373,0,0.61255,0.61888,0.60241,0.38444,0.71609,0.71679,0.4613,0.388,0.55375,0.66359,0.74196,0.52152,0.66193,0.64438,0.41358,0.44212,0.70379,0.6927,0.7594,0.702,0.64762,0.43852,0.71257,0.59739,0.6638,0.60727,0.63047,0.49597,0.17181,0.68041,0.59319,0.70224,0.69959,0.57393,0.69414,0.18099
0.36594,0.34934,0.44503,0.39692,0.31469,0.48981,0.46275,0.35408,0.386,0.28368,0.255,0.3361,0.36169,0.25965,0.47616,0.43485,0.23581,0.2808,0.38326,0.37647,1,0.71778,0.44252,0.45498,0.49014,0.46823,0.35333,0.33159,0.1393,0.15664,0.54131,0.44773,0.50634,0.45338,0.41775,0.39718,0.37871,0.51396,0.50082,0.53632,0.41158,0.48051,0.37801,0.31453,0.45158,0.40244,0.30396,0.38451,0.37727,0.35309,0.45395,0.43203,0.25217,0.39727,0.36538,0.39351,0.35252,0.38358,0.33325,0.37368,0.33116,0.34764,0.25092,0.28343,0.43274,0.48322,0.41391,0.43888,0.39884,0.41791,0.35525,0.56389,0.54772,0.54606,0.53684,0.55491,0.50843,0.57933,0.18357,0.17779,0.22352,0.54496,0.32584,0.28319,0.42264,0.47483,0.43082,0.40762,0.36117,0.48348,0.29158,0.15273,0.32821,0.40024,0.13054,0.22698,0.32994,0.31258,0.34346,0.29892,0.30674,0.24868,0.30386,0.30037,0.18696,0.2508,0.17452,0.36994,0.07132,0.24426,0.3212,0.27661,0.33418,0.28625,0.30016,0.18291
0.37094,0.45362,0.40884,0.50808,0.41035,0.60492,0.46021,0.4382,0.35664,0.3723,0.3044,0.41759,0.32951,0.28975,0.49184,0.4629,0.30371,0.35562,0.44516,0.42754,0.71778,1,0.49266,0.52659,0.52542,0.60053,0.4931,0.5106,0.13468,0.1733,0.62502,0.5956,0.52897,0.51736,0.51606,0.55681,0.32898,0.42766,0.35624,0.48411,0.18754,0.45999,0.40405,0.32137,0.43314,0.35489,0.29194,0.27627,0.34243,0.30948,0.43781,0.42475,0.31029,0.33179,0.34388,0.38947,0.34905,0.44712,0.31603,0.38408,0.31336,0.38119,0.30135,0.33498,0.43801,0.52884,0.4494,0.47922,0.40175,0.38104,0.55494,0.72548,0.5535,0.55102,0.54299,0.56341,0.52063,0.56112,0.21751,0.22638,0.27532,0.50864,0.23794,0.16256,0.43526,0.49746,0.31514,0.35372,0.31538,0.37219,0.2607,0.092665,0.3178,0.32411,0.17168,0.32948,0.30944,0.28225,0.33679,0.25809,0.31988,0.18654,0.34402,0.29905,0.25997,0.28255,0.22132,0.32403,0.046495,0.30647,0.30468,0.26615,0.30623,0.37255,0.33351,0.23903
0.51635,0.5859,0.72736,0.69946,0.68899,0.5374,0.74709,0.62814,0.60676,0.50131,0.44957,0.46015,0.43683,0.45361,0.64358,0.52041,0.14529,0.17728,0.66553,0.63827,0.44252,0.49266,1,0.93234,0.79556,0.71874,0.42595,0.43555,0,0,0.80394,0.74017,0.67271,0.66888,0.75056,0.70942,0.48339,0.22547,0.39242,0.43511,0.02563,0.13423,0.54468,0.34831,0.56458,0.49031,0.51549,0.38667,0.47159,0.49634,0.65161,0.51615,0.51228,0.56855,0.47122,0.55844,0.51709,0.65429,0.45186,0.52405,0.42351,0.4993,0.21076,0.39227,0.63576,0.66896,0.58354,0.64749,0.57981,0.56436,0.37531,0.56576,0.51394,0.3433,0.63191,0.55941,0.63814,0.64873,0.20423,0,0.31688,0.35807,0.57483,0.27815,0.71816,0.5893,0.52965,0.44525,0.60775,0.59506,0.57987,0.42977,0.6031,0.58767,0.3065,0.29741,0.55977,0.4359,0.51262,0.44729,0.42284,0.27468,0.43094,0.31179,0.55393,0.44041,0.50863,0.24675,0.1211,0.38084,0.4425,0.57544,0.47787,0.36839,0.53881,0.17548
0.52537,0.70969,0.70347,0.83538,0.70086,0.54181,0.75293,0.7999,0.67618,0.57212,0.49203,0.62303,0.53275,0.62567,0.73716,0.60233,0.20514,0.28917,0.71909,0.70549,0.45498,0.52659,0.93234,1,0.74419,0.69238,0.41067,0.38837,0.017427,0.056266,0.7405,0.7127,0.72159,0.74478,0.68782,0.69079,0.47511,0.27922,0.4087,0.42758,0.056141,0.23035,0.58516,0.39774,0.56771,0.52704,0.55912,0.4387,0.54148,0.55675,0.7205,0.58632,0.62955,0.5997,0.56451,0.53741,0.51549,0.69976,0.48767,0.59361,0.5377,0.66833,0.35329,0.54967,0.69807,0.78035,0.60323,0.70316,0.61184,0.58927,0.44947,0.58022,0.52659,0.41212,0.67843,0.58079,0.71055,0.698,0.30142,0,0.43023,0.38577,0.62309,0.2821,0.7947,0.65657,0.57138,0.37291,0.71741,0.5862,0.67336,0.45552,0.69909,0.55221,0.31118,0.30436,0.58377,0.4516,0.56708,0.48606,0.53746,0.22987,0.52113,0.34174,0.6036,0.44195,0.56597,0.31205,0.14983,0.46079,0.46542,0.62362,0.52153,0.40865,0.60402,0.22708
0.4321,0.46543,0.73356,0.61129,0.65012,0.62672,0.68205,0.45978,0.60687,0.45972,0.36802,0.28573,0.46607,0.33356,0.68515,0.50925,0.16488,0.27261,0.57827,0.52021,0.49014,0.52542,0.79556,0.74419,1,0.89222,0.62826,0.55836,0,0.016018,0.78541,0.6441,0.57955,0.58389,0.7682,0.70179,0.42381,0.39111,0.47759,0.49255,0.13912,0.28502,0.50565,0.2629,0.53926,0.42004,0.35512,0.33365,0.35392,0.38217,0.66906,0.53755,0.38784,0.51443,0.43041,0.41235,0.4273,0.5451,0.35439,0.42776,0.39639,0.38466,0.23057,0.27346,0.67485,0.65844,0.62657,0.6151,0.51652,0.59696,0.2683,0.49451,0.45345,0.35978,0.5722,0.5645,0.59991,0.57361,0.24906,0.10264,0.29504,0.41984,0.39103,0.081226,0.67773,0.54359,0.46727,0.26695,0.64569,0.51666,0.49427,0.34219,0.57041,0.56782,0.23147,0.24817,0.47142,0.32239,0.38875,0.3507,0.46126,0.27024,0.41992,0.36042,0.47173,0.31782,0.34051,0.33558,0.16906,0.37964,0.54615,0.43155,0.40589,0.38929,0.41263,0.25053
0.38393,0.50319,0.60083,0.59411,0.60514,0.68946,0.58635,0.45602,0.54786,0.49349,0.40712,0.29912,0.36645,0.32768,0.63918,0.55636,0.31041,0.42703,0.60519,0.55034,0.46823,0.60053,0.71874,0.69238,0.89222,1,0.63146,0.62098,0.080783,0.15366,0.78765,0.7256,0.63172,0.63397,0.73673,0.71306,0.40364,0.45141,0.44101,0.48487,0.18697,0.28434,0.55474,0.37433,0.55504,0.48854,0.43948,0.42535,0.40975,0.43633,0.6577,0.55,0.4107,0.55565,0.42173,0.47243,0.42315,0.55277,0.35906,0.44284,0.34415,0.41314,0.30365,0.35569,0.6187,0.65299,0.59027,0.61931,0.52689,0.60979,0.34307,0.53756,0.49814,0.48086,0.62506,0.60355,0.6008,0.62606,0.24765,0.18035,0.37975,0.49362,0.35282,0.079514,0.67656,0.6038,0.44931,0.24607,0.55506,0.49461,0.48463,0.33014,0.53978,0.51486,0.20268,0.25112,0.47368,0.38725,0.45609,0.38813,0.49588,0.22249,0.50211,0.4097,0.48717,0.32794,0.32871,0.34644,0.16125,0.44024,0.60375,0.47566,0.44323,0.45646,0.47158,0.29582
0.42396,0.30627,0.42392,0.35867,0.48018,0.68633,0.41311,0.19806,0.2689,0.27403,0.36577,0.075898,0.26855,0.059807,0.57517,0.47392,0.30027,0.29398,0.4156,0.3935,0.35333,0.4931,0.42595,0.41067,0.62826,0.63146,1,0.91456,0.15562,0,0.56201,0.51841,0.43894,0.44881,0.56396,0.49803,0.17715,0.25252,0.29568,0.38426,0.06328,0.27681,0.3068,0.17125,0.32579,0.28204,0.15623,0.17224,0.20204,0.20203,0.43029,0.44472,0.20301,0.29198,0.34165,0.31038,0.36971,0.40251,0.37994,0.39182,0.32757,0.25849,0.281,0.23947,0.47638,0.47272,0.56703,0.51419,0.4048,0.51527,0.13506,0.31134,0.47628,0.35691,0.47049,0.41318,0.31801,0.33584,0.24711,0.11021,0.25887,0.38534,0.21543,0.098034,0.42249,0.38858,0.28424,0.32911,0.36596,0.34778,0.2041,0.0393,0.28074,0.34766,0.22104,0.35924,0.32718,0.32264,0.23821,0.18836,0.39579,0.39468,0.43235,0.50948,0.3508,0.29743,0.21304,0.40048,0.098359,0.32208,0.3876,0.14288,0.20888,0.4032,0.27519,0.26431
0.45996,0.32324,0.4276,0.34484,0.48515,0.64261,0.45088,0.18528,0.24065,0.22299,0.37225,0.072608,0.20338,0.025684,0.52598,0.50113,0.33375,0.2867,0.4864,0.4463,0.33159,0.5106,0.43555,0.38837,0.55836,0.62098,0.91456,1,0.18409,0,0.59613,0.58958,0.50254,0.49145,0.59234,0.51257,0.26748,0.22281,0.2723,0.3784,0.034915,0.18569,0.38285,0.26251,0.36318,0.34661,0.24295,0.23384,0.27436,0.2717,0.43724,0.47993,0.21659,0.36801,0.31001,0.41871,0.46231,0.4413,0.44662,0.44523,0.33991,0.28117,0.28939,0.28509,0.46454,0.46374,0.60551,0.55631,0.45635,0.55925,0.15698,0.36956,0.5115,0.37843,0.48837,0.45983,0.36187,0.39635,0.2361,0.08324,0.28818,0.41535,0.23022,0.13844,0.40406,0.41815,0.28484,0.37003,0.26718,0.41644,0.23799,0.12242,0.28218,0.41923,0.24539,0.40237,0.38399,0.40388,0.3048,0.2853,0.43109,0.46452,0.48118,0.59168,0.37284,0.37005,0.28232,0.40188,0.029973,0.36469,0.43793,0.1988,0.27405,0.43545,0.31388,0.23269
0.15096,0.20497,0,0.048198,0.09031,0.1,0.06698,0.040883,0.059729,0.09007,0.31539,0.16316,0.097021,0.062677,0.32708,0.39098,0.7221,0.34635,0.16847,0.22878,0.1393,0.13468,0,0.017427,0,0.080783,0.15562,0.18409,1,0.67856,0.024155,0.09645,0.12474,0.14072,0,0,0.14535,0.34016,0.27777,0.15769,0.43887,0.29599,0.26188,0.45892,0.25388,0.29515,0.21951,0.40256,0.29699,0.29645,0.16728,0.18212,0.093313,0.18585,0.12052,0.31449,0.24142,0.16837,0.12029,0.12441,0.027707,0.032513,0.31604,0.12565,0.051972,0.081373,0,0.077429,0.19553,0.13766,0,0,0.30343,0.53062,0.26095,0.333,0.0012091,0.19624,0.6687,0.50564,0.56564,0.53858,0.38424,0.62104,0.22458,0.44085,0.2465,0.26712,0,0.31223,0.094591,0.057004,0.080713,0.11748,0.062587,0.14663,0.072844,0.21923,0.22989,0.19681,0.096096,0.076624,0.12383,0.14625,0,0,0.053399,0.2706,0.09674,0.11949,0.19882,0.15779,0.24486,0.30813,0.17556,0
0,0.2814,0,0.20641,0.17608,0.034748,0,0.28799,0.24038,0.25689,0.18568,0.40387,0.12746,0.34149,0.29829,0.34004,0.60999,0.58094,0.10418,0.11812,0.15664,0.1733,0,0.056266,0.016018,0.15366,0,0,0.67856,1,0.064963,0.13833,0.1484,0.20279,0,0.074199,0.078405,0.3617,0.14218,0,0.37792,0.27639,0.22142,0.35525,0.20389,0.22356,0.18871,0.35254,0.25816,0.2747,0.18754,0.18296,0.14081,0.19096,0.091066,0.10003,0.036754,0.16576,0,0.10698,0.039978,0.24246,0.39897,0.2766,0.17374,0.22499,0,0.03886,0.072799,0.13273,0.14325,0.048761,0.20385,0.58288,0.2714,0.22698,0.17448,0.23614,0.62874,0.74254,0.61619,0.55702,0.15695,0.35129,0.25821,0.41725,0.14761,0,0.09677,0.081513,0.16902,0.073719,0.20248,0,0,0,0.0057345,0,0.20048,0.13488,0.23328,0,0.20747,0.057647,0,0,0.024701,0.16947,0.038453,0.094412,0.26205,0.17226,0.20218,0.24766,0.15991,0.025293
0.41405,0.49093,0.5475,0.60254,0.62771,0.60948,0.56424,0.47503,0.4818,0.51435,0.43973,0.35132,0.31293,0.34872,0.5914,0.52478,0.25855,0.32682,0.61333,0.56018,0.54131,0.62502,0.80394,0.7405,0.78541,0.78765,0.56201,0.59613,0.024155,0.064963,1,0.92917,0.69531,0.66524,0.76998,0.68626,0.42225,0.3553,0.32295,0.42623,0.047852,0.21039,0.48377,0.2798,0.51592,0.3916,0.38791,0.2983,0.3536,0.34547,0.55031,0.44806,0.36921,0.4278,0.374,0.42179,0.49195,0.6334,0.40207,0.48987,0.32176,0.39824,0.28609,0.37863,0.58126,0.62253,0.62453,0.62261,0.54285,0.62552,0.5018,0.67093,0.67408,0.49133,0.68978,0.56517,0.58707,0.60739,0.20137,0.1303,0.33232,0.42004,0.31003,0.14024,0.62304,0.54307,0.39475,0.37269,0.47178,0.42188,0.38823,0.21771,0.45329,0.46631,0.19881,0.26627,0.5036,0.40519,0.42943,0.36182,0.39685,0.25936,0.4313,0.41597,0.44635,0.3729,0.38571,0.3058,0.029165,0.36981,0.49452,0.47415,0.39646,0.41058,0.43904,0.23125
0.40493,0.53841,0.4312,0.59592,0.61605,0.57422,0.50802,0.51008,0.45186,0.53422,0.50425,0.40376,0.29104,0.37707,0.56866,0.58179,0.37318,0.41378,0.63536,0.60178,0.44773,0.5956,0.74017,0.7127,0.6441,0.7256,0.51841,0.58958,0.09645,0.13833,0.92917,1,0.71685,0.70457,0.71971,0.66352,0.41181,0.30774,0.2694,0.37327,0.025947,0.16891,0.49357,0.32503,0.49149,0.406,0.44296,0.32757,0.39662,0.37298,0.52425,0.44046,0.42323,0.43519,0.36628,0.45158,0.51318,0.66472,0.43799,0.54307,0.33722,0.46821,0.35142,0.46479,0.56211,0.64446,0.5834,0.61911,0.55686,0.61822,0.54062,0.65191,0.70038,0.55349,0.7068,0.58379,0.57217,0.60124,0.28513,0.14612,0.41647,0.43124,0.31303,0.15776,0.62842,0.55887,0.35028,0.34463,0.40992,0.3924,0.41534,0.23101,0.45937,0.43775,0.25593,0.31617,0.54212,0.45386,0.50399,0.41234,0.43516,0.24124,0.48936,0.44749,0.48707,0.41471,0.42627,0.29827,0.037577,0.43382,0.50337,0.49715,0.44672,0.46766,0.51294,0.27708
0.64462,0.71703,0.662,0.72034,0.5693,0.47883,0.74803,0.72401,0.61924,0.41838,0.56286,0.64104,0.61372,0.65803,0.68664,0.71001,0.37725,0.54098,0.81782,0.81806,0.50634,0.52897,0.67271,0.72159,0.57955,0.63172,0.43894,0.50254,0.12474,0.1484,0.69531,0.71685,1,0.94521,0.66916,0.63145,0.46721,0.35701,0.34444,0.43951,0.087389,0.22919,0.65064,0.55113,0.66329,0.70152,0.62799,0.55812,0.7158,0.72151,0.75977,0.76538,0.65934,0.65505,0.5434,0.55462,0.66831,0.70826,0.67321,0.66813,0.70649,0.73493,0.61223,0.74197,0.69392,0.72165,0.74318,0.81213,0.72391,0.7096,0.42259,0.56213,0.59176,0.59518,0.7809,0.64483,0.70252,0.74616,0.32566,0,0.58631,0.60356,0.50298,0.30254,0.69181,0.70598,0.46416,0.36752,0.53718,0.5437,0.62862,0.37243,0.62046,0.58209,0.31415,0.36501,0.61188,0.62618,0.65267,0.55766,0.61216,0.37619,0.69311,0.56992,0.62574,0.60265,0.49184,0.42062,0.0090147,0.57471,0.5829,0.64694,0.59528,0.50807,0.62968,0.16165
0.61957,0.78072,0.67769,0.80852,0.6003,0.44885,0.75152,0.77947,0.62248,0.43428,0.54698,0.66068,0.57685,0.65849,0.70461,0.71724,0.43481,0.60589,0.81267,0.84535,0.45338,0.51736,0.66888,0.74478,0.58389,0.63397,0.44881,0.49145,0.14072,0.20279,0.66524,0.70457,0.94521,1,0.64346,0.62787,0.46236,0.33312,0.3553,0.38729,0.077815,0.26749,0.69338,0.58886,0.70742,0.73979,0.66078,0.57296,0.75845,0.76281,0.81817,0.82541,0.71984,0.67117,0.61289,0.57016,0.68081,0.75231,0.70165,0.72507,0.7274,0.78956,0.67264,0.78101,0.72423,0.77421,0.76167,0.84546,0.75147,0.70552,0.41153,0.52724,0.58566,0.59476,0.78019,0.62982,0.70537,0.71808,0.37943,0.08147,0.63712,0.61508,0.55328,0.30656,0.75442,0.75356,0.50619,0.32236,0.6095,0.54077,0.66943,0.38029,0.68328,0.55998,0.30138,0.34167,0.64541,0.62118,0.69962,0.59214,0.68831,0.36557,0.75134,0.57275,0.66467,0.55757,0.57277,0.50105,0.076872,0.57836,0.60926,0.67082,0.64505,0.58915,0.66863,0.21569
0.50453,0.4285,0.69293,0.58632,0.54188,0.49696,0.69791,0.47379,0.46391,0.31289,0.42884,0.27674,0.39623,0.28645,0.54873,0.50854,0.1775,0.23065,0.63593,0.56891,0.41775,0.51606,0.75056,0.68782,0.7682,0.73673,0.56396,0.59234,0,0,0.76998,0.71971,0.66916,0.64346,1,0.87247,0.41055,0.24691,0.33764,0.39222,0,0.034168,0.54821,0.25546,0.62726,0.46779,0.4204,0.26464,0.37551,0.38041,0.64966,0.51066,0.40358,0.49137,0.43672,0.46864,0.48467,0.55303,0.40266,0.44739,0.42318,0.39937,0.19952,0.30142,0.70173,0.6999,0.73393,0.69463,0.54839,0.65155,0.36125,0.52619,0.47341,0.31028,0.61493,0.54829,0.67369,0.65268,0.17947,0,0.20401,0.38279,0.32849,0.025271,0.63282,0.48605,0.41695,0.32142,0.51532,0.49319,0.47327,0.33803,0.53502,0.62573,0.34874,0.37322,0.52191,0.40735,0.42921,0.41122,0.43446,0.34441,0.42979,0.41549,0.54891,0.52248,0.48404,0.36809,0.06063,0.46643,0.58895,0.44427,0.3598,0.37818,0.51879,0.17068
0.39117,0.51287,0.57839,0.60067,0.45795,0.45945,0.58343,0.52479,0.43995,0.27309,0.35639,0.36552,0.35244,0.3507,0.57603,0.46225,0.24448,0.2706,0.59746,0.5633,0.39718,0.55681,0.70942,0.69079,0.70179,0.71306,0.49803,0.51257,0,0.074199,0.68626,0.66352,0.63145,0.62787,0.87247,1,0.41438,0.38524,0.35636,0.42363,0.038154,0.11411,0.54982,0.31255,0.57841,0.49913,0.45663,0.36587,0.38852,0.40735,0.62614,0.50058,0.46207,0.55675,0.493,0.4901,0.40881,0.55185,0.3442,0.46609,0.35461,0.46295,0.23543,0.34055,0.61183,0.66541,0.61099,0.65393,0.54734,0.60391,0.37235,0.49676,0.39388,0.38468,0.62896,0.55835,0.71009,0.65649,0.29983,0.033118,0.33187,0.44462,0.35953,0.053232,0.6444,0.54118,0.44936,0.26745,0.56133,0.48698,0.5495,0.44029,0.55011,0.56772,0.28463,0.3228,0.53934,0.36575,0.47388,0.46001,0.445,0.28714,0.46227,0.41372,0.51398,0.40301,0.54169,0.39932,0.073944,0.48515,0.59609,0.49217,0.40909,0.39648,0.53227,0.17977
0.32009,0.43772,0.37,0.41804,0.33198,0.047892,0.46787,0.35511,0.25679,0.11733,0.19207,0.27614,0.26129,0.30647,0.37255,0.31699,0.27231,0.25885,0.49922,0.51005,0.37871,0.32898,0.48339,0.47511,0.42381,0.40364,0.17715,0.26748,0.14535,0.078405,0.42225,0.41181,0.46721,0.46236,0.41055,0.41438,1,0.39366,0.67162,0.46744,0.46208,0.3306,0.63461,0.50234,0.50249,0.45156,0.64233,0.57155,0.48044,0.43001,0.58255,0.42129,0.57248,0.59878,0.30026,0.56438,0.39386,0.42449,0.29844,0.34642,0.25421,0.30093,0.2271,0.24322,0.37218,0.36587,0.3704,0.444,0.46238,0.31965,0.1436,0.3781,0.3631,0.22643,0.45487,0.42513,0.50187,0.54211,0.34676,0.17486,0.4142,0.32084,0.56039,0.17103,0.66387,0.50956,0.3786,0.18178,0.37288,0.46743,0.62979,0.61293,0.53361,0.56865,0.25262,0.28373,0.54931,0.45192,0.54861,0.63686,0.35287,0.222,0.3714,0.33626,0.4364,0.38072,0.49228,0.33492,0.24935,0.39132,0.4261,0.55822,0.55262,0.33671,0.47553,0.034221
0.17166,0.38982,0.20221,0.29486,0.098773,0.36315,0.2361,0.25282,0.27601,0.023442,0.1274,0.27675,0.20229,0.20814,0.51825,0.39686,0.32938,0.3064,0.31364,0.29742,0.51396,0.42766,0.22547,0.27922,0.39111,0.45141,0.25252,0.22281,0.34016,0.3617,0.3553,0.30774,0.35701,0.33312,0.24691,0.38524,0.39366,1,0.66265,0.73912,0.66977,0.69412,0.42245,0.41388,0.38565,0.39315,0.3583,0.62256,0.3552,0.26404,0.45643,0.36826,0.3228,0.41282,0.49817,0.33947,0.19453,0.2989,0.22343,0.32644,0.20578,0.30781,0.26305,0.25508,0.34958,0.38903,0.28617,0.33963,0.36501,0.36564,0,0.19974,0.20975,0.37241,0.42582,0.44412,0.32908,0.42184,0.28728,0.36563,0.4068,0.51842,0.37289,0.375,0.47335,0.59486,0.50912,0.26498,0.50132,0.46969,0.38363,0.27916,0.41637,0.38802,0.094517,0.12597,0.40803,0.34327,0.40807,0.40338,0.34171,0.15663,0.35051,0.30996,0.14737,0.066525,0.14968,0.49033,0.21653,0.3682,0.45713,0.3627,0.45029,0.36969,0.3182,0.17616
0.29589,0.39937,0.34107,0.32112,0.11721,0.2298,0.39191,0.25628,0.19685,0,0.12852,0.25089,0.23899,0.18518,0.45769,0.30128,0.27286,0.21086,0.36141,0.38548,0.50082,0.35624,0.39242,0.4087,0.47759,0.44101,0.29568,0.2723,0.27777,0.14218,0.32295,0.2694,0.34444,0.3553,0.33764,0.35636,0.67162,0.66265,1,0.78166,0.72373,0.6171,0.46893,0.3863,0.4222,0.36248,0.41014,0.5367,0.3482,0.25828,0.53591,0.35758,0.39515,0.41928,0.53095,0.4369,0.26474,0.30291,0.22841,0.27154,0.21416,0.21456,0.15467,0.12093,0.36754,0.35539,0.29192,0.31946,0.38867,0.2645,0,0.25255,0.27422,0.19686,0.39044,0.45691,0.35041,0.41513,0.2807,0.25505,0.29502,0.40392,0.58886,0.31894,0.59044,0.5247,0.56129,0.35051,0.52547,0.58155,0.47683,0.36717,0.46521,0.5002,0.33951,0.33624,0.49942,0.38698,0.41434,0.41969,0.27956,0.18493,0.26086,0.25433,0.21258,0.18054,0.31299,0.44679,0.3922,0.39149,0.36143,0.33628,0.45474,0.34416,0.34949,0.089264
0.3525,0.40897,0.33255,0.28962,0.10031,0.4364,0.3763,0.23015,0.21303,0,0.12202,0.19674,0.21524,0.10897,0.45842,0.38075,0.17207,0.14952,0.40382,0.42773,0.53632,0.48411,0.43511,0.42758,0.49255,0.48487,0.38426,0.3784,0.15769,0,0.42623,0.37327,0.43951,0.38729,0.39222,0.42363,0.46744,0.73912,0.78166,1,0.51427,0.63762,0.40899,0.31529,0.36891,0.36507,0.35333,0.51427,0.30609,0.22372,0.4386,0.37151,0.34156,0.40734,0.58051,0.4825,0.33405,0.38295,0.33489,0.40936,0.2593,0.30708,0.13133,0.19737,0.35601,0.41533,0.36481,0.39999,0.44016,0.37422,0,0.2562,0.22808,0.21805,0.37301,0.48603,0.31048,0.38069,0.11515,0.042673,0.19451,0.44439,0.47059,0.39385,0.48748,0.53585,0.54848,0.58479,0.51895,0.64859,0.40936,0.27399,0.41811,0.48105,0.39292,0.43278,0.53519,0.46775,0.43755,0.40265,0.30537,0.30638,0.33172,0.36901,0.18567,0.23516,0.26623,0.45952,0.24617,0.45719,0.2945,0.33684,0.45669,0.38989,0.34361,0.069996
0.016984,0.16813,0.015864,0.049297,0,0.10569,0.063383,0.054542,0.096227,0,0.06962,0.12541,0.091653,0.064638,0.2626,0.14378,0.33306,0.28437,0.071395,0.10365,0.41158,0.18754,0.02563,0.056141,0.13912,0.18697,0.06328,0.034915,0.43887,0.37792,0.047852,0.025947,0.087389,0.077815,0,0.038154,0.46208,0.66977,0.72373,0.51427,1,0.65518,0.31656,0.42252,0.24352,0.23554,0.32012,0.59239,0.28151,0.19198,0.28787,0.16647,0.22309,0.3266,0.21571,0.2856,0.043416,0.047563,0.011611,0.028301,0.0085868,0.055868,0.13718,0.040179,0.11981,0.097888,0,0,0.14323,0.018733,0,0.11795,0.10525,0.23967,0.17371,0.24911,0.080521,0.22371,0.33509,0.4619,0.29022,0.35337,0.33872,0.32246,0.34264,0.3464,0.27024,0.078081,0.20353,0.31302,0.28706,0.28635,0.2222,0.27283,0,0.0078855,0.17965,0.19192,0.26027,0.29942,0.11887,0,0.11624,0.079833,0,0,0,0.23919,0.41236,0.10614,0.21698,0.16227,0.33434,0.22023,0.13918,0.049607
0.021754,0.29157,0.095525,0.27616,0.0020056,0.33719,0.11262,0.22581,0.076429,0,0,0.22973,0.12804,0.17658,0.36746,0.24585,0.20334,0.36542,0.099136,0.20427,0.48051,0.45999,0.13423,0.23035,0.28502,0.28434,0.27681,0.18569,0.29599,0.27639,0.21039,0.16891,0.22919,0.26749,0.034168,0.11411,0.3306,0.69412,0.6171,0.63762,0.65518,1,0.22822,0.29652,0.20089,0.18621,0.17692,0.41828,0.23842,0.16137,0.30408,0.29231,0.27745,0.26017,0.38947,0.20311,0.080993,0.1821,0.10546,0.20981,0.11996,0.23233,0.21548,0.19031,0.1905,0.25978,0.10506,0.17808,0.17429,0.085433,0.032765,0.21697,0.17664,0.27858,0.24829,0.3273,0.096908,0.15406,0.26988,0.3857,0.29555,0.38423,0.32562,0.39833,0.38981,0.45078,0.2792,0.19085,0.39058,0.27423,0.2073,0.0197,0.23409,0.11777,0.11044,0.13927,0.23209,0.22368,0.21153,0.16087,0.20983,0,0.21485,0.11512,0.050905,0,0,0.33973,0.30418,0.17294,0.070444,0.099067,0.24778,0.26983,0.12928,0.16028
0.54532,0.6823,0.65726,0.65708,0.541,0.27496,0.70307,0.61647,0.58396,0.31842,0.53548,0.44574,0.48035,0.46117,0.63542,0.61772,0.51245,0.46736,0.73084,0.75194,0.37801,0.40405,0.54468,0.58516,0.50565,0.55474,0.3068,0.38285,0.26188,0.22142,0.48377,0.49357,0.65064,0.69338,0.54821,0.54982,0.63461,0.42245,0.46893,0.40899,0.31656,0.22822,1,0.87061,0.85854,0.84275,0.91197,0.82075,0.80676,0.7588,0.83141,0.73524,0.73307,0.75444,0.55432,0.7407,0.62553,0.6386,0.59749,0.63458,0.57315,0.60299,0.50511,0.5396,0.62637,0.63739,0.65152,0.74356,0.68956,0.61687,0.20311,0.44834,0.48428,0.42781,0.63454,0.56633,0.72045,0.75671,0.4539,0.20918,0.61285,0.55953,0.62895,0.35195,0.75345,0.72078,0.50876,0.26072,0.55179,0.64051,0.78913,0.67638,0.74077,0.70528,0.23044,0.29093,0.68635,0.6386,0.7846,0.78005,0.64175,0.3505,0.65035,0.51892,0.6591,0.50197,0.56395,0.50151,0.20775,0.52374,0.73688,0.75157,0.77265,0.60084,0.69669,0.22742
0.47211,0.64112,0.45061,0.46702,0.37434,0.19656,0.50516,0.4841,0.45345,0.21337,0.48467,0.43838,0.40642,0.41328,0.52865,0.5891,0.59741,0.49991,0.60734,0.67964,0.31453,0.32137,0.34831,0.39774,0.2629,0.37433,0.17125,0.26251,0.45892,0.35525,0.2798,0.32503,0.55113,0.58886,0.25546,0.31255,0.50234,0.41388,0.3863,0.31529,0.42252,0.29652,0.87061,1,0.74597,0.82262,0.87241,0.8842,0.8652,0.82567,0.69147,0.673,0.65119,0.65257,0.45074,0.71532,0.54835,0.50245,0.54456,0.50476,0.46691,0.49847,0.52917,0.52504,0.40083,0.41661,0.40789,0.53767,0.56416,0.44145,0.11458,0.32952,0.38434,0.46538,0.53902,0.50323,0.48377,0.60576,0.47833,0.24429,0.64797,0.5755,0.58593,0.4912,0.58064,0.67691,0.39554,0.22453,0.34133,0.54608,0.62704,0.52604,0.5311,0.51248,0.1375,0.22998,0.52062,0.62736,0.72108,0.67724,0.48013,0.20576,0.54714,0.39047,0.49992,0.38104,0.39474,0.40101,0.19017,0.41103,0.58909,0.60843,0.71698,0.56253,0.60619,0.21337
