1,0.4223,0.66938,0.46617,0.22623,0.31212,0.60819,0.42027,0.11342,0.16388,0.15495,0,0.31176,0.40006,0.054786,0.088335,0.33831,0.030579,0.56301,0.54206,0.15123,0.20136,0.44306,0.27712,0.4329,0.52352,0.17823,0.23982,0.18277,0,0.42279,0.41132,0.49343,0.44155,0.44078,0.40991,0,0,0,0.10256,0,0,0.51809,0.36477,0.41445,0.5078,0.42113,0.47683,0.49608,0.56047,0.43954,0.58331,0.3297,0.55627,0.11421,0.54004,0.86192,0.22956,0.41972,0.016428,0.36076,0.013229,0.37,0.26786,0.14776,0.32016,0.5968,0.53511,0.083058,0.60462,0,0.016156,0,0,0,0.11844,0.22998,0.37614,0.20253,0.07674,0.27827,0.27879,0,0.087223,0.20027,0.42264,0,0.18423,0,0.62117,0.22327,0.27179,0,0.074442,0.0037315,0.079746,0.064601,0.26284,0.11539,0.19262,0,0.16033,0,0.03682,0,0.19013,0,0,0,0.13779,0.22647,0.11324,0.11769,0,0.042674,0.068412
0.4223,1,0.062902,0.57704,0.21252,0.20481,0.18671,0.49382,0.15075,0.12384,0.34696,0.33999,0.21743,0.20696,0.14432,0.062769,0.38816,0.24533,0.2252,0.50608,0.21527,0.15943,0.19587,0.34352,0.23315,0.32884,0.20078,0.18054,0.12968,0.28757,0.42305,0.42916,0.52469,0.55974,0.38062,0.34091,0,0.12861,0,0.13524,0,0.065616,0.091904,0.12033,0.2723,0.33917,0.16884,0.14507,0.1498,0.33935,0.18731,0.12355,0.22033,0.15003,0.1566,0,0.3456,0.58539,0.24859,0.56662,0.294,0.31288,0.22658,0.38011,0.13563,0.40038,0.45394,0.45304,0.21033,0.42813,0.12225,0.052906,0.057572,0.024478,0.14481,0,0.42344,0.26347,0.10883,0.24761,0.28541,0.078601,0.21303,0.18805,0.28288,0,0.25312,0,0.38452,0,0.15009,0,0,0,0,0,0.041756,0,0,0,0.22122,0,0.15538,0,0,0,0.10956,0.019903,0,0,0.16563,0,0.029303,0,0,0
0.66938,0.062902,1,0.58969,0.26038,0.3704,0.86382,0.55074,0.21189,0.40125,0.036657,0,0.38717,0.46009,0.090152,0.20859,0.069608,0,0.6648,0.33037,0.024963,0.08092,0.70281,0.41531,0.30868,0.36618,0.029692,0.10185,0.086164,0,0.16698,0.2348,0.15356,0.12306,0.3381,0.28953,0,0,0,0,0,0,0.51,0.21401,0.34,0.27888,0.26797,0.37878,0.42847,0.34989,0.35969,0.4916,0.19212,0.45597,0,0.44697,0.63109,0,0.18475,0,0.29459,0,0.1384,0.070661,0.13893,0.033862,0.27827,0.23374,0,0.39733,0,0.040381,0,0,0,0.21567,0.029925,0.25136,0.12307,0,0.0068891,0.13648,0,0,0,0.30169,0,0.096899,0,0.64846,0.26565,0.41399,0.18205,0.35267,0,0,0,0.23464,0.079089,0.17485,0,0.27694,0,0.046583,0,0.28109,0,0,0,0.038002,0.28852,0.087104,0.088374,0,0.1678,0
0.46617,0.57704,0.58969,1,0.19182,0.29057,0.65589,0.71508,0.18645,0.35357,0.30456,0.32961,0.34384,0.37725,0.070832,0.28225,0.28915,0.070396,0.49198,0.69118,0.20407,0.23254,0.72245,0.77589,0.082174,0.32084,0,0,0.27488,0.21243,0.34097,0.49906,0.46615,0.50656,0.33019,0.25447,0,0,0,0,0.26028,0.012033,0.23492,0.10498,0.29174,0.25914,0.19458,0.2701,0.23844,0.30499,0.27483,0.22058,0.13844,0.22073,0.020136,0.052334,0.35767,0.10583,0.27149,0.036736,0.45683,0.37283,0.21385,0.28875,0.20225,0.1908,0.30643,0.29461,0.12846,0.50471,0.16383,0.18794,0.13183,0.14434,0,0.19335,0.27512,0.31694,0.1637,0.13485,0.1283,0,0.049813,0.19225,0.0012805,0,0.020832,0.092366,0,0.2365,0.29714,0.30021,0.28664,0.32274,0,0,0,0.082811,0,0.047487,0,0.059864,0,0,0,0,0,0.1004,0,0.042593,0.31098,0.00016611,0,0,0,0
0.22623,0.21252,0.26038,0.19182,1,0.83535,0.37893,0.49824,0.88806,0.70014,0,0.011529,0.30017,0.18878,0.71893,0.6548,0.043296,0.010885,0.062963,0,0.1059,0,0.1934,0,0.69759,0.6087,0.37092,0.411,0,0,0.28197,0.051005,0.029431,0.044199,0.12497,0.10187,0,0,0,0,0,0.082128,0.12592,0.069193,0.094121,0.16557,0,0,0.21275,0.11694,0.11514,0.12272,0.13063,0.13782,0,0.040544,0.36581,0.44997,0.21159,0.29178,0.11264,0.12008,0.13844,0.15181,0.24601,0.29827,0.27452,0.19771,0,0,0,0,0,0.10765,0.053957,0.11332,0,0,0,0,0.042282,0.13265,0.022378,0.043315,0.31412,0.22885,0,0,0.31596,0.07046,0.02737,0,0,0,0,0,0,0,0.0859,0,0.13979,0.16468,0.12544,0.073047,0,0,0.055712,0,0.022643,0,0,0,0.018551,0,0,0
0.31212,0.20481,0.3704,0.29057,0.83535,1,0.45155,0.53176,0.77793,0.82688,0.017656,0.0030707,0.2641,0.21283,0.56366,0.7537,0.1262,0,0.047097,0.060516,0.13626,0.047437,0.36595,0.1327,0.66182,0.70356,0.32467,0.44319,0,0,0.30622,0.12722,0.10486,0.104,0.13677,0.079372,0,0,0,0,0,0.083236,0.18772,0.09318,0.21185,0.24432,0.043907,0.082379,0.29522,0.17671,0.2127,0.20952,0.10576,0.15458,0,0.01794,0.43404,0.37584,0.27741,0.16403,0.16004,0.060816,0.19591,0.12437,0.23899,0.2461,0.32856,0.19611,0.068425,0.094364,0,0,0,0.12396,0,0.096772,0,0,0.10045,0,0.10239,0.12014,0.01624,0.099989,0.28361,0.23843,0,0.019212,0.15086,0.19893,0.062491,0,0,0,0,0,0,0,0.057369,0,0.049695,0.040378,0.0023542,0,0,0,0,0,0.012543,0,0,0,0,0,0,0
0.60819,0.18671,0.86382,0.65589,0.37893,0.45155,1,0.70735,0.40448,0.46076,0.28402,0.078389,0.62738,0.57204,0.18543,0.32299,0.26953,0,0.4774,0.34351,0.09901,0.13761,0.71312,0.51161,0.30671,0.47229,0,0.059428,0.20661,0,0.26516,0.32231,0.28298,0.27468,0.37639,0.34776,0,0,0,0,0.034238,0,0.46946,0.22026,0.31046,0.28435,0.29687,0.41349,0.48732,0.44005,0.49433,0.51105,0.39055,0.52211,0.050553,0.41103,0.62811,0,0.4056,0,0.53588,0.23399,0.32925,0.22516,0.25061,0.20301,0.3857,0.32555,0,0.29555,0,0.084913,0.034742,0.10431,0,0.33949,0.18578,0.29516,0.22196,0,0.12439,0.13321,0,0.011027,0.081076,0.26717,0,0.070081,0,0.64963,0.46108,0.54667,0.18992,0.34525,0,0.013376,0.0095061,0.23946,0.17399,0.27731,0,0.27418,0,0.045262,0,0.13822,0,0.03863,0,0.10992,0.36323,0.15892,0.10978,0,0.12159,0.012088
0.42027,0.49382,0.55074,0.71508,0.49824,0.53176,0.70735,1,0.41157,0.50536,0.4011,0.42527,0.51329,0.6796,0.28205,0.40904,0.15333,0.0641,0.4552,0.31231,0.22282,0.20899,0.50262,0.38853,0.44086,0.49692,0.22967,0.23331,0.090505,0.11461,0.3106,0.2917,0.24105,0.29195,0.3946,0.38152,0,0,0,0,0,0.086095,0.25301,0.12884,0.15478,0.23988,0.087814,0.14809,0.2818,0.35515,0.36245,0.26437,0.37704,0.2925,0.018186,0.19748,0.43638,0.33125,0.32408,0.20583,0.534,0.49564,0.28492,0.40865,0.34755,0.44931,0.3121,0.32006,0,0.15733,0.21984,0.17487,0.17898,0.1878,0.13671,0.24933,0.33306,0.19963,0.0031527,0,0.070846,0.08466,0,0.080809,0.24425,0.15306,0,0,0.28894,0.19964,0.37589,0.35414,0.27419,0.20327,0,0,0,0,0.19481,0.1508,0.099597,0.24187,0,0.10005,0,0.00041289,0,0.097978,0,0,0.1494,0.032729,0.061722,0,0,0
0.11342,0.15075,0.21189,0.18645,0.88806,0.77793,0.40448,0.41157,1,0.75664,0.053197,0.0099723,0.38394,0.14615,0.73971,0.72939,0.15298,0.058695,0,0,0.04238,0,0.29299,0.12072,0.4918,0.5383,0.14572,0.26013,0,0,0.24894,0.10081,0.10582,0.10194,0.048568,0.044114,0,0,0,0,0,0.15184,0.15903,0.091747,0.14459,0.14758,0.047976,0.056838,0.25058,0.12192,0.18869,0.15825,0.13539,0.15079,0,0.010121,0.26193,0.24679,0.2705,0.19207,0.12824,0.15621,0.13034,0.13442,0.17394,0.22512,0.27992,0.17902,0.072108,0,0,0,0,0.10207,0.0057073,0.09358,0,0,0.10524,0,0.10463,0.107,0.10213,0.13884,0.24292,0.1384,0.048721,0.0019327,0.16546,0.142,0.14727,0.032845,0,0,0.0084468,0.0008881,0,0,0.053896,0.012078,0.14151,0.043372,0.098909,0.040913,0,0,0.054825,0.074106,0,0,0,0,0.03311,0,0,0
0.16388,0.12384,0.40125,0.35357,0.70014,0.82688,0.46076,0.50536,0.75664,1,0.048996,0.021982,0.30041,0.18947,0.464,0.83657,0.13679,0.017739,0,0.040491,0,0,0.44172,0.20799,0.3839,0.46523,0.0073776,0.14134,0.0091293,0,0.17448,0.078365,0.045779,0.031481,0.05909,0.001986,0,0,0,0,0,0.12911,0.1707,0.024132,0.21817,0.18315,0.0028429,0.014418,0.20371,0.08687,0.16962,0.14391,0.044779,0.13219,0,0,0.21847,0.14336,0.17637,0,0.077823,0.095837,0.046181,0.0035238,0.10741,0.082493,0.17913,0.041472,0.070708,0.054837,0,0,0,0.042445,0,0,0,0,0.17358,0,0.10008,0.095872,0.090736,0.16832,0.13316,0.11007,0,0.0086545,0.00071444,0.17043,0.06187,0.021599,0.0084056,0,0,0,0,0,0,0,0.0077078,0.041943,0,0,0,0,0,0.052315,0,0,0,0,0,0,0,0
0.15495,0.34696,0.036657,0.30456,0,0.017656,0.28402,0.4011,0.053197,0.048996,1,0.66255,0.69303,0.56963,0.22896,0.21487,0.50216,0.2946,0.14542,0.22316,0.36957,0.35402,0.23475,0.34534,0.086943,0.25668,0.06967,0,0.32816,0.47406,0.35764,0.37247,0.39004,0.39866,0.44881,0.43029,0.098939,0.38042,0,0.20494,0.18281,0.40317,0.10547,0.096539,0,0.099239,0.044189,0.040989,0.060477,0.36927,0.31133,0.19659,0.51326,0.26207,0.39634,0.15263,0.17299,0.22263,0.44455,0.37174,0.67013,0.49444,0.53129,0.38329,0.50088,0.52594,0.21205,0.20694,0,0,0.56308,0.35784,0.51632,0.35317,0.42986,0.32665,0.50182,0.33115,0.23134,0.12779,0.31613,0.24906,0.26363,0.26809,0.40377,0.17906,0.12555,0,0.31497,0.064035,0.40101,0.31067,0.17682,0.12386,0.0071641,0.055578,0.10696,0.1046,0.31046,0.38634,0.36884,0.11039,0.28495,0.29297,0.045638,0,0.32604,0.38586,0.17955,0.1812,0.21757,0.23879,0.23724,0.016097,0,0.24661
0,0.33999,0,0.32961,0.011529,0.0030707,0.078389,0.42527,0.0099723,0.021982,0.66255,1,0.30613,0.58074,0.1675,0.25813,0.21929,0.48282,0.20201,0.25093,0.46093,0.44761,0.12282,0.24981,0.074287,0.088025,0.10374,0.017677,0.29995,0.56652,0.3501,0.44396,0.28809,0.35659,0.22886,0.28515,0,0.26136,0,0.14154,0.09321,0.32236,0,0,0,0,0,0,0,0.13892,0,0,0.14845,0,0.12142,0.032758,0.0091006,0.34377,0.18805,0.39127,0.47531,0.56395,0.25982,0.45243,0.45741,0.55807,0,0.063765,0,0,0.61757,0.53871,0.55138,0.33889,0.43316,0.26605,0.42624,0.29081,0.061117,0.17502,0.05309,0.21747,0.1731,0.20344,0.041893,0.07521,0.087274,0,0.1957,0,0.16929,0.19848,0.43187,0.29624,0.061997,0.030677,0.077412,0.062397,0.26906,0.26384,0.5241,0.18608,0.3997,0.30421,0.034483,0,0.40179,0.40926,0.20713,0.13917,0.012355,0.19637,0.074617,0,0,0.22896
0.31176,0.21743,0.38717,0.34384,0.30017,0.2641,0.62738,0.51329,0.38394,0.30041,0.69303,0.30613,1,0.61123,0.43098,0.30175,0.4913,0.096444,0.1993,0.13956,0.15791,0.13343,0.41809,0.32761,0.28207,0.40988,0.12543,0.0972,0.19422,0.21186,0.25441,0.24268,0.29665,0.28785,0.49296,0.48593,0.014793,0.16573,0,0.097883,0.082607,0.24259,0.33056,0.26142,0.14241,0.21803,0.24013,0.29882,0.3346,0.50426,0.52875,0.49076,0.55538,0.48519,0.26363,0.33779,0.3834,0.042698,0.37247,0.081421,0.59357,0.32139,0.46901,0.28885,0.43108,0.42713,0.31118,0.34995,0,0,0.26492,0.10531,0.21309,0.20789,0.20448,0.32552,0.33198,0.23917,0.24148,0.026165,0.28812,0.2103,0.046927,0.051367,0.3684,0.25322,0,0,0.19681,0.35296,0.44724,0.39308,0.035503,0.086037,0.051432,0.059424,0.11999,0.18824,0.27371,0.33948,0.030853,0.1338,0,0.16987,0,0.058083,0.02542,0.13954,0.07299,0.17342,0.30403,0.20226,0.25529,0.13893,0,0.1265
0.40006,0.20696,0.46009,0.37725,0.18878,0.21283,0.57204,0.6796,0.14615,0.18947,0.56963,0.58074,0.61123,1,0.091608,0.22428,0.23314,0.31638,0.46205,0.16619,0.26287,0.36991,0.37813,0.22211,0.3897,0.42155,0.17422,0.12884,0.25267,0.3443,0.36288,0.3632,0.28362,0.30554,0.4589,0.5114,0,0.062663,0,0.025301,0,0,0.30917,0.24245,0.012095,0.21063,0.13412,0.2223,0.32071,0.53211,0.39214,0.4645,0.50891,0.42542,0.21403,0.48618,0.44254,0.16637,0.3058,0.062681,0.6069,0.39933,0.40801,0.4783,0.44584,0.55297,0.14511,0.26361,0,0.00084201,0.30951,0.3678,0.27453,0.091559,0.19122,0.28788,0.37908,0.34435,0.17997,0.13059,0.1781,0.40825,0,0.026816,0.15002,0.37149,0,0,0.13162,0.3436,0.30882,0.39914,0.28858,0.25655,0.12489,0.10101,0.12225,0.24179,0.37661,0.34385,0.058993,0.25586,0,0.19785,0,0.15403,0.08205,0.10873,0.13794,0.2265,0.16193,0.23527,0.12545,0,0.064214,0.22919
0.054786,0.14432,0.090152,0.070832,0.71893,0.56366,0.18543,0.28205,0.73971,0.464,0.22896,0.1675,0.43098,0.091608,1,0.56354,0.046334,0.033849,0.0026438,0,0.18762,0.019996,0.13005,0.0014932,0.51849,0.43193,0.32512,0.30614,0,0,0.19248,0.05574,0.059817,0.063687,0.16062,0.12772,0,0,0,0,0,0.25351,0.073084,0.075668,0.051727,0.062168,0,0,0.098384,0.069002,0.090152,0.049332,0.12117,0.096755,0,0.045887,0.18504,0.3065,0.2467,0.32559,0.17556,0.18794,0.13178,0.10177,0.33283,0.29531,0.23347,0.18231,0.049838,0,0.094416,0,0.15701,0.20059,0.26596,0.1917,0.078417,0,0,0,0.023623,0.033134,0.17084,0.12871,0.35006,0.13692,0.056603,0,0.32867,0,0.13878,0.047932,0,0,0.013949,0.025585,0,0,0.10997,0.058859,0.33909,0.10815,0.34941,0.2732,0.034147,0.068991,0.13174,0.13494,0.12587,0,0,0,0.11828,0,0,0
0.088335,0.062769,0.20859,0.28225,0.6548,0.7537,0.32299,0.40904,0.72939,0.83657,0.21487,0.25813,0.30175,0.22428,0.56354,1,0.21103,0.15314,0,0.10828,0.14586,0.066007,0.35803,0.20634,0.36721,0.49486,0.092437,0.20376,0.12824,0,0.30888,0.19824,0.14191,0.1342,0.013516,0.002582,0,0,0,0,0,0.29697,0.10671,0.015362,0.062231,0.12068,0,0,0.10444,0.039557,0.06197,0.05417,0,0.039511,0,0,0.16059,0.15192,0.27783,0.092493,0.19628,0.26691,0.1277,0.10618,0.28703,0.23394,0.11224,0,0.13686,0,0.046972,0.080768,0.078246,0.16566,0.026993,0.094857,0,0,0.19231,0,0.13175,0.18066,0.15318,0.2687,0.15991,0.18139,0.045093,0.020934,0.006306,0.099088,0.063153,0.087461,0.13121,0.080732,0,0.031487,0,0.066716,0.090636,0.062681,0.19636,0.11484,0.14156,0.067629,0,0,0.20533,0.2265,0.058479,0.093514,0,0.026746,0,0,0,0.15224
0.33831,0.38816,0.069608,0.28915,0.043296,0.1262,0.26953,0.15333,0.15298,0.13679,0.50216,0.21929,0.4913,0.23314,0.046334,0.21103,1,0.42725,0,0.36944,0.13416,0.1366,0.30536,0.38219,0.091637,0.36894,0,0.024989,0.65758,0.54035,0.55871,0.5955,0.65902,0.62527,0.24805,0.30752,0.31565,0.4577,0.040416,0.43666,0.18284,0.18027,0.28178,0.35256,0.20791,0.39693,0.39435,0.41003,0.42172,0.54923,0.44945,0.47284,0.32036,0.37442,0.44303,0.22598,0.31645,0.11418,0.39728,0.26724,0.35945,0.12451,0.5583,0.31885,0.15327,0.31412,0.49324,0.48351,0.26301,0.33104,0.072485,0.065996,0.04706,0.0051774,0,0,0.28411,0.38806,0.75208,0.57199,0.74192,0.48808,0.32672,0.37035,0.30729,0.29196,0.16956,0.11437,0,0.32813,0.098544,0.057402,0,0,0.080721,0.19566,0.22472,0.3645,0.057365,0.19567,0,0,0,0,0,0,0.24055,0.10014,0.087461,0.40845,0.26927,0.13997,0,0,0,0.32708
0.030579,0.24533,0,0.070396,0.010885,0,0,0.0641,0.058695,0.017739,0.2946,0.48282,0.096444,0.31638,0.033849,0.15314,0.42725,1,0.054219,0.11373,0.27222,0.36033,0.082609,0.092561,0.14721,0.22316,0.079095,0.11147,0.42793,0.61241,0.57015,0.53653,0.40767,0.36387,0,0,0.074525,0.29182,0,0.37319,0,0.1108,0.11721,0.26435,0,0.21987,0.099804,0.09316,0.18106,0.32195,0.086993,0.2748,0.02465,0.12367,0.20998,0.1595,0.062502,0.26799,0,0.254,0.072051,0,0.34724,0.39262,0.13939,0.35204,0.029347,0.11896,0,0.018877,0.22687,0.33943,0.11607,0,0,0,0.1309,0.27268,0.47896,0.66189,0.4512,0.64071,0.25155,0.27971,0.10985,0.38656,0.028548,0,0.029506,0,0,0,0.11912,0,0.29442,0.34362,0.31815,0.38588,0.16731,0.16419,0.22579,0,0.099097,0,0,0,0.55848,0.11976,0.25121,0.48514,0,0.13141,0,0,0,0.51666
0.56301,0.2252,0.6648,0.49198,0.062963,0.047097,0.4774,0.4552,0,0,0.14542,0.20201,0.1993,0.46205,0.0026438,0,0,0.054219,1,0.40702,0.2939,0.35487,0.376,0.24576,0.33705,0.26133,0.29737,0.19505,0.047293,0.040835,0.20143,0.25154,0.14535,0.14665,0.36503,0.32154,0,0,0,0,0,0,0.27977,0.13025,0.0624,0.13067,0.091869,0.1537,0.16046,0.26433,0.15553,0.2708,0.1826,0.27309,0.066938,0.42729,0.49255,0.20849,0.073668,0,0.29315,0.029947,0.13973,0.14468,0.22297,0.19676,0.12148,0.15961,0,0.32327,0.20114,0.2966,0.22813,0.09206,0.13611,0.30513,0.29183,0.39581,0,0,0,0.15666,0,0,0,0.25841,0,0.027045,0.073839,0.30296,0.10345,0.18091,0.16444,0.21787,0,0,0,0.11048,0.13364,0.13107,0,0.31778,0,0.16155,0,0.22904,0,0.0073138,0.01358,0.026446,0.158,0.15985,0.17331,0,0.11741,0.02336
0.54206,0.50608,0.33037,0.69118,0,0.060516,0.34351,0.31231,0,0.040491,0.22316,0.25093,0.13956,0.16619,0,0.10828,0.36944,0.11373,0.40702,1,0.19914,0.22475,0.54983,0.64216,0,0.22364,0,0,0.36704,0.24527,0.34683,0.53552,0.68511,0.69386,0.31216,0.23095,0.15485,0.16234,0,0.13944,0.29084,0,0.2052,0.13696,0.34668,0.2596,0.26953,0.30325,0.16398,0.24766,0.15425,0.16708,0.0048229,0.14593,0.030426,0.054709,0.32887,0,0.43117,0.09582,0.346,0.32621,0.11648,0.17668,0.061786,0.17382,0.42103,0.34227,0.4834,0.73301,0,0.079261,0.027271,0,0,0.070275,0.24982,0.36475,0.27455,0.25667,0.20338,0.0026581,0.046206,0.26074,0,0,0.01589,0.19895,0,0.21339,0.10995,0.18114,0.14044,0.25831,0,0,0,0.16247,0,0.010777,0,0.019711,0,0,0,0,0,0.13672,0,0.099232,0.34259,0.061581,0,0,0,0.046545
0.15123,0.21527,0.024963,0.20407,0.1059,0.13626,0.09901,0.22282,0.04238,0,0.36957,0.46093,0.15791,0.26287,0.18762,0.14586,0.13416,0.27222,0.2939,0.19914,1,0.78947,0.081126,0.22597,0.30875,0.37144,0.47659,0.38904,0.23176,0.26166,0.30001,0.26529,0.12301,0.15179,0.066777,0.081431,0,0.13083,0,0.19904,0,0.29299,0,0,0,0,0,0,0,0.11212,0,0.023733,0.16847,0.020261,0.10551,0.18873,0.22296,0.3551,0.12122,0.33115,0.32227,0.21168,0.30902,0.18181,0.34736,0.38232,0.0058013,0.087377,0,0.027,0.56896,0.61529,0.56934,0.3644,0.48414,0.34986,0.26025,0.13572,0,0.031055,0.016524,0.18526,0.0061853,0.098407,0.28186,0.2788,0,0,0.25778,0.019971,0.0069069,0.00031229,0.061237,0,0.18219,0.15633,0.1445,0.10813,0.25603,0.18506,0.26605,0.16041,0.15707,0.17481,0.02103,0,0.14194,0.18194,0.35594,0.21908,0.031624,0.2947,0.16359,0,0,0.2152
0.20136,0.15943,0.08092,0.23254,0,0.047437,0.13761,0.20899,0,0,0.35402,0.44761,0.13343,0.36991,0.019996,0.066007,0.1366,0.36033,0.35487,0.22475,0.78947,1,0.13231,0.19979,0.29995,0.41765,0.35038,0.27127,0.263,0.37589,0.44316,0.39057,0.22555,0.24178,0.010361,0.081098,0,0.16884,0,0.25794,0,0.20049,0.10697,0.14944,0,0.12259,0.051481,0.11567,0.068473,0.25196,0.068927,0.15191,0.18786,0.12175,0.1775,0.34003,0.26574,0.27904,0.15376,0.26205,0.38562,0.15975,0.41404,0.36916,0.4329,0.36009,0.02123,0.086076,0,0,0.50211,0.73188,0.51151,0.31157,0.40961,0.38921,0.23618,0.22033,0.078502,0.0762,0.17074,0.37397,0,0.15592,0.22166,0.40903,0,0,0.17526,0.073288,0.083306,0.18788,0.18113,0.095107,0.37727,0.37643,0.34832,0.37099,0.52882,0.45095,0.19243,0.1754,0.06216,0.090637,0.010692,0,0.28642,0.21968,0.45135,0.49967,0.036956,0.47142,0.23147,0,0.067796,0.54498
0.44306,0.19587,0.70281,0.72245,0.1934,0.36595,0.71312,0.50262,0.29299,0.44172,0.23475,0.12282,0.41809,0.37813,0.13005,0.35803,0.30536,0.082609,0.376,0.54983,0.081126,0.13231,1,0.82442,0.12457,0.40647,0,0.020296,0.31845,0.070758,0.35294,0.50089,0.40215,0.37919,0.26736,0.14785,0.055187,0,0,0,0.27112,0.071122,0.35963,0.1535,0.22597,0.19766,0.28676,0.35684,0.30356,0.27623,0.32845,0.32135,0.10599,0.24855,0,0.1412,0.44563,0,0.28079,0,0.38515,0.092816,0.25179,0.070494,0.28336,0.034164,0.2462,0.15573,0.063652,0.38491,0.050225,0.15949,0.042717,0.13036,0,0.16643,0.051578,0.26643,0.3315,0.10375,0.18876,0.077669,0.10274,0.30647,0,0.081247,0,0.17909,0,0.43632,0.21168,0.31543,0.20923,0.27974,0,0,0.01557,0.2878,0,0.11245,0,0,0,0,0,0,0,0.099242,0,0.18379,0.33221,0.059307,0,0,0,0.090019
0.27712,0.34352,0.41531,0.77589,0,0.1327,0.51161,0.38853,0.12072,0.20799,0.34534,0.24981,0.32761,0.22211,0.0014932,0.20634,0.38219,0.092561,0.24576,0.64216,0.22597,0.19979,0.82442,1,0,0.20309,0,0,0.3666,0.22329,0.29636,0.53729,0.46621,0.47776,0.22906,0.12576,0.12488,0.14245,0,0,0.4718,0.14987,0.13455,0.010979,0.15592,0.080406,0.18853,0.25111,0.12494,0.19322,0.21319,0.1349,0.048613,0.081753,0.045447,0,0.23049,0,0.22597,0,0.38931,0.24694,0.20804,0.10842,0.22036,0.04447,0.18311,0.14559,0.19558,0.42848,0.23618,0.22292,0.1894,0.20895,0,0.17982,0.21326,0.31399,0.25649,0.19717,0.14542,0,0.19004,0.32375,0,0,0.18174,0.16659,0,0.23752,0.23066,0.21119,0.23272,0.23166,0,0,0,0.17801,0,0.045889,0,0,0,0,0,0,0,0.19632,0,0.15561,0.40385,0.062987,0,0,0,0.017536
0.4329,0.23315,0.30868,0.082174,0.69759,0.66182,0.30671,0.44086,0.4918,0.3839,0.086943,0.074287,0.28207,0.3897,0.51849,0.36721,0.091637,0.14721,0.33705,0,0.30875,0.29995,0.12457,0,1,0.80838,0.64829,0.60644,0,0,0.46793,0.20109,0.1183,0.13283,0.37238,0.35767,0,0,0,0,0,0,0.29804,0.29767,0.052148,0.32141,0.10849,0.15648,0.31158,0.35346,0.27637,0.36538,0.34269,0.3543,0.011673,0.38169,0.57945,0.60351,0.2324,0.31561,0.25984,0,0.37045,0.25857,0.46976,0.50249,0.36529,0.34801,0,0.0023281,0.0091658,0.11216,0.036208,0,0.1761,0.11853,0.11761,0.016903,0.0021272,0,0.22159,0.41905,0,0.022714,0.47882,0.5434,0,0,0.44808,0.20786,0,0,0,0,0.13828,0.10572,0.041823,0.022738,0.30289,0.09931,0.11085,0.22416,0.04941,0.11633,0,0.12288,0.13834,0,0.24646,0.08412,0,0.098189,0.1444,0,0.026496,0.12225
0.52352,0.32884,0.36618,0.32084,0.6087,0.70356,0.47229,0.49692,0.5383,0.46523,0.25668,0.088025,0.40988,0.42155,0.43193,0.49486,0.36894,0.22316,0.26133,0.22364,0.37144,0.41765,0.40647,0.20309,0.80838,1,0.46659,0.54186,0.27864,0.062771,0.67456,0.49053,0.41568,0.39367,0.31893,0.33049,0,0,0,0.15668,0,0.10542,0.42672,0.42993,0.13996,0.48802,0.35155,0.39315,0.44208,0.51503,0.4753,0.50858,0.40367,0.4726,0.19429,0.41301,0.62966,0.45347,0.40529,0.29682,0.38971,0.047064,0.50486,0.30715,0.46994,0.49526,0.52421,0.47491,0,0.17105,0,0.15361,0.04518,0.045035,0.062318,0.14895,0.1183,0.13176,0.29446,0.08814,0.47467,0.48382,0.1479,0.27344,0.55636,0.57588,0,0.083806,0.29695,0.40099,0.13757,0.12926,0,0,0.22388,0.23413,0.23538,0.27344,0.30276,0.22855,0.0060367,0.058801,0,0,0,0,0.15588,0,0.188,0.32172,0.021161,0.20158,0.076428,0,0,0.31731
0.17823,0.20078,0.029692,0,0.37092,0.32467,0,0.22967,0.14572,0.0073776,0.06967,0.10374,0.12543,0.17422,0.32512,0.092437,0,0.079095,0.29737,0,0.47659,0.35038,0,0,0.64829,0.46659,1,0.85903,0,0,0.16972,0.0075366,0,0.011707,0.24383,0.27406,0,0,0.0049297,0.0635,0,0.08404,0.11545,0.17797,0,0.18778,0.048717,0.056589,0.084219,0.21561,0.11705,0.18353,0.18234,0.13147,0.10978,0.27264,0.27911,0.53447,0.047657,0.40669,0.1214,0,0.19488,0.18271,0.33093,0.41114,0.1892,0.24837,0,0,0.15663,0.16547,0.15027,0.0026248,0.31862,0.094092,0.17885,0.096192,0,0,0.099443,0.20656,0,0,0.4301,0.36507,0,0,0.55419,0,0,0,0,0,0.091479,0.11353,0.070841,0.015659,0.1666,0.0301,0.12007,0.087102,0.14845,0.0057368,0.078925,0,0.13818,0,0.21725,0.10477,0,0.089299,0.1694,0,0,0.059152
0.23982,0.18054,0.10185,0,0.411,0.44319,0.059428,0.23331,0.26013,0.14134,0,0.017677,0.0972,0.12884,0.30614,0.20376,0.024989,0.11147,0.19505,0,0.38904,0.27127,0.020296,0,0.60644,0.54186,0.85903,1,0,0,0.22711,0.070782,0.002201,0.0044924,0.10927,0.15816,0,0,0.063491,0.1231,0,0.12631,0.22538,0.29286,0.0030351,0.28742,0.16328,0.17069,0.18651,0.25776,0.16522,0.28595,0.11477,0.18856,0.069092,0.3139,0.35734,0.49842,0.080016,0.32969,0.047031,0,0.19423,0.14646,0.29047,0.37082,0.23472,0.25906,0,0,0.024876,0.14163,0,0,0.093674,0,0.057373,0.10784,0,0,0.1218,0.23965,0.10138,0.036496,0.41358,0.41918,0.020891,0,0.42224,0.090197,0,0,0,0,0.14704,0.16945,0.16884,0.1627,0.12695,0.047979,0.055213,0,0.055432,0,0,0,0.12858,0,0.10538,0.16655,0,0.068823,0.090329,0,0,0.11163
0.18277,0.12968,0.086164,0.27488,0,0,0.20661,0.090505,0,0.0091293,0.32816,0.29995,0.19422,0.25267,0,0.12824,0.65758,0.42793,0.047293,0.36704,0.23176,0.263,0.31845,0.3666,0,0.27864,0,0,1,0.6487,0.56063,0.69597,0.53363,0.5399,0.082176,0.14964,0.53694,0.41541,0.22144,0.46254,0.38172,0.17239,0.0089264,0.11613,0,0.10723,0.15811,0.21328,0.16607,0.29386,0.11978,0.19841,0.046875,0.11048,0.28895,0.12773,0.1335,0,0.19308,0.064567,0.21558,0.080679,0.36655,0.084052,0.093834,0.1414,0.12982,0.23176,0.17687,0.28909,0.095115,0.20952,0.21467,0.091884,0,0.09162,0.10088,0.35871,0.64328,0.54928,0.52666,0.41583,0.43696,0.4599,0.020127,0.20843,0.20262,0.33689,0,0.25907,0,0.0052565,0.20784,0.18673,0.11605,0.23295,0.12488,0.33719,0,0,0,0,0,0,0,0,0.24855,0.17398,0.039004,0.32781,0.044302,0,0,0,0,0.28126
0,0.28757,0,0.21243,0,0,0,0.11461,0,0,0.47406,0.56652,0.21186,0.3443,0,0,0.54035,0.61241,0.040835,0.24527,0.26166,0.37589,0.070758,0.22329,0,0.062771,0,0,0.6487,1,0.43462,0.56567,0.48073,0.51221,0.027774,0.1278,0.28686,0.57821,0.11701,0.49491,0.24429,0.29097,0,0.10648,0,0.034487,0.0486,0.090961,0,0.23842,0.0028017,0.089995,0.062958,0.048346,0.2792,0.12732,0,0.10167,0.050379,0.2999,0.21119,0.26268,0.27705,0.31268,0.071016,0.25018,0.0039703,0.15356,0.046246,0.066129,0.38698,0.38631,0.34963,0.21379,0.24606,0.10409,0.35487,0.48788,0.4554,0.64355,0.42684,0.42219,0.35467,0.36843,0.012307,0.09838,0.19465,0.12289,0.0041822,0,0,0.017306,0.18283,0.14641,0.13897,0.19874,0.20691,0.27571,0.05604,0.12519,0.14265,0,0.093757,0,0,0,0.40839,0.27892,0.13757,0.31786,0.053044,0.084178,0,0,0,0.34387
0.42279,0.42305,0.16698,0.34097,0.28197,0.30622,0.26516,0.3106,0.24894,0.17448,0.35764,0.3501,0.25441,0.36288,0.19248,0.30888,0.55871,0.57015,0.20143,0.34683,0.30001,0.44316,0.35294,0.29636,0.46793,0.67456,0.16972,0.22711,0.56063,0.43462,1,0.87182,0.6504,0.62779,0.19642,0.23814,0,0.13043,0,0.3229,0,0.14428,0.29683,0.31853,0,0.38521,0.22445,0.25485,0.31689,0.45325,0.23986,0.34318,0.22538,0.28893,0.20423,0.29128,0.48666,0.46356,0.3065,0.35836,0.35219,0.01771,0.59014,0.42166,0.44079,0.45783,0.35997,0.35386,0,0.20241,0.1129,0.27519,0.071305,0.048787,0,0.035292,0.20263,0.32551,0.51083,0.42588,0.62813,0.64186,0.35953,0.43967,0.34723,0.4958,0.095546,0.22894,0.1283,0.1892,0.0025688,0.075554,0.14223,0.015971,0.2567,0.28914,0.26568,0.35881,0.27378,0.25915,0.2001,0.0197,0.024558,0,0,0,0.46418,0.13712,0.21489,0.44552,0,0.1248,0,0,0,0.47211
0.41132,0.42916,0.2348,0.49906,0.051005,0.12722,0.32231,0.2917,0.10081,0.078365,0.37247,0.44396,0.24268,0.3632,0.05574,0.19824,0.5955,0.53653,0.25154,0.53552,0.26529,0.39057,0.50089,0.53729,0.20109,0.49053,0.0075366,0.070782,0.69597,0.56567,0.87182,1,0.77261,0.76928,0.22147,0.26504,0.18872,0.23876,0,0.35124,0.0762,0.12471,0.29989,0.29157,0.024783,0.34975,0.30393,0.34068,0.29297,0.44236,0.22761,0.31812,0.13708,0.22568,0.24223,0.24509,0.40169,0.25016,0.30295,0.23937,0.3837,0.10604,0.47959,0.37303,0.32758,0.35878,0.34522,0.38141,0.047549,0.37324,0.1423,0.27856,0.13087,0.050238,0,0.047435,0.26244,0.49605,0.55238,0.5208,0.57308,0.51513,0.39435,0.45882,0.13399,0.31802,0.15745,0.2792,0,0.24595,0.070099,0.1487,0.24514,0.1842,0.18368,0.23949,0.27039,0.42731,0.097456,0.23374,0.054767,0,0,0,0,0,0.2981,0.1747,0.078557,0.44969,0.10222,0.13559,0,0,0,0.41128
0.49343,0.52469,0.15356,0.46615,0.029431,0.10486,0.28298,0.24105,0.10582,0.045779,0.39004,0.28809,0.29665,0.28362,0.059817,0.14191,0.65902,0.40767,0.14535,0.68511,0.12301,0.22555,0.40215,0.46621,0.1183,0.41568,0,0.002201,0.53363,0.48073,0.6504,0.77261,1,0.95995,0.33044,0.34518,0.20479,0.31342,0,0.39806,0.1175,0.081669,0.39397,0.43699,0.33797,0.50147,0.49503,0.49841,0.43257,0.55222,0.38243,0.43485,0.21555,0.34378,0.32817,0.25658,0.3507,0.092951,0.49307,0.29527,0.4462,0.24646,0.41377,0.41757,0.16014,0.34035,0.60865,0.58532,0.36132,0.56461,0,0.026635,0.00431,0,0,0,0.33874,0.51599,0.57096,0.50836,0.61002,0.38087,0.256,0.31413,0.1522,0.20774,0.091644,0.12842,0,0.30593,0.13383,0.12441,0.033647,0.088088,0.12845,0.25328,0.3062,0.43075,0.018195,0.2081,0,0,0,0,0,0,0.20121,0.077698,0.094664,0.42067,0.30707,0.18132,0,0,0,0.34411
0.44155,0.55974,0.12306,0.50656,0.044199,0.104,0.27468,0.29195,0.10194,0.031481,0.39866,0.35659,0.28785,0.30554,0.063687,0.1342,0.62527,0.36387,0.14665,0.69386,0.15179,0.24178,0.37919,0.47776,0.13283,0.39367,0.011707,0.0044924,0.5399,0.51221,0.62779,0.76928,0.95995,1,0.3957,0.40855,0.17238,0.31931,0,0.35656,0.1253,0.10935,0.31977,0.36417,0.29546,0.43326,0.42477,0.43638,0.37987,0.51062,0.31346,0.35917,0.19284,0.26489,0.26771,0.19856,0.31408,0.15361,0.48273,0.35106,0.45965,0.3468,0.39618,0.44923,0.19066,0.39925,0.58164,0.60149,0.35732,0.5648,0,0.033016,0.033846,0,0.013938,0.025275,0.36784,0.51072,0.51063,0.46226,0.55658,0.34176,0.22783,0.2685,0.12493,0.14921,0.075672,0.091729,0,0.2367,0.13294,0.11589,0.075191,0.11679,0.085199,0.20374,0.22881,0.33738,0.0059956,0.14353,0.0089243,0,0,0,0,0,0.19282,0.063361,0.11054,0.35993,0.26447,0.1221,0,0,0,0.26938
0.44078,0.38062,0.3381,0.33019,0.12497,0.13677,0.37639,0.3946,0.048568,0.05909,0.44881,0.22886,0.49296,0.4589,0.16062,0.013516,0.24805,0,0.36503,0.31216,0.066777,0.010361,0.26736,0.22906,0.37238,0.31893,0.24383,0.10927,0.082176,0.027774,0.19642,0.22147,0.33044,0.3957,1,0.91275,0,0.047468,0.013047,0,0,0,0.2895,0.24049,0.33663,0.30883,0.19793,0.29784,0.20097,0.43837,0.32424,0.29932,0.45133,0.34114,0.16992,0.27481,0.42074,0.26798,0.38582,0.23021,0.49056,0.35742,0.15984,0.2495,0.39559,0.51245,0.45926,0.54025,0,0.26639,0.079154,0,0.12526,0.021289,0.189,0.20301,0.41511,0.26587,0,0,0.10867,0.056001,0,0,0.18837,0.10716,0,0,0.23311,0.25154,0.29692,0.19538,0,0.01061,0,0,0,0,0.066106,0.059894,0.054688,0.15878,0,0.25081,0,0.16279,0,0,0.0030465,0,0.32779,0.042646,0.17798,0.18868,0,0
0.40991,0.34091,0.28953,0.25447,0.10187,0.079372,0.34776,0.38152,0.044114,0.001986,0.43029,0.28515,0.48593,0.5114,0.12772,0.002582,0.30752,0,0.32154,0.23095,0.081431,0.081098,0.14785,0.12576,0.35767,0.33049,0.27406,0.15816,0.14964,0.1278,0.23814,0.26504,0.34518,0.40855,0.91275,1,0.023711,0.15475,0.077057,0.11463,0,0,0.3862,0.37624,0.32416,0.39414,0.29472,0.40568,0.30767,0.54126,0.36594,0.39497,0.49042,0.41099,0.24771,0.43268,0.40719,0.24851,0.39001,0.2873,0.47693,0.41497,0.17605,0.35645,0.37834,0.60368,0.492,0.65209,0,0.2083,0.043229,0.045585,0.083289,0,0.14907,0.203,0.43103,0.31132,0.0014713,0,0.19362,0.1994,0,0,0.19468,0.23277,0,0,0.23197,0.28406,0.3462,0.30337,0.073614,0.067473,0.0060125,0,0.056004,0.07996,0.19861,0.20175,0.073635,0.19343,0,0.27836,0.0567,0.15793,0,0.037329,0.10016,0.049684,0.34014,0.12481,0.22126,0.14124,0,0
0,0,0,0,0,0,0,0,0,0,0.098939,0,0.014793,0,0,0,0.31565,0.074525,0,0.15485,0,0,0.055187,0.12488,0,0,0,0,0.53694,0.28686,0,0.18872,0.20479,0.17238,0,0.023711,1,0.4572,0.57407,0.4522,0.6432,0.037335,0,0.10041,0,0,0.18789,0.19386,0,0.067115,0.083998,0.064367,0,0.080668,0.33899,0.068988,0,0,0.11995,0,0.0017372,0,0.0089551,0,0,0,0.042739,0.12646,0.30348,0.14071,0,0,0.045593,0,0,0,0,0.14223,0.35372,0.34938,0.23814,0.050344,0.35999,0.2855,0,0,0.23878,0.28113,0,0.21934,0.0078181,0.061688,0.059606,0.18891,0.073547,0.093589,0.13045,0.22099,0,0,0,0,0,0,0,0,0.021887,0.05056,0,0.11153,0.28181,0,0,0.060557,0.091645,0.023194
0,0.12861,0,0,0,0,0,0,0,0,0.38042,0.26136,0.16573,0.062663,0,0,0.4577,0.29182,0,0.16234,0.13083,0.16884,0,0.14245,0,0,0,0,0.41541,0.57821,0.13043,0.23876,0.31342,0.31931,0.047468,0.15475,0.4572,1,0.20918,0.64687,0.34747,0.41252,0,0.15659,0,0.11734,0.17833,0.17314,0,0.24152,0.12956,0.090467,0.16223,0.087861,0.44538,0.14078,0,0,0.2098,0.26079,0.14054,0.25555,0.14983,0.16623,0,0.13639,0.11645,0.17605,0.12035,0,0.22907,0.19489,0.20334,0.07008,0.18705,0.03158,0.37443,0.4285,0.33851,0.44191,0.39512,0.20578,0.35429,0.3275,0.12991,0,0.29895,0.062827,0.023621,0,0.024308,0.01729,0.013813,0,0.15564,0.23589,0.26571,0.3285,0.051607,0.20079,0.11688,0,0.076649,0,0,0,0.40345,0.29175,0.11786,0.34941,0.25392,0.23169,0.086669,0.1005,0,0.2787
0,0,0,0,0,0,0,0,0,0,0,0,0,0,0,0,0.040416,0,0,0,0,0,0,0,0,0,0.0049297,0.063491,0.22144,0.11701,0,0,0,0,0.013047,0.077057,0.57407,0.20918,1,0.4807,0.2712,0.17262,0,0.13433,0,0,0.079709,0.085795,0,0.059296,0.025367,0.033389,0.074492,0.10882,0.38901,0.18672,0,0,0,0.10322,0,0,0,0,0,0,0.0011415,0.11239,0,0,0,0,0,0,0,0,0,0,0.0044575,0.13877,0.10432,0.032918,0.54902,0.22628,0.13692,0.07053,0.34297,0.34445,0.14037,0.090992,0,0,0,0,0.18494,0.13699,0.17213,0.089715,0,0,0,0,0.03426,0,0,0,0.058805,0,0,0,0,0,0,0.0057995,0,0
0.10256,0.13524,0,0,0,0,0,0,0,0,0.20494,0.14154,0.097883,0.025301,0,0,0.43666,0.37319,0,0.13944,0.19904,0.25794,0,0,0,0.15668,0.0635,0.1231,0.46254,0.49491,0.3229,0.35124,0.39806,0.35656,0,0.11463,0.4522,0.64687,0.4807,1,0.15243,0.314,0.10179,0.36457,0,0.28351,0.3175,0.33435,0.085608,0.36723,0.1421,0.27802,0.13043,0.23758,0.50928,0.38704,0.0020733,0.061059,0.1608,0.26883,0.03176,0.0013399,0.21762,0.14199,0,0.23876,0.17444,0.28623,0.102,0.044097,0,0.11514,0.0048677,0,0,0,0.12618,0.30452,0.34462,0.43682,0.43914,0.33139,0.48921,0.34041,0.22852,0.26416,0.26993,0.23797,0.075618,0.116,0,0,0,0,0.46045,0.57673,0.48987,0.54546,0.066855,0.16332,0,0,0,0,0,0,0.44812,0.12962,0.26131,0.48332,0.015537,0.12661,0,0,0,0.36002
0,0,0,0.26028,0,0,0.034238,0,0,0,0.18281,0.09321,0.082607,0,0,0,0.18284,0,0,0.29084,0,0,0.27112,0.4718,0,0,0,0,0.38172,0.24429,0,0.0762,0.1175,0.1253,0,0,0.6432,0.34747,0.2712,0.15243,1,0.24814,0,0,0.016976,0,0,0,0,0,0,0,0,0,0.073102,0,0,0,0,0,0,0.15728,0,0,0,0,0,0,0.3754,0.20115,0.11589,0,0.25357,0.22086,0,0.055053,0,0.10438,0.12607,0.17905,0,0,0.21867,0.15935,0,0,0.28391,0.10335,0,0,0.043791,0,0.15084,0.24419,0,0,0,0,0,0,0,0,0,0,0,0,0,0.22089,0,0,0.34618,0,0,0.09511,0,0
0,0.065616,0,0.012033,0.082128,0.083236,0,0.086095,0.15184,0.12911,0.40317,0.32236,0.24259,0,0.25351,0.29697,0.18027,0.1108,0,0,0.29299,0.20049,0.071122,0.14987,0,0.10542,0.08404,0.12631,0.17239,0.29097,0.14428,0.12471,0.081669,0.10935,0,0,0.037335,0.41252,0.17262,0.314,0.24814,1,0,0,0,0,0,0,0,0,0,0,0,0,0.10181,0,0,0.18407,0.082988,0.33087,0.18088,0.22308,0.17648,0,0.25988,0.14918,0,0,0,0,0.3676,0.25192,0.37099,0.53027,0.30155,0.2474,0.11327,0.013118,0.0064402,0,0.064518,0,0.43047,0.29213,0.27825,0,0.29683,0.02858,0.23788,0,0,0,0.019365,0,0.041052,0.079274,0.069199,0.041717,0.059227,0.063146,0.32853,0,0.32475,0.025393,0,0,0.39715,0.36818,0.033757,0.11375,0,0.047522,0,0,0,0.13353
0.51809,0.091904,0.51,0.23492,0.12592,0.18772,0.46946,0.25301,0.15903,0.1707,0.10547,0,0.33056,0.30917,0.073084,0.10671,0.28178,0.11721,0.27977,0.2052,0,0.10697,0.35963,0.13455,0.29804,0.42672,0.11545,0.22538,0.0089264,0,0.29683,0.29989,0.39397,0.31977,0.2895,0.3862,0,0,0,0.10179,0,0,1,0.82594,0.59447,0.77939,0.84251,0.77223,0.78113,0.67586,0.73913,0.77428,0.47852,0.69144,0.37526,0.65797,0.50027,0,0.44002,0,0.27425,0,0.288,0.285,0.19989,0.25542,0.66492,0.59986,0,0.28572,0,0,0,0,0,0,0.017939,0.24014,0.36944,0.13552,0.45445,0.46905,0,0.083678,0.28998,0.60543,0,0,0.024205,0.63678,0.46412,0.46831,0.06947,0.071044,0.2946,0.25843,0.44052,0.54841,0.39713,0.57859,0,0,0,0,0,0.1789,0,0,0.042158,0.42101,0.4022,0.42172,0.34372,0.027395,0.11321,0.41615
0.36477,0.12033,0.21401,0.10498,0.069193,0.09318,0.22026,0.12884,0.091747,0.024132,0.096539,0,0.26142,0.24245,0.075668,0.015362,0.35256,0.26435,0.13025,0.13696,0,0.14944,0.1535,0.010979,0.29767,0.42993,0.17797,0.29286,0.11613,0.10648,0.31853,0.29157,0.43699,0.36417,0.24049,0.37624,0.10041,0.15659,0.13433,0.36457,0,0,0.82594,1,0.49403,0.84955,0.83968,0.84834,0.71729,0.76712,0.72551,0.79996,0.46247,0.64711,0.48099,0.65387,0.33339,0.027507,0.32927,0.15039,0.18824,0,0.3072,0.35121,0.12474,0.34007,0.61607,0.70335,0,0.20994,0,0,0,0,0,0,0.0066783,0.22947,0.37049,0.31278,0.51191,0.52387,0.086139,0.16922,0.38464,0.63161,0,0.026932,0.13456,0.50765,0.25751,0.25275,0,0,0.32907,0.32805,0.47153,0.54157,0.30983,0.43704,0,0,0,0,0,0.037802,0.046981,0,0.056289,0.47848,0.27842,0.35634,0.22132,0.0029993,0.12335,0.46327
0.41445,0.2723,0.34,0.29174,0.094121,0.21185,0.31046,0.15478,0.14459,0.21817,0,0,0.14241,0.012095,0.051727,0.062231,0.20791,0,0.0624,0.34668,0,0,0.22597,0.15592,0.052148,0.13996,0,0.0030351,0,0,0,0.024783,0.33797,0.29546,0.33663,0.32416,0,0,0,0,0.016976,0,0.59447,0.49403,1,0.69905,0.6314,0.56594,0.63945,0.4508,0.52776,0.47152,0.21416,0.44094,0.17912,0.19727,0.30047,0,0.37911,0,0.11531,0.092565,0,0.22685,0,0.07006,0.64494,0.50749,0.3347,0.46118,0,0,0,0,0,0,0.013697,0.058154,0.16969,0.034011,0.16347,0,0,0,0,0.035581,0,0,0,0.37438,0.36362,0.23288,0,0,0,0,0.12926,0.15689,0.027309,0.16594,0,0,0,0,0.015882,0.13621,0,0,0,0.047732,0.44453,0.1566,0.2469,0.28282,0.097907,0.012007
0.5078,0.33917,0.27888,0.25914,0.16557,0.24432,0.28435,0.23988,0.14758,0.18315,0.099239,0,0.21803,0.21063,0.062168,0.12068,0.39693,0.21987,0.13067,0.2596,0,0.12259,0.19766,0.080406,0.32141,0.48802,0.18778,0.28742,0.10723,0.034487,0.38521,0.34975,0.50147,0.43326,0.30883,0.39414,0,0.11734,0,0.28351,0,0,0.77939,0.84955,0.69905,1,0.79288,0.76271,0.75052,0.79226,0.70844,0.74466,0.42769,0.62697,0.42823,0.5192,0.42948,0.14373,0.40293,0.21889,0.17609,0,0.28962,0.41804,0.097245,0.36086,0.71743,0.72019,0.045149,0.34124,0,0,0,0,0,0,0.037472,0.19336,0.37636,0.25881,0.51425,0.44832,0.031063,0.12484,0.38373,0.55396,0,0,0.15035,0.47904,0.26725,0.21154,0,0,0.1874,0.23392,0.37204,0.41919,0.25508,0.35769,0,0,0,0,0,0,0.0075446,0,0.038215,0.39572,0.25274,0.29064,0.22548,0,0.066203,0.38448
0.42113,0.16884,0.26797,0.19458,0,0.043907,0.29687,0.087814,0.047976,0.0028429,0.044189,0,0.24013,0.13412,0,0,0.39435,0.099804,0.091869,0.26953,0,0.051481,0.28676,0.18853,0.10849,0.35155,0.048717,0.16328,0.15811,0.0486,0.22445,0.30393,0.49503,0.42477,0.19793,0.29472,0.18789,0.17833,0.079709,0.3175,0,0,0.84251,0.83968,0.6314,0.79288,1,0.88593,0.75694,0.69776,0.7773,0.74136,0.48042,0.6475,0.52453,0.5596,0.35898,0,0.41143,0.047159,0.19664,0,0.2908,0.27737,0.025573,0.1752,0.71591,0.69669,0.093533,0.36315,0,0,0,0,0,0,0.027992,0.27215,0.43962,0.29558,0.56091,0.35528,0.068432,0.16863,0.33742,0.42654,0,0.081142,0.015241,0.57063,0.39722,0.31367,0,0,0.28225,0.31606,0.53474,0.57425,0.21635,0.43573,0,0,0,0,0,0,0,0,0,0.4851,0.51234,0.34425,0.22249,0.1446,0.10173,0.37248
0.47683,0.14507,0.37878,0.2701,0,0.082379,0.41349,0.14809,0.056838,0.014418,0.040989,0,0.29882,0.2223,0,0,0.41003,0.09316,0.1537,0.30325,0,0.11567,0.35684,0.25111,0.15648,0.39315,0.056589,0.17069,0.21328,0.090961,0.25485,0.34068,0.49841,0.43638,0.29784,0.40568,0.19386,0.17314,0.085795,0.33435,0,0,0.77223,0.84834,0.56594,0.76271,0.88593,1,0.73571,0.74619,0.7268,0.78681,0.42644,0.6636,0.40327,0.63532,0.40848,0,0.34211,0,0.22967,0,0.27773,0.30898,0.041962,0.21974,0.64649,0.72828,0.044925,0.37672,0,0,0,0,0,0,0.067151,0.32709,0.41087,0.26866,0.49121,0.35257,0.013149,0.11272,0.24526,0.45301,0,0.10505,0,0.64696,0.37527,0.37457,0,0.011729,0.27198,0.34084,0.44744,0.59828,0.21614,0.41153,0,0,0,0,0,0,0,0,0,0.50196,0.46679,0.32217,0.10721,0.082007,0.14941,0.35102
0.49608,0.1498,0.42847,0.23844,0.21275,0.29522,0.48732,0.2818,0.25058,0.20371,0.060477,0,0.3346,0.32071,0.098384,0.10444,0.42172,0.18106,0.16046,0.16398,0,0.068473,0.30356,0.12494,0.31158,0.44208,0.084219,0.18651,0.16607,0,0.31689,0.29297,0.43257,0.37987,0.20097,0.30767,0,0,0,0.085608,0,0,0.78113,0.71729,0.63945,0.75052,0.75694,0.73571,1,0.79821,0.7894,0.81746,0.45887,0.62835,0.3472,0.56411,0.50764,0,0.46311,0.020919,0.28369,0,0.39952,0.40808,0.10626,0.26154,0.68227,0.65389,0,0.33122,0,0,0,0,0,0,0.078797,0.22138,0.46183,0.24585,0.5093,0.44815,0,0.028684,0.2454,0.51627,0,0,0,0.59228,0.38849,0.34572,0.060706,0.042487,0.23603,0.28748,0.3158,0.47097,0.33331,0.41381,0,0,0,0,0,0.086557,0,0,0.08241,0.38618,0.30523,0.32267,0.18624,0.0076679,0.18598,0.37537
0.56047,0.33935,0.34989,0.30499,0.11694,0.17671,0.44005,0.35515,0.12192,0.08687,0.36927,0.13892,0.50426,0.53211,0.069002,0.039557,0.54923,0.32195,0.26433,0.24766,0.11212,0.25196,0.27623,0.19322,0.35346,0.51503,0.21561,0.25776,0.29386,0.23842,0.45325,0.44236,0.55222,0.51062,0.43837,0.54126,0.067115,0.24152,0.059296,0.36723,0,0,0.67586,0.76712,0.4508,0.79226,0.69776,0.74619,0.79821,1,0.78863,0.88518,0.64996,0.70771,0.53923,0.67614,0.52722,0.16063,0.47398,0.24514,0.4131,0.11423,0.5276,0.52795,0.23645,0.50984,0.63724,0.7389,0,0.28729,0,0.012863,0,0,0,0,0.25868,0.35311,0.42033,0.35482,0.56179,0.53286,0.084884,0.12566,0.40172,0.58018,0,0.0074174,0.14442,0.53905,0.3172,0.28138,0.006468,0,0.24114,0.32645,0.33975,0.47859,0.33141,0.40163,0,0,0,0,0,0.0097924,0.059912,0,0.14517,0.43844,0.28783,0.32895,0.21038,0.020262,0.076095,0.3619
0.43954,0.18731,0.35969,0.27483,0.11514,0.2127,0.49433,0.36245,0.18869,0.16962,0.31133,0,0.52875,0.39214,0.090152,0.06197,0.44945,0.086993,0.15553,0.15425,0,0.068927,0.32845,0.21319,0.27637,0.4753,0.11705,0.16522,0.11978,0.0028017,0.23986,0.22761,0.38243,0.31346,0.32424,0.36594,0.083998,0.12956,0.025367,0.1421,0,0,0.73913,0.72551,0.52776,0.70844,0.7773,0.7268,0.7894,0.78863,1,0.8354,0.75664,0.79046,0.55522,0.54172,0.46778,0,0.50905,0.065761,0.48234,0.075189,0.52254,0.39496,0.22625,0.34762,0.67851,0.63377,0,0.17239,0,0,0,0,0,0,0.15705,0.20224,0.38507,0.19291,0.53958,0.3618,0,0.055604,0.5219,0.48847,0,0,0.20591,0.61442,0.51623,0.36163,0,0,0.18369,0.16503,0.32243,0.36694,0.29262,0.44415,0,0,0,0,0,0.037337,0,0,0.031163,0.36716,0.46311,0.38893,0.29786,0.22394,0.20124,0.3244
0.58331,0.12355,0.4916,0.22058,0.12272,0.20952,0.51105,0.26437,0.15825,0.14391,0.19659,0,0.49076,0.4645,0.049332,0.05417,0.47284,0.2748,0.2708,0.16708,0.023733,0.15191,0.32135,0.1349,0.36538,0.50858,0.18353,0.28595,0.19841,0.089995,0.34318,0.31812,0.43485,0.35917,0.29932,0.39497,0.064367,0.090467,0.033389,0.27802,0,0,0.77428,0.79996,0.47152,0.74466,0.74136,0.78681,0.81746,0.88518,0.8354,1,0.57945,0.78906,0.43444,0.72545,0.56392,0,0.38246,0,0.31351,0,0.45708,0.3871,0.15501,0.38153,0.60716,0.66541,0,0.28802,0,0,0,0,0,0,0.10125,0.32741,0.45899,0.3311,0.50785,0.55185,0,0.021272,0.31252,0.6586,0,0,0,0.7084,0.30701,0.31658,0,0,0.27592,0.31103,0.34879,0.53729,0.28053,0.41616,0,0,0,0,0,0.13373,0,0,0.087996,0.45801,0.31393,0.32627,0.19243,0.022781,0.16136,0.3929
