1,0.30924,0.70163,0.47022,0.10473,0.29117,0.67793,0.30913,0.085813,0.236,0.43788,0.24622,0.25939,0.21939,0.22819,0.2002,0.42562,0,0.67538,0.58772,0.24974,0.22671,0.40597,0.3348,0.063876,0.08905,0.25679,0.37798,0.23051,0,0.051791,0,0.33022,0.29676,0,0,0.044804,0,0.074026,0,0.31226,0,0.46948,0.39303,0.29429,0.43955,0.42622,0.49012,0.6457,0.61458,0.51575,0.57759,0.45835,0.66971,0.42963,0.65275,0.85213,0.23177,0.64306,0.27409,0.59989,0.072985,0.43726,0.17135,0.1002,0,0.21359,0.20412,0.43654,0.48925,0.1531,0.28441,0.19155,0.12844,0.064016,0.083944,0.2848,0.35174,0.34326,0,0.32816,0.43059,0.18552,0.3919,0.19038,0.61655,0.10484,0.36038,0.018923,0.71329,0.18673,0.37775,0.046519,0.52959,0,0.038168,0,0.42124,0.31596,0.59877,0,0.60242,0,0.58292,0,0.40774,0.030289,0.21315,0.03752,0,0.033363,0.21298,0.35105,0.23398,0.13219,0
0.30924,1,0.053213,0.19143,0.2623,0.032152,0.015615,0.24497,0.33712,0,0.0051847,0.18844,0,0,0.3167,0,0.062407,0.36754,0.56487,0.52941,0.15741,0.18493,0.03834,0.02077,0.050264,0,0.19349,0.17412,0,0.19902,0,0,0.25566,0.32625,0.23449,0.17406,0.050669,0.18967,0.14768,0.17594,0,0.16745,0.2608,0.31585,0.16087,0.26929,0.47665,0.45904,0.27975,0.41024,0.40355,0.26291,0.53004,0.37854,0.49493,0.23345,0.22135,0.78375,0.21436,0.48425,0.11763,0.36682,0,0.097619,0.31793,0.17146,0.35053,0.14334,0.64027,0.26124,0.15746,0,0.11661,0.27478,0.2915,0.14782,0.34066,0.25477,0.10755,0.31406,0.36329,0.098649,0.31334,0.032544,0.53844,0.14695,0.22126,0,0.54314,0.006286,0.41379,0.28315,0.38196,0.08634,0.2569,0.1241,0.23751,0.14121,0.62248,0.44011,0.4875,0,0.44684,0.043013,0.24647,0.10538,0.38456,0.093412,0.14457,0,0.037532,0.45546,0.36508,0.25476,0.086232,0.010497
0.70163,0.053213,1,0.64682,0.096812,0.24155,0.93166,0.61743,0.18495,0.24802,0.46138,0.27645,0.46698,0.32579,0.17121,0.21803,0.17181,0,0.47337,0.40924,0.081225,0.067709,0.76623,0.67518,0.11597,0.16293,0.16205,0.3075,0.06185,0,0.11168,0.083238,0.18477,0.18486,0.096877,0,0,0,0.062477,0,0.20463,0,0.41902,0.28858,0.39483,0.42877,0.27352,0.32669,0.55562,0.52363,0.44275,0.54122,0.37903,0.57929,0.30581,0.46963,0.60011,0.032791,0.5876,0.24527,0.6958,0.13035,0.43996,0.20942,0.29537,0.17985,0.27958,0.29586,0.25909,0.49078,0.001301,0.33687,0.0065382,0,0,0,0.13791,0.18474,0.20863,0,0.1267,0.44169,0.057478,0.38884,0.075398,0.50247,0,0.29106,0.10678,0.74156,0.1528,0.52154,0.17829,0.68697,0,0.12782,0,0.32881,0.16503,0.46268,0,0.76308,0,0.46896,0,0.4216,0,0.1331,0.035365,0,0.11358,0.16425,0.32687,0.17732,0.19902,0
0.47022,0.19143,0.64682,1,0.47892,0.1936,0.58697,0.65215,0.22298,0.4652,0.28608,0.16462,0.21082,0.56977,0.35506,0.40358,0.26907,0.014125,0.44339,0.3902,0.54962,0.56429,0.4116,0.34572,0.44622,0.44771,0.45905,0.40128,0,0,0,0,0,0.26476,0.22507,0.082411,0,0.050587,0,0,0.36802,0.15019,0.40302,0.23329,0.42099,0.47666,0.23951,0.22814,0.6064,0.53712,0.44598,0.52363,0.41707,0.53945,0.44496,0.52167,0.59764,0.35706,0.6371,0.59096,0.5024,0.46992,0.36528,0.35366,0.38675,0.38653,0.29172,0.45769,0.4305,0.3325,0.31036,0.52004,0.26078,0.31542,0.2287,0.11557,0.60039,0.52894,0.41309,0.087666,0.44128,0.17592,0.41874,0.26717,0.24644,0.35558,0.39555,0.39658,0.46488,0.42771,0.42997,0.2505,0.32162,0.47644,0,0.1319,0,0.22883,0.2331,0.37391,0.067954,0.397,0,0.43182,0,0.28925,0.25284,0.11008,0,0,0.11201,0.15009,0.19863,0.036482,0,0
0.10473,0.2623,0.096812,0.47892,1,0.49588,0.11427,0.27585,0.73361,0.55871,0,0,0,0.19024,0.58282,0.45151,0.1246,0.081572,0.27837,0.24901,0.61055,0.62489,0.057467,0,0.66199,0.53456,0.7961,0.66792,0,0,0,0,0,0.0013492,0.37875,0.25492,0.0068138,0.26367,0.20861,0.27771,0.17964,0.15795,0.29804,0.24023,0.25365,0.25809,0.2638,0.21575,0.26839,0.27936,0.27025,0.24615,0.22192,0.32188,0.44676,0.48192,0.25945,0.42998,0.29877,0.4333,0,0.17077,0,0,0.39232,0.30802,0.33961,0.3981,0.4185,0.24654,0.23186,0.32796,0.47592,0.42514,0.56724,0.39715,0.62557,0.6035,0.27077,0.14648,0.36547,0,0.66364,0.15265,0.33761,0.10155,0.65151,0.33824,0.57175,0.18172,0.55912,0.20598,0.50334,0.35056,0.18718,0.20733,0.20151,0.16377,0.3379,0.38411,0.40406,0.024453,0.33539,0.32303,0.21132,0.29793,0.44636,0.21987,0.029188,0,0.069852,0.23303,0.28458,0.26268,0.092031,0
0.29117,0.032152,0.24155,0.1936,0.49588,1,0.29101,0.1493,0.44981,0.66169,0,0,0.054343,0.038629,0.4858,0.48819,0.12829,0,0.24689,0.15153,0.24978,0.22135,0.2931,0.2364,0.37784,0.42025,0.60496,0.68398,0,0,0.088609,0,0.076263,0,0.16088,0.082472,0.053038,0,0.0425,0,0.084527,0,0.26298,0.29319,0.25065,0.26045,0.24094,0.2568,0.22935,0.25563,0.16015,0.19267,0.033225,0.32263,0.16107,0.33666,0.19227,0,0.10168,0,0,0,0.081486,0,0.25231,0.016429,0.17883,0.13178,0.07718,0.25036,0.044038,0.10096,0.26589,0.092535,0.26235,0.19597,0.17383,0.25296,0.086463,0,0.11662,0.099445,0.33661,0.24568,0.27239,0.26908,0.28766,0.28379,0.080531,0.37765,0.29545,0.28408,0.1706,0.40858,0.080843,0.13368,0.14683,0.3027,0.26425,0.33589,0,0.22412,0,0.34343,0,0.31277,0,0.074725,0,0,0.079865,0.25126,0.24962,0.10905,0.043276,0
0.67793,0.015615,0.93166,0.58697,0.11427,0.29101,1,0.65055,0.23197,0.30478,0.51639,0.33001,0.57466,0.37404,0.29657,0.3184,0.25978,0,0.43156,0.36078,0.10903,0.075669,0.78813,0.70437,0.14977,0.19603,0.16983,0.26417,0.16708,0,0.13186,0.11562,0.25073,0.21054,0.12337,0,0,0,0,0,0.20664,0,0.46725,0.33492,0.4709,0.48093,0.30289,0.3213,0.56463,0.54103,0.44662,0.53082,0.3392,0.59598,0.2601,0.46756,0.52681,0,0.51707,0.17366,0.7059,0.10455,0.47621,0.2291,0.36305,0.16571,0.29229,0.25271,0.16764,0.57462,0.05174,0.3513,0.12014,0.04173,0,0.05812,0.17199,0.2131,0.23268,0,0.15086,0.46483,0.067381,0.39805,0.080452,0.50472,0,0.30064,0.059037,0.73217,0.2013,0.55705,0.20791,0.71907,0,0.07779,0,0.38214,0.2184,0.50717,0,0.73023,0,0.47313,0,0.46736,0,0.085356,0.025659,0,0.18604,0.18686,0.32531,0.17356,0.24546,0
0.30913,0.24497,0.61743,0.65215,0.27585,0.1493,0.65055,1,0.39078,0.20857,0.33615,0.51485,0.40419,0.5621,0.1757,0.33361,0.10186,0.13247,0.43897,0.4283,0.061621,0.044884,0.51762,0.50995,0.083545,0.096176,0.076222,0.083166,0,0.16337,0.053944,0.036445,0.25283,0.36948,0.19579,0.1856,0,0.054714,0.026815,0.10952,0,0.082415,0.43007,0.34302,0.55484,0.5113,0.33449,0.35042,0.50169,0.49241,0.43729,0.47185,0.34088,0.39974,0.32245,0.24504,0.19721,0.14763,0.39556,0.49138,0.54022,0.54261,0.32807,0.42639,0.40348,0.47669,0.44999,0.45925,0.27127,0.47454,0.024968,0.22429,0.083999,0.15093,0.17832,0.12766,0.23741,0.17041,0.13961,0.01895,0.31001,0.3857,0.20537,0.33331,0.2102,0.2826,0.071052,0.20902,0.40474,0.3966,0.3416,0.56792,0.51702,0.51587,0.014438,0.18678,0.19223,0.27816,0.38181,0.43462,0.085025,0.44422,0.089536,0.32982,0.18586,0.28984,0.21723,0.20054,0.02994,0,0.26125,0.39248,0.43918,0.29978,0.22275,0
0.085813,0.33712,0.18495,0.22298,0.73361,0.44981,0.23197,0.39078,1,0.34682,0,0.016501,0.050763,0.019287,0.51716,0.21675,0,0.085568,0.21259,0.22109,0.15631,0.16271,0.2768,0.20868,0.35558,0.2243,0.46023,0.41546,0,0,0,0,0,0,0.37428,0.29306,0.13397,0.15903,0.2328,0.26789,0,0.027456,0.23665,0.25482,0.2575,0.18876,0.32141,0.31213,0.21181,0.32076,0.30652,0.24534,0.19121,0.27484,0.28626,0.2544,0.05774,0.30813,0.10389,0.2753,0,0.10848,0,0,0.46738,0.31757,0.41463,0.28116,0.32791,0.42876,0,0.053138,0.25515,0.19812,0.39831,0.31471,0.28052,0.29043,0,0.068487,0.15307,0,0.35575,0.048295,0.32016,0.069566,0.27736,0.024015,0.41493,0.16263,0.42592,0.42677,0.55365,0.40643,0.26388,0.17938,0.24041,0.16226,0.41765,0.44774,0.30381,0.11288,0.37573,0.2223,0.33273,0.32475,0.25759,0.23063,0.13021,0,0.10582,0.30852,0.4279,0.42281,0.23084,0
0.236,0,0.24802,0.4652,0.55871,0.66169,0.30478,0.20857,0.34682,1,0,0,0.0048546,0.32254,0.45906,0.5607,0.19863,0,0.03939,0,0.55058,0.5381,0.23685,0.15597,0.60856,0.61145,0.66242,0.59338,0,0,0,0,0,0,0.14022,0,0,0,0,0,0.32077,0.0070525,0.2692,0.15308,0.25405,0.23176,0.15481,0.10627,0.36106,0.32815,0.24864,0.29866,0.16627,0.44659,0.23059,0.45483,0.29892,0,0.20282,0.065294,0,0,0.057641,0,0.16812,0.012832,0.1143,0.1749,0.090356,0.12243,0.16244,0.32625,0.28071,0.089595,0.16136,0.03424,0.44162,0.42268,0.26996,0,0.18029,0,0.35635,0.18686,0.17101,0.21544,0.42619,0.37601,0.17659,0.29552,0.44773,0.1921,0.21033,0.40508,0,0.104,0.079111,0.21802,0.14374,0.27288,0,0.20247,0,0.31547,0,0.19326,0.040597,0,0,0.069798,0.1012,0.083188,0.06902,0,0,0
0.43788,0.0051847,0.46138,0.28608,0,0,0.51639,0.33615,0,0,1,0.65538,0.73135,0.45846,0.12287,0.10866,0.44467,0.1198,0.22171,0.25045,0,0,0.28813,0.2586,0,0,0,0,0.55121,0.13543,0.29626,0.30521,0.34316,0.40644,0,0,0.10165,0,0,0,0.2453,0,0.20383,0.12436,0.18135,0.26452,0.1607,0.17696,0.33538,0.27849,0.20475,0.28061,0.1717,0.23407,0.086494,0.19083,0.35995,0,0.27727,0.037854,0.66054,0.18084,0.61432,0.4737,0,0,0,0,0,0.32406,0.20825,0.26324,0.17124,0.20733,0.11485,0.068758,0.043739,0.023922,0.19825,0,0.28472,0.50022,0.068918,0.21871,0.035411,0.35631,0,0.16166,0,0.37054,0,0.11481,0,0.15445,0,0,0.0060125,0.23825,0.080258,0.18714,0,0.39925,0,0.22241,0,0.18084,0,0.022203,0.007717,0.031517,0.17841,0.0015923,0.1071,0.038095,0.13275,0
0.24622,0.18844,0.27645,0.16462,0,0,0.33001,0.51485,0.016501,0,0.65538,1,0.47465,0.53754,0,0.095186,0.32119,0.46474,0.27213,0.36996,0,0,0.16948,0.18375,0,0,0,0,0.48279,0.40854,0.26341,0.36638,0.50186,0.51741,0,0,0.25961,0.085429,0.025893,0.10493,0.053066,0.052539,0.25315,0.23763,0.29272,0.29289,0.32441,0.29052,0.30043,0.25315,0.22983,0.24104,0.20656,0.10316,0.061469,0,0.15884,0,0.18413,0.20079,0.54498,0.45532,0.53933,0.70637,0.046946,0.13364,0.11484,0.083898,0.025687,0.34014,0,0.019742,0.16258,0.26251,0.16465,0.18832,0,0,0.10558,0.10437,0.31776,0.62084,0.056593,0.30854,0.021304,0.26561,0,0.032656,0,0.1711,0,0.27901,0.11121,0.1171,0,0,0.11804,0.13893,0.23655,0.20243,0.0026474,0.28803,0.067975,0.19797,0.14865,0.14794,0,0.13445,0.063323,0,0.26639,0.21098,0.30291,0.30832,0.29235,0
0.25939,0,0.46698,0.21082,0,0.054343,0.57466,0.40419,0.050763,0.0048546,0.73135,0.47465,1,0.41095,0.23814,0.22305,0.20594,0,0.11214,0.12696,0,0,0.53969,0.52416,0,0,0,0,0.35221,0.092324,0.21625,0.41065,0.34216,0.27782,0.12416,0.082976,0.10585,0,0,0,0.14738,0.021181,0.16747,0.08216,0.26373,0.25249,0.11333,0.13996,0.31004,0.29448,0.23961,0.29634,0.11671,0.23103,0.032879,0.0865,0.12298,0,0.15244,0,0.62401,0.090127,0.41628,0.25186,0.20057,0.064424,0.12712,0.033373,0,0.46161,0.11392,0.17253,0.055462,0.10648,0.062143,0.08575,0,0,0.10097,0,0.15227,0.46747,0.0070093,0.2782,0.13676,0.33376,0,0.10586,0,0.34907,0,0.27845,0.0063449,0.25342,0,0.037632,0,0.21078,0.12366,0.20811,0,0.34917,0,0.13419,0.0091847,0.20604,0,0,0,0,0.16502,0.062887,0.10017,0.066899,0.19495,0
0.21939,0,0.32579,0.56977,0.19024,0.038629,0.37404,0.5621,0.019287,0.32254,0.45846,0.53754,0.41095,1,0.09449,0.44116,0.48638,0.15141,0.089642,0.10072,0.3239,0.30674,0.24263,0.20927,0.27331,0.33172,0.092834,0.022369,0.35243,0.29803,0.076648,0,0.09047,0.27989,0,0,0.011641,0.21074,0,0.087356,0.37223,0.29961,0.2996,0.16524,0.27066,0.30261,0.19776,0.14456,0.42141,0.30978,0.29988,0.3379,0.21764,0.31,0.20727,0.30898,0.29315,0,0.2147,0.20607,0.43261,0.38447,0.52428,0.53583,0.10104,0.19397,0,0.13161,0.047638,0.21702,0.19033,0.42271,0.21299,0.28543,0.14002,0.18221,0.35676,0.27412,0.43093,0.17287,0.5204,0.35335,0.21518,0.235,0.078947,0.30436,0.19272,0.29439,0.15816,0.22477,0.23774,0.15292,0.10121,0.21173,0,0,0.050794,0.17626,0.12579,0.1963,0,0.20744,0,0.21742,0,0.095221,0,0,0,0,0.21515,0.071527,0.081845,0.022686,0.032671,0
0.22819,0.3167,0.17121,0.35506,0.58282,0.4858,0.29657,0.1757,0.51716,0.45906,0.12287,0,0.23814,0.09449,1,0.63766,0.25162,0.047793,0.391,0.39145,0.49079,0.46797,0.23517,0.14659,0.45407,0.36487,0.60091,0.54874,0.026364,0,0.074443,0,0,0.082548,0.36766,0.20344,0.031537,0.045693,0.15854,0.0051974,0.24637,0.084835,0.33581,0.28746,0.28127,0.32233,0.32662,0.25068,0.27612,0.3245,0.2671,0.19469,0.23357,0.42236,0.39881,0.41565,0.28447,0.29847,0.20248,0.22129,0.12846,0.068839,0.079684,0.022843,0.50252,0.10723,0.30647,0.21866,0.32842,0.46887,0.21085,0.16825,0.44634,0.40015,0.40059,0.35979,0.52945,0.48779,0.2881,0.082566,0.37986,0.079394,0.70033,0.24536,0.50756,0.276,0.44824,0.19877,0.40657,0.23745,0.5105,0.27637,0.42282,0.39178,0.22094,0.1588,0.080931,0.18343,0.44391,0.44903,0.28929,0.092259,0.15974,0.25904,0.0057785,0.28934,0.28714,0.077344,0.19164,0,0.073077,0.24962,0.21548,0.11578,0.14987,0
0.2002,0,0.21803,0.40358,0.45151,0.48819,0.3184,0.33361,0.21675,0.5607,0.10866,0.095186,0.22305,0.44116,0.63766,1,0.37862,0.053659,0.31842,0.3461,0.43401,0.41565,0.25818,0.21307,0.4866,0.49623,0.53907,0.49638,0.245,0.23867,0.24016,0,0.16046,0.21522,0.31244,0.19353,0.089507,0.085834,0.19922,0.069282,0.31432,0.097773,0.37644,0.28006,0.41861,0.39896,0.23748,0.1691,0.34943,0.24569,0.21161,0.18787,0.13176,0.3721,0.34339,0.4123,0.27133,0.0602,0.25613,0.18202,0.23601,0.1852,0.36581,0.23454,0.37995,0.15888,0.28553,0.29765,0.20232,0.36049,0.12124,0.27195,0.32457,0.35943,0.26976,0.29332,0.40355,0.37215,0.4513,0.13812,0.46132,0.34612,0.66288,0.59355,0.39252,0.42426,0.48157,0.4841,0.28986,0.33421,0.44226,0.30758,0.35849,0.38752,0.075418,0.21391,0,0.1562,0.3252,0.36177,0.14326,0.14216,0.028902,0.32684,0,0.25863,0.26685,0.16358,0.041583,0,0.04464,0.25693,0.19354,0.090597,0.12025,0
0.42562,0.062407,0.17181,0.26907,0.1246,0.12829,0.25978,0.10186,0,0.19863,0.44467,0.32119,0.20594,0.48638,0.25162,0.37862,1,0.24392,0.26156,0.20261,0.37818,0.35727,0.15016,0.089217,0.32162,0.3927,0.18525,0.13323,0.72834,0.3916,0.36214,0.04553,0.28558,0.38717,0.0065266,0,0.031328,0.23278,0,0.08777,0.44866,0.3599,0.34865,0.30758,0.24925,0.30584,0.26868,0.17914,0.33768,0.22344,0.19066,0.19295,0.18107,0.31301,0.24406,0.41581,0.46595,0,0.12502,0,0.29573,0.065283,0.55531,0.31789,0.060767,0,0,0,0.060075,0.13676,0.31584,0.36896,0.39782,0.47681,0.16278,0.28586,0.36145,0.29476,0.73722,0.28526,0.73045,0.52736,0.29908,0.29166,0.3494,0.49767,0.20199,0.31691,0,0.18953,0.12929,0,0,0.056672,0,0,0,0.23591,0.19703,0.27453,0,0.07876,0,0.28801,0,0.13597,0,0,0,0,0.12265,0.076731,0.038408,0,0.016826,0.057127
0,0.36754,0,0.014125,0.081572,0,0,0.13247,0.085568,0,0.1198,0.46474,0,0.15141,0.047793,0.053659,0.24392,1,0.24997,0.29325,0,0,0,0,0,0,0,0,0.30758,0.59543,0.30087,0.23042,0.33963,0.46984,0.089957,0.14904,0.25173,0.41334,0.18617,0.40411,0.082973,0.34958,0.13885,0.2036,0.18266,0.17172,0.20362,0.14189,0.02129,0.016889,0.028979,0,0.030145,0,0.080978,0,0,0.27305,0.0020432,0.2028,0.028147,0.31457,0.16844,0.3454,0.11658,0.139,0.20053,0.16807,0.12264,0,0.099125,0,0.32264,0.41893,0.24008,0.12096,0.1587,0.073653,0.19473,0.55355,0.38424,0.34066,0.22564,0.091957,0.30841,0.045311,0.07419,0,0.12717,0,0.01544,0,0.11327,0,0.085757,0.0087593,0.11865,0,0.19372,0.050021,0.3706,0,0.37783,0,0.22881,0.065476,0.19231,0.15897,0.14389,0,0.16822,0.18798,0.093768,0.11803,0.11647,0.037541
0.67538,0.56487,0.47337,0.44339,0.27837,0.24689,0.43156,0.43897,0.21259,0.03939,0.22171,0.27213,0.11214,0.089642,0.391,0.31842,0.26156,0.24997,1,0.92685,0.25972,0.2249,0.22175,0.18965,0.019763,0,0.29826,0.3891,0.079225,0.1857,0.11797,0.017492,0.44712,0.48488,0.19613,0.12384,0.075522,0.13539,0.2573,0.11874,0.16723,0,0.44198,0.40543,0.36532,0.45682,0.44178,0.47136,0.47776,0.48565,0.42419,0.37488,0.447,0.47889,0.57096,0.49397,0.55651,0.53206,0.60328,0.54511,0.46701,0.33351,0.2288,0.22563,0.28549,0.17329,0.47724,0.44358,0.66292,0.517,0.15078,0.13083,0.23237,0.30355,0.25498,0.22483,0.35994,0.35425,0.29451,0.10448,0.40081,0.39015,0.49339,0.48907,0.39701,0.40213,0.28736,0.34964,0.38745,0.49563,0.3258,0.41389,0.36755,0.42013,0.18277,0.15008,0.0098646,0.27759,0.52484,0.60014,0.17435,0.35484,0.2212,0.46413,0.16103,0.38427,0.44226,0.4727,0.27253,0,0,0.39551,0.46331,0.33894,0.22409,0
0.58772,0.52941,0.40924,0.3902,0.24901,0.15153,0.36078,0.4283,0.22109,0,0.25045,0.36996,0.12696,0.10072,0.39145,0.3461,0.20261,0.29325,0.92685,1,0.15316,0.12482,0.12711,0.12604,0,0,0.23271,0.31089,0.078835,0.24868,0.16288,0.10396,0.45811,0.51398,0.18997,0.15954,0.13869,0.14861,0.28561,0.148,0.084121,0,0.35707,0.32162,0.28846,0.39112,0.37941,0.41662,0.39677,0.38585,0.34049,0.26724,0.39254,0.37226,0.51612,0.38407,0.51255,0.56295,0.57647,0.57427,0.50708,0.46288,0.29239,0.36964,0.30232,0.25278,0.4605,0.42456,0.66798,0.57048,0.063043,0.052974,0.19335,0.31847,0.28286,0.2443,0.29498,0.28498,0.26454,0.09662,0.40043,0.44074,0.52566,0.53015,0.3766,0.37728,0.28421,0.30965,0.3963,0.43369,0.25521,0.37853,0.40906,0.37874,0.21096,0.17288,0,0.17229,0.50034,0.53809,0.24311,0.33223,0.30359,0.42115,0.23894,0.32334,0.44965,0.55676,0.32522,0,0,0.33574,0.46084,0.44077,0.27433,0
0.24974,0.15741,0.081225,0.54962,0.61055,0.24978,0.10903,0.061621,0.15631,0.55058,0,0,0,0.3239,0.49079,0.43401,0.37818,0,0.25972,0.15316,1,0.96074,0.03303,0,0.72982,0.65569,0.66625,0.55617,0,0,0,0,0,0.096076,0.27362,0.11372,0,0.1389,0,0,0.53212,0.29544,0.3622,0.16975,0.2071,0.23749,0.1362,0.018984,0.32497,0.22323,0.22571,0.18436,0.19783,0.40529,0.34844,0.50108,0.4272,0.29249,0.30982,0.28289,0.058482,0.13525,0.036907,0.0069308,0.25182,0.13876,0.1113,0.23901,0.30033,0.11443,0.54486,0.59059,0.48316,0.39725,0.39856,0.23302,0.73873,0.67495,0.44689,0.080316,0.38956,0,0.51616,0.029975,0.20751,0.14491,0.57342,0.37188,0.34019,0.10134,0.49462,0,0.17781,0.18443,0,0,0,0.12793,0.17651,0.23027,0.19257,0,0,0.27575,0,0.20472,0.40501,0,0,0,0.064581,0.07763,0,0,0,0.25972
0.22671,0.18493,0.067709,0.56429,0.62489,0.22135,0.075669,0.044884,0.16271,0.5381,0,0,0,0.30674,0.46797,0.41565,0.35727,0,0.2249,0.12482,0.96074,1,0.0046674,0,0.7481,0.66539,0.67316,0.57239,0,0,0,0,0,0.065519,0.28891,0.13003,0,0.1566,0,0,0.5096,0.3229,0.35509,0.18639,0.20207,0.23657,0.15836,0.046465,0.33856,0.23145,0.25913,0.19739,0.21963,0.40446,0.3788,0.50891,0.42329,0.33406,0.30799,0.3022,0.018006,0.11989,0.0060085,0,0.23731,0.14322,0.11001,0.25005,0.31369,0.077628,0.54219,0.59093,0.50096,0.44937,0.43212,0.25633,0.75462,0.68922,0.45656,0.12281,0.4011,0,0.52778,0.0045864,0.23552,0.14495,0.56833,0.32684,0.35456,0.082049,0.49903,0,0.17433,0.16884,0,0,0.013278,0.13272,0.19291,0.21774,0.23698,0,0,0.25722,0,0.15126,0.37833,0,0,0,0.07584,0.078356,0,0,0,0.20502
0.40597,0.03834,0.76623,0.4116,0.057467,0.2931,0.78813,0.51762,0.2768,0.23685,0.28813,0.16948,0.53969,0.24263,0.23517,0.25818,0.15016,0,0.22175,0.12711,0.03303,0.0046674,1,0.9428,0.29293,0.33335,0.12893,0.2414,0.080743,0,0.29085,0.28501,0.24479,0.14281,0.30299,0.14077,0.027402,0,0.026459,0,0.097301,0,0.36154,0.24404,0.4033,0.32977,0.17707,0.16099,0.31454,0.31478,0.23611,0.32255,0.15742,0.42237,0.06571,0.23698,0.24022,0,0.16914,0,0.4972,0,0.26312,0.05648,0.44938,0.19945,0.22191,0.099656,0.050691,0.46715,0.078282,0.35558,0.038533,0,0,0.0032086,0.029414,0.08128,0.18493,0,0.079205,0.35691,0,0.25833,0.15836,0.39282,0,0.11862,0.057906,0.48914,0.10801,0.44366,0.10943,0.53752,0,0,0,0.17774,0.10357,0.30408,0,0.42713,0,0.17874,0,0.38836,0,0,0.0070714,0,0.1163,0.13217,0.1867,0.035912,0.23406,0.06805
0.3348,0.02077,0.67518,0.34572,0,0.2364,0.70437,0.50995,0.20868,0.15597,0.2586,0.18375,0.52416,0.20927,0.14659,0.21307,0.089217,0,0.18965,0.12604,0,0,0.9428,1,0.19657,0.2662,0.027679,0.15502,0.083424,0,0.33763,0.39722,0.3546,0.21543,0.30766,0.2241,0.045619,0,0.0079992,0,0,0,0.29444,0.19902,0.38508,0.29375,0.10683,0.099655,0.22196,0.20582,0.12669,0.21839,0.041835,0.28739,0,0.075758,0.10703,0,0.075908,0,0.45443,0.052085,0.2541,0.082049,0.4107,0.26883,0.21706,0.078339,0,0.43611,0.11174,0.34632,0,0,0,0.024469,0,0.013133,0.10494,0,0.03893,0.36363,0,0.24323,0.12717,0.3631,0,0.069449,0.0093338,0.4204,0,0.39389,0.088204,0.43954,0,0,0,0.14085,0.031746,0.18212,0,0.36565,0,0.098929,0,0.33437,0,0,0.056089,0,0.11471,0.1221,0.15752,0.0058947,0.22847,0.13414
0.063876,0.050264,0.11597,0.44622,0.66199,0.37784,0.14977,0.083545,0.35558,0.60856,0,0,0,0.27331,0.45407,0.4866,0.32162,0,0.019763,0,0.72982,0.7481,0.29293,0.19657,1,0.89093,0.71011,0.57637,0.015072,0,0.11656,0,0,0,0.45757,0.23006,0,0.17763,0.11578,0.14098,0.44483,0.31921,0.36642,0.24688,0.27532,0.18196,0.16797,0.04555,0.24506,0.13469,0.19438,0.15857,0.11843,0.33607,0.2637,0.43477,0.22009,0.15189,0.10531,0.07449,0,0,0,0,0.37735,0.18328,0.15385,0.18172,0.16117,0.070253,0.33157,0.49753,0.43034,0.37701,0.27698,0.20524,0.58182,0.53076,0.41236,0.17253,0.32911,0,0.47358,0.092681,0.27984,0.18101,0.53574,0.35246,0.31045,0.072435,0.49629,0.050837,0.23937,0.25263,0,0,0,0.028506,0.15422,0.18851,0.17447,0,0,0.14925,0,0.21636,0.23563,0,0,0,0.080724,0.095614,0,0,0,0.070722
0.08905,0,0.16293,0.44771,0.53456,0.42025,0.19603,0.096176,0.2243,0.61145,0,0,0,0.33172,0.36487,0.49623,0.3927,0,0,0,0.65569,0.66539,0.33335,0.2662,0.89093,1,0.64514,0.5717,0.13,0.033144,0.2716,0,0,0.037428,0.43647,0.26695,0,0.14382,0.15279,0.14752,0.48496,0.27774,0.32544,0.19326,0.29165,0.20228,0.11169,0.025735,0.21665,0.10878,0.16006,0.14054,0.057916,0.27515,0.17997,0.36813,0.21202,0,0.082531,0,0.0070651,0,0.11533,0,0.37321,0.22743,0.10525,0.17853,0.040829,0.011428,0.2892,0.49833,0.35586,0.30797,0.19009,0.12537,0.50857,0.50431,0.48299,0.18937,0.35645,0,0.41812,0.18963,0.26361,0.19478,0.47735,0.4108,0.23289,0.12479,0.39209,0.012739,0.11106,0.20441,0,0,0,0.02462,0.036822,0.10116,0.023572,0,0,0.070398,0,0.17141,0.12738,0,0,0,0.13522,0.056835,0,0,0,0.088041
0.25679,0.19349,0.16205,0.45905,0.7961,0.60496,0.16983,0.076222,0.46023,0.66242,0,0,0,0.092834,0.60091,0.53907,0.18525,0,0.29826,0.23271,0.66625,0.67316,0.12893,0.027679,0.71011,0.64514,1,0.9003,0,0,0,0,0,0,0.34903,0.15977,0,0.16809,0.20191,0.1455,0.29499,0.067426,0.29479,0.21437,0.17258,0.21478,0.24871,0.20136,0.25686,0.24226,0.23347,0.20568,0.25059,0.42964,0.42071,0.56079,0.39848,0.35851,0.30621,0.28186,0,0,0,0,0.30294,0.13484,0.21796,0.26115,0.4361,0.19055,0.23748,0.34856,0.3626,0.27525,0.38398,0.2579,0.58619,0.60482,0.32575,0.061239,0.30685,0,0.65174,0.25588,0.29927,0.18219,0.68844,0.40386,0.46099,0.27745,0.55079,0.16708,0.33379,0.3773,0.11303,0.16971,0.032957,0.12412,0.28083,0.36186,0.21287,0.025686,0.079745,0.28119,0,0.2419,0.2978,0.15484,0,0,0,0.14932,0.18148,0.089327,0,0
0.37798,0.17412,0.3075,0.40128,0.66792,0.68398,0.26417,0.083166,0.41546,0.59338,0,0,0,0.022369,0.54874,0.49638,0.13323,0,0.3891,0.31089,0.55617,0.57239,0.2414,0.15502,0.57637,0.5717,0.9003,1,0,0,0.04729,0,0,0,0.28117,0.12194,0.061531,0.039868,0.28198,0.065213,0.25323,0,0.30321,0.21543,0.13912,0.1774,0.24568,0.22247,0.23754,0.22212,0.20152,0.16957,0.21326,0.42533,0.39223,0.52714,0.43149,0.27346,0.31708,0.20353,0.034929,0,0,0,0.22455,0.062752,0.23057,0.24588,0.39014,0.24669,0.13493,0.29158,0.24903,0.157,0.27812,0.18425,0.42393,0.51277,0.24999,0.046889,0.21873,0,0.58227,0.30096,0.26075,0.2131,0.54141,0.35813,0.33751,0.41773,0.432,0.24068,0.26007,0.44771,0.19487,0.19727,0,0.13381,0.2407,0.37911,0.023138,0.19162,0,0.30337,0,0.28103,0.21574,0.20369,0.095906,0,0,0.17157,0.19906,0.081639,0.00096034,0
0.23051,0,0.06185,0,0,0,0.16708,0,0,0,0.55121,0.48279,0.35221,0.35243,0.026364,0.245,0.72834,0.30758,0.079225,0.078835,0,0,0.080743,0.083424,0.015072,0.13,0,0,1,0.53463,0.54827,0.42419,0.4845,0.40329,0,0,0.24944,0.065431,0.067436,0.031619,0.32381,0.13152,0.19681,0.22782,0.13909,0.1641,0.1355,0.092321,0.11732,0.014857,0,0.02801,0,0.041216,0,0.12398,0.18275,0,0,0,0.29001,0,0.57056,0.34335,0,0,0,0,0,0.0050174,0.15439,0.13937,0.25624,0.33849,0,0.15215,0,0,0.41934,0.23951,0.4322,0.57638,0.11107,0.32425,0.12842,0.36914,0,0.21804,0,0.14872,0,0,0,0,0,0,0,0.09935,0.020206,0.022129,0,0.049581,0,0.095081,0,0.0093786,0,0,0.017832,0,0.10427,0.0027683,0,0,0.07324,0.036657
0,0.19902,0,0,0,0,0,0.16337,0,0,0.13543,0.40854,0.092324,0.29803,0,0.23867,0.3916,0.59543,0.1857,0.24868,0,0,0,0,0,0.033144,0,0,0.53463,1,0.36308,0.25059,0.35806,0.40966,0,0,0.22095,0.40244,0.2453,0.30541,0.10363,0.39991,0.0086424,0.10901,0.095189,0.065602,0.069645,0.014101,0,0,0.021088,0,0.054043,0,0.13034,0,0,0.15751,0,0.10545,0.13403,0.32511,0.23391,0.32958,0.032171,0.034665,0,0,0.098928,0,0.044756,0,0.087666,0.43156,0.065629,0.13226,0.018553,0,0.36741,0.66672,0.47472,0.47435,0.24477,0.37862,0.32045,0.066463,0.086561,0.058065,0.12999,0,0.00095028,0,0,0,0.13999,0.13422,0,0,0.18803,0,0.33497,0,0.28177,0,0,0,0.17089,0.13033,0.15281,0,0,0.12911,0.047436,0.044963,0,0
0.051791,0,0.11168,0,0,0.088609,0.13186,0.053944,0,0,0.29626,0.26341,0.21625,0.076648,0.074443,0.24016,0.36214,0.30087,0.11797,0.16288,0,0,0.29085,0.33763,0.11656,0.2716,0,0.04729,0.54827,0.36308,1,0.71036,0.51594,0.53953,0.16038,0.19267,0.2746,0.098939,0.19365,0.11013,0.18741,0.031845,0.15354,0.17638,0.25169,0.19692,0.024733,0.013223,0,0,0,0,0,0,0,0,0.0098789,0,0,0,0.1844,0.053441,0.42071,0.25806,0.15459,0.071487,0,0,0,0,0.16189,0.1853,0.15895,0.23109,0.081872,0.033264,0,0,0.26916,0.15296,0.22946,0.39863,0.14219,0.26858,0.068879,0.14371,0,0.17914,0,0,0,0,0,0,0,0,0,0,0,0,0,0,0,0,0,0.043566,0,0,0.020243,0,0.084128,0,0,0,0.026584,0.051429
0,0,0.083238,0,0,0,0.11562,0.036445,0,0,0.30521,0.36638,0.41065,0,0,0,0.04553,0.23042,0.017492,0.10396,0,0,0.28501,0.39722,0,0,0,0,0.42419,0.25059,0.71036,1,0.60809,0.42744,0.063204,0.19194,0.38197,0,0.21504,0.10139,0,0,0,0.050484,0.084806,0.022416,0,0.011688,0,0,0,0,0,0,0,0,0,0,0,0,0.18447,0,0.27749,0.165,0.039958,0.056188,0.015277,0,0,0.087043,0,0,0,0.041757,0,0.044121,0,0,0,0,0,0.45448,0,0.2148,0,0.12125,0,0,0,0.050163,0,0,0,0,0,0,0,0,0,0,0,0.025992,0,0,0.20238,0.082856,0,0.12108,0.14224,0,0.041384,0,0,0.10759,0.21909,0
0.33022,0.25566,0.18477,0,0,0.076263,0.25073,0.25283,0,0,0.34316,0.50186,0.34216,0.09047,0,0.16046,0.28558,0.33963,0.44712,0.45811,0,0,0.24479,0.3546,0,0,0,0,0.4845,0.35806,0.51594,0.60809,1,0.76347,0.17181,0.28738,0.32041,0.13414,0.10269,0.093621,0,0,0.27007,0.31427,0.37164,0.40195,0.26191,0.33543,0.1515,0.14964,0.094665,0.087046,0.04577,0.079282,0.029246,0,0.079691,0,0.07729,0,0.42457,0.20693,0.44463,0.34062,0.1675,0.099879,0.27202,0.12084,0.09675,0.27996,0.064033,0.0038739,0.06496,0.14811,0.092792,0.11099,0,0,0.0959,0.063162,0.23178,0.59695,0.091747,0.46136,0.17445,0.32395,0,0.20718,0,0.22,0,0.29392,0.031768,0.046825,0,0,0.0061442,0.19924,0.22535,0.18195,0,0.10867,0.044489,0.12495,0.11068,0.19604,0.029005,0.19363,0.0051777,0,0.18617,0.28059,0.25273,0.18899,0.18624,0.13469
0.29676,0.32625,0.18486,0.26476,0.0013492,0,0.21054,0.36948,0,0,0.40644,0.51741,0.27782,0.27989,0.082548,0.21522,0.38717,0.46984,0.48488,0.51398,0.096076,0.065519,0.14281,0.21543,0,0.037428,0,0,0.40329,0.40966,0.53953,0.42744,0.76347,1,0.29856,0.35122,0.13479,0.22971,0.052458,0.14825,0.11987,0.0902,0.33914,0.3257,0.47248,0.5419,0.26015,0.28656,0.30305,0.24284,0.1813,0.14368,0.08141,0.066523,0.15219,0.072175,0.2459,0.18423,0.25566,0.22346,0.50174,0.52296,0.53637,0.55472,0.31199,0.32866,0.26778,0.29339,0.20312,0.20539,0.31621,0.28597,0.25344,0.38705,0.31637,0.18779,0.25009,0.18871,0.33163,0.18976,0.45,0.51966,0.26006,0.37542,0.27601,0.30694,0.15644,0.29892,0.14402,0.10113,0,0.12002,0.08364,0,0,0,0.069113,0.20603,0.2195,0.12894,0.15451,0.033908,0.094802,0.20938,0.16326,0.20817,0.20331,0.16159,0,0,0.26656,0.22355,0.19942,0.13166,0.086041,0.16276
0,0.23449,0.096877,0.22507,0.37875,0.16088,0.12337,0.19579,0.37428,0.14022,0,0,0.12416,0,0.36766,0.31244,0.0065266,0.089957,0.19613,0.18997,0.27362,0.28891,0.30299,0.30766,0.45757,0.43647,0.34903,0.28117,0,0,0.16038,0.063204,0.17181,0.29856,1,0.82492,0.14002,0.21589,0.2496,0.27982,0.19173,0.20225,0.37654,0.27763,0.55388,0.41792,0.29641,0.26143,0.25789,0.21283,0.27471,0.15164,0.13782,0.23782,0.22472,0.18962,0.0054466,0.21644,0.13566,0.22213,0.09441,0.20733,0,0,0.60435,0.47257,0.59364,0.51479,0.26029,0.35447,0.074934,0.146,0.26063,0.29599,0.36379,0.22408,0.34539,0.35639,0.10367,0.050156,0.1225,0,0.34775,0.15313,0.29725,0.18271,0.30906,0.17508,0.36593,0.047651,0.37953,0.2804,0.43693,0.22941,0,0.029644,0.14764,0.13251,0.31029,0.25308,0.29398,0,0.25159,0.19939,0.23527,0.30722,0.42552,0.0952,0,0,0.28791,0.33432,0.10731,0.10537,0.075399,0.14773
0,0.17406,0,0.082411,0.25492,0.082472,0,0.1856,0.29306,0,0,0,0.082976,0,0.20344,0.19353,0,0.14904,0.12384,0.15954,0.11372,0.13003,0.14077,0.2241,0.23006,0.26695,0.15977,0.12194,0,0,0.19267,0.19194,0.28738,0.35122,0.82492,1,0.20553,0.17961,0.26007,0.34388,0.067457,0.12715,0.3863,0.33956,0.55726,0.47154,0.34101,0.34624,0.20951,0.16048,0.21814,0.13104,0.084709,0.16544,0.1388,0.09153,0,0.0763,0.045822,0.19558,0,0.22967,0,0.0033132,0.43478,0.45589,0.63129,0.60214,0.11482,0.34969,0,0,0.20527,0.23182,0.35738,0.25024,0.1822,0.24392,0,0,0.10774,0.038999,0.26202,0.090507,0.21147,0.19346,0.14585,0.085822,0.27456,0.085778,0.26654,0.27826,0.45333,0.14303,0,0.032545,0.319,0.28278,0.28544,0.21651,0.25347,0,0.35779,0.18565,0.40485,0.33928,0.36279,0.14364,0,0,0.46978,0.45915,0.18975,0.20525,0.23972,0.20622
0.044804,0.050669,0,0,0.0068138,0.053038,0,0,0.13397,0,0.10165,0.25961,0.10585,0.011641,0.031537,0.089507,0.031328,0.25173,0.075522,0.13869,0,0,0.027402,0.045619,0,0,0,0.061531,0.24944,0.22095,0.2746,0.38197,0.32041,0.13479,0.14002,0.20553,1,0.37454,0.69713,0.53657,0.086777,0,0.18071,0.24973,0.073657,0.059697,0.42219,0.43777,0,0,0.091434,0.049919,0.13654,0.02486,0.21145,0.078873,0.018079,0,0,0.013824,0.012863,0,0.064302,0.068777,0,0,0.1513,0.12709,0.055547,0.043111,0,0,0.051336,0.11329,0.064689,0.15517,0.01002,0.11144,0,0.13418,0.070192,0.2646,0.16108,0.21344,0.079968,0.13374,0,0.017205,0.027937,0.1553,0.077107,0.24098,0.15808,0.068016,0,0.097518,0.26389,0.17399,0.1303,0.12836,0.037234,0.02365,0.24241,0,0.25876,0.013741,0,0.13788,0,0.00041234,0.26547,0.21275,0.15645,0.25768,0.2158,0
0,0.18967,0,0.050587,0.26367,0,0,0.054714,0.15903,0,0,0.085429,0,0.21074,0.045693,0.085834,0.23278,0.41334,0.13539,0.14861,0.1389,0.1566,0,0,0.17763,0.14382,0.16809,0.039868,0.065431,0.40244,0.098939,0,0.13414,0.22971,0.21589,0.17961,0.37454,1,0.36544,0.73995,0.23498,0.43241,0.21202,0.2214,0.069907,0.09059,0.23944,0.22766,0,0,0.093476,0.00078298,0.15514,0,0.31353,0.19147,0.02152,0.27963,0.035272,0.20262,0,0.17718,0,0.077387,0.11447,0.1969,0.089311,0.15207,0.23141,0,0.1788,0.18406,0.13311,0.2638,0.25994,0.16781,0.39985,0.36495,0.29998,0.43112,0.41843,0.059982,0.35065,0.082665,0.25628,0,0.37888,0.22289,0.34703,0,0.26018,0.004486,0.22411,0,0,0,0.10944,0.029419,0.12969,0.13325,0.45052,0,0.38794,0,0.24921,0,0.25998,0.25925,0,0,0.072403,0.058177,0.09257,0.15778,0,0
0.074026,0.14768,0.062477,0,0.20861,0.0425,0,0.026815,0.2328,0,0,0.025893,0,0,0.15854,0.19922,0,0.18617,0.2573,0.28561,0,0,0.026459,0.0079992,0.11578,0.15279,0.20191,0.28198,0.067436,0.2453,0.19365,0.21504,0.10269,0.052458,0.2496,0.26007,0.69713,0.36544,1,0.58968,0.2055,0,0.25471,0.23994,0.062888,0.015179,0.39089,0.37488,0.052247,0.040917,0.18131,0.057499,0.26199,0.08758,0.45292,0.22856,0.14559,0.22291,0.20018,0.2615,0,0.018525,0,0,0.04251,0.082319,0.31212,0.33467,0.23573,0.066776,0,0,0,0.10645,0.028813,0.074014,0.13721,0.20271,0.10114,0.1369,0.14992,0.16525,0.41973,0.38494,0.23064,0.098824,0.22809,0.16021,0.2936,0.21669,0.21146,0.2634,0.31595,0.18097,0.27332,0.17129,0.092581,0.072782,0.19208,0.2603,0.15607,0.047707,0.35861,0.009834,0.34432,0.19305,0.24563,0.41944,0.308,0,0.047225,0.2568,0.23628,0.3593,0.3176,0
0,0.17594,0,0,0.27771,0,0,0.10952,0.26789,0,0,0.10493,0,0.087356,0.0051974,0.069282,0.08777,0.40411,0.11874,0.148,0,0,0,0,0.14098,0.14752,0.1455,0.065213,0.031619,0.30541,0.11013,0.10139,0.093621,0.14825,0.27982,0.34388,0.53657,0.73995,0.58968,1,0.14239,0.31061,0.23148,0.31389,0.15645,0.13842,0.37691,0.38729,0.098863,0.079115,0.27541,0.18467,0.21639,0,0.37553,0.23886,0.01752,0.22422,0.087595,0.28777,0,0.17326,0,0.024518,0.086552,0.2783,0.32423,0.38259,0.20032,0,0,0,0.1568,0.20449,0.18879,0.14508,0.2583,0.28391,0.17012,0.25017,0.31661,0.10616,0.3259,0.14533,0.27284,0.11742,0.29332,0.22158,0.31979,0,0.19789,0.07365,0.30205,0,0.027321,0.098566,0.30997,0.1799,0.18441,0.19316,0.40987,0,0.48034,0,0.39629,0.11506,0.18468,0.3419,0,0,0.25983,0.21312,0.1641,0.31927,0.084403,0
0.31226,0,0.20463,0.36802,0.17964,0.084527,0.20664,0,0,0.32077,0.2453,0.053066,0.14738,0.37223,0.24637,0.31432,0.44866,0.082973,0.16723,0.084121,0.53212,0.5096,0.097301,0,0.44483,0.48496,0.29499,0.25323,0.32381,0.10363,0.18741,0,0,0.11987,0.19173,0.067457,0.086777,0.23498,0.2055,0.14239,1,0.32376,0.31968,0.18252,0.24189,0.24907,0.14671,0.078238,0.32526,0.17243,0.24396,0.25241,0.17051,0.27762,0.21745,0.44191,0.50208,0,0.3342,0.071036,0.27166,0.0040701,0.28948,0.078489,0.089541,0,0.057504,0.24513,0.078392,0.076629,0.30277,0.37261,0.38212,0.33173,0.09244,0.023442,0.42208,0.40146,0.43621,0.037373,0.30815,0.10713,0.35471,0.22217,0.070991,0.32622,0.30684,0.39201,0,0.22126,0.16799,0,0,0.1211,0,0,0,0.14258,0,0.15858,0,0.15738,0,0.30537,0,0.22158,0.087539,0.01856,0,0,0.11536,0,0,0,0,0
0,0.16745,0,0.15019,0.15795,0,0,0.082415,0.027456,0.0070525,0,0.052539,0.021181,0.29961,0.084835,0.097773,0.3599,0.34958,0,0,0.29544,0.3229,0,0,0.31921,0.27774,0.067426,0,0.13152,0.39991,0.031845,0,0,0.0902,0.20225,0.12715,0,0.43241,0,0.31061,0.32376,1,0.061698,0,0.068272,0.038329,0.059248,0,0.067017,0,0.074985,0,0.077588,0,0.1405,0.050366,0,0.19648,0,0.086462,0,0.25762,0.016361,0.11889,0.19099,0.18883,0,0.036008,0.041215,0,0.27289,0.11799,0.32986,0.4237,0.19138,0.19209,0.28813,0.16217,0.38688,0.42444,0.42854,0,0.19881,0,0.30459,0.026343,0.18903,0,0.2535,0,0.20986,0,0.046044,0,0,0,0.041293,0,0.12996,0.0391,0.36747,0,0.21343,0,0.070315,0,0.1933,0,0,0.012726,0.12665,0.059587,0,0,0,0.025147
0.46948,0.2608,0.41902,0.40302,0.29804,0.26298,0.46725,0.43007,0.23665,0.2692,0.20383,0.25315,0.16747,0.2996,0.33581,0.37644,0.34865,0.13885,0.44198,0.35707,0.3622,0.35509,0.36154,0.29444,0.36642,0.32544,0.29479,0.30321,0.19681,0.0086424,0.15354,0,0.27007,0.33914,0.37654,0.3863,0.18071,0.21202,0.25471,0.23148,0.31968,0.061698,1,0.87274,0.76102,0.74581,0.78271,0.71962,0.64385,0.57434,0.61301,0.5202,0.48713,0.67274,0.52609,0.63311,0.41815,0.086461,0.42394,0.29462,0.2878,0.14143,0.20519,0.15176,0.34882,0.18993,0.50874,0.52142,0.20843,0.41905,0.055164,0.22401,0.31901,0.2098,0.39071,0.25372,0.43707,0.46095,0.29087,0,0.31505,0.22207,0.40593,0.30225,0.24187,0.39065,0.27282,0.33594,0.24575,0.47058,0.56201,0.58829,0.49712,0.58409,0,0,0.37269,0.59975,0.58684,0.68689,0.12341,0.40317,0.086954,0.56876,0.17542,0.56918,0.33209,0.12861,0,0,0.54158,0.62254,0.5102,0.33874,0.4019,0.2025
0.39303,0.31585,0.28858,0.23329,0.24023,0.29319,0.33492,0.34302,0.25482,0.15308,0.12436,0.23763,0.08216,0.16524,0.28746,0.28006,0.30758,0.2036,0.40543,0.32162,0.16975,0.18639,0.24404,0.19902,0.24688,0.19326,0.21437,0.21543,0.22782,0.10901,0.17638,0.050484,0.31427,0.3257,0.27763,0.33956,0.24973,0.2214,0.23994,0.31389,0.18252,0,0.87274,1,0.71258,0.7507,0.81122,0.77487,0.57141,0.57933,0.61756,0.56636,0.45666,0.55999,0.4971,0.56869,0.30204,0.067937,0.31286,0.22158,0.15419,0.045896,0.12389,0.049359,0.27058,0.1053,0.46239,0.4598,0.12968,0.2786,0.02627,0.064786,0.29763,0.21058,0.33695,0.27308,0.34635,0.34246,0.23706,0.068121,0.28912,0.2849,0.3368,0.26953,0.2794,0.43978,0.18135,0.21092,0.16883,0.39877,0.44661,0.52512,0.41467,0.45508,0,0.074834,0.47158,0.63407,0.60477,0.60376,0.1691,0.30087,0.13989,0.47563,0.16523,0.46442,0.18317,0.098739,0.023717,0,0.49243,0.64285,0.53333,0.36906,0.34899,0.059312
0.29429,0.16087,0.39483,0.42099,0.25365,0.25065,0.4709,0.55484,0.2575,0.25405,0.18135,0.29272,0.26373,0.27066,0.28127,0.41861,0.24925,0.18266,0.36532,0.28846,0.2071,0.20207,0.4033,0.38508,0.27532,0.29165,0.17258,0.13912,0.13909,0.095189,0.25169,0.084806,0.37164,0.47248,0.55388,0.55726,0.073657,0.069907,0.062888,0.15645,0.24189,0.068272,0.76102,0.71258,1,0.88919,0.58801,0.56486,0.66689,0.61013,0.58381,0.56154,0.30781,0.49767,0.3053,0.38921,0.20331,0,0.38049,0.28293,0.33009,0.25546,0.2627,0.1925,0.49377,0.38612,0.65072,0.65035,0.10867,0.40831,0.04519,0.19642,0.31159,0.24229,0.36514,0.22305,0.28541,0.2747,0.21666,0,0.23458,0.311,0.29489,0.35453,0.22024,0.42792,0.14655,0.31514,0.18608,0.3734,0.38472,0.51329,0.44077,0.45667,0,0.086242,0.3752,0.53944,0.47404,0.50149,0.10319,0.37199,0.055909,0.56498,0.11145,0.51061,0.26353,0.094526,0,0,0.58959,0.59396,0.42407,0.21485,0.2132,0.1549
0.43955,0.26929,0.42877,0.47666,0.25809,0.26045,0.48093,0.5113,0.18876,0.23176,0.26452,0.29289,0.25249,0.30261,0.32233,0.39896,0.30584,0.17172,0.45682,0.39112,0.23749,0.23657,0.32977,0.29375,0.18196,0.20228,0.21478,0.1774,0.1641,0.065602,0.19692,0.022416,0.40195,0.5419,0.41792,0.47154,0.059697,0.09059,0.015179,0.13842,0.24907,0.038329,0.74581,0.7507,0.88919,1,0.66476,0.66065,0.73389,0.73509,0.64462,0.67573,0.44045,0.62157,0.44005,0.52518,0.37268,0.08084,0.48231,0.36033,0.40056,0.28873,0.3424,0.26299,0.41368,0.29176,0.58408,0.63641,0.22273,0.42666,0.093079,0.20644,0.32591,0.2561,0.37447,0.21268,0.38011,0.37428,0.2796,0,0.32165,0.36328,0.32867,0.36417,0.23882,0.5181,0.20565,0.35651,0.24077,0.47564,0.41169,0.51473,0.39677,0.47952,0,0.11759,0.4388,0.66395,0.53838,0.58567,0.091537,0.39101,0.015779,0.58575,0.0716,0.46962,0.23001,0.068861,0,0.032968,0.57638,0.61739,0.48569,0.25444,0.1868,0.11079
0.42622,0.47665,0.27352,0.23951,0.2638,0.24094,0.30289,0.33449,0.32141,0.15481,0.1607,0.32441,0.11333,0.19776,0.32662,0.23748,0.26868,0.20362,0.44178,0.37941,0.1362,0.15836,0.17707,0.10683,0.16797,0.11169,0.24871,0.24568,0.1355,0.069645,0.024733,0,0.26191,0.26015,0.29641,0.34101,0.42219,0.23944,0.39089,0.37691,0.14671,0.059248,0.78271,0.81122,0.58801,0.66476,1,0.92524,0.63113,0.67454,0.70786,0.60149,0.6918,0.69444,0.66524,0.59591,0.34601,0.24505,0.3569,0.38071,0.13755,0.10876,0.056882,0.088441,0.20734,0.044333,0.50875,0.45656,0.32533,0.38701,0,0,0.24067,0.19415,0.34819,0.29687,0.36722,0.37733,0.16021,0.025526,0.32696,0.26944,0.3595,0.24541,0.30944,0.38691,0.1866,0.11844,0.31959,0.4314,0.58022,0.62669,0.52756,0.48188,0,0.09695,0.60969,0.65335,0.75912,0.72796,0.23487,0.28884,0.27655,0.45832,0.23773,0.39847,0.17248,0.13015,0,0.0070349,0.56606,0.71616,0.59457,0.4236,0.32495,0
0.49012,0.45904,0.32669,0.22814,0.21575,0.2568,0.3213,0.35042,0.31213,0.10627,0.17696,0.29052,0.13996,0.14456,0.25068,0.1691,0.17914,0.14189,0.47136,0.41662,0.018984,0.046465,0.16099,0.099655,0.04555,0.025735,0.20136,0.22247,0.092321,0.014101,0.013223,0.011688,0.33543,0.28656,0.26143,0.34624,0.43777,0.22766,0.37488,0.38729,0.078238,0,0.71962,0.77487,0.56486,0.66065,0.92524,1,0.6521,0.71935,0.70939,0.64074,0.67723,0.69359,0.65994,0.60876,0.37844,0.23537,0.38601,0.38084,0.17207,0.089084,0.11581,0.091513,0.16525,0.039701,0.50424,0.4709,0.32743,0.39259,0,0,0.13789,0.13172,0.29571,0.25782,0.28507,0.33985,0.086202,0,0.2869,0.27508,0.32943,0.25969,0.28358,0.39923,0.16016,0.15149,0.30167,0.5102,0.52633,0.6317,0.48971,0.4895,0,0.10696,0.58406,0.69977,0.73453,0.73797,0.18922,0.37032,0.27025,0.47125,0.2577,0.39771,0.13221,0.21398,0,0,0.53347,0.70071,0.59944,0.4467,0.27397,0
0.6457,0.27975,0.55562,0.6064,0.26839,0.22935,0.56463,0.50169,0.21181,0.36106,0.33538,0.30043,0.31004,0.42141,0.27612,0.34943,0.33768,0.02129,0.47776,0.39677,0.32497,0.33856,0.31454,0.22196,0.24506,0.21665,0.25686,0.23754,0.11732,0,0,0,0.1515,0.30305,0.25789,0.20951,0,0,0.052247,0.098863,0.32526,0.067017,0.64385,0.57141,0.66689,0.73389,0.63113,0.6521,1,0.90519,0.83399,0.8291,0.62922,0.75128,0.58705,0.69864,0.61345,0.19715,0.68949,0.48173,0.4588,0.2194,0.31283,0.19533,0.19711,0.11155,0.49884,0.54089,0.3582,0.51353,0.11161,0.22472,0.28616,0.21273,0.24743,0.14214,0.39314,0.37188,0.34916,0,0.35798,0.27786,0.31687,0.34448,0.196,0.51345,0.2511,0.3742,0.19563,0.55988,0.40321,0.43162,0.28663,0.54303,0,0.073441,0.28504,0.60309,0.54899,0.67574,0.056071,0.52507,0,0.68277,0,0.46174,0.19916,0.20213,0,0,0.36038,0.42915,0.42493,0.2475,0.068558,0
