1,0.81564,0.54134,0.51772,0.22252,0.1942,0.55583,0.49336,0,0.045866,0.34999,0.47018,0.28682,0.31453,0.25664,0.25171,0.60468,0.56803,0.65202,0.66585,0.29155,0.20682,0.25265,0.19946,0.33939,0.19449,0.30955,0.31621,0.35693,0.16759,0.38767,0.32394,0.63156,0.64578,0.48883,0.51423,0.35942,0.28666,0.36132,0.25283,0.41959,0.12135,0.62288,0.54326,0.44563,0.51336,0.63848,0.61253,0.5739,0.67633,0.68333,0.69209,0.52757,0.47072,0.53858,0.5631,0.86421,0.75936,0.70043,0.51722,0.56507,0.37188,0.40246,0.62154,0.20021,0.17951,0.61317,0.58589,0.76583,0.59221,0.15265,0.077812,0.47317,0.48566,0.35544,0.40735,0.39369,0.53769,0.42308,0.2359,0.49611,0.43981,0.35988,0.45232,0.37605,0.25848,0.26972,0.31861,0.24897,0.36237,0.54296,0.24527,0.3721,0.35725,0.21103,0.13951,0.48479,0.45001,0.64427,0.63162,0.40355,0.35324,0.39339,0.39174,0.31675,0.35434,0.22066,0.2533,0.12665,0.26013,0.48007,0.43614,0.48866,0.42495,0.32032,0.054087
0.81564,1,0.46223,0.46912,0.22264,0.14152,0.37852,0.41012,0,0.0065446,0.3406,0.43852,0.18181,0.24492,0.27397,0.16761,0.59753,0.69138,0.61693,0.61472,0.38992,0.26681,0.23837,0.17645,0.48266,0.27852,0.41577,0.388,0.35988,0.23367,0.49649,0.42203,0.59274,0.62717,0.48595,0.4655,0.21487,0.22557,0.3392,0.26615,0.38448,0.1684,0.67653,0.61548,0.52425,0.56462,0.67228,0.6401,0.59353,0.65632,0.58306,0.56588,0.53757,0.42183,0.5739,0.52467,0.84078,0.9298,0.6256,0.59363,0.48156,0.30435,0.39566,0.66988,0.14122,0,0.58345,0.56746,0.79653,0.574,0.14246,0.10413,0.44788,0.50623,0.32979,0.30617,0.29857,0.41783,0.48175,0.34641,0.52565,0.46275,0.32473,0.33874,0.39847,0.20854,0.26772,0.22189,0.28913,0.29779,0.52894,0.10964,0.34801,0.20854,0.30604,0.28023,0.5984,0.54057,0.67178,0.51758,0.4871,0.2796,0.51218,0.4714,0.36321,0.3031,0.2673,0.20132,0.24075,0.31961,0.47948,0.40244,0.45842,0.43155,0.26796,0.11107
0.54134,0.46223,1,0.56994,0.35021,0.43468,0.8061,0.58345,0.3117,0.39871,0.44358,0.35088,0.59022,0.30471,0.57758,0.33298,0.41751,0.26759,0.67129,0.64354,0.35206,0.29801,0.73683,0.61786,0.61535,0.51446,0.30412,0.32061,0.34963,0.17897,0.48583,0.36659,0.6269,0.61898,0.68743,0.52841,0.25654,0.1755,0.2933,0.15932,0.4352,0.2415,0.54988,0.45466,0.51819,0.52269,0.516,0.5369,0.51997,0.52907,0.51191,0.50547,0.38144,0.3375,0.47546,0.4224,0.39796,0.46028,0.55423,0.5575,0.48472,0.39511,0.34811,0.31157,0.51798,0.20387,0.67134,0.64214,0.50263,0.48489,0.34559,0.1856,0.49152,0.58347,0.5589,0.57775,0.60748,0.70632,0.29216,0.1909,0.37933,0.3056,0.44901,0.31736,0.32549,0.13288,0.19003,0.13705,0.37305,0.26567,0.55796,0.35592,0.65041,0.59808,0.36668,0.21806,0.46982,0.38224,0.57952,0.54413,0.52224,0.44693,0.55646,0.4327,0.50558,0.47785,0.35664,0.20256,0.33156,0.47011,0.68576,0.60034,0.60174,0.53619,0.58191,0
0.51772,0.46912,0.56994,1,0.44271,0.52736,0.61591,0.86823,0.096396,0.50818,0.4617,0.66396,0.36447,0.51819,0.30172,0.44974,0.32111,0.36251,0.64581,0.70463,0.27151,0.23134,0.5427,0.71004,0.38851,0.31101,0.36717,0.41643,0.20401,0.15074,0.31572,0.36559,0.44889,0.58778,0.74143,0.68795,0.30107,0.24922,0.39145,0.27623,0.24945,0.1461,0.52953,0.40698,0.44094,0.49205,0.5455,0.46416,0.40388,0.53558,0.57221,0.6304,0.47083,0.51719,0.44521,0.43348,0.32165,0.47356,0.3993,0.44378,0.36147,0.43728,0.27796,0.43984,0.49842,0.55779,0.72998,0.7807,0.42519,0.49095,0,0,0.26522,0.40131,0.36201,0.5032,0.38655,0.41861,0.29561,0.24562,0.31249,0.34861,0.32353,0.28286,0.44645,0.38889,0.19771,0.11289,0.28911,0.35881,0.65123,0.44798,0.49118,0.4078,0.27324,0.18689,0.4832,0.33168,0.58155,0.53271,0.38862,0.22961,0.37353,0.25723,0.51615,0.51277,0.23348,0.10108,0.10969,0.27316,0.48085,0.47249,0.46134,0.48406,0.46256,0.044779
0.22252,0.22264,0.35021,0.44271,1,0.53442,0.54043,0.50325,0.54087,0.44735,0.21223,0.18791,0.32099,0.081665,0.41865,0.25455,0.07042,0.12829,0.39199,0.33185,0.19803,0.2257,0.32348,0.28168,0.39296,0.17258,0.44356,0.38842,0.13162,0.1065,0.30524,0.25092,0.20871,0.25874,0.38583,0.32317,0.12914,0.13653,0.082795,0.050509,0,0,0.17658,0.10847,0.17697,0.20063,0.20822,0.18094,0.079851,0.22509,0.14882,0.25796,0,0.12404,0,0.012056,0.14804,0.24828,0.26094,0.3911,0.36647,0.4531,0.093388,0.096926,0.61156,0.43276,0.37728,0.41469,0.17976,0.36901,0.11401,0.17919,0.22305,0.24348,0.25282,0.26876,0.42195,0.32975,0.048419,0.099692,0.17228,0.21062,0.23748,0.13474,0.29127,0.12335,0.0094997,0,0.12312,0.10747,0.23364,0.32714,0.25299,0.42306,0.17185,0.069975,0.16294,0.13089,0.17088,0.27723,0.35835,0.42272,0.40534,0.39254,0.1417,0.29502,0.17211,0.1005,0.082809,0.088635,0.28346,0.21399,0.2275,0.31645,0.24511,0
0.1942,0.14152,0.43468,0.52736,0.53442,1,0.42592,0.62198,0.48683,0.81948,0.25063,0.33367,0.2833,0.28727,0.39553,0.31574,0.1483,0.096053,0.33578,0.34329,0.2643,0.21867,0.38291,0.48409,0.46879,0.58629,0.30684,0.4064,0.055714,0.061286,0.1637,0.14471,0.27357,0.29259,0.48725,0.41363,0.19672,0.090081,0.22841,0.11428,0.13902,0.14986,0.24756,0.24908,0.24528,0.28094,0.25243,0.33354,0.21721,0.26181,0.31693,0.36292,0.2112,0.27509,0.27911,0.17942,0.086134,0.24003,0.29606,0.46131,0.29042,0.56878,0.17459,0.12604,0.48,0.56342,0.47618,0.51601,0.18921,0.25563,0.13736,0.030514,0.092231,0.18027,0.15674,0.25456,0.24774,0.28324,0.090266,0.0045511,0.1524,0.17299,0.27222,0.15348,0.30222,0.26311,0.23992,0.11817,0.37901,0.28838,0.37266,0.28474,0.44854,0.26711,0.14098,0.047416,0.1938,0.068711,0.22812,0.19635,0.35339,0.18046,0.36327,0.26419,0.30277,0.11477,0.19799,0,0.11113,0.22209,0.33255,0.20172,0.26068,0.27643,0.29445,0.039061
0.55583,0.37852,0.8061,0.61591,0.54043,0.42592,1,0.70414,0.28696,0.32755,0.50168,0.41705,0.71078,0.43303,0.52469,0.29781,0.41246,0.26503,0.62463,0.58492,0.22885,0.15388,0.56498,0.43395,0.35902,0.22714,0.20405,0.18758,0.40795,0.19179,0.39087,0.28345,0.52741,0.56849,0.5678,0.45935,0.31028,0.16361,0.26966,0.07316,0.33288,0.10537,0.44592,0.31641,0.4318,0.44178,0.43913,0.38969,0.41299,0.52503,0.49951,0.50509,0.29255,0.30488,0.28791,0.26962,0.33942,0.30817,0.49064,0.43144,0.6613,0.47337,0.44418,0.3424,0.64747,0.38136,0.56846,0.55974,0.38185,0.45822,0.20598,0.043363,0.50716,0.51254,0.54124,0.58466,0.62143,0.6259,0.25938,0.2051,0.38508,0.31104,0.43986,0.29863,0.29577,0.10985,0.11403,0,0.25068,0.2202,0.53476,0.44107,0.5216,0.57613,0.24485,0.11662,0.34765,0.27892,0.49509,0.52059,0.39831,0.41376,0.36472,0.26854,0.33937,0.4607,0.22219,0.21023,0.12917,0.26162,0.57807,0.56739,0.55551,0.50186,0.55206,0.026434
0.49336,0.41012,0.58345,0.86823,0.50325,0.62198,0.70414,1,0.21998,0.59762,0.50927,0.6804,0.47903,0.59353,0.41534,0.43165,0.38766,0.40996,0.56945,0.58149,0.20972,0.14939,0.53273,0.62942,0.4313,0.35974,0.32121,0.31458,0.24436,0.25604,0.28277,0.30444,0.4272,0.53772,0.68137,0.61309,0.30379,0.24483,0.37463,0.23499,0.23698,0.14302,0.47278,0.38328,0.42956,0.46288,0.5094,0.48837,0.41222,0.5131,0.60939,0.62774,0.46488,0.49185,0.48027,0.43685,0.27271,0.4262,0.43922,0.50448,0.45361,0.6042,0.33274,0.43311,0.58083,0.6582,0.7051,0.74513,0.36081,0.44155,0.007707,0,0.27594,0.40788,0.39109,0.42437,0.43934,0.44332,0.30264,0.25384,0.39976,0.4154,0.41432,0.36335,0.50371,0.39025,0.32354,0.17936,0.45264,0.36148,0.72489,0.47159,0.53368,0.41555,0.24926,0.15689,0.43009,0.31387,0.60038,0.53911,0.46657,0.27382,0.423,0.27507,0.53575,0.45281,0.2633,0.108,0.079547,0.26662,0.51806,0.48944,0.49765,0.49584,0.52132,0.1078
0,0,0.3117,0.096396,0.54087,0.48683,0.28696,0.21998,1,0.60924,0.10297,0,0.26741,0.01547,0.43398,0.31233,0.01341,0,0.10792,0.081871,0.084702,0.073972,0.2316,0.21842,0.32507,0.32355,0,0,0.11742,0.26032,0.055906,0.014906,0.042499,0.02614,0.071073,0.053909,0.0073363,0.039275,0,0,0.0017095,0.14716,0,0,0.046395,0.012256,0,0.00096552,0,0.030343,0,0,0,0,0,0,0,0.040749,0.24014,0.41318,0.16108,0.40919,0.045147,0,0.36371,0.21121,0.20629,0.1693,0.03713,0.2689,0.069752,0.083531,0.077679,0.12898,0.29218,0.28265,0.3536,0.28195,0,0.025457,0.10887,0.029906,0.35538,0.25099,0.070314,0,0.099102,0.091324,0.18974,0,0.12819,0.2723,0.3235,0.48226,0.10663,0.0698,0,0,0.017618,0.079459,0.31292,0.45934,0.32383,0.238,0.05591,0.067189,0.45821,0.26473,0.177,0.053742,0.23545,0.21813,0.16988,0.18301,0.20923,0
0.045866,0.0065446,0.39871,0.50818,0.44735,0.81948,0.32755,0.59762,0.60924,1,0.20848,0.32125,0.24429,0.32255,0.40463,0.4445,0.08891,0,0.22385,0.27395,0.11649,0.11763,0.41015,0.57863,0.47855,0.59943,0.12965,0.2088,0.031505,0.13642,0.069953,0.074046,0.17238,0.20347,0.42589,0.36269,0.11094,0.07837,0.1985,0.15042,0.022995,0.1734,0.15163,0.14927,0.17629,0.18583,0.14392,0.25043,0.16694,0.18384,0.2525,0.3036,0.20656,0.26898,0.31156,0.25832,0,0.12507,0.26106,0.40236,0.15382,0.47561,0.060732,0.0076085,0.43293,0.5279,0.44562,0.47148,0.077005,0.2097,0.034092,0,0,0.10313,0.18498,0.28175,0.23949,0.23841,0.061954,0,0.13287,0.13271,0.35259,0.27332,0.29032,0.24039,0.29334,0.21695,0.40866,0.2655,0.39662,0.3019,0.3949,0.31317,0.11245,0,0.11149,0.0050904,0.21738,0.22456,0.32075,0.22273,0.32978,0.2427,0.31295,0.15239,0.33911,0.05767,0.083067,0.16345,0.27875,0.24557,0.24269,0.24111,0.25995,0
0.34999,0.3406,0.44358,0.4617,0.21223,0.25063,0.50168,0.50927,0.10297,0.20848,1,0.69291,0.80605,0.58878,0.73717,0.50962,0.59165,0.47773,0.52049,0.49218,0.2296,0.057109,0.55896,0.44307,0.33648,0.24933,0.18799,0.19571,0.53406,0.37858,0.41869,0.44608,0.47658,0.55492,0.4396,0.34519,0.50463,0.45654,0.49332,0.33164,0.50277,0.40688,0.41114,0.33266,0.35905,0.30798,0.39916,0.37851,0.27614,0.32945,0.32053,0.28951,0.23238,0.23435,0.32567,0.3093,0.15994,0.27523,0.23171,0.23055,0.4055,0.31032,0.55689,0.39474,0.51339,0.25591,0.35048,0.36612,0.22887,0.19598,0.11953,0.0017097,0.44837,0.45462,0.47723,0.36701,0.39828,0.40082,0.45116,0.39837,0.59391,0.51497,0.63035,0.43004,0.6529,0.36869,0.47344,0.22256,0.30353,0.091482,0.54323,0.3248,0.40978,0.33765,0.34915,0.25197,0.43728,0.27778,0.46795,0.37389,0.36205,0.19683,0.28205,0.081119,0.28548,0.23169,0.30776,0.1436,0.029778,0.10342,0.37446,0.50997,0.43734,0.45428,0.40746,0.30957
0.47018,0.43852,0.35088,0.66396,0.18791,0.33367,0.41705,0.6804,0,0.32125,0.69291,1,0.4768,0.79661,0.40907,0.62578,0.41427,0.56871,0.42522,0.52647,0.1925,0.078231,0.51584,0.56119,0.36509,0.3302,0.23609,0.29026,0.26057,0.36784,0.28825,0.35607,0.35528,0.50843,0.50292,0.47071,0.40731,0.40046,0.42297,0.31193,0.35711,0.30256,0.47042,0.36682,0.36522,0.37307,0.45074,0.43604,0.35947,0.50649,0.51731,0.57136,0.4372,0.49001,0.39546,0.47964,0.22944,0.41694,0.31424,0.34476,0.32024,0.41988,0.4138,0.60837,0.34541,0.47243,0.51584,0.56887,0.2657,0.31422,0,0,0.21107,0.35955,0.36023,0.39874,0.31404,0.34421,0.37616,0.38644,0.51518,0.62378,0.4529,0.48054,0.68223,0.6168,0.46002,0.32873,0.38457,0.4456,0.69865,0.45703,0.43341,0.23952,0.25584,0.20034,0.4169,0.29922,0.57341,0.51634,0.34713,0.087503,0.23851,0.091124,0.40348,0.23756,0.2442,0.10883,0.034817,0.12633,0.38073,0.49847,0.42611,0.35863,0.3367,0.23223
0.28682,0.18181,0.59022,0.36447,0.32099,0.2833,0.71078,0.47903,0.26741,0.24429,0.80605,0.4768,1,0.56384,0.77711,0.41378,0.48447,0.35152,0.5284,0.4663,0.15847,0.012434,0.58772,0.37225,0.30772,0.21642,0.099329,0.080833,0.54962,0.34061,0.43608,0.37368,0.50696,0.53251,0.37096,0.24407,0.39027,0.32434,0.32921,0.14301,0.46354,0.26697,0.32789,0.2482,0.33569,0.29365,0.2972,0.31382,0.25187,0.31072,0.29153,0.26766,0.13988,0.13423,0.21902,0.20273,0.07584,0.10654,0.25269,0.25155,0.50952,0.31833,0.58521,0.3088,0.63113,0.21502,0.32049,0.31295,0.18563,0.19592,0.20703,0.066858,0.53578,0.45653,0.56157,0.48345,0.51578,0.49296,0.35444,0.33667,0.5314,0.44267,0.56756,0.3652,0.45331,0.18168,0.30586,0.074883,0.28766,0.065395,0.45883,0.3352,0.47145,0.39427,0.33425,0.17936,0.29652,0.21141,0.39658,0.37322,0.2903,0.23575,0.2094,0.067673,0.25354,0.23847,0.25805,0.18533,0.096338,0.17595,0.45747,0.53122,0.43676,0.39068,0.45848,0.17861
0.31453,0.24492,0.30471,0.51819,0.081665,0.28727,0.43303,0.59353,0.01547,0.32255,0.58878,0.79661,0.56384,1,0.47061,0.58458,0.37033,0.4818,0.35514,0.40407,0.16612,0.031241,0.44798,0.45735,0.24879,0.24634,0.070256,0.12176,0.33144,0.40057,0.27048,0.2927,0.34188,0.4601,0.38103,0.32748,0.32281,0.32608,0.39108,0.193,0.3497,0.2723,0.40364,0.31874,0.35185,0.34985,0.39866,0.37388,0.37667,0.48933,0.50328,0.48505,0.46687,0.47491,0.41203,0.41779,0.090845,0.19757,0.2789,0.28088,0.30887,0.31896,0.57541,0.57637,0.26524,0.35541,0.41598,0.43308,0.17602,0.2243,0,0,0.27805,0.31229,0.43332,0.38443,0.34579,0.33379,0.34801,0.41362,0.52876,0.56303,0.49874,0.45151,0.52688,0.46916,0.4703,0.28843,0.42896,0.39558,0.67648,0.42033,0.42617,0.14499,0.1782,0.16986,0.35141,0.23977,0.53166,0.43879,0.2852,0.0085451,0.10961,0,0.36786,0.17576,0.22702,0.1433,0.0070331,0.13636,0.3422,0.44617,0.32402,0.27146,0.33648,0.20625
0.25664,0.27397,0.57758,0.30172,0.41865,0.39553,0.52469,0.41534,0.43398,0.40463,0.73717,0.40907,0.77711,0.47061,1,0.59366,0.43698,0.37718,0.48522,0.40201,0.28078,0.16795,0.63239,0.46952,0.61387,0.47015,0.22907,0.20671,0.49285,0.41054,0.553,0.46721,0.49189,0.48093,0.406,0.22071,0.40948,0.45523,0.43545,0.30948,0.38663,0.38221,0.38016,0.33149,0.37948,0.30393,0.37431,0.41685,0.298,0.32181,0.26413,0.25437,0.1763,0.17991,0.36273,0.33815,0.12847,0.25642,0.3,0.40738,0.33466,0.34812,0.43938,0.2602,0.58157,0.18699,0.39106,0.35832,0.2716,0.26472,0.30827,0.20559,0.42766,0.44554,0.52715,0.36085,0.5685,0.52064,0.39643,0.39626,0.59424,0.51921,0.75685,0.51328,0.59274,0.28985,0.51733,0.30065,0.44387,0.13508,0.52313,0.37571,0.46264,0.47264,0.34811,0.28342,0.41203,0.27919,0.4328,0.40669,0.4699,0.36361,0.42303,0.26034,0.3218,0.19586,0.44315,0.25776,0.15528,0.16554,0.4366,0.49322,0.42164,0.41043,0.39604,0.23259
0.25171,0.16761,0.33298,0.44974,0.25455,0.31574,0.29781,0.43165,0.31233,0.4445,0.50962,0.62578,0.41378,0.58458,0.59366,1,0.2981,0.35247,0.32736,0.37514,0.2355,0.21556,0.41034,0.51821,0.42638,0.38742,0.14846,0.2252,0.34965,0.49719,0.42537,0.47424,0.3179,0.41619,0.32159,0.20827,0.4876,0.50982,0.49791,0.4515,0.23552,0.44036,0.36853,0.31328,0.29737,0.27512,0.35192,0.36419,0.20773,0.35237,0.33128,0.43432,0.23542,0.40966,0.31807,0.49678,0.10561,0.21301,0.21306,0.26016,0.072083,0.25562,0.22199,0.26853,0.36691,0.36225,0.46297,0.49366,0.17568,0.26258,6.1746e-05,0,0.2035,0.36354,0.42186,0.43324,0.40725,0.35794,0.4074,0.45068,0.51622,0.59804,0.63986,0.66457,0.57532,0.58147,0.48633,0.43832,0.19688,0.2971,0.59673,0.56445,0.30715,0.49205,0.18271,0.23748,0.36489,0.27415,0.44332,0.54874,0.40839,0.40805,0.28187,0.22025,0.22517,0.15376,0.56603,0.46362,0.10299,0,0.19441,0.49014,0.34534,0.36441,0.2723,0.286
0.60468,0.59753,0.41751,0.32111,0.07042,0.1483,0.41246,0.38766,0.01341,0.08891,0.59165,0.41427,0.48447,0.37033,0.43698,0.2981,1,0.74268,0.56081,0.50174,0.41406,0.28788,0.17756,0.09014,0.29978,0.21328,0.22562,0.17946,0.75843,0.49953,0.55481,0.50404,0.62999,0.62509,0.31166,0.22845,0.5332,0.39544,0.5598,0.45107,0.53031,0.41857,0.643,0.63356,0.5344,0.51117,0.65843,0.6051,0.52758,0.50288,0.52689,0.43278,0.47564,0.33795,0.59893,0.52493,0.5839,0.54993,0.48084,0.35792,0.45893,0.20245,0.6182,0.53972,0.19704,0,0.45458,0.43462,0.60824,0.3881,0.20695,0.075361,0.58893,0.53222,0.45356,0.25518,0.32155,0.40334,0.78991,0.53312,0.79631,0.57062,0.58551,0.5425,0.42697,0.16292,0.46549,0.30322,0.32541,0.17164,0.54864,0.16166,0.29005,0.18133,0.20036,0.25367,0.56022,0.46011,0.62979,0.46884,0.45092,0.25316,0.39622,0.34327,0.28989,0.21281,0.45221,0.32611,0.080341,0.19543,0.41612,0.48295,0.50329,0.50716,0.35262,0.34756
0.56803,0.69138,0.26759,0.36251,0.12829,0.096053,0.26503,0.40996,0,0,0.47773,0.56871,0.35152,0.4818,0.37718,0.35247,0.74268,1,0.55358,0.51466,0.4187,0.28229,0.21938,0.11305,0.40976,0.24263,0.33951,0.26257,0.62804,0.60996,0.66286,0.6471,0.54049,0.59685,0.25355,0.17866,0.50265,0.55871,0.55008,0.53752,0.46251,0.40306,0.6825,0.67384,0.53736,0.52175,0.72855,0.70185,0.48269,0.50882,0.51335,0.48307,0.46657,0.38549,0.53427,0.54011,0.52754,0.66658,0.35885,0.37211,0.29795,0.20415,0.54293,0.73336,0.19472,0.084433,0.49383,0.50193,0.61206,0.46657,0.086302,0.066845,0.46648,0.50777,0.35587,0.21696,0.30019,0.31587,0.78265,0.73131,0.84143,0.8147,0.53763,0.61254,0.55711,0.35072,0.4799,0.32085,0.35706,0.32566,0.67515,0.35887,0.27713,0.13221,0.28977,0.36074,0.63311,0.57804,0.73246,0.58978,0.41342,0.17083,0.33732,0.3658,0.36346,0.21234,0.36575,0.30104,0.021045,0.12911,0.40262,0.54675,0.5339,0.42365,0.29643,0.5141
0.65202,0.61693,0.67129,0.64581,0.39199,0.33578,0.62463,0.56945,0.10792,0.22385,0.52049,0.42522,0.5284,0.35514,0.48522,0.32736,0.56081,0.55358,1,0.9103,0.36813,0.26178,0.51595,0.45546,0.45701,0.24399,0.44817,0.40018,0.55358,0.26307,0.63498,0.60659,0.7943,0.79959,0.64058,0.60636,0.3149,0.3169,0.32454,0.2153,0.41589,0.14457,0.6467,0.59284,0.54479,0.5761,0.65082,0.66165,0.47918,0.49957,0.48334,0.49656,0.36898,0.39473,0.44142,0.41235,0.5018,0.59941,0.50917,0.51434,0.47988,0.42992,0.55889,0.59899,0.43737,0.26916,0.66614,0.66341,0.70237,0.66571,0.27713,0.24215,0.58218,0.62743,0.51363,0.53129,0.58234,0.64873,0.42983,0.29982,0.56117,0.4357,0.40264,0.40068,0.39596,0.1531,0.15215,0.11134,0.24273,0.14334,0.59956,0.29878,0.51428,0.43589,0.43773,0.22828,0.5255,0.50278,0.65973,0.60645,0.46538,0.36018,0.50959,0.46922,0.45207,0.43902,0.24871,0.25136,0.19979,0.40281,0.6376,0.56702,0.59125,0.62766,0.59056,0.11033
0.66585,0.61472,0.64354,0.70463,0.33185,0.34329,0.58492,0.58149,0.081871,0.27395,0.49218,0.52647,0.4663,0.40407,0.40201,0.37514,0.50174,0.51466,0.9103,1,0.32753,0.2432,0.54115,0.53753,0.40655,0.26807,0.38919,0.38306,0.45472,0.22473,0.50945,0.50631,0.72803,0.78415,0.60853,0.59979,0.27421,0.26235,0.26016,0.19215,0.42349,0.14625,0.61638,0.54647,0.53484,0.57675,0.59273,0.61527,0.48569,0.52425,0.47115,0.51672,0.38275,0.43395,0.42116,0.43536,0.47671,0.59505,0.49851,0.46476,0.40313,0.40659,0.44167,0.58799,0.37044,0.28559,0.65141,0.66169,0.70523,0.71326,0.16351,0.12684,0.49503,0.57985,0.48859,0.56776,0.51405,0.60096,0.38796,0.26139,0.50302,0.44479,0.35868,0.37672,0.43838,0.25248,0.17441,0.17472,0.22112,0.19695,0.57968,0.27855,0.49655,0.39882,0.40802,0.19501,0.46867,0.4545,0.6348,0.59511,0.39384,0.27434,0.44157,0.38192,0.50977,0.43247,0.2311,0.20395,0.25085,0.45034,0.65163,0.56159,0.54186,0.51278,0.52683,0.01429
0.29155,0.38992,0.35206,0.27151,0.19803,0.2643,0.22885,0.20972,0.084702,0.11649,0.2296,0.1925,0.15847,0.16612,0.28078,0.2355,0.41406,0.4187,0.36813,0.32753,1,0.8626,0.25467,0.25399,0.45516,0.43042,0.58208,0.57914,0.34692,0.3903,0.57535,0.45116,0.40782,0.40323,0.33423,0.13836,0.35615,0.29056,0.48535,0.32399,0.50984,0.44097,0.49699,0.51623,0.3938,0.40173,0.56772,0.47208,0.30254,0.28319,0.33197,0.28642,0.28649,0.24528,0.4013,0.28683,0.37835,0.41144,0.18038,0.25898,0.017525,0.0011477,0.16401,0.18319,0.023551,0,0.34482,0.39707,0.38701,0.2,0.48909,0.38378,0.47411,0.58723,0.35495,0.25287,0.18096,0.21647,0.52173,0.46853,0.43614,0.4171,0.247,0.18497,0.31433,0.2451,0.13886,0,0.15607,0.11957,0.30946,0.11989,0.27405,0.12472,0.34498,0.50454,0.59612,0.5163,0.36978,0.25744,0.43652,0.16967,0.4277,0.33946,0.29746,0.21223,0.36419,0.1065,0.36028,0.33789,0.29068,0.26235,0.24638,0.34607,0.25355,0.19201
0.20682,0.26681,0.29801,0.23134,0.2257,0.21867,0.15388,0.14939,0.073972,0.11763,0.057109,0.078231,0.012434,0.031241,0.16795,0.21556,0.28788,0.28229,0.26178,0.2432,0.8626,1,0.19031,0.26707,0.41613,0.39825,0.59269,0.62358,0.24353,0.28016,0.44608,0.32941,0.27891,0.27887,0.27572,0.14759,0.28189,0.2685,0.36294,0.32219,0.33471,0.41234,0.40106,0.40596,0.28576,0.28664,0.4696,0.36009,0.17012,0.15559,0.22193,0.22792,0.16093,0.22236,0.26431,0.19121,0.29907,0.29468,0.05401,0.14869,0,0,0,0.026278,0,0.0092608,0.29531,0.36344,0.29537,0.17164,0.41487,0.33662,0.35019,0.50723,0.2865,0.19714,0.12072,0.12702,0.42609,0.33539,0.30143,0.32353,0.16968,0.1392,0.24534,0.27702,0.013518,0,0.074122,0.14005,0.16995,0.14325,0.12026,0.06168,0.14032,0.28316,0.42591,0.30319,0.22117,0.18463,0.32258,0.12858,0.3613,0.35484,0.30643,0.27315,0.32641,0.0050829,0.26277,0.27248,0.22931,0.20223,0.20403,0.30349,0.21167,0.055144
0.25265,0.23837,0.73683,0.5427,0.32348,0.38291,0.56498,0.53273,0.2316,0.41015,0.55896,0.51584,0.58772,0.44798,0.63239,0.41034,0.17756,0.21938,0.51595,0.54115,0.25467,0.19031,1,0.82797,0.62117,0.49329,0.3208,0.33343,0.11748,0.10608,0.34605,0.27809,0.38798,0.41223,0.62236,0.50526,0.19042,0.26902,0.20758,0.17389,0.30132,0.17806,0.32547,0.20537,0.25671,0.23304,0.30367,0.34327,0.21405,0.26965,0.31106,0.34437,0.27278,0.33634,0.28159,0.2979,0.038642,0.27102,0.16468,0.31881,0.19018,0.29409,0.22933,0.23289,0.53968,0.32986,0.45787,0.46358,0.24344,0.40389,0.16735,0.094004,0.23762,0.3742,0.40993,0.47653,0.49062,0.51491,0.13812,0.13078,0.27652,0.37786,0.45231,0.30698,0.5268,0.37273,0.31159,0.25484,0.48134,0.33723,0.53096,0.45078,0.56757,0.50338,0.3382,0.14743,0.30038,0.18405,0.39082,0.37922,0.28273,0.17443,0.32949,0.14552,0.49448,0.41836,0.17992,0,0.18889,0.36031,0.54698,0.46449,0.38544,0.3184,0.48377,0
0.19946,0.17645,0.61786,0.71004,0.28168,0.48409,0.43395,0.62942,0.21842,0.57863,0.44307,0.56119,0.37225,0.45735,0.46952,0.51821,0.09014,0.11305,0.45546,0.53753,0.25399,0.26707,0.82797,1,0.57145,0.57172,0.34857,0.41725,0.012635,0.023804,0.21377,0.24828,0.32079,0.37349,0.67083,0.61069,0.21492,0.24051,0.27002,0.21007,0.23568,0.16973,0.32192,0.21771,0.25818,0.25699,0.32574,0.34428,0.20978,0.27794,0.35818,0.42125,0.34885,0.47349,0.36255,0.36232,0.02384,0.25583,0.14265,0.3025,0.04206,0.26781,0.077423,0.13042,0.42551,0.49189,0.5449,0.58404,0.2308,0.39195,0.16753,0.014401,0.091156,0.2938,0.34663,0.44348,0.38553,0.40463,0.12698,0.094379,0.18882,0.31161,0.31918,0.24649,0.55388,0.52434,0.22806,0.23956,0.42628,0.4144,0.54533,0.46998,0.48057,0.40469,0.27484,0.1304,0.31043,0.14412,0.36639,0.34342,0.26892,0.11671,0.30752,0.11603,0.52802,0.38438,0.17884,0,0.18401,0.32685,0.44954,0.36171,0.30765,0.29179,0.37419,0
0.33939,0.48266,0.61535,0.38851,0.39296,0.46879,0.35902,0.4313,0.32507,0.47855,0.33648,0.36509,0.30772,0.24879,0.61387,0.42638,0.29978,0.40976,0.45701,0.40655,0.45516,0.41613,0.62117,0.57145,1,0.83771,0.51307,0.49036,0.20305,0.26659,0.5856,0.50128,0.45252,0.42436,0.61802,0.45879,0.2879,0.35924,0.37173,0.31648,0.31372,0.35298,0.52599,0.48561,0.40979,0.39029,0.52324,0.59119,0.36028,0.36348,0.40262,0.38729,0.34825,0.32178,0.46296,0.39603,0.3379,0.54427,0.34517,0.5288,0.23814,0.33431,0.16661,0.25099,0.46223,0.23239,0.59827,0.58874,0.44705,0.39988,0.36002,0.30609,0.25545,0.41751,0.34808,0.28631,0.42157,0.42415,0.36842,0.28542,0.40676,0.43893,0.47724,0.39392,0.49941,0.33731,0.39079,0.29067,0.44315,0.3202,0.5347,0.35244,0.46207,0.32594,0.30552,0.23739,0.42953,0.31841,0.46988,0.4131,0.50511,0.30036,0.56043,0.47334,0.39123,0.1903,0.42333,0.10519,0.23801,0.2561,0.43781,0.35662,0.43257,0.43666,0.28785,0.14152
0.19449,0.27852,0.51446,0.31101,0.17258,0.58629,0.22714,0.35974,0.32355,0.59943,0.24933,0.3302,0.21642,0.24634,0.47015,0.38742,0.21328,0.24263,0.24399,0.26807,0.43042,0.39825,0.49329,0.57172,0.83771,1,0.32286,0.38457,0.084983,0.1715,0.34762,0.29271,0.31951,0.29591,0.48956,0.35739,0.27152,0.27809,0.38604,0.30096,0.28153,0.39443,0.41884,0.41571,0.32335,0.3141,0.42816,0.52657,0.31281,0.30194,0.39357,0.38429,0.36737,0.31474,0.50651,0.3949,0.18444,0.36599,0.26476,0.4251,0.10257,0.25248,0.090081,0.10831,0.26878,0.23156,0.49622,0.5134,0.30129,0.2291,0.33836,0.16883,0.093112,0.26354,0.23628,0.23509,0.25967,0.27882,0.29693,0.15761,0.2785,0.30796,0.34376,0.28253,0.40133,0.3587,0.34005,0.25818,0.46431,0.38341,0.46366,0.3389,0.37807,0.15217,0.24535,0.21695,0.36358,0.22671,0.37667,0.29397,0.3573,0.10706,0.38304,0.28727,0.37105,0.031929,0.36535,0,0.23601,0.23192,0.36629,0.27382,0.34243,0.27876,0.18565,0.1314
0.30955,0.41577,0.30412,0.36717,0.44356,0.30684,0.20405,0.32121,0,0.12965,0.18799,0.23609,0.099329,0.070256,0.22907,0.14846,0.22562,0.33951,0.44817,0.38919,0.58208,0.59269,0.3208,0.34857,0.51307,0.32286,1,0.90737,0.061842,0.027728,0.5314,0.4989,0.38113,0.37242,0.56179,0.45433,0.11669,0.10705,0.22635,0.11662,0.13077,0,0.49543,0.46544,0.369,0.42054,0.48738,0.44347,0.26731,0.25619,0.36037,0.2957,0.24446,0.28143,0.24712,0.17823,0.42329,0.47839,0.16048,0.23835,0.095842,0.1238,0.10405,0.21643,0.24097,0.16468,0.42888,0.49455,0.3697,0.25257,0.42393,0.41615,0.27397,0.38248,0.12388,0.010673,0.14283,0.18688,0.26275,0.16857,0.24102,0.29848,0.018202,0.029465,0.38349,0.30762,0.065734,0,0.16726,0.13015,0.23812,0.031535,0.24965,0.090698,0.1923,0.12936,0.36503,0.28485,0.28211,0.22467,0.44415,0.16351,0.52369,0.51032,0.29517,0.23955,0.077006,0,0.14479,0.24936,0.23226,0.084803,0.21067,0.36967,0.14636,0.078435
0.31621,0.388,0.32061,0.41643,0.38842,0.4064,0.18758,0.31458,0,0.2088,0.19571,0.29026,0.080833,0.12176,0.20671,0.2252,0.17946,0.26257,0.40018,0.38306,0.57914,0.62358,0.33343,0.41725,0.49036,0.38457,0.90737,1,0.03898,0,0.44378,0.41237,0.32625,0.34629,0.5925,0.48492,0.15538,0.095847,0.22693,0.12316,0.16014,0.046313,0.43522,0.38881,0.31152,0.3688,0.41617,0.36335,0.23008,0.25202,0.34639,0.2993,0.24084,0.31577,0.22289,0.17898,0.40334,0.44116,0.14821,0.21653,0.077742,0.085078,0.037601,0.17314,0.23583,0.20137,0.41872,0.49097,0.3003,0.1826,0.36742,0.35387,0.253,0.35998,0.10677,0.059302,0.11824,0.18733,0.22406,0.11376,0.18141,0.28804,0.010076,0.0019122,0.39617,0.38968,0.064369,0,0.10951,0.19282,0.20612,0.0357,0.23256,0.06068,0.14812,0.052883,0.30497,0.18715,0.22401,0.19824,0.38475,0.11909,0.4429,0.4395,0.27901,0.24853,0.075413,0,0.14847,0.27974,0.22369,0.10352,0.17277,0.32581,0.11622,0
0.35693,0.35988,0.34963,0.20401,0.13162,0.055714,0.40795,0.24436,0.11742,0.031505,0.53406,0.26057,0.54962,0.33144,0.49285,0.34965,0.75843,0.62804,0.55358,0.45472,0.34692,0.24353,0.11748,0.012635,0.20305,0.084983,0.061842,0.03898,1,0.7124,0.64178,0.56873,0.6019,0.61579,0.13315,0.034054,0.49448,0.40615,0.43608,0.33599,0.45782,0.42351,0.47497,0.4815,0.42428,0.37351,0.47079,0.42257,0.31867,0.30908,0.2538,0.21581,0.17891,0.14577,0.29398,0.28509,0.33087,0.2972,0.3035,0.23657,0.39658,0.18074,0.58705,0.40959,0.25755,0.00060001,0.29845,0.27589,0.42684,0.26505,0.20376,0.11386,0.68903,0.61247,0.55325,0.31177,0.38507,0.37237,0.77774,0.6824,0.78837,0.55611,0.6043,0.50414,0.29443,0.038119,0.28348,0.077055,0.07143,0,0.39343,0.20578,0.1637,0.2069,0.28731,0.27999,0.41717,0.37471,0.46566,0.38368,0.31845,0.23928,0.22969,0.19652,0.14733,0.15638,0.4084,0.40509,0.13189,0.096972,0.3041,0.55217,0.44921,0.44616,0.41451,0.38852
0.16759,0.23367,0.17897,0.15074,0.1065,0.061286,0.19179,0.25604,0.26032,0.13642,0.37858,0.36784,0.34061,0.40057,0.41054,0.49719,0.49953,0.60996,0.26307,0.22473,0.3903,0.28016,0.10608,0.023804,0.26659,0.1715,0.027728,0,0.7124,1,0.49236,0.44978,0.28242,0.35276,0.022301,0,0.31034,0.38053,0.35188,0.32917,0.31226,0.49157,0.36142,0.3924,0.36333,0.31296,0.37049,0.34434,0.22488,0.23591,0.13581,0.1459,0.075877,0.069293,0.22635,0.31396,0.11213,0.23624,0.20808,0.27097,0.14124,0.23702,0.36739,0.36662,0.16392,0.044288,0.26776,0.27442,0.24404,0.2046,0.022348,0.00042188,0.39738,0.51411,0.4251,0.19371,0.25645,0.19017,0.67875,0.79501,0.71244,0.64398,0.61753,0.64823,0.31501,0.16576,0.36482,0.17202,0.16756,0.07699,0.40864,0.32528,0.20887,0.25284,0.29397,0.4241,0.422,0.44277,0.44753,0.3902,0.38389,0.31265,0.25152,0.24363,0.10577,0.076623,0.59761,0.50612,0.20943,0,0.18382,0.54756,0.38516,0.37835,0.37122,0.40125
0.38767,0.49649,0.48583,0.31572,0.30524,0.1637,0.39087,0.28277,0.055906,0.069953,0.41869,0.28825,0.43608,0.27048,0.553,0.42537,0.55481,0.66286,0.63498,0.50945,0.57535,0.44608,0.34605,0.21377,0.5856,0.34762,0.5314,0.44378,0.64178,0.49236,1,0.91724,0.70572,0.69094,0.43331,0.2369,0.48561,0.49635,0.48393,0.37579,0.44752,0.35199,0.6477,0.63164,0.54875,0.51627,0.63677,0.6301,0.39145,0.38761,0.36205,0.33391,0.25682,0.23208,0.36507,0.33236,0.45088,0.49761,0.30701,0.32904,0.31054,0.18159,0.45184,0.44138,0.4011,0.066998,0.51142,0.50513,0.49651,0.32356,0.45808,0.37636,0.60075,0.62213,0.48837,0.32097,0.45284,0.4438,0.65933,0.60228,0.6666,0.58171,0.48372,0.42868,0.37397,0.14878,0.28447,0.045487,0.093624,0.011748,0.50563,0.26613,0.28387,0.32478,0.43363,0.3947,0.57818,0.54629,0.56022,0.49005,0.52394,0.38251,0.51249,0.50503,0.28347,0.16493,0.37659,0.33488,0.18471,0.15963,0.37971,0.47457,0.48514,0.47361,0.32576,0.44861
0.32394,0.42203,0.36659,0.36559,0.25092,0.14471,0.28345,0.30444,0.014906,0.074046,0.44608,0.35607,0.37368,0.2927,0.46721,0.47424,0.50404,0.6471,0.60659,0.50631,0.45116,0.32941,0.27809,0.24828,0.50128,0.29271,0.4989,0.41237,0.56873,0.44978,0.91724,1,0.63857,0.65059,0.40618,0.27249,0.54577,0.56332,0.52954,0.42475,0.40332,0.32294,0.6016,0.59738,0.52756,0.49683,0.61001,0.60845,0.35459,0.3504,0.3227,0.29815,0.22581,0.22126,0.33841,0.32717,0.37772,0.45058,0.28296,0.28643,0.27223,0.19798,0.46701,0.46385,0.39779,0.1419,0.5185,0.51101,0.45139,0.29845,0.37081,0.28926,0.48481,0.52553,0.38998,0.2576,0.39637,0.38019,0.61455,0.58536,0.62292,0.5557,0.43047,0.428,0.41381,0.21043,0.26501,0.065367,0.060146,0.03457,0.51772,0.28424,0.25574,0.27712,0.4055,0.39228,0.56764,0.52623,0.53601,0.46532,0.48433,0.34039,0.45666,0.46167,0.25585,0.12109,0.34854,0.33482,0.067698,0.06435,0.30206,0.41808,0.44101,0.43159,0.22952,0.5315
0.63156,0.59274,0.6269,0.44889,0.20871,0.27357,0.52741,0.4272,0.042499,0.17238,0.47658,0.35528,0.50696,0.34188,0.49189,0.3179,0.62999,0.54049,0.7943,0.72803,0.40782,0.27891,0.38798,0.32079,0.45252,0.31951,0.38113,0.32625,0.6019,0.28242,0.70572,0.63857,1,0.94044,0.58387,0.498,0.40888,0.34684,0.39882,0.22044,0.49762,0.21742,0.66147,0.63261,0.55306,0.55444,0.63891,0.68401,0.48705,0.47244,0.51532,0.48402,0.37186,0.35649,0.49881,0.40756,0.61613,0.58314,0.50023,0.41307,0.51396,0.39045,0.54529,0.53732,0.38276,0.19123,0.59004,0.56448,0.7038,0.46397,0.44756,0.281,0.65935,0.65478,0.49928,0.45388,0.48666,0.59337,0.50763,0.30365,0.59778,0.42566,0.41934,0.3811,0.34025,0.13837,0.1981,0.10713,0.1605,0.05581,0.51366,0.12757,0.35145,0.27111,0.50273,0.32557,0.53974,0.50196,0.58498,0.47171,0.39268,0.24264,0.42288,0.35528,0.37079,0.2731,0.16361,0.15398,0.27384,0.38802,0.55992,0.44672,0.4563,0.47157,0.44878,0.22825
0.64578,0.62717,0.61898,0.58778,0.25874,0.29259,0.56849,0.53772,0.02614,0.20347,0.55492,0.50843,0.53251,0.4601,0.48093,0.41619,0.62509,0.59685,0.79959,0.78415,0.40323,0.27887,0.41223,0.37349,0.42436,0.29591,0.37242,0.34629,0.61579,0.35276,0.69094,0.65059,0.94044,1,0.63345,0.5471,0.45721,0.38114,0.43509,0.25805,0.49155,0.25443,0.72245,0.66528,0.63244,0.63912,0.6875,0.69285,0.53185,0.55871,0.54259,0.53703,0.38729,0.37059,0.48329,0.43901,0.57667,0.60878,0.52372,0.45076,0.52582,0.43693,0.55455,0.63008,0.42436,0.2491,0.65957,0.66937,0.67351,0.48629,0.30497,0.14999,0.65918,0.67503,0.57984,0.51275,0.51306,0.59113,0.53409,0.38,0.64085,0.50513,0.43735,0.4067,0.43565,0.22396,0.20634,0.10258,0.1514,0.095277,0.5991,0.21053,0.38132,0.29573,0.52223,0.35997,0.60436,0.56795,0.67606,0.5676,0.43939,0.26398,0.43909,0.36503,0.45092,0.38513,0.22282,0.21886,0.30543,0.39377,0.60927,0.56983,0.53746,0.55987,0.5182,0.22134
0.48883,0.48595,0.68743,0.74143,0.38583,0.48725,0.5678,0.68137,0.071073,0.42589,0.4396,0.50292,0.37096,0.38103,0.406,0.32159,0.31166,0.25355,0.64058,0.60853,0.33423,0.27572,0.62236,0.67083,0.61802,0.48956,0.56179,0.5925,0.13315,0.022301,0.43331,0.40618,0.58387,0.63345,1,0.87326,0.2124,0.16742,0.27637,0.11298,0.24451,0.036485,0.6178,0.50095,0.55072,0.58067,0.56334,0.53647,0.46913,0.50244,0.54585,0.51261,0.43572,0.42328,0.44541,0.3772,0.40271,0.53643,0.4571,0.51546,0.43813,0.42733,0.26427,0.39594,0.5676,0.42134,0.76161,0.78606,0.48616,0.43892,0.29504,0.18081,0.33585,0.42584,0.37657,0.3801,0.46858,0.52391,0.2062,0.09121,0.26635,0.2673,0.24409,0.18971,0.44236,0.2969,0.15846,0.092261,0.28872,0.24725,0.55509,0.22684,0.49683,0.3361,0.35517,0.12469,0.45997,0.33653,0.54372,0.45875,0.47931,0.2736,0.51585,0.41956,0.45685,0.45606,0.16794,0.044393,0.24864,0.40448,0.56023,0.39083,0.45559,0.60811,0.49345,0
0.51423,0.4655,0.52841,0.68795,0.32317,0.41363,0.45935,0.61309,0.053909,0.36269,0.34519,0.47071,0.24407,0.32748,0.22071,0.20827,0.22845,0.17866,0.60636,0.59979,0.13836,0.14759,0.50526,0.61069,0.45879,0.35739,0.45433,0.48492,0.034054,0,0.2369,0.27249,0.498,0.5471,0.87326,1,0.11735,0.11538,0.074071,0,0.15215,0,0.4864,0.35945,0.40376,0.44464,0.42834,0.41812,0.35913,0.40211,0.42507,0.43661,0.33134,0.36363,0.29169,0.2502,0.38454,0.51414,0.40831,0.43569,0.39674,0.4554,0.24189,0.40026,0.41719,0.4717,0.66216,0.68151,0.499,0.52808,0.2031,0.10874,0.21949,0.30007,0.28625,0.3637,0.42533,0.47992,0.049334,0,0.13042,0.14178,0.094794,0.15501,0.33578,0.25254,0.029474,0.077689,0.22199,0.24828,0.44925,0.21579,0.37302,0.21736,0.21079,0,0.24028,0.14042,0.42361,0.36054,0.27765,0.14091,0.34587,0.29642,0.34763,0.35319,0.0016729,0,0.083208,0.27504,0.51451,0.30164,0.37018,0.49315,0.40432,0
0.35942,0.21487,0.25654,0.30107,0.12914,0.19672,0.31028,0.30379,0.0073363,0.11094,0.50463,0.40731,0.39027,0.32281,0.40948,0.4876,0.5332,0.50265,0.3149,0.27421,0.35615,0.28189,0.19042,0.21492,0.2879,0.27152,0.11669,0.15538,0.49448,0.31034,0.48561,0.54577,0.40888,0.45721,0.2124,0.11735,1,0.7998,0.76573,0.66835,0.58286,0.53954,0.49077,0.46789,0.3853,0.34736,0.55927,0.49903,0.30446,0.33586,0.38423,0.37106,0.28186,0.22243,0.35461,0.35502,0.25181,0.19508,0.17453,0.10771,0.20856,0.032189,0.31344,0.27444,0.32159,0.19979,0.34781,0.37881,0.27675,0.19976,0.28448,0.19536,0.44875,0.40662,0.43233,0.33419,0.39927,0.36102,0.59555,0.5072,0.61198,0.58227,0.48397,0.50409,0.50149,0.36916,0.29819,0.22421,0.12992,0.19378,0.5309,0.44551,0.13934,0.22183,0.24451,0.31048,0.4987,0.36122,0.45312,0.45918,0.2028,0.16803,0.10344,0.098207,0.175,0.13085,0.29229,0.26707,0,0,0.25151,0.42514,0.44107,0.36846,0.15988,0.53616
0.28666,0.22557,0.1755,0.24922,0.13653,0.090081,0.16361,0.24483,0.039275,0.07837,0.45654,0.40046,0.32434,0.32608,0.45523,0.50982,0.39544,0.55871,0.3169,0.26235,0.29056,0.2685,0.26902,0.24051,0.35924,0.27809,0.10705,0.095847,0.40615,0.38053,0.49635,0.56332,0.34684,0.38114,0.16742,0.11538,0.7998,1,0.68523,0.76232,0.4432,0.55068,0.38673,0.38341,0.25527,0.19583,0.50121,0.50808,0.1498,0.21655,0.26301,0.33074,0.20437,0.24771,0.31444,0.38805,0.13661,0.22699,0.08335,0.09777,0.064528,0.11456,0.26399,0.36383,0.26857,0.24109,0.27873,0.29787,0.26026,0.22885,0.20385,0.1347,0.3201,0.38199,0.35335,0.30623,0.42418,0.33547,0.48051,0.51482,0.58189,0.62048,0.54267,0.60368,0.53746,0.45624,0.34618,0.33504,0.19591,0.25532,0.56756,0.52506,0.10489,0.23832,0.27834,0.31258,0.47628,0.35276,0.46388,0.50562,0.18185,0.1446,0.092905,0.10889,0.24839,0.13137,0.28779,0.20088,0,0,0.22609,0.41027,0.38474,0.2643,0.14768,0.55862
0.36132,0.3392,0.2933,0.39145,0.082795,0.22841,0.26966,0.37463,0,0.1985,0.49332,0.42297,0.32921,0.39108,0.43545,0.49791,0.5598,0.55008,0.32454,0.26016,0.48535,0.36294,0.20758,0.27002,0.37173,0.38604,0.22635,0.22693,0.43608,0.35188,0.48393,0.52954,0.39882,0.43509,0.27637,0.074071,0.76573,0.68523,1,0.83356,0.49487,0.62977,0.55141,0.54685,0.38372,0.35735,0.66175,0.57905,0.34107,0.3751,0.53796,0.47999,0.49781,0.39728,0.66443,0.57298,0.3205,0.31716,0.23607,0.21754,0.15504,0.021396,0.37398,0.32049,0.21927,0.1135,0.42137,0.45233,0.33642,0.13276,0.22041,0.00046159,0.32334,0.39952,0.30978,0.23936,0.21844,0.21738,0.64192,0.54586,0.6376,0.55787,0.59271,0.53563,0.53539,0.42009,0.51379,0.33601,0.38896,0.31601,0.6335,0.384,0.26396,0.18851,0.18218,0.43088,0.68547,0.44886,0.55374,0.44353,0.38422,0.12361,0.24629,0.14309,0.32567,0.1754,0.44835,0.24639,0,0,0.11929,0.32788,0.36045,0.361,0.14541,0.6315
0.25283,0.26615,0.15932,0.27623,0.050509,0.11428,0.07316,0.23499,0,0.15042,0.33164,0.31193,0.14301,0.193,0.30948,0.4515,0.45107,0.53752,0.2153,0.19215,0.32399,0.32219,0.17389,0.21007,0.31648,0.30096,0.11662,0.12316,0.33599,0.32917,0.37579,0.42475,0.22044,0.25805,0.11298,0,0.66835,0.76232,0.83356,1,0.34395,0.63629,0.40993,0.41145,0.23503,0.17479,0.5276,0.48911,0.16352,0.1862,0.33814,0.36103,0.35097,0.33256,0.50916,0.55012,0.18134,0.26831,0.039079,0.088176,0,0,0.12522,0.25842,0.14211,0.12851,0.29334,0.32609,0.27637,0.17555,0.012348,0,0.11726,0.27623,0.15805,0.16012,0.16442,0.16572,0.56992,0.49426,0.54804,0.56349,0.56787,0.60634,0.48884,0.44692,0.49676,0.47807,0.33863,0.35848,0.52548,0.44036,0.1219,0.18473,0.048505,0.28571,0.50517,0.31898,0.43712,0.41532,0.22005,0.093436,0.12867,0.12235,0.29799,0.18026,0.44656,0.22699,0,0,0.032808,0.2997,0.30258,0.21183,0.072865,0.58149
0.41959,0.38448,0.4352,0.24945,0,0.13902,0.33288,0.23698,0.0017095,0.022995,0.50277,0.35711,0.46354,0.3497,0.38663,0.23552,0.53031,0.46251,0.41589,0.42349,0.50984,0.33471,0.30132,0.23568,0.31372,0.28153,0.13077,0.16014,0.45782,0.31226,0.44752,0.40332,0.49762,0.49155,0.24451,0.15215,0.58286,0.4432,0.49487,0.34395,1,0.65249,0.45049,0.47015,0.41158,0.39423,0.46694,0.48442,0.4163,0.36285,0.3564,0.31172,0.32675,0.17817,0.40063,0.2668,0.33464,0.3306,0.24564,0.21052,0.23321,0.066982,0.38987,0.34239,0.10851,0,0.29462,0.30368,0.37826,0.21599,0.33218,0.22589,0.64704,0.56884,0.51951,0.34547,0.26896,0.3594,0.46006,0.38544,0.52637,0.42699,0.35677,0.3234,0.37178,0.20325,0.23484,0.14708,0.15243,0,0.4107,0.10877,0.37343,0.15237,0.40907,0.40164,0.51176,0.45194,0.45386,0.32052,0.32893,0.14354,0.30675,0.14137,0.3479,0.1241,0.27072,0.10856,0.21096,0.3589,0.40215,0.41554,0.45475,0.34159,0.32646,0.32239
0.12135,0.1684,0.2415,0.1461,0,0.14986,0.10537,0.14302,0.14716,0.1734,0.40688,0.30256,0.26697,0.2723,0.38221,0.44036,0.41857,0.40306,0.14457,0.14625,0.44097,0.41234,0.17806,0.16973,0.35298,0.39443,0,0.046313,0.42351,0.49157,0.35199,0.32294,0.21742,0.25443,0.036485,0,0.53954,0.55068,0.62977,0.63629,0.65249,1,0.28232,0.32414,0.22708,0.16443,0.33172,0.33155,0.18056,0.14324,0.18967,0.17486,0.17787,0.13096,0.34634,0.29006,0.067359,0.14337,0.038219,0.094189,0,0.018887,0.21809,0.14818,0.080865,0,0.18431,0.20195,0.11668,0.023481,0.11426,0.010337,0.28866,0.46747,0.31781,0.2456,0.13003,0.15217,0.48735,0.46809,0.49364,0.41198,0.57315,0.49918,0.32117,0.29769,0.45188,0.31166,0.19241,0.037218,0.38759,0.27155,0.30828,0.20522,0.10738,0.31755,0.39958,0.25694,0.31965,0.24362,0.37266,0.15947,0.29378,0.1215,0.29176,0.060199,0.58803,0.20617,0,0,0.073902,0.34778,0.34723,0.25613,0.20333,0.47984
0.62288,0.67653,0.54988,0.52953,0.17658,0.24756,0.44592,0.47278,0,0.15163,0.41114,0.47042,0.32789,0.40364,0.38016,0.36853,0.643,0.6825,0.6467,0.61638,0.49699,0.40106,0.32547,0.32192,0.52599,0.41884,0.49543,0.43522,0.47497,0.36142,0.6477,0.6016,0.66147,0.72245,0.6178,0.4864,0.49077,0.38673,0.55141,0.40993,0.45049,0.28232,1,0.94907,0.87585,0.88943,0.94995,0.88006,0.78766,0.72764,0.68583,0.59741,0.59124,0.41749,0.67785,0.61148,0.58806,0.67661,0.56606,0.53312,0.36217,0.20512,0.4493,0.62195,0.26351,0.063918,0.78241,0.79388,0.74125,0.54903,0.31124,0.15716,0.4808,0.49629,0.47019,0.32413,0.39748,0.44649,0.67387,0.5429,0.65251,0.56552,0.40939,0.44716,0.46356,0.26901,0.28065,0.14973,0.30642,0.31124,0.6754,0.28056,0.35509,0.20476,0.37673,0.34614,0.76233,0.67151,0.83432,0.68228,0.50909,0.23636,0.48382,0.49148,0.38597,0.319,0.38812,0.34581,0.20699,0.29495,0.55226,0.56113,0.641,0.65001,0.40215,0.23829
0.54326,0.61548,0.45466,0.40698,0.10847,0.24908,0.31641,0.38328,0,0.14927,0.33266,0.36682,0.2482,0.31874,0.33149,0.31328,0.63356,0.67384,0.59284,0.54647,0.51623,0.40596,0.20537,0.21771,0.48561,0.41571,0.46544,0.38881,0.4815,0.3924,0.63164,0.59738,0.63261,0.66528,0.50095,0.35945,0.46789,0.38341,0.54685,0.41145,0.47015,0.32414,0.94907,1,0.86228,0.88232,0.92228,0.91499,0.79374,0.69809,0.65396,0.56091,0.58534,0.3846,0.6937,0.61295,0.548,0.65835,0.54631,0.53367,0.301,0.1844,0.44088,0.60854,0.15775,0,0.7203,0.72309,0.70429,0.46529,0.31241,0.18395,0.47919,0.44134,0.43833,0.22186,0.30487,0.36691,0.67288,0.52464,0.66054,0.53831,0.36047,0.42255,0.42773,0.24123,0.27388,0.1692,0.29449,0.27154,0.62378,0.20636,0.33406,0.12947,0.38361,0.39202,0.75094,0.69343,0.79816,0.63483,0.533,0.23089,0.49583,0.51565,0.38668,0.24179,0.40942,0.34854,0.21928,0.31294,0.48835,0.49857,0.60992,0.60493,0.35934,0.28913
