1,0.88345,0.65713,0.71909,0.012266,0.30802,0.70644,0.52848,0.0048568,0.25142,0.69457,0.58139,0.7155,0.56618,0.4605,0.46676,0.43421,0.41328,0.87223,0.88969,0.27038,0.30182,0.74085,0.71344,0.29417,0.36279,0.14709,0.31864,0.31753,0.17029,0.68947,0.68449,0.75113,0.73566,0.41148,0.20483,0,0,0.15844,0.11507,0,0,0.12848,0.26166,0.34596,0.41477,0.19245,0.15684,0.44042,0.50116,0.37851,0.36043,0.087028,0.00042453,0,0,0.88305,0.83822,0.79639,0.84864,0.76258,0.77059,0.48822,0.51455,0.43342,0.41709,0.79819,0.73602,0.84654,0.67647,0.3047,0.24508,0.27033,0.16633,0.16417,0.09373,0.083726,0,0.41099,0.33762,0.51171,0.50492,0.26895,0.43538,0.41733,0.36966,0.14881,0.41775,0.29355,0.42628,0.10204,0.18496,0,0,0,0.074466,0.10807,0.251,0.087625,0.135,0,0.057172,0.07918,0,0,0,0.27225,0.38352,0,0,0,0,0,0,0,0
0.88345,1,0.67668,0.84448,0.081004,0.11563,0.67467,0.70742,0.20169,0.17548,0.69835,0.73311,0.67342,0.75803,0.47342,0.56468,0.51074,0.62088,0.73972,0.91519,0.37482,0.36111,0.82275,0.83599,0.44921,0.38486,0.2218,0.28471,0.4473,0.36184,0.74802,0.77634,0.8545,0.86095,0.51657,0.42553,0,0,0.27943,0.10396,0,0,0.33845,0.4529,0.53694,0.59659,0.32699,0.33912,0.56464,0.64519,0.5116,0.50753,0.25033,0.14936,0.0051013,0.06836,0.86096,0.93927,0.80764,0.81375,0.72098,0.77431,0.63458,0.66874,0.48619,0.5008,0.84596,0.8268,0.88517,0.83734,0.24896,0.16401,0.30392,0.33174,0.26919,0.16806,0.088974,0.064899,0.51781,0.53166,0.67793,0.68748,0.41908,0.53968,0.59705,0.57514,0.13694,0.41196,0.35197,0.54231,0.28636,0.36099,0,0.0036596,0.046244,0.20403,0.27009,0.41848,0.25569,0.36021,0,0.14243,0.21724,0.095477,0.12843,0.05723,0.36751,0.46796,0.083112,0.042404,0,0,0,0,0,0.092207
0.65713,0.67668,1,0.85905,0.34641,0.15048,0.87553,0.73502,0.22297,0.34141,0.49028,0.41253,0.61643,0.5819,0.23807,0.28405,0.17867,0.23666,0.65587,0.73672,0.27272,0.26114,0.79117,0.74062,0.45577,0.48341,0.18592,0.26047,0.18193,0.043166,0.50093,0.51656,0.56043,0.579,0.26723,0.34116,0,0,0.11493,0,0,0,0.29529,0.32482,0.2338,0.33668,0.29723,0.33648,0.24191,0.34224,0.17537,0.21484,0.20445,0.16474,0.1368,0.29978,0.52272,0.56586,0.60044,0.5272,0.42448,0.42278,0.31968,0.32545,0.20529,0.22099,0.57358,0.57157,0.68294,0.6503,0.10716,0.056167,0.26609,0.19949,0.3282,0.19714,0.34929,0.30966,0.19501,0.2253,0.30373,0.34662,0.13811,0.23234,0.18308,0.24975,0.047284,0.21536,0.27241,0.45045,0.29547,0.40301,0.22931,0.2268,0.047195,0.15041,0.17626,0.34138,0.15199,0.28529,0.23524,0.41826,0.29055,0.36427,0.26468,0.26772,0.48806,0.52855,0,0.067376,0,0,0,0.028908,0.16158,0.20255
0.71909,0.84448,0.85905,1,0.25934,0.039225,0.79024,0.87566,0.28851,0.24108,0.54307,0.60108,0.59822,0.72623,0.28543,0.40471,0.31312,0.46545,0.67032,0.86139,0.35102,0.3113,0.88227,0.90212,0.52242,0.48555,0.23328,0.19965,0.30936,0.23161,0.67274,0.73068,0.75914,0.79398,0.3977,0.48133,0,0,0.23634,0.024652,0,0,0.38258,0.43199,0.44961,0.54274,0.37622,0.40849,0.45306,0.54749,0.36763,0.39694,0.28052,0.20326,0.12168,0.23896,0.6519,0.7686,0.7102,0.64663,0.51805,0.56307,0.49144,0.5149,0.33158,0.39875,0.71917,0.7278,0.81608,0.79486,0.18755,0.10219,0.28371,0.28396,0.34582,0.19884,0.24991,0.2548,0.36558,0.42768,0.51505,0.54814,0.30373,0.35634,0.41762,0.45187,0.1154,0.27543,0.27862,0.45701,0.35955,0.42512,0.14948,0.088795,0.099087,0.23854,0.28923,0.47463,0.28258,0.42186,0.11125,0.27812,0.25213,0.27963,0.22076,0.19617,0.43489,0.51002,0.0712,0.11836,0,0,0,0,0.096603,0.19525
0.012266,0.081004,0.34641,0.25934,1,0,0.30463,0.34043,0.52829,0.37237,0.15804,0.059447,0.23713,0.15438,0.14054,0.032956,0,0.03054,0.066248,0.15695,0.32257,0.29532,0.25105,0.1779,0.52158,0.46496,0.4459,0.27464,0.12222,0.10365,0.18826,0.13203,0.14335,0.11881,0.012421,0.070473,0.090131,0,0.16483,0,0,0,0.19396,0.20769,0.064139,0.17247,0.17466,0.25099,0.021215,0.098624,0,0.11812,0.082703,0.16511,0.19493,0.32771,0.010258,0.058483,0.16851,0.11167,0.038693,0.070122,0.14191,0.13512,0,0.11125,0.13319,0.13482,0.18254,0.21479,0.13241,0.036239,0.29092,0.22755,0.50852,0.30922,0.29554,0.28027,0.063542,0.058349,0.15365,0.074834,0.2122,0.14642,0,0.042135,0.093758,0.10904,0.11401,0.18168,0.17365,0.23968,0.15893,0.15804,0.2466,0.097018,0.14134,0.1787,0.10366,0.20477,0.30085,0.34869,0.34776,0.37586,0.36496,0.4377,0.36395,0.42351,0.20963,0.19886,0.046172,0.19673,0.1999,0.25954,0.32983,0.29424
0.30802,0.11563,0.15048,0.039225,0,1,0.10032,0,0,0.69166,0,0,0.30179,0,0.36472,0.2432,0.31641,0,0.50552,0.22005,0,0,0.16696,0.12005,0,0.30093,0,0.61214,0,0,0.28685,0.33331,0.13022,0.12146,0.044109,0,0,0.095375,0,0.28622,0,0,0,0,0,0,0.13421,0.068774,0,0,0.016089,0,0.017951,0.11304,0,0,0.35225,0.15358,0,0.26618,0.098754,0.2364,0,0,0,0,0.17194,0.086027,0.18601,0.07864,0,0,0,0,0,0,0,0,0.074158,0.051075,0.039192,0.056976,0,0.17776,0.0039922,0.011983,0,0.23202,0.16432,0.10664,0.082635,0.069135,0,0.13923,0,0.021479,0.00081605,0,0.051205,0,0,0,0.11482,0,0,0,0.042513,0,0,0,0,0,0,0,0,0
0.70644,0.67467,0.87553,0.79024,0.30463,0.10032,1,0.73896,0.28001,0.24297,0.56549,0.37333,0.66714,0.52736,0.22449,0.1839,0.13841,0.17596,0.64461,0.71484,0.28931,0.24053,0.74636,0.66158,0.44644,0.44614,0.27907,0.18524,0.13242,0,0.45709,0.45702,0.55356,0.5654,0.16821,0.26234,0,0,0.024557,0,0,0,0.19478,0.24405,0.19772,0.32455,0.17308,0.2362,0.30434,0.34221,0.16534,0.16856,0.15005,0.15357,0.03763,0.20281,0.5561,0.57346,0.684,0.57591,0.47729,0.45371,0.34971,0.31965,0.15535,0.23161,0.57831,0.56409,0.70509,0.64569,0.17359,0.098349,0.23859,0.068173,0.33624,0.091322,0.3798,0.34524,0.13071,0.10527,0.26114,0.24965,0.19462,0.16336,0.070484,0.12796,0.11168,0.1497,0.156,0.34767,0.21422,0.37302,0.25034,0.15575,0,0.022238,0.075894,0.31506,0.071274,0.22502,0.18714,0.36554,0.18973,0.38316,0.18262,0.21261,0.37334,0.46726,0,0.012879,0,0,0,0,0.098973,0.10076
0.52848,0.70742,0.73502,0.87566,0.34043,0,0.73896,1,0.46354,0.15737,0.49156,0.60234,0.53118,0.76113,0.11409,0.27008,0.2014,0.43008,0.42009,0.6704,0.4414,0.32153,0.76739,0.78709,0.58971,0.43084,0.24343,0.0032206,0.33254,0.28488,0.52458,0.55266,0.64622,0.68099,0.34637,0.51106,0.029216,0,0.22346,0,0.1465,0,0.34304,0.36214,0.40586,0.49605,0.27072,0.32293,0.47152,0.54031,0.32859,0.39,0.21306,0.12718,0.13917,0.2372,0.44664,0.61372,0.65924,0.51444,0.49891,0.52057,0.57059,0.57979,0.33347,0.47831,0.58469,0.63569,0.62427,0.65626,0.26237,0.17346,0.37975,0.36947,0.4724,0.22789,0.35995,0.40915,0.33409,0.36338,0.43409,0.45535,0.27114,0.27119,0.27791,0.31223,0.036706,0.099898,0.1358,0.30053,0.28868,0.34993,0.14985,0.0043301,0.18247,0.15116,0.25029,0.44125,0.21827,0.38523,0.12397,0.29102,0.20401,0.3298,0.21799,0.22401,0.33143,0.4833,0.13421,0.22467,0,0.020094,0,0,0.15359,0.21724
0.0048568,0.20169,0.22297,0.28851,0.52829,0,0.28001,0.46354,1,0,0.27477,0.18214,0.0044973,0.29554,0.0030508,0,0,0.086326,0,0.15374,0.60021,0.44814,0.18833,0.22193,0.6302,0.30785,0.47749,0,0.19802,0.15198,0.10143,0.019407,0.16874,0.16868,0.10521,0.38088,0.18507,0,0.037569,0,0.28224,0,0.32063,0.23363,0.31936,0.29668,0.0094072,0.12644,0.34526,0.2749,0.1296,0.13083,0.10015,0.039355,0.21763,0.38174,0,0.17947,0.35983,0.10277,0.108,0.0295,0.44102,0.28706,0.18607,0.29223,0.2482,0.2747,0.21969,0.32727,0.2385,0.18619,0.29858,0.20296,0.51364,0.24714,0.37869,0.59784,0.069623,0.054856,0.19989,0.086285,0.3646,0.0034344,0.11747,0.082747,0.16894,0,0,0.11262,0.079253,0.19304,0.26711,0.018909,0.33388,0,0.059565,0.21012,0.012343,0.23213,0.21281,0.33018,0.10497,0.42574,0.32866,0.33621,0.242,0.38171,0.40646,0.48696,0.091121,0.16161,0.18695,0.17191,0.28252,0.25053
0.25142,0.17548,0.34141,0.24108,0.37237,0.69166,0.24297,0.15737,0,1,0.034945,0.046641,0.39856,0.061516,0.32743,0.2775,0.15729,0.061366,0.44172,0.24704,0,0.11656,0.33487,0.26024,0.14523,0.46608,0,0.4136,0.08493,0,0.37292,0.35428,0.19184,0.18617,0.12809,0,0,0.057683,0.094525,0.23258,0,0.026447,0.03285,0.074149,0,0.026951,0.18194,0.17013,0,0,0.037499,0.050053,0.1497,0.14341,0,0,0.25739,0.16271,0.061317,0.22267,0.10502,0.22834,0,0,0,0,0.20677,0.1413,0.22762,0.19167,0,0,0.13685,0.18005,0.11139,0.19226,0.0097148,0,0.035124,0.08998,0.083723,0.12038,0,0.2257,0.038878,0.037853,0,0.19081,0.28426,0.18051,0.21466,0.19952,0.037104,0.14731,0,0.11535,0.084149,0.042913,0.12397,0.04786,0.11724,0.018568,0.23297,0.081297,0.055301,0.10043,0.27479,0.20563,0,0,0,0.016958,0,0.030235,0.034871,0.10996
0.69457,0.69835,0.49028,0.54307,0.15804,0,0.56549,0.49156,0.27477,0.034945,1,0.70753,0.74154,0.65376,0.59809,0.5064,0.57236,0.54215,0.57917,0.6523,0.40947,0.45829,0.62368,0.59428,0.42933,0.34373,0.17569,0.09623,0.60153,0.45441,0.62281,0.5527,0.72091,0.67945,0.49305,0.31708,0.14233,0.027538,0.24203,0.011384,0,0,0.20923,0.34083,0.49044,0.5268,0.12375,0.12499,0.53645,0.57565,0.43793,0.46732,0.0029409,0.036102,0,0,0.71342,0.73078,0.6667,0.66815,0.70885,0.65512,0.676,0.58502,0.62105,0.58755,0.70728,0.71217,0.607,0.54066,0.46426,0.4042,0.38488,0.33808,0.35126,0.26135,0.15236,0.14688,0.57144,0.44912,0.62734,0.54192,0.5669,0.56196,0.53315,0.48052,0.23543,0.42998,0.24972,0.36234,0,0.12609,0,0,0.14447,0.16375,0.070743,0.21405,0.0074515,0.13571,0,0.030045,0.077905,0,0.093076,0,0.23374,0.31012,0.22797,0,0,0,0,0,0,0.071976
0.58139,0.73311,0.41253,0.60108,0.059447,0,0.37333,0.60234,0.18214,0.046641,0.70753,1,0.65319,0.86532,0.49597,0.60975,0.61796,0.74075,0.41612,0.60023,0.44593,0.43,0.62704,0.68558,0.37927,0.30277,0.051096,0.043827,0.73847,0.74789,0.66233,0.65373,0.78908,0.77724,0.68839,0.49691,0.29382,0.18427,0.37208,0.12397,0.13095,0.17553,0.2307,0.32907,0.54624,0.56189,0.17783,0.12589,0.59405,0.67761,0.57821,0.66302,0.046106,0,0,0,0.59955,0.72782,0.58859,0.61623,0.74719,0.74156,0.78493,0.79146,0.75212,0.76633,0.66712,0.72691,0.49782,0.46163,0.50849,0.46095,0.53336,0.57261,0.31275,0.29571,0.11066,0.11465,0.78559,0.69597,0.73005,0.72525,0.5298,0.67757,0.65714,0.618,0.12703,0.37147,0.209,0.30454,0.056836,0.010028,0,0,0.28212,0.23964,0.20854,0.22412,0.15566,0.17365,0,0,0.030385,0,0.0022616,0,0.12629,0.20472,0.29656,0.015486,0,0,0,0,0,0.10958
0.7155,0.67342,0.61643,0.59822,0.23713,0.30179,0.66714,0.53118,0.0044973,0.39856,0.74154,0.65319,1,0.62944,0.62776,0.49422,0.61719,0.60706,0.69687,0.67683,0.2279,0.26838,0.71367,0.61628,0.41184,0.50764,0.058281,0.21908,0.51838,0.44717,0.6755,0.60861,0.73489,0.69555,0.52152,0.27,0.080364,0.06921,0.29344,0.19213,0,0,0.27232,0.41045,0.40052,0.5043,0.2968,0.2888,0.44751,0.54527,0.45982,0.52075,0.1258,0.20625,0,0,0.73867,0.69805,0.58721,0.67859,0.65696,0.71745,0.50546,0.56747,0.43768,0.47704,0.6821,0.6626,0.63989,0.53283,0.31926,0.2555,0.34468,0.36373,0.2909,0.18999,0.12738,0.0039588,0.57713,0.51566,0.60856,0.57442,0.39092,0.56188,0.4133,0.4301,0.095969,0.41414,0.32708,0.37166,0.15846,0.23545,0,0.039788,0.15243,0.29747,0.2277,0.2985,0.15866,0.21896,0,0.060861,0.22997,0.056774,0.17309,0.11893,0.33196,0.40241,0.13828,0,0,0,0,0,0.078177,0.16815
0.56618,0.75803,0.5819,0.72623,0.15438,0,0.52736,0.76113,0.29554,0.061516,0.65376,0.86532,0.62944,1,0.40122,0.57842,0.53187,0.69789,0.42886,0.64545,0.46129,0.39375,0.73155,0.7736,0.54402,0.39867,0.11185,0.030901,0.64746,0.5801,0.63088,0.6601,0.7817,0.78928,0.60774,0.59064,0.21374,0,0.37284,0.047353,0.13524,0,0.39516,0.4543,0.57951,0.61816,0.32091,0.30037,0.62177,0.70878,0.57674,0.60459,0.23026,0.14266,0.088817,0.088216,0.60202,0.7409,0.62284,0.54476,0.64556,0.64727,0.74423,0.74178,0.59291,0.61062,0.67737,0.72305,0.60794,0.65683,0.33252,0.26886,0.4783,0.50239,0.36495,0.29574,0.22371,0.28394,0.64435,0.59465,0.68121,0.70971,0.44863,0.55558,0.55759,0.56101,0.023288,0.26971,0.16344,0.3908,0.24741,0.25001,0,0,0.26398,0.26897,0.31165,0.43109,0.26879,0.36584,0,0.058922,0.11352,0.035138,0.13396,0.065387,0.26942,0.39525,0.26523,0.21839,0,0.050151,0,0,0.057649,0.25841
0.4605,0.47342,0.23807,0.28543,0.14054,0.36472,0.22449,0.11409,0.0030508,0.32743,0.59809,0.49597,0.62776,0.40122,1,0.75238,0.62887,0.53591,0.45583,0.41234,0.29702,0.44974,0.39283,0.37841,0.27672,0.38632,0.2206,0.41774,0.54209,0.46813,0.58648,0.51914,0.55055,0.50673,0.47395,0.22289,0.23123,0.3171,0.35923,0.26151,0,0.1241,0.25265,0.3895,0.3785,0.45854,0.28911,0.25406,0.34527,0.46524,0.49431,0.53315,0.26826,0.2697,0.14068,0.026289,0.62386,0.57471,0.35376,0.49561,0.43613,0.48958,0.38672,0.38859,0.40343,0.33829,0.54755,0.51416,0.46048,0.42216,0.25956,0.21064,0.27603,0.34997,0.14764,0.20252,0,0,0.51478,0.53377,0.62747,0.57633,0.62585,0.66375,0.60575,0.55817,0.2708,0.52518,0.5365,0.46393,0.20826,0.25336,0,0.039339,0.2656,0.39761,0.24818,0.25507,0.2137,0.24767,0,0,0.17176,0,0.1435,0.065973,0.34516,0.28054,0.26878,0.065218,0.023929,0.078991,0,0,0.056405,0.18221
0.46676,0.56468,0.28405,0.40471,0.032956,0.2432,0.1839,0.27008,0,0.2775,0.5064,0.60975,0.49422,0.57842,0.75238,1,0.60297,0.57041,0.42795,0.45533,0.29154,0.44877,0.48013,0.54679,0.27812,0.30259,0.26505,0.39469,0.49773,0.5031,0.5896,0.62059,0.55791,0.55342,0.47716,0.29568,0.16886,0.27843,0.38113,0.32233,0,0.20475,0.25763,0.39619,0.3654,0.43228,0.34848,0.29854,0.2664,0.42343,0.44983,0.51504,0.26296,0.14492,0.19879,0.043427,0.56569,0.58385,0.32758,0.43998,0.41422,0.46167,0.38502,0.40034,0.42675,0.35349,0.49565,0.50707,0.43703,0.45874,0.18851,0.13326,0.31367,0.42368,0.12492,0.21717,0,0,0.47103,0.5552,0.61264,0.67934,0.53969,0.75359,0.684,0.67102,0.23293,0.5816,0.54014,0.57166,0.26039,0.24514,0,0,0.2088,0.39938,0.32716,0.3414,0.27236,0.28211,0,0,0.16472,0,0.11117,0.031661,0.35589,0.3261,0.18969,0.065919,0.076784,0.019556,0,0,0,0.12652
0.43421,0.51074,0.17867,0.31312,0,0.31641,0.13841,0.2014,0,0.15729,0.57236,0.61796,0.61719,0.53187,0.62887,0.60297,1,0.79183,0.47594,0.47113,0.087402,0.18687,0.41513,0.45503,0.1906,0.28662,0,0.23868,0.68199,0.65594,0.65107,0.66912,0.6962,0.66968,0.55053,0.21912,0.16931,0.31218,0.38515,0.35313,0,0.14908,0.36133,0.49566,0.52808,0.6154,0.40779,0.36734,0.45398,0.58299,0.54637,0.58543,0.12678,0.18954,0,0,0.65708,0.61043,0.29808,0.50322,0.50331,0.60899,0.51591,0.59223,0.4468,0.44175,0.54945,0.56632,0.42976,0.37084,0.18922,0.13511,0.25175,0.41894,0.058844,0.089049,0,0,0.80848,0.77592,0.79305,0.78286,0.44619,0.68351,0.67788,0.64884,0.033726,0.48224,0.24019,0.32311,0.1423,0.127,0,0,0.22904,0.43317,0.33875,0.29689,0.27192,0.24779,0,0,0.18855,0,0.08528,0,0.13572,0.16642,0.29313,0.047632,0,0.11286,0,0,0,0.1767
0.41328,0.62088,0.23666,0.46545,0.03054,0,0.17596,0.43008,0.086326,0.061366,0.54215,0.74075,0.60706,0.69789,0.53591,0.57041,0.79183,1,0.37634,0.52755,0.29022,0.26697,0.51805,0.54467,0.42152,0.33373,0.015627,0.053053,0.68439,0.8073,0.64756,0.65356,0.77765,0.75707,0.67509,0.48894,0.32755,0.34534,0.50632,0.31714,0.13343,0.23677,0.53625,0.64503,0.69593,0.73493,0.51389,0.50388,0.62597,0.72946,0.67561,0.75418,0.26536,0.28784,0.11493,0.13067,0.61556,0.71344,0.43428,0.52887,0.51056,0.64538,0.66305,0.78742,0.50909,0.56908,0.64164,0.68421,0.5223,0.5277,0.24155,0.17646,0.38199,0.60783,0.25322,0.26389,0,0,0.80878,0.88016,0.86448,0.89331,0.51894,0.68562,0.76464,0.77418,0.057411,0.41885,0.32892,0.41012,0.28929,0.24864,0,0,0.43365,0.4832,0.50258,0.50603,0.42966,0.48391,0,0,0.31104,0,0.29392,0.16943,0.25275,0.35097,0.44529,0.3096,0.14598,0.28505,0.10761,0,0.18609,0.35866
0.87223,0.73972,0.65587,0.67032,0.066248,0.50552,0.64461,0.42009,0,0.44172,0.57917,0.41612,0.69687,0.42886,0.45583,0.42795,0.47594,0.37634,1,0.87253,0.12496,0.18245,0.7584,0.71276,0.28724,0.45563,0.087088,0.40579,0.26536,0.090864,0.71985,0.73178,0.72159,0.71497,0.3728,0.15757,0,0,0.11171,0.15665,0,0,0.23106,0.31962,0.34009,0.4191,0.29954,0.27668,0.31763,0.38799,0.28164,0.23355,0.1151,0.10115,0,0,0.85529,0.75186,0.62746,0.7473,0.55628,0.66926,0.2641,0.34392,0.28282,0.27284,0.73944,0.65918,0.81045,0.62471,0.13211,0.074215,0.11274,0.081942,0.091217,0.040886,0.035344,0,0.32399,0.33335,0.45053,0.46112,0.13903,0.35983,0.36805,0.33889,0.019733,0.34539,0.25002,0.34281,0.16532,0.25775,0,0.072403,0,0.1165,0.14863,0.25198,0.11763,0.15319,0,0.041852,0.12827,0.063891,0.017932,0,0.288,0.33886,0,0,0,0,0,0,0,0
0.88969,0.91519,0.73672,0.86139,0.15695,0.22005,0.71484,0.6704,0.15374,0.24704,0.6523,0.60023,0.67683,0.64545,0.41234,0.45533,0.47113,0.52755,0.87253,1,0.33576,0.32659,0.85339,0.85321,0.48063,0.51316,0.21458,0.34469,0.37065,0.26838,0.77134,0.79597,0.86474,0.87098,0.46264,0.36584,0,0,0.2238,0.075341,0,0,0.36152,0.44231,0.49822,0.58393,0.3649,0.36145,0.4923,0.56492,0.39427,0.37643,0.15765,0.08879,0,0.066142,0.85662,0.88905,0.79985,0.83157,0.66808,0.75206,0.54576,0.57368,0.40537,0.44993,0.86157,0.81703,0.93281,0.80268,0.23342,0.15893,0.26118,0.24595,0.26967,0.1365,0.13937,0.071518,0.46628,0.48326,0.6305,0.61213,0.31715,0.45914,0.50312,0.47667,0.090154,0.36405,0.29915,0.43028,0.22895,0.31058,0,0.045553,0.012422,0.19662,0.25737,0.3739,0.19409,0.27929,0,0.17674,0.20749,0.12962,0.13653,0.065655,0.38644,0.46683,0.060333,0.015847,0,0,0,0,0,0.099149
0.27038,0.37482,0.27272,0.35102,0.32257,0,0.28931,0.4414,0.60021,0,0.40947,0.44593,0.2279,0.46129,0.29702,0.29154,0.087402,0.29022,0.12496,0.33576,1,0.84527,0.29972,0.37376,0.53398,0.38358,0.43934,0.10914,0.51853,0.39394,0.36773,0.27397,0.41767,0.41146,0.31601,0.37798,0.30528,0,0.15944,0,0.20427,0,0.22962,0.18904,0.32846,0.3518,0.035851,0.025517,0.40095,0.41481,0.29693,0.2976,0,0,0.19166,0.13967,0.24147,0.38789,0.46084,0.34398,0.44664,0.34323,0.60887,0.51744,0.46571,0.49828,0.41859,0.46172,0.32383,0.30729,0.61406,0.55356,0.54272,0.39766,0.51986,0.43127,0.47924,0.58247,0.37533,0.29677,0.40807,0.35198,0.42804,0.28132,0.28737,0.21305,0.08775,0.10911,0.099108,0.1203,0,0.029877,0,0,0.37584,0,0.11143,0.18136,0.018695,0.13651,0,0.05928,0,0.13724,0.16957,0.096921,0.24882,0.29726,0.46593,0.30444,0,0.025514,0.042864,0,0.15291,0.29647
0.30182,0.36111,0.26114,0.3113,0.29532,0,0.24053,0.32153,0.44814,0.11656,0.45829,0.43,0.26838,0.39375,0.44974,0.44877,0.18687,0.26697,0.18245,0.32659,0.84527,1,0.21889,0.31955,0.41189,0.35637,0.39692,0.20903,0.54156,0.44426,0.38906,0.29699,0.39063,0.38514,0.30184,0.28389,0.30746,0.10402,0.14154,0,0.0681,0.044448,0.13242,0.16786,0.21146,0.28663,0.0080422,0.0013165,0.28089,0.34383,0.2563,0.28615,0,0,0.22833,0.076493,0.28462,0.37532,0.39079,0.36913,0.44061,0.34693,0.57165,0.44831,0.45779,0.46183,0.38507,0.41212,0.30212,0.24064,0.65912,0.61981,0.56427,0.45228,0.48019,0.39268,0.45488,0.50814,0.36407,0.36981,0.42751,0.40779,0.52562,0.42761,0.34261,0.27312,0.24249,0.30965,0.24885,0.20384,0,0,0,0,0.35947,0.10089,0.037774,0.11641,0,0.058344,0,0,0,0.047989,0.20337,0.093589,0.35404,0.25338,0.443,0.18825,0,0,0,0,0.11596,0.26282
0.74085,0.82275,0.79117,0.88227,0.25105,0.16696,0.74636,0.76739,0.18833,0.33487,0.62368,0.62704,0.71367,0.73155,0.39283,0.48013,0.41513,0.51805,0.7584,0.85339,0.29972,0.21889,1,0.92916,0.58968,0.54595,0.17121,0.20108,0.39728,0.24796,0.74858,0.79633,0.79682,0.81191,0.50549,0.45456,0,0,0.29148,0.081881,0,0,0.44003,0.47613,0.53428,0.57323,0.43914,0.43728,0.49279,0.57308,0.44025,0.42825,0.31004,0.25881,0,0.13838,0.72119,0.79117,0.67668,0.63707,0.5273,0.60731,0.4619,0.48944,0.38427,0.38634,0.76269,0.74715,0.78692,0.80355,0.11527,0.054281,0.25669,0.28524,0.25748,0.17393,0.13129,0.12179,0.41071,0.42217,0.573,0.57272,0.28143,0.44828,0.46212,0.47122,0,0.27103,0.23631,0.42713,0.3743,0.46123,0.12458,0.13671,0.047639,0.24029,0.35463,0.46293,0.33287,0.40053,0.044339,0.20846,0.22415,0.1846,0.11937,0.092151,0.35782,0.49354,0.038863,0.10931,0,0,0,0,0.013432,0.14024
0.71344,0.83599,0.74062,0.90212,0.1779,0.12005,0.66158,0.78709,0.22193,0.26024,0.59428,0.68558,0.61628,0.7736,0.37841,0.54679,0.45503,0.54467,0.71276,0.85321,0.37376,0.31955,0.92916,1,0.58901,0.55252,0.21291,0.21582,0.46658,0.31336,0.76163,0.84237,0.80741,0.83903,0.49942,0.47157,0,0,0.26367,0.023945,0,0,0.42981,0.44821,0.55113,0.58805,0.4023,0.39325,0.49321,0.58501,0.45509,0.41546,0.28233,0.18007,0.0036474,0.092874,0.70897,0.80591,0.65731,0.62426,0.52901,0.59174,0.51683,0.51164,0.44858,0.43666,0.75804,0.74783,0.78782,0.78601,0.17933,0.096301,0.28313,0.32507,0.26435,0.17764,0.15163,0.18267,0.46789,0.50084,0.61426,0.62414,0.32332,0.45772,0.53619,0.5108,0.020642,0.25485,0.20068,0.41239,0.34123,0.40751,0.066856,0.041266,0.055634,0.22342,0.32075,0.45315,0.30934,0.39104,0,0.11619,0.14363,0.12928,0.071626,0.029847,0.32382,0.4288,0.091364,0.11855,0,0,0,0,0,0.14144
0.29417,0.44921,0.45577,0.52242,0.52158,0,0.44644,0.58971,0.6302,0.14523,0.42933,0.37927,0.41184,0.54402,0.27672,0.27812,0.1906,0.42152,0.28724,0.48063,0.53398,0.41189,0.58968,0.58901,1,0.7363,0.3849,0.10087,0.33126,0.26502,0.51751,0.46385,0.53848,0.5334,0.3375,0.41882,0.11379,0,0.20938,0,0.076472,0,0.57648,0.50819,0.53198,0.57342,0.36926,0.43049,0.47866,0.52285,0.39558,0.38758,0.29353,0.27055,0.090931,0.30469,0.32921,0.48117,0.4819,0.34948,0.26935,0.32004,0.46355,0.41371,0.30486,0.36113,0.53367,0.53029,0.518,0.62386,0.15498,0.083,0.34507,0.42161,0.45684,0.31845,0.28481,0.39345,0.32149,0.36541,0.5252,0.42948,0.32614,0.30447,0.35929,0.34266,0,0,0.069122,0.28982,0.30478,0.43128,0.28858,0.18854,0.2812,0.15526,0.3198,0.43431,0.28849,0.43958,0.16093,0.29663,0.22365,0.35604,0.29252,0.28876,0.35154,0.57773,0.36178,0.48619,0.14558,0.28402,0.1258,0.039219,0.25486,0.3262
0.36279,0.38486,0.48341,0.48555,0.46496,0.30093,0.44614,0.43084,0.30785,0.46608,0.34373,0.30277,0.50764,0.39867,0.38632,0.30259,0.28662,0.33373,0.45563,0.51316,0.38358,0.35637,0.54595,0.55252,0.7363,1,0.28009,0.35091,0.32094,0.24221,0.59841,0.55754,0.50277,0.51743,0.22761,0.18888,0,0,0.098778,0,0,0,0.35476,0.34315,0.36445,0.45528,0.28777,0.29298,0.31415,0.3974,0.26078,0.2533,0.12477,0.16643,0.0039033,0.13851,0.37897,0.44116,0.43474,0.44666,0.28916,0.38253,0.28594,0.30215,0.22636,0.32011,0.5238,0.48036,0.48734,0.46352,0.19558,0.14622,0.31691,0.31522,0.35417,0.23662,0.23687,0.223,0.35103,0.3535,0.4305,0.3651,0.17435,0.26644,0.24097,0.20845,0,0.13283,0.084472,0.18658,0.15328,0.26434,0.077416,0.053721,0.058669,0.04478,0.14842,0.24099,0.13362,0.23383,0.078629,0.090088,0.22826,0.20678,0.15425,0.14907,0.33843,0.45043,0.12124,0.13623,0,0.0576,0,0,0.074931,0.14519
0.14709,0.2218,0.18592,0.23328,0.4459,0,0.27907,0.24343,0.47749,0,0.17569,0.051096,0.058281,0.11185,0.2206,0.26505,0,0.015627,0.087088,0.21458,0.43934,0.39692,0.17121,0.21291,0.3849,0.28009,1,0.51099,0.055611,0.0029803,0.18314,0.16349,0.11688,0.1334,0,0,0,0,0,0,0,0,0.16044,0.14283,0.11237,0.19337,0.071293,0.14093,0.091889,0.10037,0.0049186,0.010763,0.070186,0,0.27048,0.26854,0.10486,0.19818,0.28726,0.18266,0.07622,0.031744,0.17652,0.10706,0,0.10714,0.16923,0.16447,0.26323,0.29285,0.12612,0.038927,0.084446,0,0.26853,0,0.12838,0.24498,0,0.052959,0.14981,0.17188,0.40369,0.19519,0.070458,0.11154,0.29182,0.12768,0.15472,0.30849,0.12727,0.24909,0.17976,0,0.11719,0.010122,0.018487,0.23154,0.0016715,0.20262,0.13509,0.1375,0.10422,0.36481,0.3217,0.3485,0.3456,0.41007,0.18339,0.19524,0.067046,0.0023836,0,0.16162,0.21165,0.17127
0.31864,0.28471,0.26047,0.19965,0.27464,0.61214,0.18524,0.0032206,0,0.4136,0.09623,0.043827,0.21908,0.030901,0.41774,0.39469,0.23868,0.053053,0.40579,0.34469,0.10914,0.20903,0.20108,0.21582,0.10087,0.35091,0.51099,1,0.030478,0,0.35977,0.36868,0.20508,0.20351,0.058485,0,0,0,0,0,0,0,0.10596,0.15272,0,0.1434,0.14313,0.16545,0,0.054494,0,0.014525,0,0.0086153,0,0.0079683,0.32901,0.28175,0.16795,0.34107,0.16859,0.25953,0,0.098597,0,0.036409,0.25524,0.21818,0.31799,0.24681,0,0,0,0,0,0,0,0,0.10549,0.17899,0.18477,0.22279,0.10376,0.31881,0.12087,0.14353,0,0.26811,0.25345,0.30423,0.068243,0.13078,0,0.029928,0,0.041335,0.0099339,0,0,0,0,0,0.15488,0,0.080341,0.083824,0.22178,0.19787,0.054591,0,0,0,0,0,0,0.051537
0.31753,0.4473,0.18193,0.30936,0.12222,0,0.13242,0.33254,0.19802,0.08493,0.60153,0.73847,0.51838,0.64746,0.54209,0.49773,0.68199,0.68439,0.26536,0.37065,0.51853,0.54156,0.39728,0.46658,0.33126,0.32094,0.055611,0.030478,1,0.79569,0.60138,0.52819,0.63076,0.61018,0.57086,0.34633,0.32657,0.1865,0.32158,0.012064,0.14783,0.12965,0.29342,0.31411,0.49503,0.48601,0.1572,0.10582,0.49143,0.56018,0.5147,0.54494,0.028991,0,0.057813,0,0.46437,0.52339,0.33217,0.38971,0.5862,0.55761,0.71738,0.71009,0.64608,0.61595,0.49223,0.51915,0.31642,0.26277,0.48038,0.4484,0.54145,0.55701,0.35152,0.29702,0.053954,0.10251,0.80605,0.71715,0.7076,0.65375,0.6321,0.57402,0.54965,0.44756,0.077764,0.28326,0.071791,0.14121,0,0,0,0,0.39623,0.25189,0.17706,0.17845,0.10098,0.17231,0,0,0,0,0.081483,0,0.14141,0.11506,0.50841,0.18677,0,0.067194,0,0,0.034045,0.29909
0.17029,0.36184,0.043166,0.23161,0.10365,0,0,0.28488,0.15198,0,0.45441,0.74789,0.44717,0.5801,0.46813,0.5031,0.65594,0.8073,0.090864,0.26838,0.39394,0.44426,0.24796,0.31336,0.26502,0.24221,0.0029803,0,0.79569,1,0.51405,0.44007,0.5882,0.57031,0.59928,0.38487,0.49288,0.45083,0.40212,0.20869,0.20511,0.36407,0.2948,0.41628,0.4865,0.52277,0.23745,0.18288,0.48683,0.59926,0.53847,0.68054,0.012967,0.035321,0.14171,0,0.31542,0.44174,0.26643,0.3541,0.4789,0.53667,0.69246,0.74975,0.5568,0.66911,0.3902,0.47235,0.19236,0.14866,0.50188,0.47173,0.53862,0.6603,0.30337,0.25768,0.050246,0.04272,0.82189,0.85077,0.73803,0.75391,0.61233,0.68131,0.61248,0.60227,0.21381,0.43386,0.21148,0.1815,0,0,0,0,0.54534,0.39205,0.27172,0.21029,0.17865,0.20677,0,0,0.10187,0,0.20067,0.074106,0.12489,0.11388,0.53011,0.19715,0,0.14823,0.11299,0,0.11021,0.28168
0.68947,0.74802,0.50093,0.67274,0.18826,0.28685,0.45709,0.52458,0.10143,0.37292,0.62281,0.66233,0.6755,0.63088,0.58648,0.5896,0.65107,0.64756,0.71985,0.77134,0.36773,0.38906,0.74858,0.76163,0.51751,0.59841,0.18314,0.35977,0.60138,0.51405,1,0.91571,0.8424,0.83574,0.52078,0.30675,0,0,0.19296,0.072701,0,0,0.38163,0.48082,0.54322,0.6142,0.35455,0.34377,0.50876,0.6528,0.4744,0.5243,0.15519,0.12508,0,0,0.73292,0.7982,0.62093,0.70009,0.61631,0.71506,0.58899,0.65092,0.49823,0.54238,0.73746,0.70447,0.68608,0.62139,0.32507,0.25091,0.31153,0.39058,0.2284,0.14275,0,0,0.64877,0.68675,0.74624,0.74146,0.47,0.63013,0.57551,0.52981,0.15697,0.43467,0.22873,0.36567,0.14017,0.21956,0,0,0.073851,0.23973,0.21496,0.33581,0.19397,0.28494,0,0,0.092046,0,0.073268,0.004363,0.28299,0.3712,0.17665,0.033346,0,0,0,0,0,0.076806
0.68449,0.77634,0.51656,0.73068,0.13203,0.33331,0.45702,0.55266,0.019407,0.35428,0.5527,0.65373,0.60861,0.6601,0.51914,0.62059,0.66912,0.65356,0.73178,0.79597,0.27397,0.29699,0.79633,0.84237,0.46385,0.55754,0.16349,0.36868,0.52819,0.44007,0.91571,1,0.84197,0.86094,0.49742,0.31862,0,0,0.30728,0.19363,0,0,0.43152,0.52328,0.58805,0.6575,0.48118,0.4592,0.51034,0.6525,0.50735,0.5124,0.27792,0.22645,0,0,0.75472,0.80714,0.58462,0.6705,0.54458,0.66814,0.50974,0.56948,0.41841,0.43792,0.73052,0.70461,0.71126,0.69399,0.17182,0.085406,0.24326,0.36794,0.14929,0.11606,0,0,0.60726,0.64169,0.74518,0.7565,0.39966,0.61894,0.62903,0.59865,0.080499,0.43505,0.22478,0.42331,0.30027,0.33809,0,0,0.037119,0.30572,0.34702,0.46126,0.35375,0.38937,0,0,0.1484,0,0.023453,0,0.24726,0.37617,0.093268,0.032234,0,0,0,0,0,0.067365
0.75113,0.8545,0.56043,0.75914,0.14335,0.13022,0.55356,0.64622,0.16874,0.19184,0.72091,0.78908,0.73489,0.7817,0.55055,0.55791,0.6962,0.77765,0.72159,0.86474,0.41767,0.39063,0.79682,0.80741,0.53848,0.50277,0.11688,0.20508,0.63076,0.5882,0.8424,0.84197,1,0.98003,0.67969,0.48694,0.11418,0.043987,0.35281,0.13944,0,0,0.48567,0.57838,0.69174,0.77797,0.44384,0.40141,0.71228,0.80257,0.6529,0.65309,0.21596,0.19024,0,0,0.8343,0.90571,0.77261,0.8213,0.75726,0.85179,0.74182,0.78466,0.60698,0.67546,0.89601,0.89631,0.80795,0.74066,0.3654,0.28366,0.40148,0.44971,0.29307,0.23156,0.088052,0.047222,0.74403,0.72873,0.84055,0.8145,0.50125,0.66098,0.67404,0.65647,0.096833,0.4475,0.2594,0.39873,0.23244,0.26341,0,0,0.23862,0.33933,0.36927,0.41889,0.29733,0.34164,0,0.0033553,0.16102,0,0.12464,0.022511,0.2634,0.39688,0.30528,0.13025,0,0.011145,0,0,0.0074276,0.21662
0.73566,0.86095,0.579,0.79398,0.11881,0.12146,0.5654,0.68099,0.16868,0.18617,0.67945,0.77724,0.69555,0.78928,0.50673,0.55342,0.66968,0.75707,0.71497,0.87098,0.41146,0.38514,0.81191,0.83903,0.5334,0.51743,0.1334,0.20351,0.61018,0.57031,0.83574,0.86094,0.98003,1,0.6424,0.49079,0.067016,0.0018011,0.32227,0.10391,0,0,0.46706,0.55557,0.67545,0.76034,0.43038,0.39601,0.69128,0.78228,0.61422,0.61042,0.20541,0.16573,0,0.0062239,0.81511,0.90106,0.75952,0.79572,0.72639,0.81965,0.71167,0.75343,0.57321,0.64353,0.86888,0.87217,0.80566,0.74673,0.35039,0.27201,0.37683,0.43365,0.27404,0.19642,0.12579,0.08997,0.70084,0.73386,0.80343,0.80235,0.47555,0.61287,0.63802,0.61868,0.088806,0.40737,0.23152,0.36839,0.22702,0.26279,0,0,0.20477,0.33187,0.34103,0.42673,0.28351,0.35743,0,0,0.12597,0,0.10417,0.016555,0.26261,0.38342,0.26851,0.1228,0,0,0,0,0,0.19574
0.41148,0.51657,0.26723,0.3977,0.012421,0.044109,0.16821,0.34637,0.10521,0.12809,0.49305,0.68839,0.52152,0.60774,0.47395,0.47716,0.55053,0.67509,0.3728,0.46264,0.31601,0.30184,0.50549,0.49942,0.3375,0.22761,0,0.058485,0.57086,0.59928,0.52078,0.49742,0.67969,0.6424,1,0.73652,0.42796,0.36439,0.46102,0.22642,0.10574,0.24119,0.469,0.53371,0.66127,0.64615,0.40065,0.31886,0.62045,0.64086,0.68188,0.66738,0.1924,0.18829,0.021557,0.0017689,0.55258,0.6043,0.43473,0.52719,0.54726,0.61418,0.5631,0.62238,0.68368,0.63975,0.6803,0.74455,0.41675,0.42944,0.30344,0.33318,0.47351,0.55653,0.23945,0.37529,0.15104,0.082757,0.67002,0.611,0.6595,0.65948,0.35917,0.63514,0.67084,0.6551,0.014593,0.34156,0.3236,0.344,0.18998,0.1231,0,0.060141,0.38131,0.34786,0.40406,0.23315,0.29613,0.21674,0,0,0.14571,0,0.14993,0,0.18239,0.24797,0.41014,0.1884,0.087959,0.18426,0.1117,0,0.097638,0.26729
0.20483,0.42553,0.34116,0.48133,0.070473,0,0.26234,0.51106,0.38088,0,0.31708,0.49691,0.27,0.59064,0.22289,0.29568,0.21912,0.48894,0.15757,0.36584,0.37798,0.28389,0.45456,0.47157,0.41882,0.18888,0,0,0.34633,0.38487,0.30675,0.31862,0.48694,0.49079,0.73652,1,0.38718,0.18746,0.36759,0.056046,0.31506,0.1642,0.52203,0.48612,0.5791,0.54737,0.3501,0.3629,0.52722,0.51153,0.49525,0.4893,0.31998,0.26431,0.26441,0.30607,0.32445,0.472,0.40566,0.32327,0.32889,0.34829,0.48261,0.49687,0.46847,0.46584,0.53753,0.64613,0.35761,0.46846,0.16812,0.18048,0.40144,0.47613,0.31612,0.38405,0.32127,0.39002,0.36344,0.39236,0.41155,0.43651,0.24584,0.32483,0.47065,0.49753,0.018182,0.12877,0.26881,0.33426,0.31496,0.29476,0.17819,0.15633,0.41176,0.25328,0.37442,0.34044,0.29439,0.36884,0.14145,0.20157,0.22403,0.13703,0.29275,0.18864,0.29262,0.32982,0.38043,0.40888,0.25639,0.31565,0.2224,0.070797,0.29098,0.38544
0,0,0,0,0.090131,0,0,0.029216,0.18507,0,0.14233,0.29382,0.080364,0.21374,0.23123,0.16886,0.16931,0.32755,0,0,0.30528,0.30746,0,0,0.11379,0,0,0,0.32657,0.49288,0,0,0.11418,0.067016,0.42796,0.38718,1,0.65176,0.67763,0.46487,0.52411,0.53408,0.20548,0.30947,0.33231,0.30174,0.30076,0.19875,0.33576,0.31511,0.45579,0.52653,0.2124,0.22159,0.43025,0.23749,0,0.017677,0.047621,0.030172,0.13,0.10562,0.31752,0.27269,0.30996,0.30879,0.10215,0.20785,0,0,0.29737,0.33102,0.52214,0.57383,0.31383,0.4223,0.31052,0.23513,0.40789,0.24732,0.34594,0.31718,0.38826,0.38821,0.4259,0.44913,0.33512,0.299,0.36318,0.21086,0.15291,0.005317,0,0.069331,0.58333,0.3665,0.44052,0.26196,0.35802,0.22975,0.099183,0.19353,0.30127,0,0.30836,0.17122,0.16252,0.18531,0.29011,0.26547,0.35703,0.34699,0.48043,0.18616,0.26204,0.18419
0,0,0,0,0,0.095375,0,0,0,0.057683,0.027538,0.18427,0.06921,0,0.3171,0.27843,0.31218,0.34534,0,0,0,0.10402,0,0,0,0,0,0,0.1865,0.45083,0,0,0.043987,0.0018011,0.36439,0.18746,0.65176,1,0.54724,0.74033,0.19387,0.72591,0.10739,0.24881,0.16373,0.15205,0.31493,0.20913,0.098306,0.16853,0.36292,0.48995,0.19858,0.28639,0.36397,0.15163,0.012199,0,0,0.052907,0.028568,0.0796,0.039198,0.11742,0.19375,0.16773,0.036661,0.11827,0,0,0.14036,0.18434,0.37834,0.51023,0.077873,0.34374,0.034027,0,0.36289,0.33185,0.26173,0.34508,0.17071,0.4458,0.43719,0.51816,0.28817,0.51228,0.48863,0.34671,0.18327,0.0090309,0,0.1006,0.37922,0.38444,0.36041,0.12481,0.38176,0.18091,0.09491,0.033699,0.39126,0,0.27528,0.12628,0.18156,0.10352,0.14175,0,0.29808,0.2954,0.40328,0.18425,0.20927,0.13806
0.15844,0.27943,0.11493,0.23634,0.16483,0,0.024557,0.22346,0.037569,0.094525,0.24203,0.37208,0.29344,0.37284,0.35923,0.38113,0.38515,0.50632,0.11171,0.2238,0.15944,0.14154,0.29148,0.26367,0.20938,0.098778,0,0,0.32158,0.40212,0.19296,0.30728,0.35281,0.32227,0.46102,0.36759,0.67763,0.54724,1,0.71528,0.45185,0.43697,0.35792,0.47507,0.42464,0.40843,0.62284,0.54278,0.31291,0.35054,0.47609,0.5577,0.46256,0.45359,0.41584,0.35079,0.32612,0.313,0.13798,0.16941,0.14416,0.22339,0.27207,0.2928,0.16629,0.12987,0.32157,0.35124,0.24556,0.32537,0,0,0.33619,0.55069,0.2411,0.40891,0.039484,0,0.42939,0.32937,0.55162,0.50931,0.36812,0.48037,0.63701,0.65667,0.219,0.43207,0.49642,0.45567,0.51605,0.38547,0.042286,0.24672,0.52122,0.63243,0.77955,0.63851,0.68218,0.56992,0.24731,0.31651,0.50497,0.14004,0.32867,0.25157,0.33486,0.41271,0.13706,0.32414,0.39442,0.42532,0.36897,0.10418,0.27113,0.27864
0.11507,0.10396,0,0.024652,0,0.28622,0,0,0,0.23258,0.011384,0.12397,0.19213,0.047353,0.26151,0.32233,0.35313,0.31714,0.15665,0.075341,0,0,0.081881,0.023945,0,0,0,0,0.012064,0.20869,0.072701,0.19363,0.13944,0.10391,0.22642,0.056046,0.46487,0.74033,0.71528,1,0.14178,0.60065,0.12011,0.30158,0.1445,0.15787,0.54007,0.44363,0.021494,0.10594,0.30326,0.40305,0.4149,0.48751,0.3533,0.21697,0.22553,0.13588,0,0.1393,0,0.1337,0,0.011266,0,0,0.10761,0.12553,0.062096,0.092293,0,0,0.17593,0.33967,0,0.166,0,0,0.22291,0.19078,0.27684,0.36079,0.088947,0.42036,0.43865,0.55247,0.2781,0.5781,0.55173,0.50066,0.44845,0.28953,0,0.23405,0.15118,0.50709,0.55529,0.39522,0.59883,0.3746,0.23437,0.18219,0.53634,0,0.2262,0.16479,0.25105,0.25483,0,0,0.37626,0.27755,0.26439,0.11301,0.13385,0.018471
0,0,0,0,0,0,0,0.1465,0.28224,0,0,0.13095,0,0.13524,0,0,0,0.13343,0,0,0.20427,0.0681,0,0,0.076472,0,0,0,0.14783,0.20511,0,0,0,0,0.10574,0.31506,0.52411,0.19387,0.45185,0.14178,1,0.4298,0.12404,0.06375,0.14491,0.063429,0.09892,0.10514,0.14537,0.096241,0.15609,0.23879,0.21648,0.13016,0.30097,0.22094,0,0,0,0,0,0,0.12223,0.095112,0.072955,0.06984,0,0,0,0,0.0077391,0,0.25262,0.37727,0.1707,0.22837,0.14921,0.23888,0.057078,0.011853,0.060442,0.056439,0.14171,0,0.2057,0.16701,0.033077,0,0,0,0.19447,0.099104,0.10406,0,0.29908,0.11517,0.31767,0.30566,0.27763,0.30794,0.17489,0.10552,0.10517,0.15597,0.1254,0.14941,0,0.044023,0.11816,0.39152,0.24546,0.26413,0.27635,0.14496,0.20826,0.13643
0,0,0,0,0,0,0,0,0,0.026447,0,0.17553,0,0,0.1241,0.20475,0.14908,0.23677,0,0,0,0.044448,0,0,0,0,0,0,0.12965,0.36407,0,0,0,0,0.24119,0.1642,0.53408,0.72591,0.43697,0.60065,0.4298,1,0.051052,0.10145,0.06246,0.019831,0.22135,0.15466,0.037625,0.052765,0.24336,0.36003,0.24865,0.19488,0.3563,0.10882,0,0,0,0,0,0,0.057241,0.11066,0.11825,0.090911,0,0,0,0,0.046027,0.077166,0.36824,0.51757,0.033857,0.23715,0,0,0.22316,0.18731,0.18533,0.25077,0.17145,0.33858,0.36367,0.39586,0.28689,0.3315,0.38026,0.26048,0.18333,0.0098499,0,0,0.28184,0.26246,0.31019,0.15609,0.34054,0.15302,0.082252,0.0032289,0.25266,0,0.18488,0.10842,0.076094,0.062171,0.059627,0.053548,0.28947,0.24486,0.31303,0.12313,0.12184,0.048427
0.12848,0.33845,0.29529,0.38258,0.19396,0,0.19478,0.34304,0.32063,0.03285,0.20923,0.2307,0.27232,0.39516,0.25265,0.25763,0.36133,0.53625,0.23106,0.36152,0.22962,0.13242,0.44003,0.42981,0.57648,0.35476,0.16044,0.10596,0.29342,0.2948,0.38163,0.43152,0.48567,0.46706,0.469,0.52203,0.20548,0.10739,0.35792,0.12011,0.12404,0.051052,1,0.90477,0.79248,0.77463,0.81886,0.84461,0.62255,0.59314,0.6388,0.50734,0.63045,0.61636,0.28846,0.52222,0.30033,0.40856,0.32412,0.23587,0.076973,0.21214,0.30018,0.35752,0.11465,0.19047,0.46178,0.51669,0.39267,0.53732,0,0,0.12391,0.30511,0.27657,0.19561,0.033646,0.12649,0.35568,0.44618,0.54407,0.54336,0.32456,0.38243,0.45542,0.55817,0,0.13427,0.25276,0.47289,0.65986,0.65507,0.50221,0.46454,0.52212,0.46499,0.72208,0.64634,0.66972,0.62774,0.39547,0.40507,0.50311,0.43329,0.59717,0.52991,0.42881,0.57608,0.53858,0.72266,0.5267,0.72009,0.50754,0.33878,0.56293,0.60535
0.26166,0.4529,0.32482,0.43199,0.20769,0,0.24405,0.36214,0.23363,0.074149,0.34083,0.32907,0.41045,0.4543,0.3895,0.39619,0.49566,0.64503,0.31962,0.44231,0.18904,0.16786,0.47613,0.44821,0.50819,0.34315,0.14283,0.15272,0.31411,0.41628,0.48082,0.52328,0.57838,0.55557,0.53371,0.48612,0.30947,0.24881,0.47507,0.30158,0.06375,0.10145,0.90477,1,0.7999,0.84732,0.84463,0.87333,0.65437,0.70007,0.71818,0.66061,0.58774,0.64081,0.32608,0.52074,0.44133,0.52395,0.39423,0.37332,0.19332,0.35417,0.35982,0.42555,0.16734,0.26734,0.53971,0.59813,0.46307,0.5869,0,0,0.19016,0.38428,0.29328,0.21232,0.052598,0.064244,0.44478,0.55498,0.65043,0.68386,0.43422,0.55975,0.5565,0.68625,0.12347,0.3743,0.39568,0.59195,0.59904,0.6333,0.33722,0.39822,0.50071,0.54733,0.73682,0.70702,0.67323,0.67217,0.31479,0.39026,0.56399,0.38345,0.61623,0.53915,0.47407,0.60515,0.45413,0.58468,0.54037,0.60189,0.43674,0.28144,0.50371,0.52004
0.34596,0.53694,0.2338,0.44961,0.064139,0,0.19772,0.40586,0.31936,0,0.49044,0.54624,0.40052,0.57951,0.3785,0.3654,0.52808,0.69593,0.34009,0.49822,0.32846,0.21146,0.53428,0.55113,0.53198,0.36445,0.11237,0,0.49503,0.4865,0.54322,0.58805,0.69174,0.67545,0.66127,0.5791,0.33231,0.16373,0.42464,0.1445,0.14491,0.06246,0.79248,0.7999,1,0.91226,0.64507,0.613,0.88532,0.80802,0.79401,0.65027,0.43226,0.42538,0.10812,0.22922,0.51279,0.63421,0.5748,0.52081,0.42214,0.5094,0.55597,0.57259,0.49387,0.54543,0.69439,0.7443,0.46998,0.56078,0.099633,0.068876,0.27115,0.37848,0.28507,0.21696,0.05566,0.12714,0.59794,0.55357,0.70457,0.67786,0.45751,0.54003,0.64456,0.65706,0.08705,0.2691,0.20198,0.38464,0.41278,0.4005,0.11186,0.13212,0.40283,0.33512,0.58009,0.52704,0.52799,0.49845,0.077745,0.12902,0.35212,0.1524,0.34704,0.20888,0.25678,0.45996,0.43896,0.42644,0.2119,0.35644,0.22077,0,0.24086,0.3131
0.41477,0.59659,0.33668,0.54274,0.17247,0,0.32455,0.49605,0.29668,0.026951,0.5268,0.56189,0.5043,0.61816,0.45854,0.43228,0.6154,0.73493,0.4191,0.58393,0.3518,0.28663,0.57323,0.58805,0.57342,0.45528,0.19337,0.1434,0.48601,0.52277,0.6142,0.6575,0.77797,0.76034,0.64615,0.54737,0.30174,0.15205,0.40843,0.15787,0.063429,0.019831,0.77463,0.84732,0.91226,1,0.66715,0.65434,0.84108,0.86627,0.78579,0.71478,0.39071,0.43187,0.13911,0.22954,0.58394,0.67692,0.59576,0.59656,0.45996,0.58041,0.57979,0.61831,0.45619,0.5855,0.73217,0.80461,0.57229,0.62071,0.16931,0.10328,0.31452,0.41213,0.34456,0.25044,0.10841,0.12267,0.638,0.64361,0.75909,0.74735,0.48495,0.59205,0.63984,0.69637,0.084437,0.33657,0.26048,0.4454,0.4012,0.42984,0.082128,0.16675,0.40988,0.39011,0.5696,0.56157,0.49911,0.518,0.07137,0.18256,0.39138,0.16901,0.38039,0.25941,0.31201,0.50447,0.46855,0.39949,0.22766,0.36309,0.20987,0,0.28372,0.37891
0.19245,0.32699,0.29723,0.37622,0.17466,0.13421,0.17308,0.27072,0.0094072,0.18194,0.12375,0.17783,0.2968,0.32091,0.28911,0.34848,0.40779,0.51389,0.29954,0.3649,0.035851,0.0080422,0.43914,0.4023,0.36926,0.28777,0.071293,0.14313,0.1572,0.23745,0.35455,0.48118,0.44384,0.43038,0.40065,0.3501,0.30076,0.31493,0.62284,0.54007,0.09892,0.22135,0.81886,0.84463,0.64507,0.66715,1,0.94022,0.47265,0.49584,0.58676,0.5123,0.72148,0.70148,0.42902,0.54647,0.36202,0.37892,0.24843,0.25301,0.033563,0.19694,0.15668,0.23387,0,0.011252,0.38902,0.43305,0.3728,0.50016,0,0,0.12111,0.30906,0.20304,0.17897,0.0019434,0,0.32205,0.38355,0.54542,0.57798,0.24605,0.47007,0.49735,0.62632,0.072546,0.36896,0.49108,0.59266,0.76059,0.67417,0.39219,0.4706,0.42454,0.60655,0.89081,0.77486,0.85374,0.69451,0.42297,0.41637,0.6287,0.367,0.54639,0.48196,0.47116,0.61254,0.20443,0.48326,0.57562,0.65073,0.45563,0.28719,0.45379,0.43359
