1,0.8745,0.40212,0.44025,0.17581,0.25786,0.39327,0.4501,0.31519,0.28189,0.63784,0.71244,0.50745,0.64072,0.30351,0.63214,0.74134,0.57819,0.80314,0.7923,0.32563,0.2247,0.31441,0.26817,0.14687,0,0.030762,0.083158,0.44656,0.11259,0.11052,0.1667,0.51667,0.45301,0,0.00043331,0.027194,0.21319,0.23582,0.14741,0.2491,0.030258,0.080248,0.010532,0.42882,0.48738,0.43526,0.49173,0.53813,0.56141,0.56338,0.52219,0.57917,0.56543,0.37935,0.49736,0.88197,0.8318,0.65489,0.597,0.68573,0.502,0.66462,0.74835,0.086892,0.0538,0.37532,0.30183,0.7892,0.78776,0.27759,0.079425,0.3914,0.18248,0.30113,0.12219,0,0.063977,0.56079,0,0.54191,0.48524,0.29034,0.36116,0.49177,0.50214,0.17193,0.37462,0.23828,0.60541,0.23006,0.27438,0,0.17641,0,0,0.1575,0.38047,0.48567,0.52993,0.20752,0.33182,0.26854,0.388,0,0,0,0.021684,0.13998,0.01796,0.080202,0.15672,0.21138,0,0,0
0.8745,1,0.30758,0.42177,0.14439,0.27848,0.31923,0.53339,0.24518,0.21863,0.5114,0.7368,0.43757,0.57089,0.23263,0.54874,0.71741,0.5699,0.70691,0.76947,0.28063,0.2039,0.1754,0.2087,0.19913,0.077029,0.069378,0.094967,0.30326,0.080859,0.075109,0.11683,0.51772,0.49396,0.0051277,0.053829,0,0.20442,0.10327,0.11717,0.19412,0.052289,0.044594,0,0.3979,0.43379,0.3393,0.37551,0.47689,0.48487,0.49693,0.4633,0.54366,0.49147,0.27584,0.44886,0.85103,0.91174,0.68109,0.71997,0.69329,0.63546,0.595,0.79925,0.20125,0.21922,0.41327,0.37244,0.85879,0.80892,0.26412,0.10349,0.39545,0.22963,0.26613,0.14734,0,0.12487,0.55691,0.016663,0.46191,0.39617,0.098716,0.16168,0.43007,0.44241,0.21304,0.2714,0.30344,0.51947,0.20776,0.19085,0,0.00038526,0,0,0.10517,0.30172,0.42935,0.51862,0.094674,0.29808,0.26749,0.34456,0,0,0,0.030175,0.05513,0,0.12962,0.095578,0.15181,0,0,0
0.40212,0.30758,1,0.83709,0.61598,0.44785,0.885,0.72191,0.57865,0.52718,0.39255,0.24074,0.37556,0.32038,0.47752,0.36774,0.30316,0.20392,0.60979,0.5491,0.32557,0.41029,0.73705,0.68432,0.62959,0.50324,0.31154,0.33678,0.21159,0,0.56329,0.441,0.53904,0.43819,0.47815,0.45031,0.03409,0.31148,0.17261,0.088102,0.019194,0.041396,0.50969,0.38139,0.51664,0.45813,0.5392,0.48625,0.23495,0.40048,0.43747,0.49998,0.56407,0.59163,0.48272,0.43998,0.29993,0.29474,0.12493,0.25721,0.49137,0.39332,0.35182,0.343,0.58378,0.4701,0.59672,0.55524,0.39726,0.42121,0.44134,0.28392,0.48066,0.22448,0.40092,0.36777,0.21265,0.18531,0.41553,0.14287,0.27055,0.28826,0.16346,0.14596,0.42718,0.57663,0.12672,0.13692,0.39961,0.60668,0.48121,0.47726,0.43659,0.51418,0,0,0.30628,0.38007,0.41809,0.47491,0.26322,0.43112,0.26201,0.32396,0.079245,0.0065177,0,0,0,0,0.35688,0.4745,0.44044,0.36761,0.13011,0
0.44025,0.42177,0.83709,1,0.51222,0.49548,0.72838,0.84049,0.43927,0.59406,0.29372,0.30646,0.24949,0.34615,0.25986,0.38291,0.39945,0.25494,0.59648,0.65148,0.30788,0.42872,0.67583,0.77946,0.5489,0.5719,0.25975,0.29775,0.1662,0,0.58491,0.5986,0.60684,0.54577,0.49189,0.51168,0.068199,0.33922,0.19325,0.14021,0.073113,0.049403,0.39414,0.34044,0.46318,0.43167,0.43051,0.43067,0.19997,0.39379,0.35506,0.46301,0.45897,0.53062,0.37911,0.42611,0.40815,0.3808,0.11901,0.33675,0.47015,0.54565,0.36659,0.41361,0.50656,0.58689,0.59219,0.63294,0.44721,0.44547,0.51124,0.31421,0.46161,0.21736,0.30935,0.35856,0.22619,0.24593,0.42447,0.030528,0.25213,0.17113,0.0942,0.16835,0.33349,0.57302,0.10415,0.17403,0.32369,0.58287,0.3833,0.38794,0.34275,0.36295,0,0,0.1698,0.35099,0.34903,0.47103,0.22459,0.35975,0.26778,0.2723,0.10121,0,0,0,0,0,0.30115,0.3989,0.36175,0.28195,0.099451,0
0.17581,0.14439,0.61598,0.51222,1,0.55113,0.64712,0.55052,0.79148,0.5914,0.42893,0.25082,0.44461,0.35083,0.45479,0.29842,0.03334,0.052956,0.47125,0.40581,0.38744,0.451,0.58295,0.52352,0.55848,0.47033,0.41112,0.35404,0,0,0.40814,0.26773,0.36165,0.30148,0.24013,0.31311,0.15063,0.18919,0.02547,0.089512,0.050055,0.069015,0.4724,0.44641,0.40002,0.39117,0.53784,0.51621,0.21074,0.35604,0.23468,0.30948,0.41043,0.47002,0.19943,0.35177,0.037766,0.035252,0.099717,0.24167,0.33435,0.30896,0,0.09968,0.43459,0.32272,0.31134,0.3014,0.2273,0.24023,0.41679,0.19009,0.45925,0.14453,0.41828,0.28608,0.3525,0.31869,0.058663,0,0,0.055497,0.020272,0,0.33275,0.40089,0,0,0.51159,0.42039,0.51691,0.60995,0.49575,0.54644,0,0,0.25624,0.26631,0.31753,0.42773,0.20829,0.45854,0.37842,0.40971,0.35665,0.27092,0.10493,0,0,0,0.48898,0.59469,0.43296,0.36496,0.2576,0
0.25786,0.27848,0.44785,0.49548,0.55113,1,0.42479,0.46511,0.54746,0.81376,0.26096,0.28635,0.16136,0.32758,0.30017,0.36567,0.21987,0.25849,0.39542,0.43755,0.3471,0.47458,0.3027,0.36713,0.47922,0.50245,0.49283,0.56542,0.14577,0.028758,0.53582,0.42483,0.45759,0.46985,0.30709,0.42071,0.22409,0.39618,0.22254,0.24267,0.067208,0.18818,0.42816,0.40532,0.53722,0.54261,0.5677,0.51758,0.36445,0.46138,0.37359,0.46082,0.53146,0.54038,0.38026,0.47234,0.29885,0.25544,0.34488,0.50455,0.35039,0.46384,0.20212,0.40041,0.40769,0.40652,0.48697,0.48913,0.46379,0.44823,0.38161,0.17571,0.42227,0.25009,0.37887,0.30512,0.23687,0.32488,0.25051,0.1391,0.21294,0.24983,0.09311,0.1306,0.35908,0.53153,0.061165,0.20029,0.49209,0.49059,0.52008,0.49128,0.31152,0.26841,0,0,0.31843,0.36519,0.42163,0.54684,0.11747,0.25325,0.45151,0.37243,0.25479,0.19331,0,0.023489,0,0,0.51822,0.50388,0.38834,0.2397,0.095827,0
0.39327,0.31923,0.885,0.72838,0.64712,0.42479,1,0.76426,0.70006,0.5265,0.49198,0.37572,0.54624,0.44912,0.51641,0.40243,0.249,0.15375,0.63936,0.59148,0.34151,0.42087,0.63359,0.60835,0.55814,0.43851,0.19249,0.22784,0.19861,0,0.47023,0.32502,0.52148,0.40302,0.32393,0.3064,0.033516,0.34987,0.18418,0.13542,0.026212,0.037721,0.53943,0.38385,0.51646,0.43821,0.57414,0.52841,0.26059,0.38885,0.46714,0.43505,0.56873,0.58026,0.50662,0.39018,0.2556,0.25679,0.2264,0.27415,0.63253,0.40053,0.37002,0.35682,0.53812,0.38826,0.53734,0.46609,0.34778,0.39696,0.38114,0.26205,0.49999,0.3412,0.48855,0.43083,0.20669,0.204,0.35481,0.06361,0.19774,0.28088,0.17032,0.17174,0.33863,0.52429,0.022813,0.134,0.39529,0.55963,0.57973,0.55917,0.52844,0.60362,0,0,0.3687,0.37558,0.50795,0.52575,0.37936,0.5853,0.36483,0.45199,0.12824,0.064277,0.070388,0,0,0,0.38126,0.52673,0.51892,0.3879,0.16765,0
0.4501,0.53339,0.72191,0.84049,0.55052,0.46511,0.76426,1,0.54148,0.53883,0.32712,0.47096,0.39621,0.50915,0.31268,0.42277,0.36777,0.25045,0.59664,0.68658,0.34841,0.42222,0.51481,0.66556,0.49655,0.55498,0.16251,0.18482,0.10806,0.040148,0.42854,0.41181,0.60903,0.57209,0.45159,0.42424,0.056422,0.35504,0.17164,0.16614,0.086616,0.064395,0.44385,0.36928,0.51575,0.47432,0.47216,0.47341,0.24992,0.43104,0.3947,0.44201,0.49309,0.52317,0.41833,0.37022,0.4136,0.46135,0.24188,0.47758,0.58608,0.6606,0.3062,0.47667,0.50945,0.60654,0.58552,0.64289,0.50745,0.51086,0.45799,0.28674,0.5289,0.35714,0.35684,0.4163,0.22489,0.27646,0.45205,0.0099364,0.18144,0.15463,0.01963,0.13807,0.23897,0.55269,0.060706,0.15852,0.3399,0.53211,0.4566,0.39606,0.42795,0.33876,0,0,0.30488,0.41464,0.47824,0.54268,0.35655,0.44281,0.41872,0.40244,0.2117,0.12805,0.038636,0,0,0,0.41086,0.45992,0.44727,0.39064,0.14945,0
0.31519,0.24518,0.57865,0.43927,0.79148,0.54746,0.70006,0.54148,1,0.6187,0.56339,0.41897,0.59095,0.52528,0.62145,0.43083,0.13354,0.15972,0.54096,0.47393,0.30024,0.34538,0.50666,0.39151,0.45831,0.28233,0.18905,0.20757,0.16269,0,0.26629,0.10382,0.33479,0.28743,0.10412,0.1662,0.16137,0.19951,0.12654,0.16158,0.15063,0.069401,0.48345,0.37238,0.49074,0.50039,0.60471,0.54469,0.40381,0.5288,0.45713,0.44701,0.54711,0.52932,0.35024,0.36157,0.15195,0.14419,0.29481,0.28289,0.50473,0.26494,0.18185,0.28296,0.36792,0.2403,0.32655,0.26579,0.30939,0.33286,0.28177,0.057186,0.41208,0.17614,0.41037,0.26043,0.12115,0.095989,0.21613,0.0016696,0.16395,0.24783,0.181,0.14328,0.36801,0.42777,0,0.059133,0.47992,0.4623,0.57278,0.59108,0.51928,0.58007,0,0,0.33142,0.35201,0.42851,0.47663,0.28575,0.48809,0.39931,0.50821,0.28041,0.24351,0.043112,0.0039075,0,0.057782,0.43048,0.56228,0.4579,0.38711,0.26675,0
0.28189,0.21863,0.52718,0.59406,0.5914,0.81376,0.5265,0.53883,0.6187,1,0.35202,0.30438,0.29291,0.48522,0.23911,0.42314,0.25904,0.23418,0.42742,0.45987,0.36779,0.43506,0.52021,0.56129,0.52084,0.54275,0.40005,0.45917,0.075862,0,0.58942,0.52185,0.48063,0.4611,0.31543,0.41018,0.33571,0.3201,0.27358,0.22746,0.1602,0.15742,0.39826,0.441,0.48716,0.49225,0.57031,0.52076,0.36355,0.48559,0.38515,0.47653,0.4777,0.52746,0.34613,0.48876,0.26957,0.18192,0.26637,0.39514,0.43123,0.51719,0.21921,0.34079,0.47715,0.48703,0.39658,0.41318,0.36575,0.33859,0.46261,0.25688,0.38999,0.26017,0.35049,0.31075,0.24532,0.29745,0.17003,0,0.08752,0.10579,0.07802,0.16571,0.32779,0.54783,0,0.18636,0.46058,0.52138,0.4734,0.55251,0.41077,0.43961,0,0,0.33083,0.39551,0.40574,0.5744,0.20116,0.35703,0.48767,0.45613,0.30072,0.19174,0.0608,0.11812,0,0,0.42886,0.52637,0.37273,0.28595,0.15107,0
0.63784,0.5114,0.39255,0.29372,0.42893,0.26096,0.49198,0.32712,0.56339,0.35202,1,0.61931,0.71347,0.60844,0.53532,0.55125,0.42226,0.34216,0.70838,0.56606,0.33106,0.24657,0.43251,0.21802,0.21304,0,0.054617,0.011718,0.38008,0,0.12404,0.11879,0.3784,0.30362,0,0,0.080884,0.089061,0.085852,0.076352,0.22816,0.034646,0.19603,0.16357,0.39344,0.40882,0.48374,0.44672,0.45696,0.51653,0.48613,0.46222,0.49958,0.43951,0.24486,0.34648,0.44096,0.40737,0.43439,0.32437,0.62589,0.28651,0.42499,0.47221,0.087311,0,0.18123,0.07829,0.45798,0.43024,0.34699,0.089898,0.39973,0.15555,0.34205,0.10502,0.0035009,0,0.27649,0,0.28891,0.34604,0.30011,0.328,0.51257,0.40549,0.074239,0.26789,0.38191,0.4169,0.3684,0.42211,0.18637,0.42227,0,0,0.20927,0.25884,0.44121,0.46473,0.26354,0.39821,0.29971,0.42066,0,0,0,0.0038755,0.002852,0.078178,0.062431,0.31188,0.32864,0.12053,0,0
0.71244,0.7368,0.24074,0.30646,0.25082,0.28635,0.37572,0.47096,0.41897,0.30438,0.61931,1,0.60902,0.80464,0.3452,0.71671,0.56611,0.61369,0.6811,0.7484,0.29262,0.23622,0.17591,0.1888,0.10524,0,0,0,0.44798,0.27059,0.17881,0.1885,0.58153,0.56272,0,0,0.13035,0.32179,0.20404,0.21582,0.37623,0.1842,0.24424,0.18463,0.48882,0.50812,0.46588,0.4599,0.57628,0.54155,0.6164,0.50037,0.49022,0.41593,0.32262,0.35098,0.65299,0.6163,0.65734,0.58857,0.67889,0.52979,0.63155,0.7099,0.10759,0.14774,0.37383,0.30486,0.60567,0.61676,0.27363,0.088215,0.54824,0.37362,0.41877,0.19843,0,0.12243,0.48293,0,0.5078,0.47769,0.2353,0.37897,0.46948,0.46078,0.14985,0.29205,0.28085,0.44505,0.36266,0.29847,0.14327,0.17839,0,0,0.22962,0.35516,0.53953,0.55207,0.32386,0.32511,0.44877,0.49142,0,0,0,0.10831,0,0,0.19779,0.27593,0.36677,0.095821,0,0
0.50745,0.43757,0.37556,0.24949,0.44461,0.16136,0.54624,0.39621,0.59095,0.29291,0.71347,0.60902,1,0.64458,0.57172,0.53512,0.2447,0.16733,0.6589,0.55765,0.3647,0.29756,0.44329,0.28206,0.275,0.056569,0.027189,0.010833,0.18937,0,0.063357,0,0.32873,0.25969,0,0,0,0.16747,0.045585,0.11587,0.16449,0.058928,0.28366,0.18244,0.27778,0.28571,0.49639,0.40729,0.36191,0.35283,0.44021,0.32106,0.45019,0.40718,0.30405,0.27484,0.32213,0.29735,0.327,0.17891,0.56725,0.17664,0.37388,0.31712,0.064859,0,0.090485,0,0.37643,0.35672,0.33224,0.071063,0.48294,0.24138,0.42059,0.30214,0,0.042865,0.23058,0,0.14131,0.23566,0.1736,0.22326,0.35314,0.31805,0.024896,0.15806,0.32487,0.37103,0.43121,0.43221,0.39893,0.54155,0,0,0.2418,0.23737,0.48214,0.44728,0.43795,0.52632,0.38886,0.48061,0.021578,0,0.022638,0,0,0.034197,0.11797,0.39966,0.43314,0.26656,0.069283,0
0.64072,0.57089,0.32038,0.34615,0.35083,0.32758,0.44912,0.50915,0.52528,0.48522,0.60844,0.80464,0.64458,1,0.33654,0.68347,0.43581,0.42839,0.63728,0.69391,0.24719,0.19126,0.34076,0.35552,0.19998,0.062385,0.018409,0.053544,0.363,0.14628,0.15338,0.15029,0.5285,0.47863,0,0,0.11063,0.29748,0.24322,0.19806,0.3652,0.13185,0.21693,0.17612,0.47036,0.45742,0.47632,0.48267,0.53953,0.51715,0.58822,0.4738,0.44699,0.41402,0.42676,0.33996,0.51608,0.46846,0.56998,0.44979,0.65797,0.47661,0.53204,0.55506,0.1806,0.14631,0.30375,0.23535,0.50799,0.55425,0.24693,0.050209,0.50703,0.34641,0.45466,0.21957,0.03257,0.11431,0.36436,0.011692,0.36211,0.39476,0.22804,0.3517,0.43793,0.51027,0.022198,0.26156,0.29258,0.44545,0.34901,0.36999,0.29086,0.3388,0,0,0.32237,0.38236,0.55403,0.52761,0.38046,0.41174,0.4745,0.53591,0.044004,0.024823,0.0098885,0.090209,0,0,0.18256,0.33177,0.41158,0.24287,0,0
0.30351,0.23263,0.47752,0.25986,0.45479,0.30017,0.51641,0.31268,0.62145,0.23911,0.53532,0.3452,0.57172,0.33654,1,0.46648,0.13971,0.19935,0.48621,0.34216,0.31386,0.27961,0.37797,0.15325,0.26665,0.040204,0.074766,0.09415,0.33161,0.11866,0.25955,0.0805,0.35903,0.30804,0.10644,0.12689,0,0.21618,0.10721,0.13807,0.088847,0.010405,0.46793,0.26007,0.4426,0.39713,0.50473,0.35535,0.33208,0.38149,0.47637,0.39922,0.45114,0.33478,0.46836,0.10424,0.13151,0.16466,0.20853,0.16316,0.35707,0.070756,0.28819,0.25048,0.19321,0.045564,0.33113,0.21879,0.29911,0.31282,0.28662,0.056899,0.44623,0.14801,0.31941,0.22517,0.075426,0,0.38359,0.05696,0.37401,0.43701,0.38306,0.35752,0.491,0.34942,0.20344,0.23569,0.27649,0.27848,0.4311,0.25653,0.41324,0.41446,0,0,0.30722,0.25056,0.48769,0.30373,0.40745,0.24712,0.23023,0.27078,0,0,0,0,0.11717,0.15881,0.17062,0.3486,0.5159,0.32414,0.044308,0
0.63214,0.54874,0.36774,0.38291,0.29842,0.36567,0.40243,0.42277,0.43083,0.42314,0.55125,0.71671,0.53512,0.68347,0.46648,1,0.4344,0.5148,0.67801,0.66661,0.30517,0.23122,0.31108,0.32605,0.13631,0.011195,0.15873,0.23836,0.5466,0.44568,0.24302,0.27906,0.50117,0.51258,0,0.014053,0.067794,0.3564,0.11664,0.12052,0.30765,0.20175,0.33786,0.23145,0.47435,0.59331,0.44841,0.44256,0.576,0.57654,0.6712,0.55472,0.508,0.44634,0.31897,0.33807,0.54505,0.46605,0.56256,0.48159,0.4988,0.35623,0.52003,0.54985,0.10092,0.080218,0.41549,0.34127,0.56792,0.59891,0.34701,0.15322,0.50741,0.32165,0.36052,0.2663,0,0.043428,0.44391,0.22113,0.60466,0.64898,0.56321,0.67213,0.67707,0.56927,0.36272,0.48474,0.28613,0.48106,0.38911,0.35198,0.28754,0.3579,0,0,0.28324,0.393,0.52288,0.55488,0.36642,0.442,0.42216,0.5278,0,0,0,0.059055,0,0.11078,0.21841,0.35,0.45716,0.175,0,0
0.74134,0.71741,0.30316,0.39945,0.03334,0.21987,0.249,0.36777,0.13354,0.25904,0.42226,0.56611,0.2447,0.43581,0.13971,0.4344,1,0.73531,0.53937,0.64523,0.224,0.18494,0.17069,0.18635,0.23038,0.11327,0,0.063205,0.53955,0.20778,0.21363,0.27414,0.50208,0.46018,0.065098,0.14159,0,0.10403,0.12054,0.00017364,0.23972,0,0.058113,0,0.41929,0.43561,0.28475,0.30798,0.49103,0.5135,0.52026,0.54136,0.50172,0.48353,0.31268,0.3597,0.80764,0.77654,0.54838,0.60714,0.56076,0.57279,0.7181,0.76895,0.17482,0.26086,0.45407,0.41513,0.66285,0.68219,0.18195,0.035758,0.34251,0.23464,0.21912,0.0023972,0,0.0098791,0.72362,0.05037,0.651,0.43075,0.16045,0.22178,0.36394,0.429,0.15844,0.19767,0.066864,0.4677,0.07376,0.082311,0,0,0,0,0.00084543,0.20325,0.34976,0.42534,0.10847,0.1087,0.16425,0.18813,0,0,0,0,0.12549,0,0.029668,0,0.065476,0,0,0
0.57819,0.5699,0.20392,0.25494,0.052956,0.25849,0.15375,0.25045,0.15972,0.23418,0.34216,0.61369,0.16733,0.42839,0.19935,0.5148,0.73531,1,0.44576,0.55187,0.21857,0.13711,0.056743,0.061162,0.15455,0.062273,0.0051993,0.073112,0.54766,0.46711,0.26253,0.2675,0.55857,0.59833,0.15546,0.22002,0.077494,0.28514,0.13578,0.060796,0.41844,0.12776,0.26881,0.10044,0.56939,0.54535,0.34966,0.32962,0.61379,0.55307,0.62391,0.59975,0.45214,0.36206,0.2921,0.24377,0.62209,0.62444,0.58373,0.59055,0.39913,0.41641,0.59556,0.67874,0.23355,0.27206,0.55971,0.48531,0.56248,0.59412,0.076596,0.010892,0.44806,0.41989,0.25456,0.021852,0,0.073329,0.62237,0.34629,0.72968,0.61165,0.24067,0.33704,0.49818,0.47404,0.18157,0.22866,0.077777,0.34994,0.20325,0.10712,0,0,0,0,0.12094,0.29672,0.42132,0.45329,0.21505,0.04711,0.29531,0.24963,0,0,0,0,0.092019,0,0.18566,0.11769,0.19439,0.03516,0,0
0.80314,0.70691,0.60979,0.59648,0.47125,0.39542,0.63936,0.59664,0.54096,0.42742,0.70838,0.6811,0.6589,0.63728,0.48621,0.67801,0.53937,0.44576,1,0.9009,0.37934,0.34437,0.54017,0.45285,0.27642,0.10586,0.14154,0.16607,0.4173,0.13862,0.2944,0.25728,0.59599,0.52579,0,0.06542,0.044456,0.31394,0.13255,0.11769,0.16038,0.12982,0.33156,0.20462,0.41172,0.48462,0.53809,0.53207,0.43008,0.4941,0.49259,0.46184,0.602,0.58041,0.31234,0.43333,0.61171,0.57734,0.52845,0.49397,0.68238,0.41838,0.5733,0.54994,0.18878,0.10585,0.40856,0.34434,0.65006,0.63714,0.43499,0.16047,0.58451,0.29407,0.43498,0.2812,0.11099,0.16934,0.44551,0.0057595,0.42576,0.43492,0.37825,0.40422,0.54212,0.49821,0.1945,0.33648,0.32987,0.56539,0.45052,0.49933,0.27097,0.46994,0,0,0.24343,0.35945,0.50518,0.56537,0.33644,0.54861,0.40106,0.48376,0.047055,0,0,0.03969,0,0.0036251,0.24092,0.39704,0.38336,0.19772,0,0
0.7923,0.76947,0.5491,0.65148,0.40581,0.43755,0.59148,0.68658,0.47393,0.45987,0.56606,0.7484,0.55765,0.69391,0.34216,0.66661,0.64523,0.55187,0.9009,1,0.35104,0.38544,0.46701,0.52824,0.32788,0.24544,0.12583,0.19324,0.37822,0.19187,0.30132,0.29062,0.66202,0.60705,0.095747,0.19355,0.053956,0.41385,0.1367,0.17582,0.22875,0.20348,0.34828,0.22289,0.49524,0.52939,0.55044,0.53764,0.46982,0.51193,0.53551,0.52691,0.61963,0.61911,0.36074,0.44031,0.69817,0.67236,0.52952,0.59043,0.66943,0.5732,0.63303,0.66374,0.28968,0.27971,0.52591,0.49459,0.73562,0.7546,0.39994,0.17644,0.59675,0.40487,0.48373,0.30278,0.11424,0.2639,0.54939,0.066413,0.48801,0.46538,0.24233,0.33386,0.49602,0.59012,0.20981,0.28089,0.2439,0.59947,0.48728,0.46091,0.31495,0.39247,0,0,0.22199,0.38967,0.56011,0.63321,0.38363,0.51878,0.48282,0.51891,0.042014,0,0,0.054949,0,0,0.34362,0.43366,0.42653,0.20133,0,0
0.32563,0.28063,0.32557,0.30788,0.38744,0.3471,0.34151,0.34841,0.30024,0.36779,0.33106,0.29262,0.3647,0.24719,0.31386,0.30517,0.224,0.21857,0.37934,0.35104,1,0.81514,0.14816,0.13855,0.30121,0.35423,0.36721,0.35592,0.17164,0,0.37752,0.30431,0.42762,0.40385,0.16496,0.20636,0.20104,0.20998,0.20375,0.17949,0.11671,0.022423,0.24368,0.21683,0.41227,0.33321,0.48304,0.41702,0.26877,0.30744,0.23788,0.21608,0.2877,0.28799,0.23184,0.32121,0.34269,0.26977,0.26214,0.31643,0.31688,0.32173,0.13152,0.26749,0.1325,0.16558,0.26457,0.24055,0.38231,0.26002,0.6184,0.46381,0.38293,0.21494,0.3839,0.29866,0.27292,0.39556,0.17178,0,0.038998,0,0.060534,0.066667,0.10105,0.21218,0.0043493,0.093815,0.23954,0.28556,0.24195,0.23834,0.1649,0.20736,0,0,0.12504,0.25394,0.30926,0.32512,0.29902,0.22326,0.3016,0.19085,0.13448,0.028012,0,0,0,0.052823,0.13626,0.26621,0.21983,0.070067,0,0
0.2247,0.2039,0.41029,0.42872,0.451,0.47458,0.42087,0.42222,0.34538,0.43506,0.24657,0.23622,0.29756,0.19126,0.27961,0.23122,0.18494,0.13711,0.34437,0.38544,0.81514,1,0.28608,0.35697,0.46151,0.55124,0.43062,0.49351,0.03172,0,0.51949,0.4269,0.47855,0.43601,0.32639,0.41315,0.25597,0.33179,0.29013,0.34733,0.048791,0.10348,0.39103,0.38376,0.51242,0.38014,0.5994,0.49414,0.20436,0.28617,0.24472,0.29508,0.40318,0.45624,0.40661,0.42791,0.29535,0.21947,0.16195,0.32842,0.26348,0.37656,0.10983,0.25796,0.22772,0.31618,0.36985,0.38377,0.39496,0.32158,0.59593,0.54466,0.34879,0.22926,0.38794,0.37203,0.38675,0.50396,0.22242,0,0.048005,0.028879,0,0.012219,0.12962,0.39388,0.026269,0.16251,0.31253,0.41844,0.48767,0.40177,0.31757,0.30226,0,0,0.18075,0.32742,0.41802,0.48724,0.29195,0.29673,0.34914,0.18343,0.14693,0.053551,0.0085308,0,0,0,0.33329,0.45838,0.39244,0.13034,0,0
0.31441,0.1754,0.73705,0.67583,0.58295,0.3027,0.63359,0.51481,0.50666,0.52021,0.43251,0.17591,0.44329,0.34076,0.37797,0.31108,0.17069,0.056743,0.54017,0.46701,0.14816,0.28608,1,0.85523,0.61331,0.44231,0.30444,0.27877,0.0011178,0,0.4602,0.37208,0.39097,0.21934,0.29204,0.36928,0.017447,0.11787,0.083667,0.053347,0.0067386,0.03357,0.28656,0.24523,0.19133,0.15274,0.37444,0.31631,0.060884,0.16954,0.18869,0.27293,0.33251,0.46981,0.24161,0.31993,0.1324,0.098657,0,0.0016633,0.37925,0.22314,0.28768,0.10101,0.49174,0.30845,0.21058,0.19387,0.16573,0.22239,0.41499,0.22188,0.32537,0.087802,0.25841,0.20275,0.16687,0.14666,0.18544,0,0.037428,0.076312,0.057815,0.10306,0.35474,0.41774,0.0049647,0.045869,0.28742,0.47426,0.41416,0.51608,0.4386,0.60719,0,0,0.16164,0.223,0.27332,0.3793,0.15023,0.48378,0.17826,0.30199,0.11033,0.0031943,0.0023469,0,0,0,0.24163,0.44627,0.35839,0.32094,0.23838,0
0.26817,0.2087,0.68432,0.77946,0.52352,0.36713,0.60835,0.66556,0.39151,0.56129,0.21802,0.1888,0.28206,0.35552,0.15325,0.32605,0.18635,0.061162,0.45285,0.52824,0.13855,0.35697,0.85523,1,0.62475,0.62437,0.33576,0.38877,0,0,0.52184,0.51842,0.45218,0.31054,0.48622,0.5301,0.099344,0.26703,0.12947,0.12724,0.0099064,0.15012,0.35949,0.34763,0.25301,0.21406,0.35959,0.34458,0.012937,0.14798,0.19179,0.28609,0.31903,0.4692,0.26533,0.32679,0.19619,0.15994,0,0.13393,0.32476,0.39367,0.23992,0.1508,0.55304,0.52968,0.38021,0.4314,0.23206,0.30956,0.45477,0.3569,0.36116,0.21186,0.34574,0.32908,0.28595,0.31995,0.19829,0,0.029173,0.045262,0,0.050504,0.27045,0.49835,0.033142,0.062886,0.27032,0.48139,0.42995,0.49216,0.49306,0.48977,0,0,0.22745,0.3117,0.29191,0.43839,0.18545,0.50535,0.28749,0.37054,0.21105,0.076687,0.074225,0.0138,0,0,0.40048,0.50576,0.3923,0.37254,0.221,0
0.14687,0.19913,0.62959,0.5489,0.55848,0.47922,0.55814,0.49655,0.45831,0.52084,0.21304,0.10524,0.275,0.19998,0.26665,0.13631,0.23038,0.15455,0.27642,0.32788,0.30121,0.46151,0.61331,0.62475,1,0.83731,0.5606,0.52772,0,0,0.53573,0.37768,0.42833,0.3046,0.54016,0.5748,0.048073,0.1057,0.13861,0.15038,0.012817,0,0.38281,0.25862,0.378,0.27071,0.45194,0.33832,0.13269,0.23018,0.25855,0.37353,0.43478,0.50328,0.36547,0.37428,0.17294,0.19539,0.069227,0.25867,0.37652,0.32478,0.19378,0.1916,0.68477,0.53091,0.40784,0.38647,0.35094,0.33376,0.28758,0.20283,0.34851,0.2031,0.38096,0.29553,0.24898,0.27003,0.2868,0.081071,0.037108,0.032846,0,0,0.22727,0.38698,0,0,0.39596,0.45354,0.45062,0.36469,0.33389,0.34597,0,0,0.21225,0.26815,0.31786,0.44099,0.081501,0.39029,0.23926,0.26206,0.18006,0.12683,0,0,0,0,0.40161,0.41531,0.33657,0.27695,0.10614,0
0,0.077029,0.50324,0.5719,0.47033,0.50245,0.43851,0.55498,0.28233,0.54275,0,0,0.056569,0.062385,0.040204,0.011195,0.11327,0.062273,0.10586,0.24544,0.35423,0.55124,0.44231,0.62437,0.83731,1,0.54378,0.5364,0,0,0.61251,0.52764,0.44264,0.38115,0.68849,0.68003,0.21308,0.24789,0.19706,0.2327,0.018539,0.13099,0.41815,0.41553,0.35672,0.22853,0.42705,0.32505,0.012134,0.13395,0.086145,0.25239,0.29132,0.36404,0.25833,0.3404,0.07419,0.078896,0,0.21203,0.1638,0.39343,0,0.080948,0.62511,0.66698,0.39593,0.47553,0.24712,0.18056,0.396,0.31569,0.32541,0.26423,0.32776,0.36996,0.3987,0.44405,0.17711,0.027293,0,0,0,0,0.022776,0.35013,0,0,0.33737,0.36175,0.41724,0.35378,0.3772,0.26304,0,0,0.23909,0.32531,0.27077,0.42756,0.13667,0.28155,0.3323,0.18926,0.27515,0.15352,0.036424,0,0,0,0.50677,0.47441,0.33486,0.31752,0.13317,0
0.030762,0.069378,0.31154,0.25975,0.41112,0.49283,0.19249,0.16251,0.18905,0.40005,0.054617,0,0.027189,0.018409,0.074766,0.15873,0,0.0051993,0.14154,0.12583,0.36721,0.43062,0.30444,0.33576,0.5606,0.54378,1,0.88535,0,0,0.3476,0.22337,0.1269,0.10238,0.26582,0.28473,0.10108,0.047341,0.01128,0,0,0.0034298,0.16416,0.26401,0.19538,0.23825,0.28151,0.28332,0.13432,0.13908,0.10118,0.17828,0.26663,0.30907,0.051372,0.40339,0.10451,0.076058,0.073415,0.19171,0.046568,0.22386,0,0.050393,0.3554,0.26111,0.16396,0.1761,0.26267,0.20477,0.3438,0.25822,0.15685,0,0.18607,0.13735,0.22992,0.31357,0,0.099871,0,0,0.041015,0,0.2907,0.25735,0.22636,0.040481,0.43899,0.31904,0.18338,0.31405,0.035172,0.13811,0,0,0.12451,0.18778,0.054761,0.24483,0,0.18489,0.086669,0.061303,0.21869,0.13664,0,0,0,0.12751,0.26735,0.23878,0.057982,0,0.034521,0
0.083158,0.094967,0.33678,0.29775,0.35404,0.56542,0.22784,0.18482,0.20757,0.45917,0.011718,0,0.010833,0.053544,0.09415,0.23836,0.063205,0.073112,0.16607,0.19324,0.35592,0.49351,0.27877,0.38877,0.52772,0.5364,0.88535,1,0,0,0.41986,0.30269,0.18606,0.14958,0.32989,0.35336,0.1949,0.20225,0.095345,0.028514,0,0.12713,0.29099,0.35219,0.32024,0.33487,0.38124,0.37361,0.2077,0.19133,0.21084,0.2771,0.37519,0.41277,0.21153,0.45512,0.20061,0.1568,0.14101,0.28713,0.069549,0.2679,0.051191,0.13718,0.35734,0.31508,0.30001,0.30893,0.32535,0.32083,0.35723,0.37794,0.18724,0.052992,0.27615,0.23303,0.28613,0.42076,0.017522,0.1974,0.078064,0.12533,0.067935,0,0.33221,0.37599,0.27939,0.13746,0.45083,0.38218,0.29064,0.36277,0.11908,0.1388,0,0,0.2112,0.26315,0.18079,0.36145,0,0.22795,0.18586,0.14422,0.22606,0.13766,0,0.061619,0,0.083032,0.38912,0.31768,0.13392,0.01497,0.0083932,0
0.44656,0.30326,0.21159,0.1662,0,0.14577,0.19861,0.10806,0.16269,0.075862,0.38008,0.44798,0.18937,0.363,0.33161,0.5466,0.53955,0.54766,0.4173,0.37822,0.17164,0.03172,0.0011178,0,0,0,0,0,1,0.63028,0.16544,0.19402,0.37993,0.36981,0,0,0,0.16633,0.13675,0,0.29711,0,0.16583,0,0.34332,0.42529,0.20869,0.24363,0.46339,0.44233,0.48711,0.40738,0.22881,0.15644,0.25543,0.041774,0.33752,0.2639,0.45542,0.23682,0.27818,0.016597,0.53054,0.40719,0,0,0.29791,0.21507,0.27063,0.30232,0.046817,0,0.43261,0.25329,0.21492,0,0,0,0.57318,0.19644,0.7358,0.5952,0.64849,0.63459,0.38271,0.23652,0.18068,0.29951,0,0.13875,0.038975,0,0,0.022776,0.12675,0.20614,0.16628,0.18514,0.2813,0.17474,0.2426,0.00012027,0.13191,0.11175,0,0,0,0,0.23696,0.2863,0,0,0.1764,0.09608,0,0
0.11259,0.080859,0,0,0,0.028758,0,0.040148,0,0,0,0.27059,0,0.14628,0.11866,0.44568,0.20778,0.46711,0.13862,0.19187,0,0,0,0,0,0,0,0,0.63028,1,0.043879,0.093686,0.23758,0.33862,0,0,0,0.29697,0,0,0.2092,0.077555,0.24678,0.047306,0.19729,0.28558,0,0,0.26396,0.18007,0.30073,0.21403,0.030705,0,0.066975,0,0.10084,0.089641,0.23468,0.1584,0,0,0.2401,0.16697,0,0,0.30612,0.26523,0.13441,0.16331,0,0,0.35083,0.41151,0.14557,0,0.015039,0,0.36807,0.56184,0.60606,0.56454,0.62309,0.63051,0.30242,0.12178,0.4347,0.3344,0,0,0.021119,0,0,0,0.30931,0.38702,0.22389,0.25821,0.17265,0.093361,0.24365,0,0.19689,0.10594,0,0,0.061925,0.11843,0.057121,0.32576,0.11151,0,0.17041,0.16357,0,0
0.11052,0.075109,0.56329,0.58491,0.40814,0.53582,0.47023,0.42854,0.26629,0.58942,0.12404,0.17881,0.063357,0.15338,0.25955,0.24302,0.21363,0.26253,0.2944,0.30132,0.37752,0.51949,0.4602,0.52184,0.53573,0.61251,0.3476,0.41986,0.16544,0.043879,1,0.86681,0.71936,0.64689,0.59305,0.61623,0.31493,0.47363,0.34599,0.27146,0.14457,0.14816,0.54041,0.51081,0.50763,0.39972,0.48734,0.39535,0.16472,0.28457,0.27657,0.36807,0.32175,0.36942,0.35484,0.24478,0.17411,0.12635,0.13259,0.31422,0.24695,0.40038,0.24728,0.21861,0.52258,0.58658,0.60785,0.5996,0.24426,0.23286,0.51207,0.40907,0.49133,0.30449,0.37673,0.32793,0.43446,0.42622,0.26087,0.0525,0.18596,0.14301,0.069373,0.16017,0.27153,0.44376,0.059548,0.17329,0.22968,0.29348,0.46107,0.35294,0.36596,0.25252,0,0,0.24532,0.27314,0.42909,0.4556,0.3407,0.1545,0.47465,0.23575,0.11283,0.033902,0.073222,0.14672,0,0,0.40339,0.44159,0.42766,0.3215,0,0
0.1667,0.11683,0.441,0.5986,0.26773,0.42483,0.32502,0.41181,0.10382,0.52185,0.11879,0.1885,0,0.15029,0.0805,0.27906,0.27414,0.2675,0.25728,0.29062,0.30431,0.4269,0.37208,0.51842,0.37768,0.52764,0.22337,0.30269,0.19402,0.093686,0.86681,1,0.65947,0.62098,0.51817,0.55535,0.30576,0.38185,0.28613,0.2115,0.16299,0.14911,0.39367,0.44826,0.44091,0.36976,0.34426,0.32207,0.14933,0.28356,0.23455,0.35636,0.20458,0.24784,0.25822,0.25082,0.2404,0.15184,0.12475,0.27489,0.18385,0.39282,0.23456,0.22754,0.34525,0.51868,0.53287,0.56572,0.23907,0.17393,0.5278,0.4265,0.42819,0.2747,0.27998,0.3005,0.42084,0.35956,0.23674,0,0.19441,0.089054,0.057091,0.21768,0.24614,0.41431,0.029902,0.21842,0.15302,0.27618,0.27926,0.26752,0.23739,0.1776,0,0,0.19772,0.29268,0.38318,0.45269,0.29463,0.11159,0.4121,0.21486,0.064675,0,0.067216,0.13317,0,0,0.28559,0.37183,0.36723,0.28683,0,0
0.51667,0.51772,0.53904,0.60684,0.36165,0.45759,0.52148,0.60903,0.33479,0.48063,0.3784,0.58153,0.32873,0.5285,0.35903,0.50117,0.50208,0.55857,0.59599,0.66202,0.42762,0.47855,0.39097,0.45218,0.42833,0.44264,0.1269,0.18606,0.37993,0.23758,0.71936,0.65947,1,0.92325,0.44075,0.49099,0.20431,0.54854,0.30518,0.31651,0.36987,0.18328,0.51735,0.37912,0.60874,0.48639,0.55416,0.44825,0.34696,0.40346,0.46347,0.45834,0.42734,0.40269,0.4502,0.25167,0.48586,0.49387,0.44033,0.54833,0.58177,0.57581,0.52649,0.52611,0.47219,0.53878,0.71347,0.66767,0.55261,0.53098,0.42593,0.30108,0.67379,0.53391,0.52684,0.3751,0.35345,0.38359,0.56703,0.12412,0.44083,0.37046,0.15338,0.30242,0.37172,0.50818,0.11957,0.25398,0.17816,0.37289,0.48294,0.303,0.31102,0.20068,0,0,0.33578,0.41706,0.5791,0.57922,0.49134,0.27649,0.59892,0.40674,0.075305,0.022673,0,0.1863,0,0,0.38585,0.39576,0.47487,0.39968,0,0
0.45301,0.49396,0.43819,0.54577,0.30148,0.46985,0.40302,0.57209,0.28743,0.4611,0.30362,0.56272,0.25969,0.47863,0.30804,0.51258,0.46018,0.59833,0.52579,0.60705,0.40385,0.43601,0.21934,0.31054,0.3046,0.38115,0.10238,0.14958,0.36981,0.33862,0.64689,0.62098,0.92325,1,0.45693,0.51072,0.16748,0.55448,0.20645,0.24274,0.36304,0.18961,0.53535,0.38421,0.64028,0.55731,0.50632,0.37083,0.43326,0.46407,0.49185,0.48209,0.40547,0.32023,0.38407,0.19668,0.46588,0.49333,0.48209,0.59626,0.4705,0.58177,0.41819,0.53497,0.40216,0.55149,0.73802,0.71534,0.5879,0.52708,0.36626,0.24345,0.66309,0.49857,0.40456,0.35213,0.2883,0.32686,0.56244,0.21181,0.46355,0.40897,0.18074,0.32517,0.39224,0.51348,0.20643,0.29429,0.16068,0.3159,0.44728,0.21185,0.28415,0.1097,0,0,0.32271,0.42944,0.53392,0.5529,0.50666,0.17778,0.63509,0.34911,0.070034,0.027724,0,0.19869,0,0,0.3838,0.35496,0.46936,0.37176,0,0
0,0.0051277,0.47815,0.49189,0.24013,0.30709,0.32393,0.45159,0.10412,0.31543,0,0,0,0,0.10644,0,0.065098,0.15546,0,0.095747,0.16496,0.32639,0.29204,0.48622,0.54016,0.68849,0.26582,0.32989,0,0,0.59305,0.51817,0.44075,0.45693,1,0.88239,0.050616,0.34097,0.10442,0.089999,0,0.075229,0.4965,0.39163,0.39311,0.23104,0.258,0.10562,0,0.078395,0.12035,0.23405,0.18086,0.19096,0.26755,0.02654,0.021723,0.13753,0,0.20875,0.036917,0.36223,0,0.080339,0.69614,0.78507,0.63125,0.68538,0.18956,0.19083,0.24744,0.34162,0.30632,0.21739,0.22196,0.28602,0.35625,0.36894,0.24351,0.27438,0.0033848,0,0,0,0.012337,0.31498,0.032553,0,0.083083,0.14463,0.31025,0.069964,0.38452,0.047345,0,0,0.23282,0.26192,0.2117,0.24281,0.25684,0.056462,0.30741,0.076648,0.21841,0.19599,0.14499,0.019759,0,0,0.42307,0.29347,0.29567,0.3859,0.027521,0
0.00043331,0.053829,0.45031,0.51168,0.31311,0.42071,0.3064,0.42424,0.1662,0.41018,0,0,0,0,0.12689,0.014053,0.14159,0.22002,0.06542,0.19355,0.20636,0.41315,0.36928,0.5301,0.5748,0.68003,0.28473,0.35336,0,0,0.61623,0.55535,0.49099,0.51072,0.88239,1,0.10949,0.37397,0.16873,0.1785,0.035284,0.12789,0.5266,0.41271,0.41733,0.26708,0.36079,0.16379,0.073146,0.1536,0.16966,0.27621,0.21741,0.25028,0.31821,0.082801,0.086074,0.14607,0,0.25081,0.10694,0.39689,0.041882,0.14837,0.62731,0.74755,0.60559,0.64362,0.22793,0.23697,0.27018,0.33871,0.35977,0.25689,0.19938,0.29779,0.3899,0.42064,0.27469,0.19211,0.03966,0.023085,0,0,0.047324,0.34796,0,0,0.11697,0.2074,0.3947,0.1474,0.40536,0.081989,0,0,0.23269,0.27068,0.27146,0.30799,0.22229,0.072536,0.30671,0.089942,0.14581,0.12445,0.0059156,0.022546,0,0,0.49469,0.35506,0.36399,0.34221,0,0
0.027194,0,0.03409,0.068199,0.15063,0.22409,0.033516,0.056422,0.16137,0.33571,0.080884,0.13035,0,0.11063,0,0.067794,0,0.077494,0.044456,0.053956,0.20104,0.25597,0.017447,0.099344,0.048073,0.21308,0.10108,0.1949,0,0,0.31493,0.30576,0.20431,0.16748,0.050616,0.10949,1,0.23159,0.61767,0.50368,0.49137,0.50915,0.14336,0.47672,0.24501,0.23658,0.37112,0.50965,0.12292,0.23458,0.043936,0.22302,0.14432,0.17499,0.10272,0.40099,0.067612,0,0.076648,0.14733,0,0.11691,0,0,0,0.12015,0.016711,0.10909,0.037179,0,0.28026,0.24273,0.2371,0.26561,0.18672,0.17411,0.41338,0.46133,0,0,0,0,0,0.030793,0.097573,0.28841,0,0.13926,0.35486,0.21779,0.23739,0.44552,0.20778,0.20533,0.019885,0.035554,0.26838,0.31549,0.21704,0.33344,0.11288,0.054834,0.34654,0.19026,0.14172,0.0047456,0.19904,0.36543,0.14301,0,0.33227,0.37089,0.14545,0.077004,0,0
0.21319,0.20442,0.31148,0.33922,0.18919,0.39618,0.34987,0.35504,0.19951,0.3201,0.089061,0.32179,0.16747,0.29748,0.21618,0.3564,0.10403,0.28514,0.31394,0.41385,0.20998,0.33179,0.11787,0.26703,0.1057,0.24789,0.047341,0.20225,0.16633,0.29697,0.47363,0.38185,0.54854,0.55448,0.34097,0.37397,0.23159,1,0.33537,0.44485,0.28619,0.49735,0.56458,0.52431,0.48561,0.39595,0.53566,0.40523,0.25726,0.22487,0.37033,0.27534,0.35504,0.28873,0.42339,0.15415,0.19925,0.21101,0.25064,0.25798,0.16741,0.26701,0.20596,0.2464,0.24542,0.28787,0.55112,0.49159,0.33648,0.35732,0.27888,0.27645,0.51858,0.47839,0.44818,0.49305,0.32092,0.44585,0.18252,0.30199,0.22049,0.36411,0.1472,0.2908,0.27975,0.46371,0.1225,0.25602,0.13236,0.17496,0.51247,0.35841,0.46886,0.26012,0,0,0.3506,0.29869,0.53117,0.44317,0.48647,0.20793,0.56178,0.28413,0,0,0.27592,0.26257,0,0,0.47888,0.4579,0.51962,0.27714,0,0
0.23582,0.10327,0.17261,0.19325,0.02547,0.22254,0.18418,0.17164,0.12654,0.27358,0.085852,0.20404,0.045585,0.24322,0.10721,0.11664,0.12054,0.13578,0.13255,0.1367,0.20375,0.29013,0.083667,0.12947,0.13861,0.19706,0.01128,0.095345,0.13675,0,0.34599,0.28613,0.30518,0.20645,0.10442,0.16873,0.61767,0.33537,1,0.75669,0.46064,0.3843,0.13252,0.34073,0.39158,0.28908,0.46819,0.5213,0.21148,0.28551,0.24938,0.28266,0.23682,0.26538,0.58494,0.41113,0.23905,0.1122,0.18905,0.13235,0.11418,0.12603,0.15186,0.15529,0,0.094807,0.13709,0.16135,0.16623,0.17157,0.19984,0.1012,0.19422,0.18208,0.20578,0.18249,0.19782,0.26176,0.056871,0,0.099386,0.092725,0.084904,0.27453,0.11799,0.39957,0,0.43862,0.31235,0.33714,0.27409,0.29966,0.19969,0.13771,0.14564,0.19876,0.35824,0.43792,0.437,0.35369,0.22876,0.033609,0.19381,0.045781,0,0,0.27588,0.14892,0.24415,0.0032572,0.18502,0.2561,0.30363,0.018413,0,0
0.14741,0.11717,0.088102,0.14021,0.089512,0.24267,0.13542,0.16614,0.16158,0.22746,0.076352,0.21582,0.11587,0.19806,0.13807,0.12052,0.00017364,0.060796,0.11769,0.17582,0.17949,0.34733,0.053347,0.12724,0.15038,0.2327,0,0.028514,0,0,0.27146,0.2115,0.31651,0.24274,0.089999,0.1785,0.50368,0.44485,0.75669,1,0.39909,0.47129,0.16192,0.31513,0.308,0.16835,0.47309,0.45789,0.086325,0.1205,0.13042,0.16353,0.22719,0.25416,0.4774,0.34206,0.13902,0.078061,0.10001,0.087719,0.087115,0.1041,0.05258,0.080709,0,0.073025,0.093972,0.11811,0.19452,0.14244,0.13211,0.098108,0.17147,0.20477,0.15644,0.28922,0.16128,0.25334,0.029926,0,0.0080317,0.049932,0,0.16095,0.10182,0.35428,0,0.3636,0.30056,0.30902,0.44163,0.35606,0.34154,0.21848,0,0.041048,0.30876,0.38833,0.44394,0.40273,0.28358,0.11865,0.27525,0.16445,0,0,0.28085,0.14968,0.00056712,0,0.29905,0.41485,0.45376,0.1088,0,0
0.2491,0.19412,0.019194,0.073113,0.050055,0.067208,0.026212,0.086616,0.15063,0.1602,0.22816,0.37623,0.16449,0.3652,0.088847,0.30765,0.23972,0.41844,0.16038,0.22875,0.11671,0.048791,0.0067386,0.0099064,0.012817,0.018539,0,0,0.29711,0.2092,0.14457,0.16299,0.36987,0.36304,0,0.035284,0.49137,0.28619,0.46064,0.39909,1,0.43808,0.13005,0.1842,0.31411,0.26346,0.28814,0.29129,0.33481,0.31274,0.35073,0.30373,0.13943,0.033803,0.23547,0.097883,0.19666,0.13693,0.23754,0.12266,0.12705,0.067205,0.27484,0.20803,0.0032959,0.034058,0.18146,0.13321,0.17626,0.13869,0.095621,0,0.38264,0.39769,0.23454,0.1075,0.076394,0.097561,0.13027,0.044065,0.31066,0.21641,0.14746,0.28193,0.31135,0.29333,0,0.13939,0.080512,0.062249,0.092374,0.089111,0.13862,0.10853,0,0,0.12683,0.2228,0.27648,0.20714,0.37898,0.03824,0.3082,0.19665,0,0,0,0.094331,0.15532,0,0.045888,0.11547,0.1917,0.11329,0,0
0.030258,0.052289,0.041396,0.049403,0.069015,0.18818,0.037721,0.064395,0.069401,0.15742,0.034646,0.1842,0.058928,0.13185,0.010405,0.20175,0,0.12776,0.12982,0.20348,0.022423,0.10348,0.03357,0.15012,0,0.13099,0.0034298,0.12713,0,0.077555,0.14816,0.14911,0.18328,0.18961,0.075229,0.12789,0.50915,0.49735,0.3843,0.47129,0.43808,1,0.1575,0.34675,0.15553,0.12406,0.26314,0.25465,0.03958,0.035235,0.079123,0.11937,0.15708,0.07898,0.1337,0.22758,0.025098,0,0.0070239,0.026104,0,0,0,0,0,0.053422,0.086785,0.1161,0.1105,0.076397,0.22248,0.19439,0.33912,0.34759,0.26144,0.35464,0.27501,0.31618,0,0.10357,0.04225,0.13263,0,0.15353,0.26718,0.33546,0.038807,0.22929,0.25819,0.15072,0.30837,0.35119,0.30943,0.22832,0,0,0.22472,0.16287,0.20476,0.26006,0.18605,0.22449,0.3016,0.22475,0.041519,0,0.32875,0.27115,0,0,0.26899,0.30275,0.26547,0,0,0
0.080248,0.044594,0.50969,0.39414,0.4724,0.42816,0.53943,0.44385,0.48345,0.39826,0.19603,0.24424,0.28366,0.21693,0.46793,0.33786,0.058113,0.26881,0.33156,0.34828,0.24368,0.39103,0.28656,0.35949,0.38281,0.41815,0.16416,0.29099,0.16583,0.24678,0.54041,0.39367,0.51735,0.53535,0.4965,0.5266,0.14336,0.56458,0.13252,0.16192,0.13005,0.1575,1,0.77754,0.68348,0.64824,0.70736,0.5315,0.37083,0.45921,0.5376,0.50161,0.50242,0.38946,0.46266,0.10203,0.01314,0.044981,0.15807,0.27186,0.17757,0.18531,0.080858,0.17637,0.38813,0.45415,0.67926,0.67367,0.21301,0.27721,0.21626,0.20786,0.49963,0.44185,0.4664,0.49409,0.34944,0.30634,0.30601,0.37061,0.26172,0.42058,0.18954,0.25837,0.31669,0.4866,0.14804,0.16831,0.21698,0.22077,0.66376,0.40462,0.65669,0.40141,0,0,0.58064,0.45616,0.55779,0.48693,0.55111,0.2901,0.62442,0.42015,0.23052,0.16504,0.1654,0.096709,0,0.015018,0.69641,0.68086,0.64952,0.64817,0.18907,0
0.010532,0,0.38139,0.34044,0.44641,0.40532,0.38385,0.36928,0.37238,0.441,0.16357,0.18463,0.18244,0.17612,0.26007,0.23145,0,0.10044,0.20462,0.22289,0.21683,0.38376,0.24523,0.34763,0.25862,0.41553,0.26401,0.35219,0,0.047306,0.51081,0.44826,0.37912,0.38421,0.39163,0.41271,0.47672,0.52431,0.34073,0.31513,0.1842,0.34675,0.77754,1,0.61696,0.61976,0.70019,0.68715,0.32812,0.46891,0.40913,0.49006,0.44192,0.37823,0.37638,0.35577,0.00063498,0,0.073121,0.21737,0,0.216,0,0.071947,0.22708,0.41007,0.4331,0.51489,0.14026,0.15685,0.34185,0.26867,0.40297,0.26854,0.32082,0.46441,0.41704,0.3879,0.0012803,0.13887,0.020441,0.16877,0.013828,0.16334,0.29872,0.5765,0.0076626,0.19484,0.44759,0.31691,0.58227,0.56791,0.57683,0.36013,0,0.0063593,0.55432,0.47327,0.5083,0.55366,0.34806,0.18093,0.60856,0.33108,0.26263,0.12317,0.35202,0.24106,0,0,0.67305,0.71447,0.55307,0.44517,0.10772,0
0.42882,0.3979,0.51664,0.46318,0.40002,0.53722,0.51646,0.51575,0.49074,0.48716,0.39344,0.48882,0.27778,0.47036,0.4426,0.47435,0.41929,0.56939,0.41172,0.49524,0.41227,0.51242,0.19133,0.25301,0.378,0.35672,0.19538,0.32024,0.34332,0.19729,0.50763,0.44091,0.60874,0.64028,0.39311,0.41733,0.24501,0.48561,0.39158,0.308,0.31411,0.15553,0.68348,0.61696,1,0.87885,0.8084,0.73452,0.75711,0.7871,0.81239,0.77933,0.69969,0.58435,0.67362,0.48322,0.45677,0.45697,0.55622,0.57862,0.38088,0.5022,0.31606,0.59476,0.35483,0.46631,0.75585,0.71505,0.57534,0.61854,0.29274,0.22578,0.49321,0.36614,0.42059,0.3582,0.16174,0.279,0.46947,0.31085,0.4843,0.55359,0.18854,0.27273,0.5243,0.7747,0.13679,0.34503,0.4189,0.5425,0.55558,0.43232,0.36027,0.22326,0,0,0.44106,0.55435,0.69479,0.69243,0.4155,0.17131,0.53065,0.3515,0,0,0.028688,0,0.047763,0,0.51616,0.54019,0.56263,0.30824,0,0
0.48738,0.43379,0.45813,0.43167,0.39117,0.54261,0.43821,0.47432,0.50039,0.49225,0.40882,0.50812,0.28571,0.45742,0.39713,0.59331,0.43561,0.54535,0.48462,0.52939,0.33321,0.38014,0.15274,0.21406,0.27071,0.22853,0.23825,0.33487,0.42529,0.28558,0.39972,0.36976,0.48639,0.55731,0.23104,0.26708,0.23658,0.39595,0.28908,0.16835,0.26346,0.12406,0.64824,0.61976,0.87885,1,0.73738,0.7479,0.8149,0.91712,0.84369,0.85161,0.7716,0.65738,0.53436,0.53433,0.5167,0.47639,0.62318,0.65652,0.35251,0.48705,0.30746,0.62729,0.23536,0.37698,0.68631,0.68811,0.60599,0.66966,0.22915,0.093698,0.4634,0.2346,0.34741,0.2421,0.042616,0.13597,0.43678,0.32427,0.55756,0.61483,0.356,0.41008,0.62557,0.75528,0.25074,0.38587,0.44383,0.57834,0.50655,0.46077,0.30178,0.22653,0,0.025015,0.43709,0.55998,0.63399,0.70288,0.31911,0.20293,0.52893,0.41861,0,0,0,0.070181,0.028896,0.10317,0.51618,0.54526,0.4811,0.26507,0,0
