1,0.83831,0.58315,0.66657,0.59689,0.45066,0.64556,0.63422,0.44967,0.42367,0.76751,0.62307,0.68652,0.64437,0.65679,0.58768,0.69474,0.60329,0.8891,0.81577,0.41007,0.50373,0.48807,0.48052,0.47829,0.53507,0.51517,0.4188,0.60653,0.55447,0.6381,0.62369,0.72745,0.70711,0.37465,0.37589,0.46246,0.46088,0.22035,0.39715,0.21229,0.22612,0.62974,0.66163,0.62037,0.55751,0.62113,0.64783,0.70086,0.55598,0.63904,0.45419,0.48575,0.48053,0.58987,0.57566,0.83325,0.77109,0.66605,0.49547,0.69538,0.53259,0.71606,0.59883,0.49388,0.56471,0.58512,0.52472,0.75985,0.67942,0.66691,0.59645,0.8641,0.81938,0.82506,0.78125,0.76924,0.62203,0.49094,0.4067,0.63978,0.60317,0.57172,0.57046,0.67444,0.52708,0.42744,0.28544,0.51936,0.38915,0.22339,0.29567,0.52455,0.55175,0.179,0.25701,0.64642,0.49016,0.5734,0.5174,0.55693,0.53752,0.60834,0.52695,0.41907,0.18427,0.21663,0.33086,0.074399,0.45369,0.38333,0.47836,0.62418,0.67229,0.22739,0.10596
0.83831,1,0.34353,0.59446,0.47014,0.34706,0.36789,0.67818,0.30408,0.44928,0.49228,0.70255,0.42732,0.68372,0.47833,0.72831,0.57653,0.78155,0.82588,0.87232,0.37856,0.38424,0.2551,0.28603,0.28577,0.37895,0.4631,0.22556,0.4372,0.65262,0.46463,0.49643,0.59541,0.63272,0.18935,0.24164,0.41265,0.5605,0.24926,0.41379,0.28286,0.29697,0.60205,0.70379,0.59768,0.64169,0.62254,0.70722,0.71785,0.68799,0.627,0.55424,0.58889,0.61065,0.5948,0.69063,0.80483,0.92053,0.66409,0.68048,0.50541,0.66012,0.68596,0.77905,0.2082,0.49065,0.45426,0.45698,0.73951,0.75318,0.56795,0.50785,0.75409,0.81113,0.67876,0.72576,0.71531,0.62266,0.32741,0.37936,0.56208,0.6648,0.58754,0.67187,0.47266,0.5753,0.45195,0.38205,0.47228,0.43795,0.34507,0.32092,0.58548,0.46336,0.18359,0.26885,0.62252,0.528,0.61217,0.65093,0.65159,0.58099,0.7046,0.59409,0.34388,0.16227,0.18218,0.44728,0.058727,0.4505,0.35405,0.51144,0.72848,0.70544,0.18009,0.094388
0.58315,0.34353,1,0.65841,0.78837,0.45123,0.91215,0.48595,0.6626,0.35034,0.72523,0.26134,0.83136,0.3703,0.6831,0.21646,0.27896,0.15509,0.45082,0.40746,0.21846,0.25607,0.89157,0.74171,0.78439,0.62984,0.65318,0.63098,0.25575,0.11556,0.68884,0.61216,0.69501,0.59504,0.58188,0.51156,0.40328,0.34974,0.1553,0.24905,0.060515,0.1042,0.583,0.37278,0.4872,0.27193,0.50073,0.43046,0.46345,0.21761,0.46384,0.20427,0.2848,0.19197,0.36717,0.37357,0.31342,0.22922,0.51766,0.015198,0.7075,0.085548,0.32624,0.10142,0.75484,0.41343,0.69079,0.46139,0.62153,0.44872,0.44146,0.43669,0.45607,0.40276,0.51565,0.58057,0.60368,0.46464,0.18259,0.11816,0.30529,0.32801,0.38343,0.21558,0.58376,0.36634,0.37352,0.23743,0.59752,0.43519,0.30149,0.37462,0.50126,0.65925,0.057537,0.083889,0.46852,0.28718,0.36478,0.3019,0.19109,0.21246,0.21006,0.27171,0.12854,0.018515,0.063071,0.12967,0.091779,0.3425,0.57229,0.4605,0.31933,0.43963,0.28062,0.047933
0.66657,0.59446,0.65841,1,0.63292,0.74043,0.61411,0.85775,0.44798,0.5985,0.54611,0.56028,0.59794,0.64583,0.58243,0.55119,0.39985,0.44799,0.58857,0.64322,0.49429,0.5168,0.64299,0.79117,0.70049,0.77186,0.59848,0.55742,0.34391,0.45006,0.70495,0.75428,0.7292,0.76483,0.63445,0.64894,0.5734,0.56602,0.34113,0.59454,0.2436,0.42286,0.58322,0.5834,0.57702,0.47165,0.5907,0.58201,0.53704,0.40935,0.43207,0.36152,0.31735,0.27109,0.48986,0.58511,0.50472,0.5491,0.45251,0.35752,0.56063,0.5391,0.50836,0.39985,0.56041,0.75044,0.67877,0.71942,0.62819,0.70596,0.60583,0.71248,0.63978,0.72074,0.58048,0.70379,0.7409,0.68687,0.2932,0.32046,0.50254,0.62939,0.50257,0.53509,0.65854,0.71521,0.51673,0.50122,0.53906,0.63089,0.31598,0.28115,0.6114,0.50745,0.26518,0.31427,0.55362,0.5606,0.43678,0.39829,0.38755,0.31531,0.38767,0.31886,0.2336,0.024785,0.10926,0.2964,0.14802,0.35009,0.4352,0.49328,0.54006,0.56906,0.19994,0.08893
0.59689,0.47014,0.78837,0.63292,1,0.54902,0.72457,0.61165,0.81285,0.54801,0.66389,0.38577,0.74781,0.45386,0.70755,0.45892,0.37989,0.37679,0.46609,0.50074,0.27066,0.32634,0.6875,0.60839,0.70723,0.66923,0.85263,0.64176,0.29145,0.36715,0.67613,0.63558,0.63293,0.57675,0.47462,0.44234,0.30755,0.42588,0.049752,0.25906,0,0.062282,0.61599,0.44135,0.51,0.34333,0.54475,0.5301,0.51566,0.30934,0.4693,0.25745,0.36108,0.26714,0.39286,0.43748,0.33414,0.39854,0.63525,0.27349,0.6496,0.29157,0.40257,0.30077,0.63049,0.45988,0.68643,0.4804,0.65639,0.54024,0.37219,0.40691,0.43808,0.53278,0.55467,0.63072,0.59032,0.47732,0.29615,0.36642,0.43712,0.4379,0.51981,0.34847,0.52402,0.36654,0.46123,0.31133,0.59112,0.37435,0.42807,0.44902,0.59845,0.71157,0.022716,0.15713,0.55458,0.33443,0.5305,0.45976,0.39868,0.41921,0.44139,0.47243,0.18662,0.074243,0.12533,0.27988,0.22367,0.5279,0.68374,0.50375,0.48315,0.51623,0.18607,0.072741
0.45066,0.34706,0.45123,0.74043,0.54902,1,0.47363,0.72677,0.44573,0.70964,0.28445,0.35093,0.42378,0.45799,0.37816,0.43368,0.32263,0.37722,0.35753,0.42371,0.42231,0.43026,0.48362,0.68413,0.6456,0.8201,0.56987,0.5511,0.30756,0.38909,0.65824,0.71022,0.5406,0.61172,0.60027,0.5722,0.35823,0.34074,0.06863,0.35968,0,0.18753,0.51458,0.47704,0.51736,0.41401,0.49359,0.51254,0.35934,0.28125,0.19417,0.24343,0.0903,0.17913,0.25231,0.43479,0.29532,0.36965,0.25233,0.3267,0.28363,0.4679,0.35138,0.2498,0.4525,0.70993,0.56586,0.65251,0.45274,0.60591,0.38477,0.49263,0.43587,0.58039,0.44726,0.59206,0.49353,0.47349,0.31506,0.39911,0.43366,0.48031,0.33426,0.38138,0.44364,0.52119,0.29044,0.28934,0.21411,0.55832,0.27711,0.34832,0.46958,0.43585,0.0052672,0.15175,0.4332,0.43452,0.37989,0.42919,0.27178,0.24853,0.31704,0.26243,0.25859,0.076047,0.13133,0.19881,0.12703,0.32132,0.41087,0.45065,0.40494,0.44524,0.22053,0.086481
0.64556,0.36789,0.91215,0.61411,0.72457,0.47363,1,0.53623,0.69944,0.36602,0.78779,0.34808,0.91323,0.42601,0.74365,0.28395,0.32472,0.17414,0.47043,0.39603,0.13249,0.21582,0.78451,0.63518,0.65682,0.55775,0.57624,0.54556,0.31238,0.18624,0.63263,0.56809,0.68611,0.60025,0.51434,0.40446,0.30142,0.24344,0.042936,0.13247,0,0.013145,0.54849,0.37223,0.46125,0.27864,0.4342,0.39164,0.46069,0.22885,0.44779,0.21813,0.23802,0.21386,0.2925,0.33646,0.32675,0.26502,0.48373,0.070444,0.7605,0.20568,0.41289,0.18262,0.78484,0.48827,0.6217,0.4154,0.55204,0.42409,0.45704,0.44784,0.50549,0.45168,0.56412,0.61288,0.57149,0.41631,0.20384,0.16348,0.30684,0.34812,0.34991,0.22719,0.59196,0.37974,0.2986,0.12937,0.51042,0.41818,0.21834,0.3421,0.43456,0.64923,0,0.025826,0.39449,0.20496,0.33877,0.28615,0.19265,0.23343,0.21735,0.27405,0.15323,0.010857,0.057888,0.11002,0.11731,0.32467,0.44469,0.41516,0.30822,0.44194,0.29776,0
0.63422,0.67818,0.48595,0.85775,0.61165,0.72677,0.53623,1,0.4974,0.74279,0.44817,0.68836,0.54855,0.74205,0.5682,0.69662,0.41059,0.56492,0.58143,0.67672,0.38159,0.37598,0.425,0.56182,0.48026,0.62879,0.63416,0.44913,0.28535,0.57008,0.56147,0.63255,0.60022,0.66824,0.40797,0.43583,0.46171,0.60885,0.27186,0.52725,0.22377,0.38871,0.64694,0.65019,0.58209,0.54791,0.63619,0.67666,0.57505,0.51341,0.49051,0.44985,0.45625,0.43092,0.47838,0.66009,0.47608,0.61904,0.53233,0.56728,0.51783,0.70838,0.5614,0.57825,0.3671,0.72058,0.61139,0.66036,0.68253,0.7871,0.49641,0.5685,0.57376,0.73814,0.56189,0.73873,0.69482,0.63699,0.2435,0.34986,0.52496,0.67869,0.58485,0.65037,0.53919,0.69496,0.52368,0.49262,0.51127,0.63189,0.50342,0.45485,0.727,0.57377,0.17235,0.27168,0.54616,0.56338,0.57071,0.60748,0.52013,0.42479,0.54568,0.43658,0.26494,0.049416,0.16536,0.38928,0.15747,0.48186,0.49689,0.59677,0.677,0.6579,0.21793,0.0026578
0.44967,0.30408,0.6626,0.44798,0.81285,0.44573,0.69944,0.4974,1,0.58626,0.63148,0.37077,0.73009,0.4162,0.71868,0.36969,0.39296,0.2229,0.3226,0.35683,0,0.091249,0.55529,0.4139,0.49304,0.56698,0.60324,0.33855,0.2729,0.26794,0.47302,0.42111,0.40843,0.3596,0.25437,0.20626,0.061654,0.10021,0,0,0,0,0.36304,0.1762,0.25984,0.10774,0.28161,0.26357,0.34277,0.14645,0.36073,0.12001,0.30481,0.23652,0.29548,0.28886,0.1745,0.19501,0.4896,0.13183,0.54942,0.23685,0.36356,0.23968,0.54182,0.36239,0.40679,0.17419,0.50255,0.33101,0.20662,0.26416,0.29184,0.37673,0.41856,0.51977,0.41988,0.31357,0.31569,0.29664,0.26144,0.19838,0.38307,0.13363,0.39636,0.1247,0.41949,0.088913,0.5035,0.27806,0.42423,0.34596,0.53257,0.60875,0,0.037025,0.33703,0.12524,0.51999,0.32306,0.33757,0.32496,0.34942,0.37369,0.13581,0.013484,0.094405,0.21434,0.21506,0.47737,0.55138,0.41892,0.37799,0.40794,0.22558,0.032166
0.42367,0.44928,0.35034,0.5985,0.54801,0.70964,0.36602,0.74279,0.58626,1,0.27027,0.57264,0.42803,0.64204,0.3753,0.62768,0.38393,0.41123,0.36405,0.52405,0.11076,0.20904,0.26657,0.38248,0.3232,0.55635,0.51752,0.24622,0.18319,0.44841,0.36774,0.42499,0.30479,0.40416,0.18464,0.24837,0.24802,0.3738,0,0.24367,0,0.14643,0.45703,0.41221,0.40164,0.3731,0.4234,0.48681,0.40987,0.40025,0.35466,0.36005,0.42189,0.43656,0.3378,0.512,0.27871,0.40091,0.47135,0.47399,0.29828,0.52671,0.37666,0.46079,0.1731,0.54178,0.37394,0.40033,0.54671,0.60685,0.19761,0.31003,0.3344,0.55721,0.40409,0.62091,0.46686,0.45067,0.28258,0.38861,0.37051,0.4207,0.38833,0.38169,0.26087,0.41323,0.42256,0.26344,0.32463,0.57485,0.52932,0.50182,0.6006,0.54398,0,0.17475,0.35762,0.34532,0.60231,0.557,0.43698,0.40606,0.50317,0.43155,0.22212,0.094131,0.11784,0.34629,0.1137,0.4185,0.50996,0.50705,0.55784,0.53226,0.19758,0.063925
0.76751,0.49228,0.72523,0.54611,0.66389,0.28445,0.78779,0.44817,0.63148,0.27027,1,0.54941,0.88069,0.58057,0.79339,0.37702,0.56173,0.28144,0.58471,0.44627,0.15214,0.23207,0.62899,0.49704,0.47909,0.43293,0.52887,0.42942,0.48482,0.35733,0.55023,0.4936,0.61434,0.53185,0.34385,0.28365,0.22017,0.21493,0.0029174,0.1487,0,0,0.44378,0.35908,0.38043,0.2837,0.37321,0.3449,0.52191,0.34348,0.57363,0.2995,0.36599,0.29697,0.41329,0.33949,0.47351,0.40606,0.62545,0.24546,0.82763,0.3409,0.55645,0.35718,0.71012,0.49018,0.50884,0.32081,0.5367,0.35148,0.48511,0.46592,0.63616,0.52829,0.63658,0.57173,0.58629,0.3898,0.38129,0.30057,0.44441,0.39951,0.46322,0.28482,0.68362,0.37908,0.37078,0.12073,0.58588,0.28018,0.15005,0.23461,0.41433,0.55858,0.0087291,0.12996,0.41523,0.19237,0.39728,0.27037,0.32299,0.3507,0.35484,0.36221,0.27621,0.090634,0.17523,0.23658,0.2193,0.42786,0.34184,0.30974,0.37217,0.47727,0.25418,0.089328
0.62307,0.70255,0.26134,0.56028,0.38577,0.35093,0.34808,0.68836,0.37077,0.57264,0.54941,1,0.46496,0.93995,0.52494,0.82075,0.59448,0.60802,0.5418,0.6035,0.23211,0.23761,0.14271,0.20449,0.11553,0.28948,0.43719,0.18677,0.40834,0.73044,0.22761,0.28758,0.32274,0.38858,0.035356,0.04938,0.21721,0.36526,0.12185,0.30468,0.17907,0.18384,0.44826,0.57263,0.43397,0.5774,0.42806,0.50448,0.62836,0.73845,0.68036,0.72164,0.63888,0.70745,0.52108,0.65718,0.49295,0.6592,0.67718,0.76586,0.52453,0.81516,0.6006,0.84018,0.21525,0.66347,0.31445,0.37263,0.53765,0.57912,0.35685,0.42667,0.53949,0.69004,0.48032,0.59825,0.46587,0.36084,0.33381,0.47068,0.52218,0.65956,0.54243,0.59739,0.46504,0.65417,0.39779,0.30489,0.47548,0.57122,0.32817,0.42889,0.55803,0.52307,0.094796,0.31491,0.45749,0.39563,0.59236,0.56676,0.54026,0.51184,0.59691,0.54002,0.36066,0.16476,0.29318,0.45611,0.24673,0.48535,0.24573,0.43421,0.65738,0.68442,0.25231,0.13932
0.68652,0.42732,0.83136,0.59794,0.74781,0.42378,0.91323,0.54855,0.73009,0.42803,0.88069,0.46496,1,0.55792,0.82726,0.35309,0.4982,0.28294,0.47342,0.43416,0.12267,0.22113,0.6629,0.54435,0.56773,0.51133,0.61283,0.49745,0.4204,0.31775,0.57455,0.52657,0.63294,0.56203,0.45516,0.38527,0.29141,0.25054,0.021018,0.13283,0,0,0.56508,0.41335,0.48616,0.32666,0.4511,0.40585,0.55071,0.31423,0.53145,0.26867,0.34924,0.25695,0.3862,0.36851,0.40926,0.35753,0.62515,0.1871,0.8555,0.29987,0.52764,0.28671,0.7629,0.51114,0.62952,0.41005,0.57724,0.41156,0.43219,0.42259,0.55455,0.49359,0.61334,0.62678,0.5866,0.40662,0.36919,0.29085,0.42485,0.40618,0.47844,0.30207,0.6185,0.37924,0.41321,0.15855,0.55726,0.36352,0.27023,0.34123,0.49529,0.69162,0,0.10367,0.43777,0.20661,0.47712,0.33382,0.36361,0.40361,0.37706,0.43323,0.21474,0.09274,0.13494,0.27036,0.17808,0.42887,0.49166,0.39963,0.38487,0.49544,0.28524,0.061576
0.64437,0.68372,0.3703,0.64583,0.45386,0.45799,0.42601,0.74205,0.4162,0.64204,0.58057,0.93995,0.55792,1,0.56161,0.79549,0.58581,0.6071,0.54135,0.60639,0.27947,0.303,0.23025,0.30195,0.21748,0.38956,0.48821,0.24828,0.37807,0.68528,0.28831,0.34018,0.37036,0.43628,0.13037,0.16973,0.31107,0.42972,0.17533,0.36495,0.20238,0.23773,0.51619,0.59879,0.48748,0.58637,0.48995,0.54542,0.64812,0.72262,0.66513,0.68855,0.62956,0.658,0.55246,0.69179,0.49797,0.65175,0.67362,0.72655,0.56966,0.78782,0.57313,0.78964,0.25224,0.69926,0.39103,0.44358,0.57438,0.62032,0.39824,0.46884,0.5338,0.68781,0.50086,0.63409,0.51879,0.40269,0.3545,0.45593,0.54994,0.68571,0.56348,0.59649,0.48078,0.66571,0.45392,0.33375,0.51893,0.63385,0.39558,0.48082,0.62894,0.58057,0.098079,0.28016,0.48035,0.43187,0.62813,0.59575,0.55205,0.51361,0.59276,0.52863,0.35622,0.15979,0.23817,0.44351,0.17798,0.46122,0.31488,0.49784,0.67671,0.71032,0.27096,0.12193
0.65679,0.47833,0.6831,0.58243,0.70755,0.37816,0.74365,0.5682,0.71868,0.3753,0.79339,0.52494,0.82726,0.56161,1,0.44908,0.53455,0.34027,0.50035,0.49816,0.30847,0.31255,0.54375,0.43071,0.49727,0.47078,0.64792,0.44921,0.53745,0.48176,0.46054,0.41672,0.52344,0.46306,0.29397,0.22184,0.31001,0.25454,0.14914,0.21857,0.12765,0.072246,0.48044,0.42465,0.41316,0.31872,0.43865,0.37643,0.54521,0.3245,0.55287,0.2872,0.4315,0.2443,0.47716,0.34654,0.38435,0.37646,0.6017,0.23989,0.74584,0.37933,0.53689,0.34069,0.66292,0.45927,0.50114,0.30094,0.56889,0.38831,0.37422,0.38056,0.54049,0.52689,0.56889,0.55567,0.47039,0.23805,0.41485,0.35999,0.55715,0.48092,0.67401,0.45914,0.71775,0.39132,0.51862,0.27308,0.6399,0.21408,0.32514,0.20827,0.54382,0.58158,0.056069,0.11104,0.47541,0.22031,0.54283,0.28882,0.48853,0.45271,0.45416,0.4299,0.22404,0.075669,0.20416,0.26933,0.22542,0.49568,0.42208,0.34518,0.41892,0.49239,0.20308,0.075474
0.58768,0.72831,0.21646,0.55119,0.45892,0.43368,0.28395,0.69662,0.36969,0.62768,0.37702,0.82075,0.35309,0.79549,0.44908,1,0.50008,0.68074,0.53885,0.61444,0.29762,0.25904,0.13131,0.22792,0.17337,0.35463,0.50514,0.18588,0.33035,0.75685,0.30522,0.38439,0.33211,0.41981,0.043019,0.077036,0.13838,0.41342,0.0012559,0.26841,0.11874,0.1577,0.46233,0.55765,0.41142,0.52464,0.38098,0.50516,0.51484,0.62077,0.47935,0.57547,0.45188,0.60306,0.32553,0.59026,0.44166,0.68421,0.52241,0.69868,0.37209,0.73826,0.56057,0.78448,0.14361,0.59093,0.28337,0.35124,0.53901,0.62314,0.30427,0.40818,0.44918,0.68994,0.42466,0.61832,0.42498,0.38559,0.30064,0.60268,0.52042,0.70769,0.45404,0.5789,0.3285,0.63755,0.29516,0.30365,0.33201,0.55633,0.27491,0.43234,0.46573,0.45831,0.025856,0.23707,0.3807,0.3491,0.46869,0.57447,0.4517,0.44132,0.53818,0.49068,0.31761,0.16832,0.26602,0.49728,0.21028,0.41887,0.26828,0.38539,0.59673,0.62327,0.25649,0.10869
0.69474,0.57653,0.27896,0.39985,0.37989,0.32263,0.32472,0.41059,0.39296,0.38393,0.56173,0.59448,0.4982,0.58581,0.53455,0.50008,1,0.64109,0.62017,0.60977,0.31147,0.40648,0.13949,0.18813,0.21205,0.38946,0.38577,0.27822,0.83486,0.68148,0.38609,0.39322,0.37865,0.41515,0.19157,0.21832,0.23474,0.13867,0.0058593,0.17261,0.041023,0,0.38032,0.4415,0.45109,0.44071,0.40401,0.39682,0.54366,0.42672,0.43057,0.28342,0.39104,0.33761,0.50323,0.36911,0.71009,0.61803,0.54367,0.44472,0.50904,0.5179,0.76625,0.58817,0.34201,0.45208,0.37659,0.34498,0.55549,0.44046,0.39693,0.358,0.65953,0.62728,0.63993,0.51719,0.42897,0.31646,0.82447,0.65782,0.78471,0.53822,0.55286,0.45407,0.5673,0.32309,0.35111,0.10028,0.36678,0.14503,0.14289,0.17246,0.40461,0.40276,0.075037,0.30104,0.47901,0.31575,0.60568,0.38017,0.61035,0.58419,0.62874,0.5692,0.48676,0.35355,0.37807,0.3911,0.12856,0.45702,0.29419,0.326,0.51295,0.54414,0.22516,0.27223
0.60329,0.78155,0.15509,0.44799,0.37679,0.37722,0.17414,0.56492,0.2229,0.41123,0.28144,0.60802,0.28294,0.6071,0.34027,0.68074,0.64109,1,0.59702,0.68899,0.46973,0.38138,0.059309,0.18664,0.24469,0.38783,0.44367,0.18686,0.51765,0.80108,0.35263,0.41414,0.33409,0.41431,0.18819,0.24628,0.26029,0.4696,0.23718,0.40424,0.30462,0.21554,0.48626,0.67725,0.61759,0.66894,0.56522,0.65616,0.65461,0.65199,0.48928,0.51577,0.44092,0.50108,0.52104,0.66384,0.65049,0.82402,0.50387,0.66661,0.28283,0.63219,0.65022,0.72731,0.14856,0.49484,0.40214,0.45314,0.55229,0.6405,0.37815,0.35554,0.59235,0.68337,0.50094,0.55263,0.46198,0.39143,0.51073,0.6072,0.63607,0.77195,0.566,0.69488,0.4033,0.62508,0.39092,0.43571,0.33642,0.4215,0.25058,0.33077,0.46694,0.40791,0.2075,0.33968,0.58885,0.56392,0.604,0.65128,0.57,0.54647,0.62472,0.56661,0.2691,0.14262,0.25204,0.5703,0.11074,0.43821,0.2578,0.47538,0.61406,0.5713,0.11755,0.15419
0.8891,0.82588,0.45082,0.58857,0.46609,0.35753,0.47043,0.58143,0.3226,0.36405,0.58471,0.5418,0.47342,0.54135,0.50035,0.53885,0.62017,0.59702,1,0.91085,0.39155,0.44328,0.40533,0.38936,0.39695,0.47961,0.43316,0.31535,0.51827,0.53239,0.55504,0.54534,0.60645,0.58707,0.27969,0.34155,0.51907,0.51607,0.32703,0.48278,0.29445,0.35663,0.55603,0.62974,0.56975,0.53842,0.62565,0.63942,0.63383,0.53739,0.55905,0.39785,0.5092,0.48661,0.64082,0.61183,0.79202,0.73618,0.60306,0.46135,0.48093,0.40561,0.60868,0.54568,0.25903,0.39462,0.51481,0.4779,0.79512,0.73043,0.54512,0.51703,0.79411,0.79696,0.70324,0.67834,0.71225,0.60318,0.40927,0.31249,0.56596,0.5284,0.56071,0.56241,0.55173,0.45092,0.47718,0.356,0.47581,0.33013,0.2737,0.2451,0.49461,0.43431,0.3228,0.31616,0.64887,0.59237,0.56527,0.502,0.55177,0.50625,0.56947,0.43873,0.32842,0.050876,0.15839,0.25025,0,0.40966,0.37441,0.46332,0.61031,0.61485,0.11506,0.0056404
0.81577,0.87232,0.40746,0.64322,0.50074,0.42371,0.39603,0.67672,0.35683,0.52405,0.44627,0.6035,0.43416,0.60639,0.49816,0.61444,0.60977,0.68899,0.91085,1,0.42717,0.45371,0.31486,0.3446,0.3711,0.50469,0.49357,0.29104,0.46899,0.60752,0.49544,0.5242,0.57891,0.60682,0.26638,0.34677,0.58894,0.58964,0.41284,0.54373,0.32999,0.41963,0.5954,0.69351,0.62139,0.60073,0.68604,0.70592,0.70203,0.60703,0.56914,0.45401,0.58654,0.51828,0.71057,0.71182,0.79178,0.81305,0.66728,0.54385,0.44953,0.49779,0.62846,0.65077,0.19062,0.4289,0.54515,0.51744,0.84142,0.81148,0.51278,0.52398,0.75154,0.83778,0.67246,0.70221,0.71378,0.60483,0.38102,0.33326,0.59061,0.58874,0.65965,0.69196,0.50507,0.51402,0.62362,0.50385,0.502,0.40607,0.40926,0.27,0.59082,0.45617,0.31498,0.34693,0.69608,0.63798,0.7065,0.58168,0.69501,0.60407,0.68384,0.54401,0.24374,0.028628,0.072666,0.29934,0,0.43494,0.46848,0.5132,0.67847,0.64001,0.046217,0.028106
0.41007,0.37856,0.21846,0.49429,0.27066,0.42231,0.13249,0.38159,0,0.11076,0.15214,0.23211,0.12267,0.27947,0.30847,0.29762,0.31147,0.46973,0.39155,0.42717,1,0.76951,0.2226,0.38223,0.42226,0.42839,0.42167,0.52952,0.48813,0.49641,0.36767,0.41145,0.391,0.40835,0.41103,0.42632,0.57507,0.50496,0.55123,0.65928,0.63996,0.50921,0.42982,0.5962,0.53222,0.527,0.53938,0.49551,0.45481,0.36091,0.28808,0.3017,0.16115,0.081504,0.40739,0.37877,0.45829,0.429,0.20648,0.27053,0.1698,0.29583,0.30541,0.20982,0.23968,0.36185,0.44288,0.55464,0.33877,0.43869,0.43696,0.43732,0.47623,0.48291,0.38319,0.36804,0.33589,0.24384,0.36219,0.3655,0.63722,0.65954,0.54409,0.64544,0.56823,0.61456,0.31071,0.52309,0.2735,0.25644,0.063476,0,0.22935,0.10715,0.45505,0.23732,0.53303,0.50536,0.25616,0.22289,0.29423,0.2243,0.26044,0.19781,0.18416,0.062062,0.066337,0.11803,0,0.17645,0.11506,0.16634,0.28733,0.28093,0,0.17803
0.50373,0.38424,0.25607,0.5168,0.32634,0.43026,0.21582,0.37598,0.091249,0.20904,0.23207,0.23761,0.22113,0.303,0.31255,0.25904,0.40648,0.38138,0.44328,0.45371,0.76951,1,0.2539,0.39831,0.43856,0.47363,0.35223,0.49593,0.55842,0.4071,0.42307,0.46408,0.43619,0.45083,0.42872,0.43633,0.52178,0.34304,0.43379,0.54978,0.40964,0.36254,0.35972,0.5242,0.50825,0.47006,0.43045,0.42129,0.44673,0.31764,0.27219,0.25381,0.12362,0.042939,0.44906,0.33241,0.50811,0.41752,0.22102,0.24241,0.26304,0.29743,0.30666,0.19814,0.31447,0.43136,0.42141,0.52882,0.32714,0.39321,0.52556,0.48633,0.5708,0.55323,0.53954,0.44766,0.39576,0.30845,0.52686,0.37839,0.59603,0.44937,0.43164,0.40599,0.55009,0.42143,0.3207,0.34545,0.29107,0.24217,0,0,0.26468,0.12366,0.45713,0.30404,0.57219,0.44225,0.30263,0.11193,0.33494,0.25977,0.30733,0.22376,0.35379,0.21222,0.13519,0.019076,0,0.1998,0.11069,0.14208,0.29823,0.31227,0.052913,0.34597
0.48807,0.2551,0.89157,0.64299,0.6875,0.48362,0.78451,0.425,0.55529,0.26657,0.62899,0.14271,0.6629,0.23025,0.54375,0.13131,0.13949,0.059309,0.40533,0.31486,0.2226,0.2539,1,0.88273,0.86903,0.706,0.58552,0.61058,0.18593,0.021727,0.79323,0.72026,0.71779,0.61363,0.69443,0.62402,0.40105,0.33285,0.15128,0.28006,0.014206,0.10525,0.50625,0.28819,0.40531,0.15686,0.42289,0.35972,0.29389,0.062292,0.29431,0.071163,0.096283,0.073539,0.24138,0.28639,0.21426,0.12192,0.29084,0,0.50603,0,0.19544,0,0.71411,0.37561,0.62042,0.4591,0.48564,0.37791,0.36951,0.40607,0.37135,0.3228,0.43703,0.51109,0.55842,0.47997,0.12846,0.044958,0.21913,0.25115,0.29295,0.14106,0.54499,0.34396,0.33285,0.26248,0.41475,0.41234,0.21581,0.24723,0.4029,0.49106,0.12013,0.074854,0.4214,0.28099,0.19141,0.18761,0.02806,0.039623,0.063166,0.092358,0.12923,0.016289,0.054363,0.028219,0.12031,0.31613,0.52936,0.39687,0.22998,0.34902,0.3081,0.047108
0.48052,0.28603,0.74171,0.79117,0.60839,0.68413,0.63518,0.56182,0.4139,0.38248,0.49704,0.20449,0.54435,0.30195,0.43071,0.22792,0.18813,0.18664,0.38936,0.3446,0.38223,0.39831,0.88273,1,0.90353,0.83695,0.57947,0.65503,0.23147,0.15993,0.8487,0.84557,0.72761,0.68602,0.80783,0.7681,0.49084,0.44337,0.20883,0.4486,0.091154,0.24149,0.53066,0.39336,0.506,0.2763,0.4803,0.44664,0.30877,0.10837,0.23505,0.11668,0.030995,0.022129,0.25673,0.36541,0.27969,0.22339,0.23176,0,0.41862,0.12522,0.27226,0,0.66388,0.52934,0.69419,0.65676,0.46258,0.49148,0.46133,0.52241,0.43476,0.43003,0.47631,0.56306,0.60961,0.57304,0.21961,0.18017,0.32718,0.39877,0.31176,0.26499,0.57397,0.51031,0.35984,0.37547,0.34043,0.5247,0.16185,0.2226,0.42094,0.42244,0.1738,0.15782,0.46963,0.41297,0.18873,0.23334,0.062512,0.049162,0.11834,0.11711,0.17857,0.032923,0.058645,0.12722,0.13073,0.26004,0.47358,0.40454,0.27915,0.37796,0.25789,0.095194
0.47829,0.28577,0.78439,0.70049,0.70723,0.6456,0.65682,0.48026,0.49304,0.3232,0.47909,0.11553,0.56773,0.21748,0.49727,0.17337,0.21205,0.24469,0.39695,0.3711,0.42226,0.43856,0.86903,0.90353,1,0.86609,0.65666,0.69299,0.28483,0.17415,0.86447,0.82321,0.72455,0.65352,0.83194,0.7582,0.45678,0.38993,0.23934,0.42136,0.088136,0.20132,0.54596,0.42438,0.56386,0.30625,0.53509,0.47925,0.37584,0.1259,0.27392,0.11107,0.06271,0.020217,0.34231,0.36348,0.30827,0.23477,0.30056,0,0.43737,0.055597,0.27573,0,0.72305,0.46548,0.75422,0.64332,0.48628,0.47296,0.44657,0.44771,0.44114,0.43013,0.49722,0.54424,0.58706,0.51561,0.23044,0.20611,0.36997,0.37997,0.40549,0.27408,0.60004,0.42869,0.41907,0.40072,0.3977,0.39624,0.15726,0.19172,0.39434,0.44921,0.2,0.1835,0.55893,0.43453,0.29109,0.25142,0.16538,0.15538,0.17913,0.19155,0.1448,0.033968,0.079151,0.15481,0.12423,0.3029,0.51943,0.39001,0.27765,0.34569,0.19139,0.14471
0.53507,0.37895,0.62984,0.77186,0.66923,0.8201,0.55775,0.62879,0.56698,0.55635,0.43293,0.28948,0.51133,0.38956,0.47078,0.35463,0.38946,0.38783,0.47961,0.50469,0.42839,0.47363,0.706,0.83695,0.86609,1,0.61848,0.57967,0.39011,0.35862,0.82784,0.85252,0.67638,0.6777,0.76193,0.7386,0.43217,0.35855,0.17255,0.4245,0,0.17909,0.53081,0.46873,0.57667,0.36573,0.54118,0.5118,0.416,0.21228,0.25875,0.16577,0.10881,0.14111,0.4114,0.48336,0.38779,0.35464,0.32542,0.14303,0.35332,0.2466,0.37346,0.16894,0.57315,0.60783,0.68964,0.67343,0.53073,0.58459,0.43646,0.53952,0.49505,0.58993,0.52623,0.62322,0.60069,0.57431,0.38469,0.35261,0.45953,0.44263,0.44028,0.36986,0.55413,0.46169,0.47633,0.41738,0.34556,0.48744,0.23379,0.23889,0.461,0.46288,0.14285,0.24513,0.57739,0.51327,0.44337,0.35973,0.27874,0.27349,0.29509,0.27793,0.22959,0.062615,0.12808,0.20297,0.14147,0.33992,0.51426,0.47435,0.40755,0.45529,0.21066,0.15185
0.51517,0.4631,0.65318,0.59848,0.85263,0.56987,0.57624,0.63416,0.60324,0.51752,0.52887,0.43719,0.61283,0.48821,0.64792,0.50514,0.38577,0.44367,0.43316,0.49357,0.42167,0.35223,0.58552,0.57947,0.65666,0.61848,1,0.73043,0.3597,0.51349,0.63569,0.6259,0.56076,0.52183,0.43953,0.39038,0.34377,0.47506,0.090009,0.31708,0.092683,0.11934,0.65131,0.49127,0.54209,0.42163,0.56611,0.55404,0.51099,0.3688,0.46338,0.32634,0.37128,0.30389,0.36013,0.46142,0.29984,0.41276,0.64683,0.36582,0.56278,0.33145,0.36268,0.32754,0.516,0.43526,0.68182,0.51612,0.64556,0.58125,0.29619,0.33358,0.41236,0.5561,0.48132,0.59497,0.4732,0.355,0.30941,0.44028,0.53318,0.55374,0.61303,0.47341,0.50426,0.44758,0.4478,0.36007,0.49093,0.37549,0.44714,0.45593,0.60672,0.65655,0.021801,0.13996,0.53206,0.34117,0.52628,0.48507,0.42197,0.43313,0.46405,0.47593,0.21358,0.14509,0.14552,0.38882,0.25849,0.57986,0.65551,0.46472,0.51066,0.55816,0.18929,0.083148
0.4188,0.22556,0.63098,0.55742,0.64176,0.5511,0.54556,0.44913,0.33855,0.24622,0.42942,0.18677,0.49745,0.24828,0.44921,0.18588,0.27822,0.18686,0.31535,0.29104,0.52952,0.49593,0.61058,0.65503,0.69299,0.57967,0.73043,1,0.38148,0.25139,0.66021,0.64486,0.58733,0.54489,0.61792,0.5355,0.42474,0.38173,0.16765,0.36786,0.19105,0.143,0.61669,0.45443,0.57862,0.42568,0.53683,0.48613,0.42155,0.24118,0.32345,0.22075,0.13173,0.054499,0.21934,0.24655,0.28923,0.24225,0.39758,0.17408,0.47739,0.19611,0.27485,0.079041,0.59056,0.44646,0.71425,0.63523,0.46635,0.43796,0.46212,0.38559,0.38235,0.38286,0.42235,0.45781,0.43381,0.36103,0.26858,0.28735,0.49962,0.45581,0.44935,0.3313,0.57862,0.44021,0.23958,0.21884,0.32215,0.25437,0.15138,0.27335,0.39062,0.47344,0.1262,0.18111,0.51141,0.34179,0.26693,0.27057,0.19933,0.21534,0.23528,0.2683,0.32481,0.20524,0.1591,0.16769,0.20551,0.38852,0.50151,0.31033,0.27203,0.37595,0.27942,0.13466
0.60653,0.4372,0.25575,0.34391,0.29145,0.30756,0.31238,0.28535,0.2729,0.18319,0.48482,0.40834,0.4204,0.37807,0.53745,0.33035,0.83486,0.51765,0.51827,0.46899,0.48813,0.55842,0.18593,0.23147,0.28483,0.39011,0.3597,0.38148,1,0.66027,0.40471,0.4056,0.39882,0.40566,0.30957,0.2562,0.26173,0.055432,0.072771,0.19149,0.12489,0,0.33226,0.43355,0.49543,0.45528,0.34625,0.31789,0.5125,0.33255,0.40421,0.23584,0.22349,0.16575,0.42048,0.24266,0.61661,0.46109,0.36126,0.25041,0.42817,0.36018,0.64593,0.34899,0.4372,0.4021,0.36846,0.35199,0.38864,0.28907,0.41038,0.33408,0.67211,0.56106,0.60106,0.46007,0.3069,0.18642,0.83438,0.63054,0.80335,0.52214,0.55064,0.42442,0.6757,0.34476,0.2605,0.06851,0.28053,0.053491,0,0,0.23867,0.21646,0.12993,0.24813,0.45697,0.27484,0.42978,0.17776,0.44129,0.41207,0.44244,0.40146,0.47937,0.37189,0.32494,0.2802,0.18664,0.4064,0.16929,0.15398,0.32786,0.40844,0.24461,0.25927
0.55447,0.65262,0.11556,0.45006,0.36715,0.38909,0.18624,0.57008,0.26794,0.44841,0.35733,0.73044,0.31775,0.68528,0.48176,0.75685,0.68148,0.80108,0.53239,0.60752,0.49641,0.4071,0.021727,0.15993,0.17415,0.35862,0.51349,0.25139,0.66027,1,0.26228,0.34137,0.26947,0.35266,0.10939,0.11396,0.19448,0.33586,0.094698,0.32051,0.21916,0.15598,0.42927,0.59804,0.51225,0.60114,0.44941,0.49495,0.58928,0.6023,0.50018,0.53026,0.42576,0.48562,0.442,0.54654,0.49939,0.66128,0.50461,0.60796,0.32185,0.63427,0.58191,0.68937,0.20656,0.50684,0.3399,0.38582,0.49983,0.54817,0.27262,0.3689,0.53986,0.72504,0.48027,0.52011,0.33236,0.21062,0.6071,0.80472,0.74179,0.80213,0.61879,0.70183,0.51198,0.6365,0.36727,0.3372,0.32673,0.34239,0.18721,0.21747,0.40855,0.33494,0.1239,0.34063,0.4826,0.42481,0.54017,0.49306,0.52342,0.47163,0.55641,0.46859,0.30474,0.17709,0.28334,0.47577,0.29225,0.47198,0.20347,0.31959,0.5205,0.5525,0.16341,0.17671
0.6381,0.46463,0.68884,0.70495,0.67613,0.65824,0.63263,0.56147,0.47302,0.36774,0.55023,0.22761,0.57455,0.28831,0.46054,0.30522,0.38609,0.35263,0.55504,0.49544,0.36767,0.42307,0.79323,0.8487,0.86447,0.82784,0.63569,0.66021,0.40471,0.26228,1,0.96768,0.85051,0.80671,0.77107,0.74212,0.41068,0.4085,0.080916,0.34241,0,0.064974,0.6219,0.4768,0.57317,0.33973,0.55719,0.55123,0.3955,0.16168,0.24772,0.085977,0.032812,0.076348,0.28842,0.35827,0.49829,0.44057,0.34478,0.13307,0.49859,0.22011,0.45335,0.13953,0.66078,0.53201,0.74143,0.66403,0.53723,0.56718,0.54453,0.52532,0.57943,0.56405,0.63449,0.67067,0.69199,0.68268,0.32575,0.29155,0.43328,0.40693,0.40089,0.30997,0.55118,0.42589,0.35603,0.29578,0.26654,0.35879,0.15158,0.22797,0.45184,0.50022,0.07107,0.1611,0.55398,0.41769,0.32834,0.35114,0.30553,0.31758,0.36821,0.36879,0.29314,0.18154,0.12797,0.26751,0.14516,0.41297,0.55841,0.44118,0.42447,0.47606,0.20684,0.11765
0.62369,0.49643,0.61216,0.75428,0.63558,0.71022,0.56809,0.63255,0.42111,0.42499,0.4936,0.28758,0.52657,0.34018,0.41672,0.38439,0.39322,0.41414,0.54534,0.5242,0.41145,0.46408,0.72026,0.84557,0.82321,0.85252,0.6259,0.64486,0.4056,0.34137,0.96768,1,0.83446,0.83632,0.78248,0.75442,0.40089,0.42463,0.097382,0.38566,0,0.10184,0.60563,0.5085,0.60081,0.39034,0.54425,0.55556,0.41517,0.20358,0.22385,0.1179,0.0079911,0.083942,0.2896,0.40237,0.50542,0.48679,0.33162,0.18979,0.44978,0.30024,0.4791,0.20706,0.61613,0.60354,0.73464,0.71536,0.52069,0.60455,0.57202,0.59015,0.59666,0.62789,0.61947,0.70027,0.69471,0.70405,0.33363,0.34201,0.46209,0.48041,0.41247,0.36971,0.53524,0.51133,0.3788,0.34874,0.22893,0.42325,0.11556,0.20041,0.42754,0.44804,0.079631,0.19282,0.54459,0.43683,0.32414,0.35636,0.30577,0.3188,0.36761,0.36668,0.27728,0.17585,0.1241,0.29775,0.16208,0.38771,0.50725,0.41344,0.41951,0.47036,0.21192,0.14893
0.72745,0.59541,0.69501,0.7292,0.63293,0.5406,0.68611,0.60022,0.40843,0.30479,0.61434,0.32274,0.63294,0.37036,0.52344,0.33211,0.37865,0.33409,0.60645,0.57891,0.391,0.43619,0.71779,0.72761,0.72455,0.67638,0.56076,0.58733,0.39882,0.26947,0.85051,0.83446,1,0.95985,0.73608,0.68335,0.5137,0.4618,0.18922,0.35639,0.085132,0.20831,0.63266,0.52346,0.59933,0.40557,0.56864,0.56111,0.51392,0.2665,0.36509,0.16487,0.16074,0.11246,0.37747,0.39073,0.64298,0.56303,0.44606,0.18979,0.68166,0.34446,0.56696,0.28461,0.65816,0.55024,0.74745,0.67962,0.60083,0.59204,0.63665,0.57057,0.70731,0.64769,0.72697,0.74279,0.7899,0.72436,0.24742,0.16762,0.46806,0.43934,0.45232,0.38028,0.6252,0.47494,0.3856,0.28299,0.36928,0.3654,0.1264,0.10926,0.44701,0.45719,0.068876,0.090318,0.52442,0.37354,0.30892,0.28815,0.3859,0.36105,0.40862,0.38512,0.23499,0.12479,0.031977,0.15834,0.093389,0.30541,0.4792,0.38039,0.46035,0.52292,0.16823,0.034303
0.70711,0.63272,0.59504,0.76483,0.57675,0.61172,0.60025,0.66824,0.3596,0.40416,0.53185,0.38858,0.56203,0.43628,0.46306,0.41981,0.41515,0.41431,0.58707,0.60682,0.40835,0.45083,0.61363,0.68602,0.65352,0.6777,0.52183,0.54489,0.40566,0.35266,0.80671,0.83632,0.95985,1,0.69306,0.66728,0.4813,0.46043,0.17022,0.36127,0.071262,0.21823,0.59573,0.53171,0.59062,0.43314,0.54504,0.56098,0.50404,0.29662,0.30602,0.17514,0.1272,0.12535,0.3459,0.40915,0.66621,0.63057,0.40018,0.2646,0.60334,0.46111,0.59328,0.36211,0.57727,0.62586,0.68696,0.68959,0.56612,0.62056,0.65321,0.6181,0.71339,0.69942,0.69523,0.74667,0.78261,0.74437,0.26845,0.24038,0.48765,0.50253,0.43108,0.41985,0.57946,0.54982,0.37008,0.28164,0.30655,0.42025,0.11068,0.095235,0.44646,0.41305,0.036899,0.11382,0.47926,0.37285,0.31374,0.30547,0.41387,0.37909,0.43787,0.40027,0.23584,0.15907,0.028666,0.20813,0.10944,0.28146,0.42557,0.37055,0.4898,0.53289,0.18111,0.067844
0.37465,0.18935,0.58188,0.63445,0.47462,0.60027,0.51434,0.40797,0.25437,0.18464,0.34385,0.035356,0.45516,0.13037,0.29397,0.043019,0.19157,0.18819,0.27969,0.26638,0.41103,0.42872,0.69443,0.80783,0.83194,0.76193,0.43953,0.61792,0.30957,0.10939,0.77107,0.78248,0.73608,0.69306,1,0.90664,0.4909,0.32738,0.27959,0.45893,0.10684,0.24116,0.49808,0.41643,0.60654,0.34806,0.48625,0.42337,0.33842,0.082728,0.15114,0.038939,0,0,0.26464,0.27848,0.32218,0.2195,0.14777,0,0.37245,0.092835,0.31106,0,0.6843,0.51868,0.78978,0.78265,0.33136,0.40124,0.43468,0.4253,0.43161,0.35689,0.44113,0.46204,0.52719,0.49378,0.27613,0.14908,0.37476,0.35491,0.31163,0.26471,0.54884,0.4542,0.33596,0.39487,0.21898,0.34435,0,0.016749,0.23224,0.25375,0.21722,0.18329,0.47171,0.43033,0.13594,0.11736,0.1095,0.10918,0.10522,0.12394,0.11273,0.053424,0.056583,0.1019,0.10586,0.15274,0.37641,0.25912,0.13394,0.18384,0.13154,0.10512
0.37589,0.24164,0.51156,0.64894,0.44234,0.5722,0.40446,0.43583,0.20626,0.24837,0.28365,0.04938,0.38527,0.16973,0.22184,0.077036,0.21832,0.24628,0.34155,0.34677,0.42632,0.43633,0.62402,0.7681,0.7582,0.7386,0.39038,0.5355,0.2562,0.11396,0.74212,0.75442,0.68335,0.66728,0.90664,1,0.6073,0.46516,0.3786,0.55005,0.19813,0.3225,0.54771,0.46684,0.57309,0.34858,0.57647,0.50938,0.32918,0.10684,0.1202,0.03948,0,0,0.31289,0.3581,0.36583,0.27982,0.15337,0,0.29937,0.10733,0.31078,0,0.48395,0.45344,0.76157,0.79506,0.37044,0.48983,0.38234,0.41614,0.40756,0.37287,0.40494,0.4617,0.61715,0.62025,0.27217,0.13759,0.36233,0.35728,0.33381,0.33768,0.45405,0.43415,0.41399,0.4732,0.2217,0.36933,0.13464,0.10135,0.30823,0.28125,0.33907,0.25089,0.5262,0.54129,0.2246,0.20402,0.21028,0.19699,0.18646,0.20017,0.11587,0.065855,0.052318,0.15328,0.0079719,0.20039,0.4755,0.37042,0.20706,0.20251,0.038156,0.032697
0.46246,0.41265,0.40328,0.5734,0.30755,0.35823,0.30142,0.46171,0.061654,0.24802,0.22017,0.21721,0.29141,0.31107,0.31001,0.13838,0.23474,0.26029,0.51907,0.58894,0.57507,0.52178,0.40105,0.49084,0.45678,0.43217,0.34377,0.42474,0.26173,0.19448,0.41068,0.40089,0.5137,0.4813,0.4909,0.6073,1,0.73918,0.72728,0.75433,0.6217,0.70103,0.58276,0.59462,0.55156,0.45539,0.71631,0.61481,0.48484,0.32026,0.40178,0.25169,0.4423,0.15823,0.62087,0.52483,0.51598,0.39692,0.34713,0.16867,0.33351,0.17331,0.33002,0.19708,0.15278,0.21463,0.58789,0.60716,0.55795,0.56487,0.37939,0.33856,0.48222,0.4314,0.46484,0.46175,0.62212,0.52014,0.22126,0,0.44398,0.40953,0.52137,0.58483,0.45886,0.42378,0.51094,0.5436,0.4178,0.35378,0.41559,0.1226,0.46782,0.23456,0.51006,0.20783,0.6291,0.61716,0.43465,0.30912,0.44488,0.29487,0.38187,0.24008,0.19117,0.028509,0,0,0,0.17472,0.4324,0.39188,0.38033,0.36837,0,0
0.46088,0.5605,0.34974,0.56602,0.42588,0.34074,0.24344,0.60885,0.10021,0.3738,0.21493,0.36526,0.25054,0.42972,0.25454,0.41342,0.13867,0.4696,0.51607,0.58964,0.50496,0.34304,0.33285,0.44337,0.38993,0.35855,0.47506,0.38173,0.055432,0.33586,0.4085,0.42463,0.4618,0.46043,0.32738,0.46516,0.73918,1,0.58472,0.78566,0.60081,0.71813,0.67614,0.68424,0.56824,0.5508,0.7788,0.78423,0.50375,0.46449,0.45021,0.38208,0.52399,0.33484,0.48033,0.62233,0.44045,0.54652,0.44661,0.43532,0.31399,0.3349,0.36366,0.39444,0.070157,0.231,0.58629,0.61659,0.63926,0.70356,0.35266,0.28136,0.42484,0.47985,0.41693,0.54892,0.65606,0.58065,0.026793,0.072706,0.38765,0.58226,0.48811,0.65105,0.34576,0.58681,0.4323,0.63155,0.45562,0.46638,0.55116,0.45424,0.60109,0.41202,0.45234,0.25804,0.6075,0.69753,0.4264,0.58497,0.438,0.36492,0.47278,0.36752,0.16927,0,0,0.29067,0,0.35134,0.53291,0.5674,0.53939,0.46022,0,0
0.22035,0.24926,0.1553,0.34113,0.049752,0.06863,0.042936,0.27186,0,0,0.0029174,0.12185,0.021018,0.17533,0.14914,0.0012559,0.0058593,0.23718,0.32703,0.41284,0.55123,0.43379,0.15128,0.20883,0.23934,0.17255,0.090009,0.16765,0.072771,0.094698,0.080916,0.097382,0.18922,0.17022,0.27959,0.3786,0.72728,0.58472,1,0.81302,0.85794,0.80133,0.31685,0.53012,0.43542,0.43443,0.56794,0.47771,0.41623,0.34002,0.34741,0.31027,0.39768,0.09504,0.62585,0.48725,0.34985,0.27106,0.19679,0.16709,0.097186,0.12499,0.15559,0.13038,0,0.098083,0.37231,0.455,0.30503,0.35869,0.21409,0.15762,0.27295,0.21163,0.14022,0.13655,0.342,0.22822,0.0065651,0,0.2957,0.35505,0.49687,0.58952,0.37018,0.43604,0.51183,0.7228,0.44133,0.26096,0.27345,0.0029805,0.29534,0.048609,0.77399,0.32013,0.54637,0.62682,0.31609,0.18704,0.30962,0.16114,0.17786,0.074875,0.01594,0,0,0,0,0.017713,0.10003,0.25397,0.21152,0.10452,0,0.042606
0.39715,0.41379,0.24905,0.59454,0.25906,0.35968,0.13247,0.52725,0,0.24367,0.1487,0.30468,0.13283,0.36495,0.21857,0.26841,0.17261,0.40424,0.48278,0.54373,0.65928,0.54978,0.28006,0.4486,0.42136,0.4245,0.31708,0.36786,0.19149,0.32051,0.34241,0.38566,0.35639,0.36127,0.45893,0.55005,0.75433,0.78566,0.81302,1,0.74495,0.86363,0.50402,0.69334,0.59363,0.58333,0.69929,0.65992,0.51336,0.45959,0.42009,0.40272,0.40973,0.2138,0.60712,0.61674,0.43475,0.43816,0.29951,0.34004,0.17897,0.29073,0.28353,0.26088,0.11059,0.32946,0.56566,0.68063,0.48315,0.58787,0.36223,0.35124,0.43517,0.44703,0.35538,0.37398,0.51627,0.41895,0.14434,0.056,0.47237,0.57211,0.56068,0.68652,0.50245,0.65355,0.56433,0.78937,0.47953,0.42332,0.32512,0.18859,0.41646,0.17564,0.7307,0.43985,0.63038,0.79366,0.37945,0.38222,0.33261,0.21505,0.2815,0.13515,0.16471,0,0.096778,0.12555,0,0.20017,0.25536,0.39674,0.37006,0.26284,0,0.069221
0.21229,0.28286,0.060515,0.2436,0,0,0,0.22377,0,0,0,0.17907,0,0.20238,0.12765,0.11874,0.041023,0.30462,0.29445,0.32999,0.63996,0.40964,0.014206,0.091154,0.088136,0,0.092683,0.19105,0.12489,0.21916,0,0,0.085132,0.071262,0.10684,0.19813,0.6217,0.60081,0.85794,0.74495,1,0.73556,0.29009,0.50609,0.36791,0.44402,0.50485,0.4387,0.37189,0.36938,0.36543,0.35417,0.39168,0.15772,0.47493,0.39782,0.34013,0.31327,0.1985,0.25846,0.087759,0.17911,0.19284,0.20479,0,0.034902,0.26978,0.36784,0.28442,0.32296,0.21361,0.14268,0.26465,0.18801,0.106,0.085746,0.24367,0.12581,0.030216,0,0.37527,0.4834,0.48521,0.64213,0.35802,0.49631,0.31909,0.61851,0.36663,0.19238,0.20679,0.054116,0.23658,0.010565,0.68592,0.26119,0.44418,0.51291,0.1898,0.21377,0.26452,0.1082,0.19035,0.078072,0.070854,0,0.065081,0.034123,0,0,0,0.18069,0.21293,0.16386,0,0.041904
0.22612,0.29697,0.1042,0.42286,0.062282,0.18753,0.013145,0.38871,0,0.14643,0,0.18384,0,0.23773,0.072246,0.1577,0,0.21554,0.35663,0.41963,0.50921,0.36254,0.10525,0.24149,0.20132,0.17909,0.11934,0.143,0,0.15598,0.064974,0.10184,0.20831,0.21823,0.24116,0.3225,0.70103,0.71813,0.80133,0.86363,0.73556,1,0.29036,0.50323,0.38408,0.43136,0.51736,0.48351,0.34595,0.35944,0.32037,0.31969,0.40896,0.14418,0.52548,0.48081,0.31187,0.30552,0.16501,0.2302,0.0772,0.20411,0.17397,0.20882,0,0.14435,0.3464,0.46602,0.36608,0.43428,0.22683,0.20046,0.29822,0.3062,0.21037,0.22302,0.39769,0.28501,0,0,0.27385,0.39681,0.36077,0.54193,0.3302,0.49564,0.40978,0.62953,0.45564,0.3347,0.295,0.064429,0.30134,0,0.66418,0.26697,0.41529,0.63037,0.20803,0.22447,0.2163,0.034134,0.1312,0,0,0,0,0,0,0,0.058367,0.23939,0.2349,0.12104,0,0
0.62974,0.60205,0.583,0.58322,0.61599,0.51458,0.54849,0.64694,0.36304,0.45703,0.44378,0.44826,0.56508,0.51619,0.48044,0.46233,0.38032,0.48626,0.55603,0.5954,0.42982,0.35972,0.50625,0.53066,0.54596,0.53081,0.65131,0.61669,0.33226,0.42927,0.6219,0.60563,0.63266,0.59573,0.49808,0.54771,0.58276,0.67614,0.31685,0.50402,0.29009,0.29036,1,0.85071,0.82954,0.74461,0.89266,0.88584,0.76103,0.62635,0.63352,0.55723,0.53568,0.49662,0.46183,0.66659,0.51936,0.56171,0.65019,0.4885,0.54411,0.38583,0.47889,0.43043,0.37373,0.44531,0.79774,0.73787,0.73634,0.77992,0.40679,0.31971,0.50031,0.55894,0.57386,0.71396,0.68905,0.58468,0.24781,0.30251,0.54814,0.60912,0.59828,0.61997,0.45091,0.54695,0.4272,0.4112,0.39391,0.49271,0.53617,0.62284,0.64155,0.69807,0.18391,0.22978,0.67715,0.62565,0.60154,0.74006,0.49314,0.5133,0.56356,0.56387,0.3791,0.19718,0.23164,0.41021,0.011768,0.51693,0.72674,0.68935,0.60461,0.62644,0.27593,0.014163
0.66163,0.70379,0.37278,0.5834,0.44135,0.47704,0.37223,0.65019,0.1762,0.41221,0.35908,0.57263,0.41335,0.59879,0.42465,0.55765,0.4415,0.67725,0.62974,0.69351,0.5962,0.5242,0.28819,0.39336,0.42438,0.46873,0.49127,0.45443,0.43355,0.59804,0.4768,0.5085,0.52346,0.53171,0.41643,0.46684,0.59462,0.68424,0.53012,0.69334,0.50609,0.50323,0.85071,1,0.89622,0.92517,0.88444,0.9238,0.87448,0.82223,0.71346,0.73741,0.59989,0.56796,0.64905,0.80423,0.64533,0.72271,0.60864,0.65472,0.45205,0.55649,0.56936,0.59121,0.28001,0.56248,0.69588,0.75512,0.67198,0.77278,0.47084,0.36893,0.62417,0.68715,0.59852,0.67343,0.66434,0.50344,0.31568,0.35179,0.63204,0.73694,0.65626,0.77385,0.54077,0.71952,0.48372,0.57142,0.46555,0.54138,0.38078,0.46765,0.55198,0.52554,0.40425,0.39645,0.77759,0.77727,0.64845,0.73873,0.55206,0.52921,0.57509,0.53295,0.39132,0.13473,0.25876,0.38168,0,0.45068,0.43349,0.60472,0.62426,0.61312,0.196,0.14251
