1,0.77176,0.31742,0.33986,0.18342,0.23079,0.3384,0.30263,0.00041713,0.19994,0.37303,0.39252,0.17833,0.15242,0,0,0.34733,0.33698,0.49934,0.62072,0.342,0.22846,0,0.015738,0.12044,0.14917,0.12084,0.1174,0.23092,0.11752,0.30956,0.16516,0.39382,0.38034,0.04839,0.095649,0.074502,0,0,0.070247,0.14044,0.13907,0.28248,0.40011,0.38784,0.46056,0.28212,0.32194,0.48557,0.42113,0.38623,0.33741,0.35598,0.36575,0.39072,0.42098,0.77749,0.584,0.44171,0.24871,0.42993,0.20982,0.37584,0.39363,0.2232,0.13097,0.53799,0.43918,0.44948,0.39581,0.056958,0.087973,0.3719,0.34089,0.34478,0.24327,0.32184,0.26449,0.071813,0.024627,0.32484,0.29461,0.049243,0,0.065273,0.1587,0.038244,0,0.084158,0.25763,0.21188,0.24951,0,0,0.15819,0.11675,0.34452,0.35076,0.55225,0.53309,0.057249,0.11596,0.31831,0.27371,0.068208,0,0.11621,0,0.13614,0.14307,0.36526,0.30147,0.38302,0.45015,0.12603,0
0.77176,1,0.43001,0.41493,0.11554,0.28707,0.44328,0.36685,0,0.34507,0.45747,0.42018,0.31077,0.31235,0.063422,0.061325,0.28984,0.38411,0.58724,0.66716,0.3725,0.3816,0.25104,0.24231,0.18468,0.20897,0.17561,0.18751,0.18246,0.029705,0.44009,0.34509,0.52188,0.49743,0.2738,0.23559,0.156,0.13586,0.064497,0.10937,0.19174,0.2771,0.28777,0.37962,0.34187,0.35276,0.27038,0.33632,0.34884,0.22923,0.33248,0.20968,0.25089,0.26883,0.31279,0.31078,0.74617,0.74434,0.29111,0.19088,0.38656,0.28335,0.46584,0.39639,0.35593,0.16176,0.53136,0.36328,0.54064,0.45757,0.1977,0.22024,0.37226,0.35024,0.38221,0.26315,0.39069,0.35412,0,0,0.30317,0.25696,0.095318,0.062932,0.27655,0.26907,0.0036263,0.010337,0.21595,0.25805,0.28589,0.28024,0.1186,0.14777,0.18801,0.067388,0.30665,0.26092,0.46084,0.43605,0.17245,0.23759,0.28928,0.28298,0.083337,0,0.094493,0,0.073401,0.20596,0.32226,0.30892,0.37384,0.37751,0.17786,0
0.31742,0.43001,1,0.6403,0.19531,0.30279,0.90081,0.57865,0.24309,0.2912,0.29826,0.096788,0.51628,0.25203,0.2171,0,0.069956,0.13276,0.57095,0.50269,0.36646,0.3487,0.75213,0.70507,0.45343,0.47489,0.17302,0.17919,0,0,0.41297,0.40252,0.56009,0.4561,0.50749,0.38655,0.24901,0.33253,0,0,0.13684,0.42995,0.25687,0.32702,0.40332,0.20522,0.31626,0.32418,0.15428,0.066357,0.25677,0.01426,0,0.064,0.16239,0.32764,0.35929,0.39893,0.025143,0,0.23126,0.22085,0.36579,0.20586,0.50162,0.30609,0.3807,0.05663,0.4067,0.35247,0.35804,0.58404,0.2932,0.34653,0.25393,0.40968,0.40036,0.43966,0,0,0.18466,0.11183,0.090437,0,0.37064,0.39418,0,0,0.13736,0.44277,0.24635,0.29635,0.26726,0.52415,0,0,0.046248,0.025904,0.20356,0.19224,0.08711,0.45735,0,0.046669,0.13188,0.0007374,0.048663,0,0,0,0.23434,0.24439,0.22349,0.14387,0.17353,0
0.33986,0.41493,0.6403,1,0.31918,0.43214,0.76028,0.86686,0.38422,0.52719,0.29339,0.2785,0.39438,0.41941,0.20277,0.014465,0,0,0.6107,0.67211,0.30657,0.24728,0.5355,0.65845,0.30232,0.38596,0.26711,0.19033,0,0,0.27974,0.36423,0.45496,0.47872,0.40085,0.30681,0.20079,0.19161,0,0.083539,0.18621,0.35491,0.2168,0.33961,0.41835,0.48928,0.31321,0.26928,0.29016,0.36075,0.32981,0.31483,0.20557,0.2229,0.30625,0.4169,0.32092,0.42904,0.19444,0.2859,0.42499,0.65899,0.27605,0.43209,0.52192,0.67092,0.3771,0.3607,0.48171,0.46371,0.37993,0.47523,0.22781,0.20179,0.31494,0.35597,0.39777,0.34203,0,0,0.048641,0.10851,0.05859,0.096409,0.38649,0.45916,0.04166,0.041462,0.28777,0.45153,0.34106,0.37115,0.49872,0.39123,0,0,0.078507,0,0.42963,0.34384,0.35807,0.31979,0.21603,0.1638,0.14463,0,0,0,0,0.0090627,0.22657,0.17085,0.33254,0.24776,0.1525,0
0.18342,0.11554,0.19531,0.31918,1,0.62066,0.29283,0.36408,0.69487,0.20788,0.045415,0.014989,0.020265,0,0.030315,0,0,0.0035725,0.28393,0.2411,0.23394,0.19325,0.15054,0.13252,0.68575,0.60881,0.6375,0.51498,0.075522,0.088,0.14678,0.012196,0.1271,0.10984,0.22229,0.26287,0.14483,0.16973,0,0.02736,0.087722,0.17402,0.11817,0.33839,0.32688,0.41986,0.26353,0.29171,0.38229,0.40849,0.17651,0.27802,0.2301,0.26551,0.17959,0.19661,0.024052,0.053265,0.24585,0.238,0.2175,0.29421,0,0.075124,0.18447,0.35224,0.25231,0.24823,0.20085,0.18283,0.26363,0.21127,0.17398,0.15211,0,0.085646,0.15877,0.11031,0.0050638,0.018093,0.10115,0.19509,0.082289,0.020874,0.17085,0.31796,0.16229,0.055859,0.22355,0.26337,0.3399,0.26877,0.025285,0.1536,0,0.078199,0.11085,0.16617,0.30492,0.24027,0.3543,0.25516,0.448,0.4182,0.10201,0,0.052858,0,0.04626,0.052324,0.10128,0.23764,0.32912,0.31069,0.068125,0.047776
0.23079,0.28707,0.30279,0.43214,0.62066,1,0.4361,0.43413,0.44858,0.6222,0.1465,0.096941,0.19589,0.14407,0.25269,0.0020393,0.0019884,0.15501,0.49661,0.49063,0.46179,0.43424,0.40335,0.37619,0.51437,0.65733,0.60591,0.6778,0.065854,0.083833,0.38154,0.3394,0.32714,0.2674,0.40791,0.42056,0.34955,0.29007,0,0.044189,0.20863,0.3856,0.19899,0.42652,0.36714,0.33865,0.31263,0.4129,0.28012,0.22873,0.18577,0.16264,0.19422,0.24908,0.17869,0.34545,0.19615,0.20341,0.14594,0.23728,0.29028,0.41216,0.18667,0.23749,0.33866,0.39256,0.31284,0.19152,0.39849,0.31509,0.45567,0.34311,0.30104,0.22471,0.1979,0.22679,0.21993,0.1622,0,0,0.19928,0.208,0.24285,0.095338,0.43163,0.43295,0.16141,0.10299,0.20219,0.2934,0.25761,0.34403,0.15132,0.34129,0.13262,0.086531,0.22674,0.25468,0.17426,0.18603,0.47753,0.34964,0.426,0.43794,0.064825,0,0.042956,0.025764,0.049272,0.023008,0.21122,0.25877,0.24578,0.2077,0.052451,0
0.3384,0.44328,0.90081,0.76028,0.29283,0.4361,1,0.69417,0.38347,0.43517,0.36862,0.18238,0.60725,0.37096,0.30136,0.059612,0.032844,0.10402,0.61828,0.57504,0.36014,0.35051,0.75348,0.75334,0.44628,0.52537,0.24909,0.26496,0,0,0.42891,0.44634,0.60191,0.53311,0.56525,0.44392,0.20699,0.2667,0,0,0.18918,0.38808,0.26971,0.34072,0.40511,0.26329,0.29925,0.30547,0.17306,0.16435,0.28235,0.11437,0.009541,0.1099,0.24007,0.40811,0.3774,0.43748,0.1183,0.02968,0.39538,0.41589,0.426,0.2814,0.63974,0.52679,0.42281,0.17077,0.49741,0.41146,0.39646,0.59441,0.3495,0.36819,0.31417,0.44416,0.40443,0.4481,0,0,0.17533,0.10505,0.13981,0,0.47333,0.43533,0,0.0048304,0.24688,0.53885,0.2825,0.38687,0.28812,0.54782,0,0,0.0593,0.051393,0.26751,0.26567,0.14928,0.42885,0.026425,0.12407,0.1563,0,0.089441,0,0.028454,0.061294,0.27649,0.24591,0.25731,0.18783,0.10097,0
0.30263,0.36685,0.57865,0.86686,0.36408,0.43413,0.69417,1,0.36392,0.46607,0.20322,0.21588,0.27343,0.43908,0.069859,0,0,0,0.45133,0.54929,0.28707,0.23739,0.41536,0.52832,0.38577,0.43725,0.25835,0.17775,0,0,0.2225,0.28994,0.43013,0.48746,0.36902,0.26652,0.23008,0.26367,0,0,0.17604,0.37475,0.27239,0.318,0.35613,0.47974,0.30962,0.25111,0.29658,0.38239,0.38653,0.35062,0.25031,0.3012,0.35356,0.45401,0.30802,0.44387,0.15083,0.25529,0.40599,0.66855,0.27025,0.48247,0.41133,0.65078,0.26002,0.28672,0.37582,0.28694,0.32096,0.5109,0.069394,0.24746,0.18852,0.36346,0.29524,0.3143,0,0,0,0.014295,0,0,0.23536,0.40746,0.0441,0,0.34927,0.46121,0.41198,0.29466,0.46931,0.38229,0,0,0.065531,0.07637,0.36429,0.27579,0.30186,0.28743,0.17683,0.059512,0.19272,0,0.15892,0,0.0167,0.10896,0.14481,0.15801,0.28107,0.22207,0.27972,0
0.00041713,0,0.24309,0.38422,0.69487,0.44858,0.38347,0.36392,1,0.2989,0.14508,0.11362,0.19828,0.065964,0.30861,0,0,0,0.2123,0.20443,0.34499,0.26873,0.2621,0.24412,0.60427,0.57241,0.3891,0.27517,0,0,0.25502,0.20218,0.14267,0.1222,0.22115,0.24969,0.21456,0.24569,0.038604,0.16317,0.11607,0.13874,0.26401,0.36955,0.092895,0.18143,0.27604,0.31073,0.26529,0.31814,0.20985,0.25913,0.23196,0.26112,0.065168,0.12887,0,0.05698,0.19318,0.19815,0.24491,0.34761,0.11949,0.16644,0.32737,0.44553,0.20515,0.19943,0.22934,0.26496,0.26428,0.20455,0.1077,0.17449,0.042168,0.15437,0.14194,0.082573,0.0016206,0.040268,0.037767,0.13759,0.12152,0,0.22378,0.2647,0,0,0.12299,0.32647,0.17873,0.35146,0.081233,0.26165,0.063805,0.091584,0.18612,0.18785,0.16394,0.30951,0.34912,0.30915,0.31562,0.32028,0,0,0,0.11147,0.1541,0.20742,0.3236,0.16751,0.23122,0.093925,0,0
0.19994,0.34507,0.2912,0.52719,0.20788,0.6222,0.43517,0.46607,0.2989,1,0.32421,0.24199,0.35695,0.49553,0.35219,0.36978,0.046933,0.18065,0.47805,0.52228,0.35313,0.3702,0.41221,0.42183,0.074812,0.2193,0.23976,0.27826,0.061823,0.0044689,0.2697,0.30362,0.37392,0.35005,0.42479,0.36214,0.10527,0.074415,0,0.16342,0.13379,0.22286,0.21953,0.3771,0.19626,0.19803,0.1257,0.2616,0.15596,0.11832,0.25539,0.10785,0.14541,0.15029,0.15276,0.29807,0.2935,0.40336,0.18313,0.30162,0.37578,0.54108,0.31828,0.41151,0.52853,0.45512,0.27998,0.22838,0.46323,0.46829,0.39006,0.2487,0.30954,0.22039,0.35721,0.30634,0.17986,0.16609,0.091368,0.021837,0.25061,0.32937,0.23966,0.15291,0.48814,0.34353,0,0,0.2431,0.29553,0.19895,0.36442,0.27531,0.20799,0.029255,0,0.19599,0.078261,0.19371,0.25696,0.37981,0.10896,0.21886,0.21535,0,0,0,0.041293,0,0.038293,0.34401,0.18946,0.29342,0.24789,0,0
0.37303,0.45747,0.29826,0.29339,0.045415,0.1465,0.36862,0.20322,0.14508,0.32421,1,0.6567,0.74409,0.65641,0.34183,0.30893,0.23584,0.36421,0.48021,0.49972,0.37389,0.31959,0.36493,0.26512,0.044038,0.00062601,0.065769,0,0.26493,0.048476,0.50331,0.36744,0.40099,0.36784,0.36364,0.32252,0,0,0.020177,0.19397,0.010718,0,0.4552,0.38286,0.011558,0.070055,0.11385,0.25488,0.30631,0.28499,0.43768,0.32902,0.26132,0.24592,0.33004,0.16724,0.40455,0.52437,0.41576,0.38457,0.54207,0.33047,0.5847,0.52462,0.65062,0.36576,0.60896,0.53039,0.4341,0.53694,0.12262,0.063593,0.33178,0.32626,0.34299,0.26126,0.26798,0.25809,0.16454,0.1981,0.2839,0.24986,0.28651,0,0.37244,0,0,0,0.3912,0.28016,0.20408,0.34171,0,0,0.26335,0.20736,0.40187,0.30102,0.27345,0.38273,0.10829,0,0.17853,0.11075,0,0.073747,0,0.027755,0.26795,0.21869,0.5397,0.28183,0.23041,0.26817,0,0
0.39252,0.42018,0.096788,0.2785,0.014989,0.096941,0.18238,0.21588,0.11362,0.24199,0.6567,1,0.4575,0.63288,0.28492,0.25941,0.23424,0.27726,0.27169,0.42816,0.22687,0.19361,0.04667,0.026796,0,0,0.00673,0,0.18487,0.06502,0.38653,0.25378,0.36256,0.36169,0.15625,0.20116,0,0,0,0.095873,0,0,0.47021,0.32772,0,0.20293,0.12243,0.21443,0.37375,0.4822,0.46263,0.55838,0.37907,0.34297,0.22831,0.11521,0.41673,0.57503,0.52929,0.53235,0.6069,0.46112,0.51173,0.70283,0.44093,0.36327,0.59087,0.68563,0.3935,0.52222,0,0,0.1867,0.15674,0.27546,0.13625,0.18066,0.11687,0.17462,0.13707,0.13516,0.14194,0.17794,0,0.10372,0,0,0,0.236,0.22854,0.10421,0.25071,0,0,0.19287,0.18944,0.43979,0.37112,0.2864,0.42551,0.08149,0,0.23607,0.16746,0.089137,0.0099405,0,0.079727,0.25663,0.23638,0.56536,0.25323,0.25668,0.25529,0.0076124,0
0.17833,0.31077,0.51628,0.39438,0.020265,0.19589,0.60725,0.27343,0.19828,0.35695,0.74409,0.4575,1,0.68016,0.46372,0.29855,0.086358,0.19631,0.38459,0.39004,0.31439,0.3574,0.66198,0.57128,0.070674,0.11431,0.098355,0.069631,0.068808,0,0.44884,0.45003,0.45837,0.3736,0.5018,0.44305,0,0,0.13437,0.17728,0.00095766,0.0079664,0.33675,0.30562,0.07956,0.0041266,0.11644,0.18306,0.11581,0.164,0.36342,0.1813,0.1221,0.13404,0.20064,0.1814,0.31323,0.48122,0.2592,0.24152,0.46963,0.35962,0.53158,0.39068,0.73783,0.48277,0.45909,0.33083,0.5109,0.54709,0.18547,0.23804,0.24465,0.29566,0.29078,0.32761,0.21903,0.2701,0.04122,0.028591,0.20466,0.11139,0.27659,0,0.59937,0.1326,0,0,0.3678,0.39228,0.16123,0.44948,0.10752,0.29023,0.079536,0.00095151,0.23876,0.12891,0.069206,0.29382,0.11502,0.13551,0.032227,0.10591,0.025475,0.090058,0,0.20048,0.090552,0.057656,0.42019,0.15599,0.069499,0.093874,0,0
0.15242,0.31235,0.25203,0.41941,0,0.14407,0.37096,0.43908,0.065964,0.49553,0.65641,0.63288,0.68016,1,0.30503,0.46847,0,0.15928,0.29642,0.32784,0.21177,0.25678,0.40952,0.4136,0,0,0.044139,0,0.072011,0,0.34827,0.36782,0.32266,0.30876,0.45871,0.37771,0,0,0.042673,0.11538,0,0,0.33001,0.21422,0,0.057602,0,0.093718,0.09969,0.22117,0.37534,0.30653,0.21159,0.21936,0.33496,0.22783,0.25504,0.58376,0.26578,0.42763,0.41943,0.49422,0.41694,0.54116,0.62584,0.5202,0.41725,0.50604,0.32951,0.48083,0.091604,0.12467,0.12436,0.18389,0.27898,0.23365,0.13892,0.19837,0.025784,0.037098,0.10286,0.097065,0.18341,0,0.4333,0.10068,0,0,0.54422,0.36047,0.24728,0.29733,0.20184,0.025515,0.08013,0.041152,0.21445,0.10141,0.10152,0.22445,0.072373,0,0.017998,0,0.1118,0.096465,0.0081274,0.044751,0.12199,0.089354,0.34487,0.11584,0.10294,0.20649,0,0
0,0.063422,0.2171,0.20277,0.030315,0.25269,0.30136,0.069859,0.30861,0.35219,0.34183,0.28492,0.46372,0.30503,1,0.42299,0.24427,0.061489,0.2168,0.17993,0.23207,0.27297,0.32672,0.27755,0.040815,0.14809,0.023917,0.15888,0.023692,0,0.42479,0.37557,0.17846,0.1517,0.23113,0.27476,0.15075,0.19192,0.027121,0.10374,0.063715,0.17045,0.27017,0.29644,0.033032,0.0047025,0.13435,0.21551,0.048205,0.13204,0.1797,0.21209,0.085721,0.24938,0,0.039247,0,0.19305,0.077171,0.13772,0.23571,0.18514,0.16599,0.23779,0.4093,0.21215,0.26281,0.16614,0.16487,0.28131,0.075913,0.042187,0.06831,0.087915,0.093016,0.021024,0,0.0019249,0.01812,0.054973,0.041908,0.0028667,0.57035,0,0.35554,0.15889,0,0,0.08257,0.29847,0,0.21012,0,0.21529,0.14466,0.05191,0.17266,0.15564,0,0.091843,0.1008,0.21302,0.050853,0.17798,0.071361,0.11025,0,0.11897,0.1417,0.061468,0.33529,0.058818,0,0.048434,0,0
0,0.061325,0,0.014465,0,0.0020393,0.059612,0,0,0.36978,0.30893,0.25941,0.29855,0.46847,0.42299,1,0.18536,0.15161,0.14287,0.084697,0.016356,0.078423,0.098632,0.081128,0,0,0,0,0.17622,0.12265,0.16679,0.13946,0.056473,0.046694,0.25457,0.18325,0,0,0.085474,0.17377,0.0061807,0,0.036695,0.017078,0.023012,0,0,0.0094158,0,0,0.092462,0.053509,0,0.0011442,0.17542,0.15797,0.017115,0.23464,0.13934,0.26214,0.18346,0.12271,0.077158,0.21966,0.29595,0.081756,0.28491,0.26738,0.023511,0.24854,0.013871,0,0.07606,0.024538,0.081046,0,0,0.0070031,0.24212,0.18209,0.16601,0.14078,0.4182,0.3874,0.34623,0.081755,0.037633,0.27249,0.32804,0.29684,0,0.11373,0,0,0.06853,0.061623,0.10295,0,0.020124,0.068107,0,0,0,0,0.13843,0.24491,0.010446,0.21101,0.038179,0,0.15492,0.029954,0.040611,0.10557,0,0
0.34733,0.28984,0.069956,0,0,0.0019884,0.032844,0,0,0.046933,0.23584,0.23424,0.086358,0,0.24427,0.18536,1,0.56617,0.22811,0.15615,0.19319,0.064547,0.03967,0.012328,0.00041905,0.12701,0.014921,0.045169,0.62961,0.55432,0.32419,0.25296,0.050906,0,0.050323,0.17963,0,0,0.060131,0.15645,0,0,0.21158,0.061519,0,0,0,0.16427,0,0,0,0,0,0,0,0,0.30836,0.12785,0,0,0,0,0.41706,0.038226,0.14256,0,0.15045,0,0.061287,0.17401,0.013291,0,0.27047,0.34351,0.10424,0,0,0,0.57565,0.58121,0.67237,0.52685,0.4839,0.070468,0.11911,0,0.10278,0,0,0.018243,0,0,0,0,0.29493,0.41835,0.15612,0.16722,0.10446,0.20001,0,0,0,0,0,0.15539,0,0,0.25301,0,0.25066,0.26115,0.18826,0.028471,0.032935,0
0.33698,0.38411,0.13276,0,0.0035725,0.15501,0.10402,0,0,0.18065,0.36421,0.27726,0.19631,0.15928,0.061489,0.15161,0.56617,1,0.33565,0.27789,0.34325,0.29655,0.14306,0.019727,0.030922,0.095125,0.14,0.20928,0.59456,0.5479,0.26948,0.19758,0.13095,0.069049,0.070168,0.090369,0.064016,0.014176,0,0.15092,0,0.066394,0.36593,0.24983,0,0,0.16762,0.33506,0.10422,0,0.068558,0,0.078703,0.094455,0.13756,0.21909,0.43374,0.32179,0.069342,0.046284,0,0,0.41323,0.17394,0.18767,0,0.23907,0.081287,0.15794,0.32161,0.10046,0,0.29644,0.48025,0.18342,0.070428,0.1282,0.03708,0.47295,0.60666,0.67165,0.63597,0.41522,0.086068,0.20568,0.089196,0.03277,0,0.043214,0.15629,0.055174,0.10814,0,0,0.32302,0.38106,0.29061,0.24914,0.29432,0.26442,0,0,0,0,0,0.21444,0,0,0.18793,0,0.31921,0.42725,0.31121,0.15389,0.043565,0
0.49934,0.58724,0.57095,0.6107,0.28393,0.49661,0.61828,0.45133,0.2123,0.47805,0.48021,0.27169,0.38459,0.29642,0.2168,0.14287,0.22811,0.33565,1,0.81337,0.47369,0.38289,0.52802,0.4947,0.29953,0.36359,0.30783,0.27811,0.299,0.18266,0.43276,0.31363,0.46753,0.43658,0.31953,0.29869,0.15179,0.11844,0,0.061648,0.16652,0.34209,0.32514,0.47581,0.38427,0.36684,0.26945,0.38832,0.32074,0.25704,0.2062,0.1306,0.11418,0.17801,0.31769,0.40198,0.42873,0.40735,0.17022,0.19705,0.2968,0.29939,0.35085,0.26814,0.43403,0.26827,0.51906,0.33748,0.55448,0.53702,0.3971,0.36562,0.5142,0.39587,0.50902,0.36855,0.44491,0.31056,0.1043,0.10003,0.39585,0.37962,0.32032,0.15053,0.42626,0.31457,0.13346,0.092563,0.24069,0.34704,0.24442,0.33428,0.15396,0.23984,0.13864,0.081115,0.21005,0.14329,0.45609,0.35574,0.22223,0.24324,0.22725,0.19505,0.090655,0,0.083934,0,0.089722,0,0.28514,0.38626,0.38769,0.36953,0.13423,0
0.62072,0.66716,0.50269,0.67211,0.2411,0.49063,0.57504,0.54929,0.20443,0.52228,0.49972,0.42816,0.39004,0.32784,0.17993,0.084697,0.15615,0.27789,0.81337,1,0.50897,0.42378,0.37369,0.3827,0.27663,0.26987,0.25265,0.21462,0.1306,0.011485,0.42237,0.34891,0.60231,0.59466,0.2764,0.30607,0.19513,0.12097,0.031814,0.16406,0.18279,0.2754,0.35795,0.49837,0.45186,0.48559,0.34597,0.41645,0.49723,0.4372,0.44424,0.33973,0.36593,0.31782,0.43165,0.4455,0.62639,0.60516,0.47473,0.44125,0.546,0.52647,0.45724,0.50898,0.44487,0.39349,0.63864,0.53531,0.80243,0.7129,0.34841,0.32922,0.49655,0.39627,0.53177,0.42481,0.5178,0.44217,0,0,0.30859,0.37179,0.15332,0.077303,0.37099,0.33237,0,0,0.28015,0.43564,0.38488,0.49235,0.12675,0.19214,0.12745,0.016999,0.36009,0.29948,0.53285,0.51116,0.29766,0.21173,0.41433,0.30891,0.11759,0,0,0,0.065456,0.15931,0.46929,0.36594,0.47548,0.45427,0.18104,0
0.342,0.3725,0.36646,0.30657,0.23394,0.46179,0.36014,0.28707,0.34499,0.35313,0.37389,0.22687,0.31439,0.21177,0.23207,0.016356,0.19319,0.34325,0.47369,0.50897,1,0.70154,0.35372,0.2938,0.40976,0.44693,0.32856,0.19801,0.17657,0.12204,0.49318,0.41922,0.37797,0.30117,0.24997,0.29037,0.38464,0.38044,0.077764,0.24997,0.12247,0.3945,0.49723,0.53387,0.28653,0.23929,0.40384,0.554,0.40538,0.23462,0.32674,0.18676,0.28564,0.32451,0.27641,0.35997,0.42878,0.31885,0.25086,0.17912,0.20722,0.17574,0.33792,0.24928,0.26282,0.22321,0.40759,0.19942,0.40559,0.36186,0.44594,0.36638,0.27495,0.32053,0.31659,0.27406,0.28946,0.20598,0.050608,0.12081,0.2629,0.25193,0.23731,0,0.24101,0.30318,0,0,0.062315,0.29247,0.15574,0.3257,0.075076,0.17671,0.19117,0.17979,0.39533,0.39851,0.28358,0.37579,0.33685,0.30619,0.25582,0.29236,0.014198,0.055406,0.04262,0.0079077,0.14359,0.26032,0.46526,0.38941,0.32824,0.12592,0.099147,0
0.22846,0.3816,0.3487,0.24728,0.19325,0.43424,0.35051,0.23739,0.26873,0.3702,0.31959,0.19361,0.3574,0.25678,0.27297,0.078423,0.064547,0.29655,0.38289,0.42378,0.70154,1,0.39194,0.34057,0.43871,0.42712,0.36072,0.33734,0.10107,0.037131,0.47357,0.43684,0.39941,0.24953,0.31986,0.31946,0.41806,0.49277,0.22089,0.36054,0.2059,0.46638,0.36507,0.47884,0.29547,0.18558,0.38254,0.5602,0.29254,0.16595,0.3177,0.16749,0.23154,0.32105,0.22455,0.28673,0.35453,0.36861,0.21318,0.14046,0.19301,0.19234,0.27704,0.22014,0.28174,0.17318,0.35785,0.14777,0.39596,0.40064,0.45799,0.43435,0.29395,0.35238,0.31474,0.36432,0.355,0.39198,0,0.092223,0.24507,0.24541,0.22761,0,0.42032,0.42815,0,0,0.13309,0.35331,0.1841,0.36119,0.13893,0.21716,0.20508,0.12207,0.3606,0.33941,0.16252,0.29311,0.33373,0.31008,0.14893,0.33127,0,0.13527,0,0.11588,0.10297,0.34405,0.44193,0.23521,0.23552,0.1302,0.10219,0
0,0.25104,0.75213,0.5355,0.15054,0.40335,0.75348,0.41536,0.2621,0.41221,0.36493,0.04667,0.66198,0.40952,0.32672,0.098632,0.03967,0.14306,0.52802,0.37369,0.35372,0.39194,1,0.93251,0.39611,0.52891,0.20942,0.1981,0.031635,0,0.56349,0.66441,0.50551,0.35587,0.7006,0.56671,0.20396,0.24396,0.023296,0.059819,0.061645,0.28294,0.29498,0.26945,0.17369,0,0.16421,0.27385,0,0,0.045861,0,0,0,0.0896,0.2686,0.12985,0.27303,0,0,0.091115,0.17226,0.34622,0.09452,0.64551,0.37228,0.27021,0,0.37831,0.34892,0.44427,0.55682,0.30405,0.30572,0.34003,0.37851,0.31225,0.29912,0,0,0.22293,0.055437,0.22673,0,0.55665,0.2747,0,0,0.18797,0.35484,0.12041,0.28354,0.30341,0.51257,0.048685,0.016158,0.020904,0.042034,0,0.065072,0.17312,0.3798,0,0.016959,0,0.13067,0,0,0.043956,0.0081593,0.22119,0.206,0.01106,0.015671,0.027962,0
0.015738,0.24231,0.70507,0.65845,0.13252,0.37619,0.75334,0.52832,0.24412,0.42183,0.26512,0.026796,0.57128,0.4136,0.27755,0.081128,0.012328,0.019727,0.4947,0.3827,0.2938,0.34057,0.93251,1,0.37069,0.5425,0.21489,0.18538,0,0,0.5116,0.69051,0.50462,0.42796,0.71441,0.5791,0.1656,0.19884,0.026401,0.0065912,0.086925,0.27152,0.19691,0.17643,0.24064,0.040283,0.12015,0.20328,0,0,0,0,0,0,0.11446,0.30208,0.15692,0.26313,0,0,0.096602,0.27139,0.29827,0.1059,0.59779,0.47586,0.24078,0,0.3342,0.30283,0.48153,0.62523,0.29401,0.26987,0.356,0.37992,0.32353,0.31083,0,0,0.15159,0,0.15824,0,0.50647,0.31861,0.03551,0.030267,0.18315,0.36074,0.10975,0.19694,0.37074,0.46431,0,0,0,0,0,0.022444,0.15129,0.33603,0,0,0.004191,0.068919,0.034555,0,0,0,0.13139,0.10389,0.016547,0.059395,0.062552,0
0.12044,0.18468,0.45343,0.30232,0.68575,0.51437,0.44628,0.38577,0.60427,0.074812,0.044038,0,0.070674,0,0.040815,0,0.00041905,0.030922,0.29953,0.27663,0.40976,0.43871,0.39611,0.37069,1,0.84068,0.48974,0.34418,0.056899,0.032699,0.37984,0.32611,0.31959,0.23377,0.35301,0.38119,0.45776,0.52749,0.039396,0.10237,0.18564,0.38549,0.35509,0.39472,0.25833,0.19944,0.44525,0.48387,0.28105,0.20611,0.15617,0.11486,0.076273,0.17969,0.2343,0.26804,0.12911,0.11854,0.051259,0,0.083858,0.12003,0.20986,0.039976,0.18894,0.23291,0.24706,0.040512,0.22889,0.13051,0.35932,0.5051,0.18387,0.28056,0.094636,0.27702,0.23134,0.27964,0,0.034708,0.12257,0.084719,0.093504,0,0.14302,0.33369,0.081105,0,0.13996,0.35373,0.21327,0.22222,0.075449,0.32335,0.1668,0.22462,0.22894,0.33826,0.15228,0.17144,0.24334,0.38963,0.15844,0.23138,0.058727,0.047875,0.19564,0,0.16423,0.30782,0.188,0.3091,0.20502,0.11945,0.2038,0.10987
0.14917,0.20897,0.47489,0.38596,0.60881,0.65733,0.52537,0.43725,0.57241,0.2193,0.00062601,0,0.11431,0,0.14809,0,0.12701,0.095125,0.36359,0.26987,0.44693,0.42712,0.52891,0.5425,0.84068,1,0.51034,0.50436,0.14383,0.15097,0.53787,0.53297,0.33047,0.23904,0.49776,0.47021,0.44475,0.43512,0,0.0056394,0.12367,0.3721,0.27439,0.31237,0.23779,0.18497,0.30995,0.40929,0.087672,0.071239,0,0,0,0.11662,0.094982,0.3152,0.13312,0.095357,0,0,0.01374,0.10466,0.24222,0.024782,0.31284,0.3349,0.19851,0,0.17265,0.097169,0.40689,0.51097,0.19904,0.31824,0.10758,0.26867,0.17918,0.15676,0,0.10793,0.21297,0.090068,0.19729,0,0.25407,0.36763,0.23715,0.044804,0.027575,0.3187,0.097394,0.12339,0.088972,0.36867,0.17605,0.26263,0.098075,0.27345,0.054104,0.11224,0.2711,0.41037,0.12291,0.21398,0,0,0.15954,0,0.21118,0.13213,0.11333,0.25973,0.095878,0.04894,0.16923,0
0.12084,0.17561,0.17302,0.26711,0.6375,0.60591,0.24909,0.25835,0.3891,0.23976,0.065769,0.00673,0.098355,0.044139,0.023917,0,0.014921,0.14,0.30783,0.25265,0.32856,0.36072,0.20942,0.21489,0.48974,0.51034,1,0.74245,0.1933,0.21226,0.16511,0.13041,0.20997,0.11914,0.22545,0.22299,0.13137,0.18644,0.06368,0.17625,0.13223,0.306,0,0.2621,0.32767,0.34528,0.21056,0.25773,0.20435,0.1593,0.04226,0.054753,0.037325,0.093668,0.13437,0.19273,0.12251,0.077494,0.13153,0.22748,0.099686,0.24168,0.078982,0.059735,0.16452,0.20004,0.1943,0.1623,0.19782,0.26623,0.29398,0.18119,0.11519,0.089134,0,0.035958,0.00037111,0,0.16486,0.079845,0.26043,0.31398,0.25577,0.29253,0.37544,0.50194,0.24041,0.20536,0.16251,0.2354,0.21781,0.26216,0.17398,0.16465,0.050864,0.019,0.13268,0,0.16028,0.058413,0.37128,0.1876,0.38716,0.46236,0.224,0.061513,0.043333,0.17062,0,0,0,0.054179,0.1772,0.14107,0,0
0.1174,0.18751,0.17919,0.19033,0.51498,0.6778,0.26496,0.17775,0.27517,0.27826,0,0,0.069631,0,0.15888,0,0.045169,0.20928,0.27811,0.21462,0.19801,0.33734,0.1981,0.18538,0.34418,0.50436,0.74245,1,0.16708,0.24536,0.16903,0.13736,0.096367,0.062462,0.20126,0.14359,0.18749,0.1762,0,0.038361,0.10374,0.31006,0,0.16497,0.26321,0.24667,0.19951,0.23659,0.094973,0.082945,0,0.064751,0.067844,0.18114,0.050523,0.20567,0.1088,0.074285,0.05055,0.15021,0.077037,0.16353,0.024409,0.043501,0.13433,0.14359,0.14742,0.059309,0.15658,0.18885,0.17118,0.084345,0.12347,0.11337,0,0,0,0,0.10355,0.11633,0.21194,0.235,0.31756,0.25255,0.3536,0.46097,0.32774,0.29281,0.096004,0.20626,0.18051,0.18546,0.093958,0.21125,0.13368,0.084346,0.0922,0.061043,0.095636,0.071037,0.33881,0.21283,0.29983,0.37986,0.19171,0,0,0.086835,0.023328,0,0,0.12423,0.087616,0.12158,0,0
0.23092,0.18246,0,0,0.075522,0.065854,0,0,0,0.061823,0.26493,0.18487,0.068808,0.072011,0.023692,0.17622,0.62961,0.59456,0.299,0.1306,0.17657,0.10107,0.031635,0,0.056899,0.14383,0.1933,0.16708,1,0.92019,0.21151,0.13142,0,0,0.022785,0.10786,0,0,0,0.18251,0,0,0.21501,0.18637,0,0,0.098266,0.26771,0,0.011266,0,0,0,0.0033138,0.11015,0.17272,0.19527,0.052964,0,0,0,0,0.31323,0,0.087322,0,0.17897,0.092375,0.0048664,0.18123,0,0,0.35535,0.35663,0.19683,0,0,0,0.80823,0.86585,0.81742,0.6766,0.66982,0.24746,0.17365,0.044474,0.33023,0.058444,0.042342,0.01723,0,0,0,0,0.49015,0.65459,0.3122,0.19444,0.23898,0.1503,0,0,0.039012,0,0.01987,0.24177,0,0,0.37411,0,0.080492,0.48643,0.22958,0.15757,0.081995,0.001566
0.11752,0.029705,0,0,0.088,0.083833,0,0,0,0.0044689,0.048476,0.06502,0,0,0,0.12265,0.55432,0.5479,0.18266,0.011485,0.12204,0.037131,0,0,0.032699,0.15097,0.21226,0.24536,0.92019,1,0.10433,0.046907,0,0,0,0.015763,0.050222,0,0,0.12936,0,0,0.13171,0.084294,0,0,0.08436,0.19822,0,0,0,0,0,0.026415,0.057617,0.17365,0.05465,0,0,0.0013477,0,0,0.17411,0,0,0,0.037652,0.011982,0,0.058348,0,0,0.20667,0.26879,0.054322,0,0,0,0.80119,0.88066,0.74606,0.65322,0.65756,0.31108,0.084784,0.075941,0.44847,0.12362,0.02232,0,0,0,0,0,0.49573,0.68693,0.21497,0.13427,0.17416,0.049038,0,0,0,0,0.020531,0.23632,0,0,0.36849,0,0,0.44624,0.16299,0.040476,0.097063,0.059298
0.30956,0.44009,0.41297,0.27974,0.14678,0.38154,0.42891,0.2225,0.25502,0.2697,0.50331,0.38653,0.44884,0.34827,0.42479,0.16679,0.32419,0.26948,0.43276,0.42237,0.49318,0.47357,0.56349,0.5116,0.37984,0.53787,0.16511,0.16903,0.21151,0.10433,1,0.87707,0.60647,0.48239,0.61221,0.59268,0.28211,0.21532,0.062609,0.11783,0.020123,0.15966,0.49782,0.34154,0.13191,0.069801,0.1241,0.3493,0.15074,0.070184,0.12455,0.036443,0,0.12734,0.14283,0.24312,0.37138,0.39972,0.069239,0,0.29573,0.14905,0.54712,0.4125,0.59783,0.30904,0.52273,0.2094,0.30212,0.36608,0.2362,0.30504,0.29556,0.37331,0.30614,0.24752,0.27438,0.2359,0,0.2065,0.26056,0.107,0.3233,0,0.28782,0.084342,0,0,0.072094,0.27113,0,0.078161,0,0.15816,0.37428,0.39249,0.25355,0.44643,0,0.17667,0.075643,0.21671,0.11566,0.1588,0,0.061904,0.17628,0,0.40831,0.31563,0.42437,0.25843,0.0055207,0.14441,0.15394,0
0.16516,0.34509,0.40252,0.36423,0.012196,0.3394,0.44634,0.28994,0.20218,0.30362,0.36744,0.25378,0.45003,0.36782,0.37557,0.13946,0.25296,0.19758,0.31363,0.34891,0.41922,0.43684,0.66441,0.69051,0.32611,0.53297,0.13041,0.13736,0.13142,0.046907,0.87707,1,0.57104,0.46233,0.64593,0.5796,0.28083,0.22334,0.14372,0.11143,0.044857,0.16856,0.42985,0.24653,0.079655,0,0.11672,0.29805,0,0,0.034347,0,0,0.11046,0.14101,0.32329,0.31777,0.33518,0,0,0.18061,0.19943,0.48815,0.31893,0.55695,0.3813,0.34451,0.075344,0.27684,0.33221,0.31155,0.40287,0.26703,0.31386,0.3581,0.24968,0.25097,0.21614,0,0.13241,0.20955,0.015755,0.25362,0,0.33064,0.16585,0,0,0.059052,0.33048,0,0.10693,0.051767,0.23423,0.26592,0.30376,0.1303,0.34043,0,0.1004,0.086532,0.18893,0,0.045667,0,0.074543,0.11772,0,0.28743,0.25211,0.33374,0.13461,0,0.030602,0.13322,0
0.39382,0.52188,0.56009,0.45496,0.1271,0.32714,0.60191,0.43013,0.14267,0.37392,0.40099,0.36256,0.45837,0.32266,0.17846,0.056473,0.050906,0.13095,0.46753,0.60231,0.37797,0.39941,0.50551,0.50462,0.31959,0.33047,0.20997,0.096367,0,0,0.60647,0.57104,1,0.86865,0.46168,0.38874,0.12886,0.16392,0.0035417,0.09177,0.078388,0.17375,0.35281,0.38259,0.47432,0.29688,0.24588,0.3418,0.29291,0.22747,0.31574,0.14944,0.077544,0.14084,0.25168,0.36077,0.56327,0.54454,0.28999,0.12546,0.55442,0.43525,0.52585,0.43394,0.50576,0.35464,0.50694,0.26161,0.60027,0.49608,0.27218,0.43045,0.35431,0.40521,0.41939,0.44572,0.44452,0.52074,0,0,0.16089,0.11786,0.036729,0,0.26118,0.21409,0,0,0.097889,0.38616,0.1538,0.27633,0.041337,0.26909,0.028027,0,0.23244,0.28892,0.25197,0.28057,0.11657,0.24058,0.17761,0.22806,0,0,0.16013,0.12406,0.098867,0.28036,0.43176,0.16643,0.21615,0.26331,0.027073,0
0.38034,0.49743,0.4561,0.47872,0.10984,0.2674,0.53311,0.48746,0.1222,0.35005,0.36784,0.36169,0.3736,0.30876,0.1517,0.046694,0,0.069049,0.43658,0.59466,0.30117,0.24953,0.35587,0.42796,0.23377,0.23904,0.11914,0.062462,0,0,0.48239,0.46233,0.86865,1,0.37675,0.38152,0.073639,0.035576,0,0,0.15648,0.13987,0.25383,0.30431,0.45028,0.35074,0.16317,0.21668,0.28062,0.25027,0.28907,0.22408,0.084963,0.19151,0.32084,0.37974,0.55295,0.52159,0.28051,0.15685,0.56457,0.49797,0.45043,0.48621,0.40583,0.39479,0.43926,0.2958,0.54097,0.40732,0.24014,0.39939,0.30916,0.36485,0.40154,0.40542,0.42029,0.46227,0,0,0.035634,0,0,0,0.14203,0.1548,0,0,0.18816,0.37688,0.14393,0.17218,0,0.14678,0,0,0.14863,0.22248,0.30627,0.27388,0.051551,0.12554,0.20364,0.19125,0.085485,0,0.22807,0.04194,0.08344,0.1739,0.31014,0.099186,0.20283,0.35674,0.13159,0
0.04839,0.2738,0.50749,0.40085,0.22229,0.40791,0.56525,0.36902,0.22115,0.42479,0.36364,0.15625,0.5018,0.45871,0.23113,0.25457,0.050323,0.070168,0.31953,0.2764,0.24997,0.31986,0.7006,0.71441,0.35301,0.49776,0.22545,0.20126,0.022785,0,0.61221,0.64593,0.46168,0.37675,1,0.74146,0.055913,0.053901,0,0,0,0.082685,0.21541,0.13888,0.21311,0.034643,0,0.086188,0.019095,0,0.073271,0,0,0,0.16977,0.19224,0.16195,0.2756,0,0,0.20433,0.22075,0.35349,0.19754,0.65288,0.47763,0.41717,0.12844,0.25005,0.28672,0.36017,0.38971,0.28322,0.32315,0.21291,0.29366,0.2381,0.25096,0,0,0.11525,0,0.084309,0,0.41838,0.17241,0,0,0.2928,0.30976,0.14006,0.084978,0.10842,0.29043,0.024888,0.094374,0,0.071768,0,0,0.05793,0.17059,0,0.010597,0,0.02553,0.14976,0,0.11981,0.0089768,0.15324,0.077453,0,0.042231,0,0
0.095649,0.23559,0.38655,0.30681,0.26287,0.42056,0.44392,0.26652,0.24969,0.36214,0.32252,0.20116,0.44305,0.37771,0.27476,0.18325,0.17963,0.090369,0.29869,0.30607,0.29037,0.31946,0.56671,0.5791,0.38119,0.47021,0.22299,0.14359,0.10786,0.015763,0.59268,0.5796,0.38874,0.38152,0.74146,1,0.19267,0.11654,0.07859,0.067532,0.096866,0.048965,0.22373,0.093409,0.10564,0,0.0075056,0.1686,0,0,0,0,0,0,0.13174,0.16751,0.21383,0.24526,0.028889,0,0.19938,0.20151,0.37566,0.21437,0.54218,0.39281,0.33846,0.12219,0.31674,0.29748,0.31647,0.35167,0.36971,0.29239,0.2424,0.23902,0.33943,0.28884,0,0.059723,0.25874,0.084555,0.19293,0,0.34693,0.093628,0,0,0.27092,0.34961,0.14823,0.18224,0,0.1881,0.077156,0.19586,0.063128,0.18624,0,0.073624,0.019452,0.16575,0.027704,0.10421,0.015924,0.14675,0.079849,0.025607,0.16247,0.12875,0.26776,0.14988,0.04382,0.10892,0.067185,0
0.074502,0.156,0.24901,0.20079,0.14483,0.34955,0.20699,0.23008,0.21456,0.10527,0,0,0,0,0.15075,0,0,0.064016,0.15179,0.19513,0.38464,0.41806,0.20396,0.1656,0.45776,0.44475,0.13137,0.18749,0,0.050222,0.28211,0.28083,0.12886,0.073639,0.055913,0.19267,1,0.81628,0.38042,0.45344,0.53767,0.63799,0.29623,0.31947,0.15318,0.15262,0.60517,0.57441,0.15605,0.10628,0.17841,0.11978,0.20196,0.2544,0.10334,0.23522,0.10676,0.13179,0,0,0,0.0066386,0.043752,0.043269,0.0048985,0.10686,0.089855,0,0.14739,0.073534,0.21343,0.29229,0.027471,0.11484,0.023311,0.07095,0.11556,0.15577,0,0.012883,0.076976,0.071375,0.2398,0.055447,0.2348,0.43067,0.12796,0.046325,0.06665,0.26725,0.097011,0.31959,0.33064,0.45109,0.24574,0.16618,0.39604,0.35936,0.070016,0.20309,0.28146,0.43012,0.13428,0.24506,0.07076,0.13803,0.073114,0.053384,0,0.32564,0.20229,0.25686,0.14458,0,0.25226,0.12431
0,0.13586,0.33253,0.19161,0.16973,0.29007,0.2667,0.26367,0.24569,0.074415,0,0,0,0,0.19192,0,0,0.014176,0.11844,0.12097,0.38044,0.49277,0.24396,0.19884,0.52749,0.43512,0.18644,0.1762,0,0,0.21532,0.22334,0.16392,0.035576,0.053901,0.11654,0.81628,1,0.32795,0.4226,0.47896,0.73365,0.30964,0.33842,0.19116,0.13775,0.63596,0.61632,0.13785,0.064285,0.22931,0.12803,0.15655,0.21338,0.048201,0.14683,0.0057117,0.14239,0,0,0,0.027345,0.012318,0.0071368,0,0.058575,0.04133,0,0.069329,0,0.24505,0.37395,0,0.049358,0,0.05775,0.14648,0.26766,0,0,0,0,0.19475,0.06413,0.21503,0.4916,0.023542,0,0.029239,0.27945,0.19318,0.31252,0.44753,0.56645,0.11101,0.022053,0.30355,0.2771,0.060269,0.11542,0.35458,0.54819,0.0063655,0.19961,0.045383,0.062161,0.10375,0.07104,0,0.39967,0.21148,0.16005,0.16675,0,0.23541,0.097064
0,0.064497,0,0,0,0,0,0,0.038604,0,0.020177,0,0.13437,0.042673,0.027121,0.085474,0.060131,0,0,0.031814,0.077764,0.22089,0.023296,0.026401,0.039396,0,0.06368,0,0,0,0.062609,0.14372,0.0035417,0,0,0.07859,0.38042,0.32795,1,0.7835,0.3998,0.27624,0,0,0,0,0.19684,0.16726,0,0,0.045726,0,0.048337,0,0.13426,0.019763,0.1729,0.14234,0.12876,0.085233,0,0.055334,0.014037,0.042639,0,0,0.019838,0.067789,0.17135,0.22348,0.1414,0.093236,0,0,0,0,0.054816,0.17214,0.12491,0,0.1085,0.18766,0.085571,0.26361,0.43135,0.33712,0,0.24168,0.17138,0.18017,0.06115,0.47191,0.37499,0.27951,0,0,0.25238,0,0,0.21963,0.22584,0.13955,0.047606,0.24501,0.052609,0.21851,0,0.57454,0,0.23061,0.13128,0,0.0073518,0,0,0
0.070247,0.10937,0,0.083539,0.02736,0.044189,0,0,0.16317,0.16342,0.19397,0.095873,0.17728,0.11538,0.10374,0.17377,0.15645,0.15092,0.061648,0.16406,0.24997,0.36054,0.059819,0.0065912,0.10237,0.0056394,0.17625,0.038361,0.18251,0.12936,0.11783,0.11143,0.09177,0,0,0.067532,0.45344,0.4226,0.7835,1,0.44378,0.35531,0.11076,0.24902,0.10578,0.11219,0.44077,0.47215,0.11659,0.14402,0.26073,0.14215,0.23487,0.14464,0.17812,0.17683,0.20568,0.20073,0.27711,0.24855,0.041176,0.085274,0.064108,0.11401,0.077582,0.025913,0.18599,0.22889,0.28861,0.42174,0.18722,0.022129,0.1469,0.082817,0.067651,0,0.13319,0.21412,0.4597,0.17899,0.36421,0.48794,0.3672,0.3758,0.4965,0.44815,0,0.094999,0.18899,0.29173,0.17037,0.5944,0.32043,0.22581,0.1458,0.032341,0.5066,0.12127,0.26937,0.42649,0.34755,0.18725,0.19735,0.35006,0,0.27378,0,0.51917,0,0.35154,0.36976,0.11574,0.29194,0.050301,0,0.028017
0.14044,0.19174,0.13684,0.18621,0.087722,0.20863,0.18918,0.17604,0.11607,0.13379,0.010718,0,0.00095766,0,0.063715,0.0061807,0,0,0.16652,0.18279,0.12247,0.2059,0.061645,0.086925,0.18564,0.12367,0.13223,0.10374,0,0,0.020123,0.044857,0.078388,0.15648,0,0.096866,0.53767,0.47896,0.3998,0.44378,1,0.56008,0,0.19671,0.27164,0.20293,0.41196,0.33342,0.084107,0.029829,0.10999,0.052584,0.10224,0.14504,0.13273,0.23026,0.14399,0.16726,0.03306,0.033544,0.047002,0.17208,0,0.075836,0,0.0093564,0.067035,0.088535,0.18088,0.10188,0.29365,0.22466,0.29229,0.10385,0.206,0.11415,0.14283,0.2288,0,0,0.037027,0.058092,0.094343,0.28978,0.31917,0.41939,0.18436,0.25251,0.19723,0.25249,0.14934,0.3423,0.34769,0.38704,0,0,0.18264,0.040244,0.22869,0.23132,0.24235,0.37797,0.17456,0.3344,0,0.033384,0,0.26341,0,0.23768,0.08163,0.0086909,0.2655,0.13009,0.083715,0.063491
0.13907,0.2771,0.42995,0.35491,0.17402,0.3856,0.38808,0.37475,0.13874,0.22286,0,0,0.0079664,0,0.17045,0,0,0.066394,0.34209,0.2754,0.3945,0.46638,0.28294,0.27152,0.38549,0.3721,0.306,0.31006,0,0,0.15966,0.16856,0.17375,0.13987,0.082685,0.048965,0.63799,0.73365,0.27624,0.35531,0.56008,1,0.13563,0.35787,0.39051,0.31935,0.5228,0.48918,0.17569,0.070342,0.21441,0.10194,0.11052,0.24597,0.16445,0.32675,0.16114,0.21749,0,0,0,0.12722,0,0.04381,0.017558,0.03647,0.1381,0,0.11768,0.085899,0.43891,0.4925,0.10232,0.10434,0.11878,0.18746,0.19102,0.26837,0,0,0.023802,0.048035,0.19437,0.30609,0.34177,0.64174,0.21147,0.26068,0.1249,0.29585,0.11064,0.25719,0.48854,0.55345,0,0,0.15751,0.014901,0.1684,0.077788,0.41931,0.57319,0.1584,0.35848,0.25334,0.074676,0.12181,0.052861,0,0.081283,0.013889,0.098527,0.19235,0.052999,0.30587,0.095205
0.28248,0.28777,0.25687,0.2168,0.11817,0.19899,0.26971,0.27239,0.26401,0.21953,0.4552,0.47021,0.33675,0.33001,0.27017,0.036695,0.21158,0.36593,0.32514,0.35795,0.49723,0.36507,0.29498,0.19691,0.35509,0.27439,0,0,0.21501,0.13171,0.49782,0.42985,0.35281,0.25383,0.21541,0.22373,0.29623,0.30964,0,0.11076,0,0.13563,1,0.72582,0,0.069249,0.49972,0.61842,0.51212,0.42714,0.55678,0.41461,0.45041,0.44304,0.3338,0.34983,0.26616,0.30185,0.20239,0.11764,0.27299,0.14146,0.49508,0.405,0.42551,0.27928,0.38986,0.26134,0.25906,0.3267,0.059098,0.15122,0.11889,0.37473,0.30156,0.30625,0.14244,0.14135,0.038108,0.31663,0.15801,0.14035,0.22822,0,0,0,0,0,0.00092455,0.28785,0.032723,0.24876,0,0.078065,0.36517,0.45885,0.53346,0.70498,0.22646,0.46404,0.055358,0.064131,0.00060126,0,0,0.026394,0.12838,0,0.46106,0.46079,0.6341,0.53339,0.20292,0.099305,0.11708,0
0.40011,0.37962,0.32702,0.33961,0.33839,0.42652,0.34072,0.318,0.36955,0.3771,0.38286,0.32772,0.30562,0.21422,0.29644,0.017078,0.061519,0.24983,0.47581,0.49837,0.53387,0.47884,0.26945,0.17643,0.39472,0.31237,0.2621,0.16497,0.18637,0.084294,0.34154,0.24653,0.38259,0.30431,0.13888,0.093409,0.31947,0.33842,0,0.24902,0.19671,0.35787,0.72582,1,0.35167,0.44008,0.68788,0.74796,0.67012,0.56984,0.66105,0.51357,0.545,0.57021,0.38985,0.44777,0.32762,0.36102,0.34592,0.27606,0.37501,0.26937,0.26739,0.36064,0.36757,0.24711,0.47218,0.35124,0.40116,0.47844,0.18989,0.20462,0.23896,0.34952,0.37545,0.31099,0.20705,0.24554,0.10384,0.13339,0.20464,0.26579,0.25198,0,0.21749,0.31818,0,0,0.080616,0.38573,0.13025,0.41921,0.08309,0.22024,0.28093,0.16759,0.61791,0.52021,0.43845,0.5512,0.30564,0.25358,0.30234,0.31173,0,0,0,0.0084783,0.19686,0.31831,0.54589,0.50347,0.38868,0.31681,0.078528,0
0.38784,0.34187,0.40332,0.41835,0.32688,0.36714,0.40511,0.35613,0.092895,0.19626,0.011558,0,0.07956,0,0.033032,0.023012,0,0,0.38427,0.45186,0.28653,0.29547,0.17369,0.24064,0.25833,0.23779,0.32767,0.26321,0,0,0.13191,0.079655,0.47432,0.45028,0.21311,0.10564,0.15318,0.19116,0,0.10578,0.27164,0.39051,0,0.35167,1,0.78413,0.39521,0.31596,0.52178,0.41412,0.37873,0.28865,0.23705,0.28655,0.28867,0.35365,0.33124,0.24324,0.38131,0.27078,0.39168,0.33851,0,0.078061,0.061599,0.16638,0.45692,0.30361,0.39157,0.32692,0.31899,0.331,0.19982,0.081767,0.18537,0.14746,0.40504,0.43819,0,0,0,0.011554,0,0.26701,0.23978,0.47817,0.081817,0.2024,0.17256,0.32582,0.38238,0.30233,0.25242,0.36302,0,0,0.074137,0,0.46704,0.22907,0.28478,0.43673,0.38229,0.48927,0.11909,0,0.094346,0.10728,0,0.018455,0.08395,0.080864,0.39991,0.36315,0.070607,0.029045
0.46056,0.35276,0.20522,0.48928,0.41986,0.33865,0.26329,0.47974,0.18143,0.19803,0.070055,0.20293,0.0041266,0.057602,0.0047025,0,0,0,0.36684,0.48559,0.23929,0.18558,0,0.040283,0.19944,0.18497,0.34528,0.24667,0,0,0.069801,0,0.29688,0.35074,0.034643,0,0.15262,0.13775,0,0.11219,0.20293,0.31935,0.069249,0.44008,0.78413,1,0.43778,0.33325,0.68329,0.73159,0.52629,0.60465,0.51697,0.53783,0.35357,0.4201,0.32288,0.28879,0.49098,0.51343,0.43638,0.47921,0,0.26759,0.067279,0.33609,0.4581,0.53475,0.35781,0.39556,0.1495,0.12307,0.042478,0,0.097081,0.03359,0.23212,0.23111,0,0,0,0.055237,0,0.20229,0.12048,0.48947,0.10257,0.087132,0.22679,0.35206,0.42998,0.34292,0.27435,0.17372,0,0,0.20699,0.13558,0.57289,0.3877,0.43441,0.25962,0.55452,0.48391,0.13552,0,0.061548,0.010593,0,0.061126,0.12927,0.14146,0.43231,0.40511,0.19793,0.091171
0.28212,0.27038,0.31626,0.31321,0.26353,0.31263,0.29925,0.30962,0.27604,0.1257,0.11385,0.12243,0.11644,0,0.13435,0,0,0.16762,0.26945,0.34597,0.40384,0.38254,0.16421,0.12015,0.44525,0.30995,0.21056,0.19951,0.098266,0.08436,0.1241,0.11672,0.24588,0.16317,0,0.0075056,0.60517,0.63596,0.19684,0.44077,0.41196,0.5228,0.49972,0.68788,0.39521,0.43778,1,0.87011,0.57535,0.52929,0.59417,0.50531,0.54838,0.56472,0.38414,0.46394,0.24973,0.26772,0.3143,0.24487,0.21101,0.1433,0.072354,0.14074,0.079801,0.12881,0.32148,0.27069,0.30384,0.34075,0.10679,0.17832,0.12675,0.14821,0.11542,0.12615,0.21955,0.29949,0.098107,0.038836,0.15392,0.22603,0.26016,0.097226,0.216,0.47614,0,0,0.16328,0.4697,0.30846,0.5307,0.32842,0.38273,0.16733,0.092378,0.63978,0.45757,0.50405,0.5229,0.37353,0.44678,0.23396,0.33488,0.11033,0.12699,0,0.091558,0,0.37617,0.46327,0.45564,0.49233,0.12988,0.18678,0.11036
0.32194,0.33632,0.32418,0.26928,0.29171,0.4129,0.30547,0.25111,0.31073,0.2616,0.25488,0.21443,0.18306,0.093718,0.21551,0.0094158,0.16427,0.33506,0.38832,0.41645,0.554,0.5602,0.27385,0.20328,0.48387,0.40929,0.25773,0.23659,0.26771,0.19822,0.3493,0.29805,0.3418,0.21668,0.086188,0.1686,0.57441,0.61632,0.16726,0.47215,0.33342,0.48918,0.61842,0.74796,0.31596,0.33325,0.87011,1,0.52629,0.47841,0.51176,0.42404,0.4671,0.54161,0.40761,0.53215,0.302,0.32313,0.29133,0.19505,0.19438,0.091019,0.23112,0.20028,0.20825,0.12419,0.42228,0.30217,0.33466,0.40809,0.18046,0.20966,0.26257,0.27424,0.22591,0.15619,0.31165,0.33739,0.17408,0.23,0.31885,0.34076,0.35057,0,0.23861,0.38198,0,0,0.12135,0.45245,0.25202,0.49627,0.16203,0.25623,0.30757,0.2849,0.72448,0.64521,0.49284,0.62004,0.33989,0.36843,0.23234,0.30566,0.014526,0.11859,0,0.055819,0.17827,0.43232,0.63654,0.60478,0.54403,0.21079,0.22427,0.08941
