1,0.57995,0.45996,0.23349,0.28696,0.14786,0.39693,0.16307,0.38435,0.1345,0.6058,0.51184,0.6051,0.46484,0.39426,0.35562,0.47047,0.56821,0.70241,0.5701,1.3239e-05,0,0.43748,0.21864,0,0,0,0.10547,0.3535,0.27775,0.40323,0.47991,0.5352,0.54997,0.2112,0.19128,0,0.0059045,0,0,0,0.083312,0.25733,0.37081,0.30289,0.29954,0.085015,0.15935,0.38321,0.45922,0.45942,0.46163,0.30728,0.23738,0.33756,0.21694,0.62873,0.61672,0.62223,0.46294,0.67757,0.54436,0.56987,0.58475,0.46326,0.27517,0.42448,0.26525,0.36979,0.36579,0.29944,0.14109,0.47342,0.42214,0.54149,0.54501,0.44363,0.44769,0.31219,0.34041,0.33398,0.5259,0.077642,0.21822,0.29742,0.27469,0.026363,0,0.21864,0.27008,0.32234,0.44977,0.28194,0.41204,0,0,0.31003,0.1709,0.40067,0.45475,0.27511,0.56974,0.32834,0.58223,0.38138,0.34982,0.28538,0.47905,0.13462,0,0,0.3703,0.36548,0.4525,0.31442,0.36595
0.57995,1,0.17606,0.17207,0.38769,0.31722,0.069298,0.16772,0.45837,0.37048,0.34036,0.43268,0.38184,0.32124,0.41406,0.44375,0.50217,0.49785,0.56109,0.59962,0.23117,0.15531,0.27566,0.13014,0.11061,0.27519,0.13424,0.19565,0.41735,0.30579,0.22287,0.24599,0.52084,0.52008,0.048763,0.10485,0.051962,0.28899,0,0.20447,0.23491,0.3999,0.50892,0.60029,0.40582,0.44264,0.52284,0.52603,0.62594,0.59392,0.55119,0.46481,0.34973,0.35922,0.46905,0.49021,0.72991,0.84514,0.66233,0.57348,0.65835,0.71345,0.63343,0.53903,0.14598,0.15576,0.33735,0.23193,0.66033,0.38877,0.19547,0.12084,0.43026,0.52336,0.49519,0.40244,0.57873,0.55964,0.34089,0.35069,0.5962,0.48889,0.2803,0.40269,0.42689,0.26646,0.09633,0.069663,0.25064,0.31225,0.4219,0.31724,0.3063,0.30865,0,0,0.15351,0.091977,0.57423,0.65194,0.39651,0.42242,0.37912,0.53422,0.10804,0.03111,0.11345,0.18374,0.22552,0.046028,0.24892,0.57254,0.46261,0.22017,0.11879,0.045615
0.45996,0.17606,1,0.57533,0.54454,0.41448,0.77018,0.40428,0.29658,0.31235,0.27784,0.11775,0.30974,0.22303,0.25502,0.34518,0.033037,0.10232,0.58663,0.41757,0.18151,0.06363,0.75346,0.64893,0.4398,0.38777,0.33823,0.45441,0.028095,0.059009,0.41795,0.42802,0.23305,0.25393,0.37599,0.28607,0,0.05477,0,0,0,0,0.24957,0.22221,0.1778,0.16721,0.067124,0.098102,0.15758,0.30425,0.37262,0.34126,0.42497,0.39338,0.17565,0.13732,0.19841,0.14885,0.24555,0.13672,0.11885,0.049265,0.10688,0.063269,0.30888,0.16837,0.44382,0.36502,0.23449,0.37401,0.33249,0.26764,0.21794,0.12288,0.24879,0.23609,0.23116,0.24335,0.11209,0.099896,0.11193,0.27024,0.0063643,0.13358,0.19327,0.35849,0,0.013542,0.20304,0.4007,0.17208,0.33595,0.29701,0.50876,0,0,0.22104,0.13109,0.12643,0.15587,0,0.35004,0,0.1636,0.20362,0.23554,0.21141,0.21861,0.081616,0,0.10461,0.25742,0.32586,0.31608,0.23759,0.10373
0.23349,0.17207,0.57533,1,0.33945,0.42196,0.69375,0.86078,0.30158,0.4597,0.094363,0.30112,0.17462,0.3923,0.13717,0.45635,0,0,0.44279,0.42788,0.044122,0.0090117,0.50412,0.77064,0.22267,0.2578,0.25486,0.35135,0,0,0.081494,0.16043,0.14403,0.18991,0.24057,0.32204,0,0.1547,0,0,0,0.001506,0.10709,0.055567,0.065122,0.077849,0.067316,0.14724,0.088862,0.22301,0.25729,0.38495,0.38261,0.41664,0.18927,0.09669,0.097039,0.088393,0.15702,0.11458,0.054675,0.14646,0.02749,0.16222,0.494,0.49503,0.4267,0.56538,0.33387,0.37278,0.12613,0.067893,0,0,0.11437,0.014879,0.12515,0.26625,0,0,0.0020175,0.076529,0,0.033593,0.17084,0.52955,0,0,0.29483,0.48481,0.43621,0.34106,0.57733,0.45683,0,0,0.12137,0.033484,0.1359,0.086361,0.039871,0.24051,0.083918,0.0081639,0.17116,0.089239,0.21695,0.081257,0.0057014,0,0.15424,0.21802,0.31344,0.15268,0.041673,0.047093
0.28696,0.38769,0.54454,0.33945,1,0.73141,0.40055,0.17079,0.62865,0.54688,0.29232,0.10197,0.38061,0.18906,0.44097,0.53872,0.30069,0.21851,0.49124,0.36919,0.28935,0.28019,0.65321,0.53321,0.62563,0.62741,0.6722,0.62847,0.337,0.29906,0.40483,0.35949,0.32115,0.33799,0,0,0,0.28841,0,0.10184,0.054631,0.21617,0.29122,0.35105,0.059286,0.10991,0.27074,0.34087,0.34188,0.46995,0.52668,0.50618,0.57346,0.46264,0.32083,0.33685,0.43053,0.37529,0.36138,0.19796,0.32816,0.17879,0.37812,0.13349,0.20436,0.039422,0.24449,0.18229,0.38353,0.34653,0.29783,0.30509,0.29117,0.27703,0.24308,0.10904,0.19658,0.31457,0.30155,0.23569,0.37465,0.36542,0.15505,0.28995,0.27723,0.34735,0,0.02104,0.16721,0.42755,0.27403,0.27735,0.29018,0.48649,0,0,0.24242,0.19614,0.26829,0.24354,0,0.37965,0.03834,0.17674,0.12261,0.1498,0.1734,0.082966,0.042241,0,0.09684,0.37641,0.39065,0.23817,0.16294,0.073535
0.14786,0.31722,0.41448,0.42196,0.73141,1,0.35494,0.27967,0.49213,0.79739,0.12319,0.17414,0.17414,0.18489,0.15574,0.46795,0.12595,0.14503,0.27356,0.24112,0.17209,0.14947,0.55292,0.60138,0.61631,0.74764,0.56201,0.71295,0.15288,0.19127,0.30404,0.26803,0.32807,0.32132,0.0042633,0.096584,0,0.16862,0,0.005311,0,0.097656,0.22733,0.24883,0.098419,0.14905,0.16324,0.26633,0.30697,0.38507,0.39046,0.38389,0.3736,0.34755,0.18453,0.18407,0.35473,0.34578,0.32858,0.22795,0.27654,0.2071,0.27769,0.2052,0.16409,0.11356,0.29472,0.33086,0.34302,0.31517,0.23091,0.19539,0.21541,0.24582,0.22024,0.14994,0.12069,0.21384,0.13044,0.10126,0.19259,0.23837,0,0.075953,0.10814,0.27135,0,0,0.091092,0.37869,0.27595,0.1689,0.35413,0.3994,0,0,0.15031,0.13471,0.13643,0.10138,0,0.30543,0,0.066417,0.09355,0.13161,0.19638,0.077273,0,0,0.094297,0.26798,0.22652,0.15515,0.16223,0.11208
0.39693,0.069298,0.77018,0.69375,0.40055,0.35494,1,0.67939,0.28156,0.3075,0.21965,0.29045,0.32445,0.37419,0.081078,0.34662,0.033134,0.091772,0.47545,0.33718,0,0,0.58589,0.61635,0.23434,0.20282,0.21214,0.27226,0.077856,0.039066,0.38113,0.41881,0.32273,0.36669,0.3157,0.33561,0,0.0012179,0,0,0,0,0.20193,0.15948,0.2105,0.1919,0,0.00088493,0.14512,0.25122,0.30037,0.3519,0.37793,0.2917,0.15313,0,0.098651,0.032747,0.19265,0.091538,0.10816,0.038059,0.077085,0.16663,0.50101,0.35866,0.41429,0.43763,0.16577,0.24524,0.2153,0.09815,0.16346,0.048647,0.21847,0.17256,0.20166,0.18642,0.050505,0,0,0.148,0,0,0.020483,0.34316,0,0,0.14183,0.25296,0.16824,0.24011,0.31101,0.37311,0,0,0.24437,0.11653,0.025544,0,0,0.31734,0,0.1141,0.28608,0.2905,0.29246,0.30015,0,0,0,0.15243,0.25476,0.33873,0.24534,0.25958
0.16307,0.16772,0.40428,0.86078,0.17079,0.27967,0.67939,1,0.27292,0.40112,0.065264,0.4717,0.13843,0.48558,0.027498,0.4018,0,0,0.28697,0.33202,0,0,0.26222,0.57945,0.011357,0.068672,0.062403,0.14846,0,0,0.012434,0.13145,0.14068,0.19911,0.24944,0.35053,0,0.030859,0,0,0,0,0.1966,0.14443,0.2385,0.27851,0.054591,0.11332,0.14716,0.2164,0.21965,0.33483,0.20035,0.24196,0.14582,0,0,0.011973,0.13791,0.21406,0.0048392,0.22808,0,0.20873,0.48869,0.61392,0.41622,0.59544,0.21354,0.23503,0.097491,0,0,0,0.11854,0.014952,0.15354,0.1977,0,0,0,0,0,0.041605,0.103,0.47147,0,0,0.23476,0.25721,0.3779,0.18398,0.52815,0.22202,0,0,0.14353,0.095326,0.13627,0.060646,0.17816,0.15801,0.2114,0.048861,0.23102,0.11764,0.27274,0.15605,0,0,0.096577,0.23155,0.25894,0.16606,0.089767,0.097214
0.38435,0.45837,0.29658,0.30158,0.62865,0.49213,0.28156,0.27292,1,0.63716,0.38271,0.3836,0.54839,0.45322,0.46634,0.50654,0.29575,0.3224,0.43116,0.44613,0.21605,0.064944,0.42815,0.39184,0.22932,0.41656,0.23629,0.28935,0.23261,0.26518,0.22005,0.27363,0.37262,0.36607,0,0,0,0.12751,0,0,0.049634,0.18279,0.11137,0.33053,0.032523,0.23632,0.14541,0.27396,0.45062,0.62205,0.57724,0.70559,0.59046,0.52548,0.42545,0.35996,0.44794,0.43723,0.56898,0.50308,0.4728,0.36066,0.40524,0.37855,0.3899,0.26511,0.35839,0.29351,0.4115,0.39775,0.17173,0.12466,0.22816,0.27628,0.29388,0.19789,0.17383,0.20622,0.25109,0.18295,0.30354,0.4228,0.015293,0.37665,0.38842,0.46899,0,0.077997,0.39228,0.35159,0.50414,0.50294,0.47594,0.40087,0,0,0.24888,0.25717,0.43303,0.42174,0.29944,0.41959,0.27768,0.3001,0.19279,0.19379,0.25436,0.28122,0.075003,0,0,0.37536,0.34604,0.14669,0.14685,0.15853
0.1345,0.37048,0.31235,0.4597,0.54688,0.79739,0.3075,0.40112,0.63716,1,0.10622,0.2944,0.19337,0.29331,0.11612,0.52307,0.022756,0.10026,0.18881,0.222,0.098982,0.029846,0.4423,0.5937,0.46865,0.65599,0.37562,0.44456,0.032432,0.043379,0.10642,0.1284,0.28424,0.2848,0,0.086648,0,0.10253,0,0,0,0.084718,0.14003,0.24725,0.14072,0.27266,0.11815,0.23269,0.36003,0.45108,0.43676,0.50541,0.34994,0.32861,0.20944,0.15521,0.32826,0.32579,0.35908,0.27667,0.27643,0.2982,0.23406,0.26281,0.29468,0.36668,0.26986,0.34249,0.34019,0.25012,0.079248,0,0.11071,0.1668,0.22128,0.14333,0.085893,0.137,0,0,0.12144,0.17376,0,0.10153,0.10632,0.38479,0,0,0.1302,0.29188,0.30245,0.19501,0.43384,0.32206,0,0,0.15221,0.18311,0.19694,0.17906,0.012814,0.25078,0.053621,0.042575,0.078293,0.097558,0.22133,0.080698,0,0,0.014399,0.25255,0.16796,0.059336,0.12048,0.063995
0.6058,0.34036,0.27784,0.094363,0.29232,0.12319,0.21965,0.065264,0.38271,0.10622,1,0.55949,0.83286,0.67558,0.55724,0.44412,0.60862,0.56043,0.55933,0.44536,0.040272,0,0.47738,0.24674,0,0.025684,0,0.039937,0.45313,0.48366,0.40441,0.42057,0.40586,0.38096,0.096712,0.080362,0,0.055658,0,0,0,0.11404,0.2772,0.44366,0.23654,0.33081,0.10482,0.1582,0.41885,0.46778,0.52408,0.47572,0.39504,0.24882,0.36168,0.17192,0.36603,0.3093,0.40825,0.29096,0.45571,0.25122,0.49828,0.33915,0.52536,0.14522,0.33705,0.21081,0.2072,0.29232,0.37505,0.22395,0.48054,0.39609,0.46981,0.41279,0.29715,0.29932,0.4072,0.4922,0.36638,0.5871,0.17587,0.3668,0.44586,0.478,0.032004,0,0.20926,0.14076,0.31275,0.37696,0.27442,0.35393,0,0,0.38467,0.32725,0.42039,0.37458,0.20484,0.44007,0.30505,0.38721,0.37696,0.34794,0.28644,0.37506,0.097569,0,0,0.33862,0.34898,0.48406,0.31967,0.22363
0.51184,0.43268,0.11775,0.30112,0.10197,0.17414,0.29045,0.4717,0.3836,0.2944,0.55949,1,0.58741,0.86474,0.27576,0.50407,0.38447,0.45076,0.34403,0.44898,0,0,0.20829,0.25613,0,0,0,0,0.33704,0.30583,0.19834,0.36343,0.51203,0.51032,0.17164,0.22245,0,0,0,0,0,0.084879,0.30953,0.48445,0.44835,0.53411,0.11353,0.169,0.54482,0.54247,0.46812,0.50345,0.13007,0.090438,0.28918,0.047658,0.26093,0.30551,0.519,0.501,0.4683,0.49945,0.40197,0.6078,0.53471,0.51229,0.46067,0.46677,0.16789,0.17199,0.24535,0.015064,0.41218,0.36796,0.52538,0.38085,0.37642,0.31875,0.22457,0.16347,0.24959,0.36458,0,0.22582,0.24779,0.46602,0,0,0.14967,0.0831,0.38397,0.2405,0.35826,0.15837,0,0,0.26182,0.25813,0.37872,0.29442,0.36987,0.33416,0.4634,0.47847,0.45858,0.37677,0.41527,0.38996,0,0,0,0.3491,0.24064,0.40034,0.37285,0.27135
0.6051,0.38184,0.30974,0.17462,0.38061,0.17414,0.32445,0.13843,0.54839,0.19337,0.83286,0.58741,1,0.72837,0.7055,0.59694,0.64624,0.50848,0.56937,0.52114,0.19354,0.11621,0.50888,0.26867,0,0.084632,0,0.073271,0.47558,0.49942,0.3509,0.34468,0.406,0.37482,0.020142,0,0,0.1463,0,0,0.12878,0.29609,0.31619,0.506,0.16057,0.26839,0.21647,0.27106,0.47427,0.56651,0.6523,0.65263,0.53803,0.44101,0.5217,0.33363,0.29491,0.3167,0.52894,0.36573,0.51314,0.27327,0.54606,0.4038,0.57116,0.10255,0.41527,0.23029,0.3275,0.33723,0.35788,0.31136,0.5078,0.38579,0.46282,0.33902,0.36412,0.33704,0.42932,0.4688,0.44564,0.56396,0.28573,0.50612,0.61288,0.63096,0.12892,0.06833,0.41974,0.32649,0.38967,0.47423,0.2948,0.43277,0,0,0.31768,0.20991,0.45849,0.43537,0.2005,0.43254,0.26327,0.36959,0.30318,0.26959,0.34691,0.28864,0.13448,0,0,0.33195,0.4628,0.40658,0.23673,0.12397
0.46484,0.32124,0.22303,0.3923,0.18906,0.18489,0.37419,0.48558,0.45322,0.29331,0.67558,0.86474,0.72837,1,0.38231,0.56952,0.41592,0.40671,0.37567,0.42677,0,0,0.35738,0.37864,0,0,0,0.0036212,0.33058,0.33574,0.23611,0.37101,0.43382,0.42724,0.17566,0.15933,0,0,0,0,0,0.064195,0.2553,0.43347,0.34446,0.42015,0.051383,0.1009,0.47658,0.51378,0.5289,0.55625,0.32884,0.22828,0.35882,0.038819,0.16196,0.18958,0.42057,0.3677,0.37879,0.30566,0.34253,0.4655,0.63009,0.42063,0.4533,0.43011,0.11749,0.16699,0.25513,0.099612,0.36871,0.31581,0.44993,0.32809,0.28772,0.29062,0.23678,0.16848,0.2149,0.33368,0.042466,0.26976,0.33432,0.5792,0,0,0.2617,0.13244,0.36891,0.28985,0.40966,0.24744,0,0,0.3063,0.29543,0.32167,0.21607,0.32302,0.35842,0.41435,0.37021,0.47419,0.38318,0.4186,0.39382,0,0,0,0.28307,0.28196,0.44395,0.34245,0.22751
0.39426,0.41406,0.25502,0.13717,0.44097,0.15574,0.081078,0.027498,0.46634,0.11612,0.55724,0.27576,0.7055,0.38231,1,0.61099,0.50728,0.22649,0.51729,0.49603,0.52989,0.48184,0.45715,0.20463,0.15035,0.18579,0.20162,0.22742,0.37079,0.36194,0.12799,0.065881,0.13282,0.10148,0,0,0.36492,0.48155,0.3606,0.43251,0.54754,0.58927,0.38341,0.45283,0.029891,0.10789,0.51216,0.49984,0.3972,0.44167,0.6184,0.50118,0.53348,0.53945,0.63496,0.62831,0.20268,0.32711,0.4307,0.31208,0.35104,0.24178,0.37902,0.12744,0.3499,0,0.33944,0.12962,0.43654,0.36426,0.33666,0.42981,0.34217,0.29166,0.30178,0.068055,0.42256,0.42795,0.31604,0.41933,0.52595,0.43403,0.68847,0.6534,0.84404,0.65095,0.45344,0.51555,0.64279,0.54154,0.47122,0.43722,0.37291,0.50588,0,0.21954,0.1512,0.061976,0.50267,0.49452,0.21623,0.33248,0.23427,0.2514,0.0029633,0,0.17797,0,0.29879,0.32208,0.27505,0.32406,0.53118,0.10254,0,0
0.35562,0.44375,0.34518,0.45635,0.53872,0.46795,0.34662,0.4018,0.50654,0.52307,0.44412,0.50407,0.59694,0.56952,0.61099,1,0.46459,0.28091,0.46504,0.58734,0.24706,0.26359,0.55732,0.54679,0.30502,0.36289,0.31109,0.30161,0.38586,0.40677,0.26833,0.2626,0.36174,0.36489,0.048321,0.035854,0.061253,0.39886,0.010984,0.13857,0.23832,0.44104,0.43814,0.54203,0.22856,0.32511,0.3982,0.46838,0.51327,0.57315,0.65414,0.67323,0.48719,0.50801,0.59634,0.48738,0.25083,0.29774,0.51913,0.36634,0.36567,0.36421,0.43233,0.32876,0.44979,0.3239,0.45867,0.40963,0.50825,0.37387,0.28078,0.23057,0.34396,0.28608,0.39732,0.17364,0.33052,0.41489,0.36774,0.2811,0.55207,0.47712,0.38088,0.61476,0.55586,0.76082,0.036336,0.12127,0.40273,0.50198,0.48354,0.43352,0.45987,0.54409,0,0.026211,0.32641,0.19144,0.49287,0.44961,0.14469,0.4647,0.23345,0.28063,0.15316,0.056488,0.23729,0.13261,0.28133,0.027715,0.20308,0.48004,0.55274,0.25674,0,0
0.47047,0.50217,0.033037,0,0.30069,0.12595,0.033134,0,0.29575,0.022756,0.60862,0.38447,0.64624,0.41592,0.50728,0.46459,1,0.76977,0.40047,0.46057,0.26507,0.17679,0.28999,0,0.10639,0.10658,0.065798,0.031994,0.85062,0.8281,0.56916,0.43233,0.60643,0.5798,0,0.032018,0,0.33872,0,0.08606,0.28528,0.52127,0.54064,0.67505,0.31576,0.36329,0.41239,0.41201,0.58681,0.46511,0.55124,0.44563,0.37662,0.23603,0.62568,0.404,0.5341,0.57907,0.60187,0.43493,0.64899,0.46357,0.7826,0.46657,0.22533,0,0.33126,0.18237,0.41632,0.34254,0.46836,0.37735,0.67778,0.6764,0.62101,0.44186,0.4683,0.5621,0.78602,0.74593,0.81626,0.7789,0.32703,0.63211,0.46889,0.36623,0.012805,0,0.19235,0.17942,0.25551,0.31446,0.035108,0.31142,0,0,0.44876,0.30652,0.58024,0.47365,0.26005,0.5068,0.33229,0.50604,0.31221,0.27989,0.19101,0.3227,0.24963,0,0.14519,0.50542,0.42436,0.42058,0.24073,0.12916
0.56821,0.49785,0.10232,0,0.21851,0.14503,0.091772,0,0.3224,0.10026,0.56043,0.45076,0.50848,0.40671,0.22649,0.28091,0.76977,1,0.37586,0.42313,0,0,0.29266,0,0.0053627,0.052256,0,0,0.74114,0.77334,0.67986,0.6164,0.74932,0.7559,0.090516,0.18519,0,0,0,0,0,0.16584,0.36768,0.5566,0.33663,0.42098,0.092984,0.16621,0.50347,0.4554,0.3993,0.44088,0.24185,0.094604,0.39474,0.11349,0.66124,0.67151,0.59656,0.49904,0.74225,0.5724,0.78098,0.65761,0.28451,0.13539,0.34075,0.28275,0.31379,0.34139,0.43101,0.14488,0.62583,0.66076,0.62789,0.5716,0.27861,0.32262,0.71876,0.70883,0.63525,0.79582,0,0.38623,0.18509,0.14266,0,0,0,0,0.31525,0.36489,0.084549,0.27253,0,0,0.56057,0.43608,0.61132,0.43912,0.32246,0.59971,0.40032,0.58723,0.55559,0.59053,0.31272,0.58373,0.06006,0,0,0.4893,0.25435,0.47678,0.48209,0.42096
0.70241,0.56109,0.58663,0.44279,0.49124,0.27356,0.47545,0.28697,0.43116,0.18881,0.55933,0.34403,0.56937,0.37567,0.51729,0.46504,0.40047,0.37586,1,0.82576,0.19963,0.14245,0.53513,0.35067,0.14123,0.18146,0.18167,0.30053,0.28002,0.2452,0.4322,0.46876,0.45836,0.45773,0.13985,0.14431,0,0.2795,0,0.015186,0.088592,0.23601,0.36782,0.43801,0.20218,0.24135,0.35205,0.42333,0.46679,0.60345,0.59763,0.5993,0.57906,0.54992,0.45092,0.42743,0.52398,0.48974,0.51372,0.36399,0.45429,0.36035,0.4381,0.32356,0.36364,0.16372,0.43751,0.34994,0.57859,0.53674,0.34202,0.31087,0.432,0.34788,0.47441,0.42697,0.45731,0.50404,0.28573,0.26894,0.41363,0.50788,0.2225,0.34652,0.43575,0.41053,0.078761,0.02836,0.34455,0.48524,0.45,0.483,0.31805,0.49458,0.0073583,0,0.26882,0.093998,0.46077,0.48664,0.17175,0.53382,0.15874,0.45198,0.22732,0.17526,0.24063,0.26746,0.25345,0,0.20967,0.49144,0.52345,0.36737,0.15713,0.09909
0.5701,0.59962,0.41757,0.42788,0.36919,0.24112,0.33718,0.33202,0.44613,0.222,0.44536,0.44898,0.52114,0.42677,0.49603,0.58734,0.46057,0.42313,0.82576,1,0.26073,0.16515,0.42433,0.29384,0.054262,0.13854,0.075623,0.18682,0.33168,0.35216,0.36762,0.39423,0.55655,0.52089,0.01396,0.034679,0,0.29556,0,0.091732,0.17716,0.34462,0.39089,0.5168,0.22177,0.31896,0.44792,0.53874,0.59717,0.70403,0.58985,0.6526,0.54396,0.64114,0.54602,0.56751,0.51224,0.51738,0.61998,0.54732,0.45787,0.45636,0.48285,0.41185,0.25839,0.18034,0.55995,0.50292,0.74831,0.71061,0.30185,0.27516,0.39169,0.37055,0.46288,0.37096,0.40551,0.46085,0.36339,0.30602,0.58165,0.6076,0.26145,0.56008,0.51216,0.52582,0.058711,0.062933,0.35327,0.53531,0.60009,0.60831,0.31225,0.53012,0.033884,0,0.32267,0.14118,0.63108,0.63198,0.25628,0.59997,0.26206,0.50463,0.18505,0.08284,0.16379,0.25903,0.42952,0,0.27186,0.64467,0.58226,0.25449,0.016478,0
1.3239e-05,0.23117,0.18151,0.044122,0.28935,0.17209,0,0,0.21605,0.098982,0.040272,0,0.19354,0,0.52989,0.24706,0.26507,0,0.19963,0.26073,1,0.74214,0.097359,0,0.34956,0.34852,0.28028,0.33099,0.15706,0.16339,0.038849,0,0,0,0.045038,0,0.57464,0.50101,0.60992,0.64747,0.65279,0.53521,0.36735,0.30141,0.060758,0.19981,0.54552,0.47792,0.18303,0.13749,0.29777,0.12949,0.26983,0.35113,0.43374,0.55897,0.053518,0.17848,0.18534,0.2474,0.0093208,0.13856,0.10754,0,0,0,0.30483,0.16871,0.34954,0.31932,0.42206,0.62077,0.18628,0.21665,0.10728,0,0.39491,0.36456,0.24687,0.30015,0.42644,0.21671,0.52863,0.55219,0.62071,0.39023,0.48295,0.65665,0.4831,0.44163,0.24788,0.20315,0.19124,0.1926,0.10469,0.29136,0,0,0.25573,0.36186,0.063395,0.024658,0.054498,0.077573,0,0,0,0,0.38352,0.52404,0.53282,0.26445,0.4035,0,0,0
0,0.15531,0.06363,0.0090117,0.28019,0.14947,0,0,0.064944,0.029846,0,0,0.11621,0,0.48184,0.26359,0.17679,0,0.14245,0.16515,0.74214,1,0.071112,0,0.35412,0.3273,0.49079,0.39669,0.074806,0.051231,0,0,0,0,0,0,0.7193,0.59921,0.68537,0.6946,0.638,0.66132,0.37299,0.24976,0.032093,0.028157,0.61419,0.54807,0.15251,0.082806,0.28669,0.060586,0.17279,0.26661,0.44512,0.54654,0,0.039119,0.032664,0.014544,0,0.010513,0.0064544,0,0,0,0.061175,0,0.29014,0.059611,0.21226,0.51783,0.16588,0.14081,0.026893,0,0.37751,0.34205,0.10544,0.15784,0.32701,0.038589,0.55008,0.34078,0.50041,0.32053,0.4784,0.57513,0.43786,0.44287,0.043821,0.0096359,0.0067683,0.18407,0.24983,0.38287,0,0,0.13554,0.17818,0,0.035617,0,0,0,0,0,0,0.36493,0.69328,0.45921,0.18644,0.38471,0,0,0
0.43748,0.27566,0.75346,0.50412,0.65321,0.55292,0.58589,0.26222,0.42815,0.4423,0.47738,0.20829,0.50888,0.35738,0.45715,0.55732,0.28999,0.29266,0.53513,0.42433,0.097359,0.071112,1,0.79563,0.52532,0.50253,0.44079,0.46106,0.25012,0.33424,0.49474,0.43293,0.33517,0.31327,0.15715,0.1534,0,0.20853,0,0,0,0.13097,0.25939,0.29171,0.027692,0.028884,0.14084,0.21817,0.23998,0.38106,0.49828,0.5009,0.56466,0.47616,0.34699,0.25641,0.25628,0.24806,0.33313,0.073274,0.32578,0.099988,0.34455,0.17655,0.40991,0.042731,0.3057,0.20705,0.32673,0.32709,0.30622,0.23533,0.27011,0.19736,0.29071,0.19845,0.18604,0.2675,0.25921,0.31387,0.28489,0.44009,0.16145,0.27846,0.3362,0.4717,0,0,0.29603,0.45458,0.29254,0.45261,0.42786,0.69891,0,0,0.33562,0.1841,0.24815,0.20049,0,0.44057,0,0.063387,0.18752,0.22957,0.17516,0.18874,0,0,0.051718,0.27987,0.35939,0.27194,0.17142,0.084894
0.21864,0.13014,0.64893,0.77064,0.53321,0.60138,0.61635,0.57945,0.39184,0.5937,0.24674,0.25613,0.26867,0.37864,0.20463,0.54679,0,0,0.35067,0.29384,0,0,0.79563,1,0.47812,0.50535,0.40509,0.47768,0,0.036997,0.22583,0.26502,0.16391,0.17383,0.20672,0.22281,0,0.1272,0,0,0,0,0.11237,0.1007,0.032304,0.036899,0.027678,0.12011,0.11499,0.28205,0.33425,0.4324,0.43341,0.41896,0.18366,0.102,0.1017,0.049373,0.1593,0.026715,0.091873,0.061046,0.060587,0.08901,0.44937,0.32415,0.28704,0.33508,0.18502,0.23532,0.14864,0.095895,0.0024715,0,0.094474,0.018214,0.0086311,0.12167,0,0,0.0043632,0.1542,0,0.070175,0.17158,0.51197,0,0,0.24312,0.4458,0.32162,0.36411,0.56612,0.54664,0,0,0.23975,0.12741,0.11681,0.042478,0,0.24561,0,0,0.1409,0.14251,0.15274,0.064247,0,0,0.0961,0.1955,0.26361,0.1353,0.08175,0.057668
0,0.11061,0.4398,0.22267,0.62563,0.61631,0.23434,0.011357,0.22932,0.46865,0,0,0,0,0.15035,0.30502,0.10639,0.0053627,0.14123,0.054262,0.34956,0.35412,0.52532,0.47812,1,0.87992,0.73675,0.67591,0.1841,0.21603,0.43669,0.26191,0.13824,0.14506,0.23724,0.22691,0.1806,0.4452,0.17502,0.2964,0.1828,0.27855,0.30724,0.2038,0.1001,0.072267,0.31317,0.28024,0.13453,0.13558,0.31895,0.19488,0.38552,0.26829,0.30892,0.27564,0.18316,0.17328,0.085279,0,0.067365,0.0062228,0.127,0,0,0,0.13489,0.092998,0.18215,0.1183,0.30325,0.36085,0.15703,0.16736,0.10125,0,0.1401,0.24568,0.22262,0.18613,0.25461,0.17649,0.15491,0.18958,0.073306,0.1416,0,0.11638,0.12953,0.30522,0,0.04577,0.093482,0.29295,0,0.006484,0.18346,0.037922,0.030936,0,0,0.10982,0,0,0,0,0,0,0.036121,0.025286,0.28913,0.15538,0.16936,0.058566,0.0288,0
0,0.27519,0.38777,0.2578,0.62741,0.74764,0.20282,0.068672,0.41656,0.65599,0.025684,0,0.084632,0,0.18579,0.36289,0.10658,0.052256,0.18146,0.13854,0.34852,0.3273,0.50253,0.50535,0.87992,1,0.64593,0.68286,0.14257,0.17846,0.33528,0.21716,0.17172,0.17302,0.14095,0.14846,0.13997,0.37265,0.12711,0.25805,0.14934,0.26093,0.27238,0.24994,0.10526,0.15162,0.29151,0.29879,0.22633,0.27236,0.39277,0.31531,0.44363,0.38057,0.3239,0.29974,0.30217,0.28546,0.16545,0.0078012,0.16015,0.088652,0.19177,0,0.01269,0,0.14426,0.12225,0.28528,0.19566,0.27516,0.33701,0.16904,0.21991,0.13454,0.080032,0.16841,0.23052,0.16861,0.16879,0.21356,0.16401,0.086698,0.15341,0.12956,0.2313,0.039205,0.10596,0.1645,0.37708,0.044569,0.10568,0.20439,0.29933,0,0,0.12866,0.029088,0.065518,0.076384,0,0.19449,0,0,0,0,0,0,0.084621,0.076852,0.22217,0.1817,0.19524,0.048755,0.033133,0
0,0.13424,0.33823,0.25486,0.6722,0.56201,0.21214,0.062403,0.23629,0.37562,0,0,0,0,0.20162,0.31109,0.065798,0,0.18167,0.075623,0.28028,0.49079,0.44079,0.40509,0.73675,0.64593,1,0.76214,0.11332,0.064456,0.2844,0.20115,0.074813,0.10111,0.087184,0.14052,0.25094,0.45818,0.18096,0.27287,0.11939,0.29886,0.26043,0.13246,0.038016,0,0.25339,0.28447,0.069755,0.097619,0.26725,0.12184,0.28028,0.16903,0.25478,0.22818,0.13852,0.14709,0.04989,0,0.028179,0,0.057953,0,0,0,0.013287,0,0.18224,0.011107,0.21477,0.28847,0.15902,0.14118,0.11082,0,0.18155,0.28278,0.13954,0.018603,0.16114,0.089507,0.13045,0.021875,0.01705,0.083127,0.022239,0.071562,0.19721,0.31453,0,0.0027929,0.1231,0.25699,0.020509,0.033419,0.037002,0,0,0,0,0.12286,0,0,0,0,0,0,0,0.093571,0.13993,0.075277,0.19656,0.097973,0,0
0.10547,0.19565,0.45441,0.35135,0.62847,0.71295,0.27226,0.14846,0.28935,0.44456,0.039937,0,0.073271,0.0036212,0.22742,0.30161,0.031994,0,0.30053,0.18682,0.33099,0.39669,0.46106,0.47768,0.67591,0.68286,0.76214,1,0.04739,0.021374,0.28057,0.28801,0.13018,0.1481,0.19415,0.23318,0.10319,0.30148,0.052844,0.17376,0.010114,0.14834,0.20952,0.12149,0.07797,0.078363,0.18028,0.2238,0.1024,0.15658,0.27534,0.14128,0.24685,0.23916,0.18615,0.18261,0.23292,0.22888,0.15081,0.060456,0.095769,0.076989,0.0512,0,0.072865,0.092157,0.23971,0.22802,0.18936,0.20983,0.3,0.36898,0.2281,0.1981,0.15524,0.10582,0.1693,0.24461,0.12722,0.042708,0.10665,0.12701,0.031002,0,0.1016,0.14957,0.0094075,0.045265,0.20769,0.40202,0.12586,0.14137,0.27231,0.32306,0,0,0.028647,0,0,0,0,0.16177,0,0.050622,0,0.024412,0.054939,0,0.017654,0.0077771,0.22762,0.10884,0.17597,0.15314,0.066058,0
0.3535,0.41735,0.028095,0,0.337,0.15288,0.077856,0,0.23261,0.032432,0.45313,0.33704,0.47558,0.33058,0.37079,0.38586,0.85062,0.74114,0.28002,0.33168,0.15706,0.074806,0.25012,0,0.1841,0.14257,0.11332,0.04739,1,0.81882,0.66328,0.52255,0.70181,0.68574,0.038103,0.069617,0,0.23721,0,0.027708,0.15139,0.41912,0.52479,0.65409,0.39824,0.44251,0.33273,0.32801,0.58251,0.4312,0.47393,0.37164,0.30007,0.10469,0.47058,0.23896,0.52748,0.53235,0.55276,0.37722,0.63461,0.46794,0.68705,0.44818,0.18428,0.035477,0.28551,0.19365,0.29897,0.22176,0.45359,0.27535,0.69744,0.6619,0.64065,0.44799,0.3804,0.44342,0.78445,0.66382,0.736,0.67095,0.27059,0.54735,0.25658,0.19589,0,0,0,0,0.16282,0.20327,0,0.19696,0,0,0.49594,0.43722,0.49564,0.39624,0.19784,0.45243,0.32706,0.50894,0.3972,0.40355,0.21576,0.35659,0.10289,0,0.099162,0.48617,0.29308,0.4617,0.40487,0.28382
0.27775,0.30579,0.059009,0,0.29906,0.19127,0.039066,0,0.26518,0.043379,0.48366,0.30583,0.49942,0.33574,0.36194,0.40677,0.8281,0.77334,0.2452,0.35216,0.16339,0.051231,0.33424,0.036997,0.21603,0.17846,0.064456,0.021374,0.81882,1,0.68707,0.50322,0.60195,0.56508,0.0062546,0.047268,0,0.17374,0,0,0.17973,0.37529,0.46389,0.57961,0.24391,0.32531,0.27167,0.28592,0.48876,0.40135,0.45241,0.43987,0.33479,0.21334,0.52262,0.28791,0.40279,0.41829,0.4363,0.30969,0.52578,0.35143,0.67061,0.35991,0.20014,0,0.29306,0.20767,0.30597,0.32003,0.48156,0.31484,0.55916,0.60355,0.49212,0.32314,0.18091,0.28899,0.84818,0.82415,0.75312,0.79775,0.18621,0.6405,0.33934,0.29337,0,0,0.081789,0.071347,0.27755,0.33623,0.042716,0.33789,0,0,0.63129,0.47792,0.59878,0.38755,0.12486,0.47371,0.19795,0.32599,0.33783,0.39402,0.2323,0.38332,0.19316,0,0.10535,0.51334,0.36702,0.36909,0.2891,0.21263
0.40323,0.22287,0.41795,0.081494,0.40483,0.30404,0.38113,0.012434,0.22005,0.10642,0.40441,0.19834,0.3509,0.23611,0.12799,0.26833,0.56916,0.67986,0.4322,0.36762,0.038849,0,0.49474,0.22583,0.43669,0.33528,0.2844,0.28057,0.66328,0.68707,1,0.89091,0.68983,0.69778,0.37337,0.40421,0,0.069459,0,0,0,0.097114,0.41536,0.42899,0.3539,0.34952,0.047785,0.0576,0.30248,0.27538,0.33458,0.31056,0.32352,0.072171,0.31574,0,0.45077,0.41106,0.40873,0.25634,0.49992,0.34751,0.52206,0.36635,0.27199,0.14071,0.34948,0.29383,0.14415,0.22506,0.63943,0.39477,0.61441,0.54738,0.59112,0.53282,0.27908,0.32985,0.69209,0.57746,0.43929,0.63802,0,0.28301,0,0.077801,0,0,0,0,0.1061,0.26837,0.057474,0.27201,0,0,0.55896,0.34979,0.32941,0.1315,0,0.45495,0.10544,0.33254,0.46073,0.533,0.25287,0.48133,0.061507,0,0,0.31719,0.20571,0.48012,0.49849,0.40329
0.47991,0.24599,0.42802,0.16043,0.35949,0.26803,0.41881,0.13145,0.27363,0.1284,0.42057,0.36343,0.34468,0.37101,0.065881,0.2626,0.43233,0.6164,0.46876,0.39423,0,0,0.43293,0.26502,0.26191,0.21716,0.20115,0.28801,0.52255,0.50322,0.89091,1,0.66295,0.70366,0.42802,0.4409,0,0,0,0,0,0,0.29629,0.34981,0.36931,0.3598,0,0,0.27473,0.28252,0.28378,0.2842,0.22864,0,0.19609,0,0.43662,0.3652,0.39527,0.27782,0.49175,0.37172,0.42348,0.417,0.33621,0.30332,0.32012,0.30086,0.038287,0.14709,0.54873,0.28546,0.56543,0.50299,0.58044,0.57754,0.27906,0.32261,0.55156,0.39136,0.27475,0.53544,0,0.11193,0,0.05383,0,0,0,0,0.10433,0.23635,0.12874,0.17985,0,0,0.45629,0.30446,0.23503,0.081036,0.063952,0.41974,0.17889,0.39375,0.54002,0.56155,0.27687,0.52637,0.038432,0,0,0.26091,0.12438,0.55112,0.55354,0.42842
0.5352,0.52084,0.23305,0.14403,0.32115,0.32807,0.32273,0.14068,0.37262,0.28424,0.40586,0.51203,0.406,0.43382,0.13282,0.36174,0.60643,0.74932,0.45836,0.55655,0,0,0.33517,0.16391,0.13824,0.17172,0.074813,0.13018,0.70181,0.60195,0.68983,0.66295,1,0.96247,0.15154,0.21906,0,0.019994,0,0,0,0.13043,0.39409,0.57248,0.47491,0.52553,0.18408,0.2929,0.64352,0.57495,0.4545,0.50719,0.30021,0.18233,0.36707,0.16853,0.68772,0.65084,0.70018,0.559,0.72126,0.61102,0.6891,0.69169,0.3209,0.28203,0.53769,0.50548,0.40845,0.3874,0.35171,0.063259,0.5947,0.58082,0.67373,0.59409,0.34249,0.38081,0.54999,0.45479,0.57295,0.69331,0,0.32753,0.090868,0.18499,0,0,0,0.049867,0.34976,0.40122,0.11212,0.24768,0,0,0.55597,0.49416,0.5613,0.4531,0.23172,0.60319,0.40377,0.63773,0.56757,0.54373,0.32418,0.56816,0.048787,0,0.072877,0.59225,0.28455,0.48958,0.50222,0.43687
0.54997,0.52008,0.25393,0.18991,0.33799,0.32132,0.36669,0.19911,0.36607,0.2848,0.38096,0.51032,0.37482,0.42724,0.10148,0.36489,0.5798,0.7559,0.45773,0.52089,0,0,0.31327,0.17383,0.14506,0.17302,0.10111,0.1481,0.68574,0.56508,0.69778,0.70366,0.96247,1,0.204,0.27742,0,0,0,0,0,0.096622,0.38342,0.5432,0.49001,0.51694,0.12947,0.23142,0.57841,0.51825,0.40652,0.47636,0.26132,0.12186,0.33376,0.09206,0.70001,0.66302,0.64652,0.53836,0.71376,0.62608,0.67787,0.6853,0.35029,0.36911,0.49358,0.49187,0.36059,0.33865,0.37123,0.0631,0.58747,0.57199,0.65754,0.57932,0.32337,0.37633,0.54511,0.42933,0.53586,0.66047,0,0.26806,0.028279,0.15676,0,0,0,0,0.32392,0.35807,0.15586,0.22125,0,0,0.53959,0.44341,0.53245,0.39947,0.2572,0.58377,0.41898,0.62035,0.59754,0.57803,0.34064,0.59329,0.044508,0,0.014545,0.53643,0.25774,0.49753,0.53158,0.47509
0.2112,0.048763,0.37599,0.24057,0,0.0042633,0.3157,0.24944,0,0,0.096712,0.17164,0.020142,0.17566,0,0.048321,0,0.090516,0.13985,0.01396,0.045038,0,0.15715,0.20672,0.23724,0.14095,0.087184,0.19415,0.038103,0.0062546,0.37337,0.42802,0.15154,0.204,1,0.83942,0,0.0016163,0,0,0,0,0.37387,0.17117,0.5788,0.46597,0.013056,0,3.1968e-05,0,0.027516,0,0,0,0,0,0,0.052015,0,0,0.060817,0.18593,0.0058995,0.10526,0.32609,0.34864,0.34504,0.33608,0,0,0.35557,0.19701,0.16934,0.11779,0.26498,0.23098,0.34663,0.31542,0.12433,0.044106,0,0.048141,0,0,0,0.065041,0,0,0.018443,0,0,0,0.14882,0.017614,0,0,0.060689,0,0,0,0,0.0042204,0.017694,0.11218,0.29346,0.24993,0.10642,0.16394,0,0,0.20413,0,0,0.42701,0.40703,0.17453
0.19128,0.10485,0.28607,0.32204,0,0.096584,0.33561,0.35053,0,0.086648,0.080362,0.22245,0,0.15933,0,0.035854,0.032018,0.18519,0.14431,0.034679,0,0,0.1534,0.22281,0.22691,0.14846,0.14052,0.23318,0.069617,0.047268,0.40421,0.4409,0.21906,0.27742,0.83942,1,0,0.052823,0,0,0,0,0.36112,0.16782,0.53962,0.47279,0,0,0.037896,0,0.025381,0,0,0,0.025361,0,0.10666,0.11946,0,0,0.075944,0.24977,0.039432,0.15002,0.27256,0.44036,0.28801,0.38526,0,0,0.36067,0.13411,0.17995,0.2102,0.30528,0.32437,0.30466,0.37087,0.16417,0.034131,0,0.096444,0,0,0,0,0,0,0,0,0,0,0.17939,0.041577,0,0,0.063223,0,0,0,0,0.07041,0.070117,0.12724,0.34132,0.30714,0.13038,0.23826,0,0,0.19252,0.00091217,0,0.44141,0.41488,0.21669
0,0.051962,0,0,0,0,0,0,0,0,0,0,0,0,0.36492,0.061253,0,0,0,0,0.57464,0.7193,0,0,0.1806,0.13997,0.25094,0.10319,0,0,0,0,0,0,0,0,1,0.69758,0.93452,0.88345,0.81268,0.61955,0.20279,0.018116,0,0,0.60182,0.46645,0,0,0.097584,0,0.1266,0.22009,0.29976,0.54957,0,0,0,0,0,0,0,0,0,0,0,0,0.20995,0,0,0.32698,0,0,0,0,0.32395,0.2869,0,0,0.12153,0,0.65271,0.24016,0.44415,0.13761,0.69973,0.72299,0.50191,0.3844,0,0,0,0.046267,0.47532,0.65341,0,0,0,0.055656,0,0,0,0,0,0,0,0,0.32127,0.85374,0.44422,0,0.22305,0,0,0
0.0059045,0.28899,0.05477,0.1547,0.28841,0.16862,0.0012179,0.030859,0.12751,0.10253,0.055658,0,0.1463,0,0.48155,0.39886,0.33872,0,0.2795,0.29556,0.50101,0.59921,0.20853,0.1272,0.4452,0.37265,0.45818,0.30148,0.23721,0.17374,0.069459,0,0.019994,0,0.0016163,0.052823,0.69758,1,0.56706,0.78091,0.69551,0.77461,0.49061,0.36843,0.10206,0.065571,0.75294,0.6588,0.34322,0.23983,0.44268,0.21681,0.44673,0.39316,0.6119,0.67718,0.059692,0.18278,0.21275,0.015153,0.073405,0.16116,0.13614,0,0,0,0.14377,0.017341,0.42385,0.18397,0.22091,0.44306,0.24484,0.25327,0.29008,0.0016579,0.54298,0.58365,0.20195,0.13404,0.47135,0.18217,0.56586,0.41308,0.49467,0.32629,0.41004,0.42751,0.52466,0.52159,0.13613,0.047807,0.092903,0.25324,0.21741,0.39991,0,0,0.17718,0.22323,0,0.13723,0,0.026947,0,0,0,0,0.28077,0.48489,0.57476,0.26111,0.41845,0.02694,0,0
0,0,0,0,0,0,0,0,0,0,0,0,0,0,0.3606,0.010984,0,0,0,0,0.60992,0.68537,0,0,0.17502,0.12711,0.18096,0.052844,0,0,0,0,0,0,0,0,0.93452,0.56706,1,0.86356,0.79554,0.53826,0.12799,0,0,0,0.52759,0.37047,0,0,0.054183,0,0.12478,0.25119,0.25272,0.5353,0,0,0,0,0,0,0,0,0,0,0,0,0.15166,0,0,0.29462,0,0,0,0,0.19878,0.17162,0,0,0.085439,0,0.67664,0.28433,0.44931,0.14125,0.72177,0.82769,0.47609,0.37013,0,0,0,0.01514,0.42952,0.69071,0,0,0,0.043721,0,0,0,0,0,0,0,0,0.33897,0.83658,0.392,0,0.20976,0,0,0
0,0.20447,0,0,0.10184,0.005311,0,0,0,0,0,0,0,0,0.43251,0.13857,0.08606,0,0.015186,0.091732,0.64747,0.6946,0,0,0.2964,0.25805,0.27287,0.17376,0.027708,0,0,0,0,0,0,0,0.88345,0.78091,0.86356,1,0.85639,0.69829,0.32317,0.183,0,0,0.73195,0.58006,0.16597,0.043691,0.21386,0,0.19308,0.31544,0.41069,0.67258,0,0.036731,0.023956,0,0,0.0076637,0,0,0,0,0,0,0.30757,0.049547,0.018191,0.34257,0,0.0010082,0,0,0.36417,0.35956,0,0,0.31581,0,0.71223,0.41796,0.52687,0.20469,0.63547,0.76948,0.48542,0.4666,0.050113,0,0.01693,0.091596,0.31779,0.66574,0,0,0.079517,0.20307,0,0,0,0,0,0,0,0,0.28499,0.77817,0.56159,0.11196,0.28181,0,0,0
0,0.23491,0,0,0.054631,0,0,0,0.049634,0,0,0,0.12878,0,0.54754,0.23832,0.28528,0,0.088592,0.17716,0.65279,0.638,0,0,0.1828,0.14934,0.11939,0.010114,0.15139,0.17973,0,0,0,0,0,0,0.81268,0.69551,0.79554,0.85639,1,0.7698,0.33689,0.26368,0,0,0.70669,0.56472,0.20688,0.12348,0.32054,0.13134,0.25731,0.34575,0.51907,0.71332,0,0.090786,0.14189,0.061252,0,0.10707,0.12398,0,0,0,0.032979,0,0.32905,0.10321,0.14876,0.44252,0.11256,0.13571,0.052723,0,0.38004,0.40255,0.16828,0.2151,0.45585,0.11631,0.75141,0.59439,0.66444,0.32323,0.66467,0.77219,0.57554,0.43915,0.13653,0.036161,0.050203,0.16356,0.25008,0.59462,0,0,0.26315,0.32816,0.011775,0,0,0,0,0,0,0,0.43229,0.73955,0.50067,0.1852,0.36547,0,0,0
0.083312,0.3999,0,0.001506,0.21617,0.097656,0,0,0.18279,0.084718,0.11404,0.084879,0.29609,0.064195,0.58927,0.44104,0.52127,0.16584,0.23601,0.34462,0.53521,0.66132,0.13097,0,0.27855,0.26093,0.29886,0.14834,0.41912,0.37529,0.097114,0,0.13043,0.096622,0,0,0.61955,0.77461,0.53826,0.69829,0.7698,1,0.50357,0.4764,0.14923,0.11441,0.71247,0.63764,0.42881,0.32,0.51964,0.34973,0.38016,0.34612,0.67817,0.66624,0.16253,0.32641,0.38318,0.22269,0.28399,0.33019,0.36838,0.13371,0,0,0.17814,0.0072501,0.49342,0.19979,0.27386,0.46636,0.40004,0.43527,0.34367,0.071904,0.54446,0.58263,0.35038,0.30301,0.63746,0.32934,0.67867,0.58097,0.61696,0.40396,0.42492,0.49121,0.49258,0.39756,0.21818,0.074833,0.062578,0.26093,0.13007,0.38619,0.079521,0,0.41798,0.36599,0.15405,0.23161,0.09706,0.14209,0,0,0,0,0.38688,0.51115,0.40734,0.33803,0.5173,0.043643,0,0
0.25733,0.50892,0.24957,0.10709,0.29122,0.22733,0.20193,0.1966,0.11137,0.14003,0.2772,0.30953,0.31619,0.2553,0.38341,0.43814,0.54064,0.36768,0.36782,0.39089,0.36735,0.37299,0.25939,0.11237,0.30724,0.27238,0.26043,0.20952,0.52479,0.46389,0.41536,0.29629,0.39409,0.38342,0.37387,0.36112,0.20279,0.49061,0.12799,0.32317,0.33689,0.50357,1,0.85496,0.68392,0.64449,0.72513,0.6619,0.64762,0.47379,0.58072,0.30582,0.3079,0.25437,0.5164,0.41048,0.25825,0.39921,0.405,0.34201,0.30504,0.47366,0.40232,0.24541,0.10345,0.079752,0.4426,0.32969,0.39134,0.2209,0.44758,0.39335,0.47628,0.50311,0.51634,0.33934,0.62087,0.59793,0.48897,0.4203,0.62481,0.41118,0.442,0.51537,0.42499,0.36042,0.1615,0.12699,0.29703,0.27268,0.19315,0.10477,0.15563,0.25104,0,0,0.17785,0.041864,0.41663,0.40447,0.056316,0.31287,0.1635,0.33249,0.1138,0.023706,0,0,0.26419,0.12129,0.49559,0.47511,0.46772,0.3324,0.14807,0
0.37081,0.60029,0.22221,0.055567,0.35105,0.24883,0.15948,0.14443,0.33053,0.24725,0.44366,0.48445,0.506,0.43347,0.45283,0.54203,0.67505,0.5566,0.43801,0.5168,0.30141,0.24976,0.29171,0.1007,0.2038,0.24994,0.13246,0.12149,0.65409,0.57961,0.42899,0.34981,0.57248,0.5432,0.17117,0.16782,0.018116,0.36843,0,0.183,0.26368,0.4764,0.85496,1,0.61419,0.68568,0.67351,0.69462,0.85086,0.7432,0.76277,0.58602,0.41215,0.36302,0.59842,0.47773,0.42148,0.48815,0.5701,0.4952,0.45318,0.50006,0.54536,0.40073,0.14919,0.12262,0.46879,0.3672,0.45614,0.31169,0.39986,0.2611,0.5848,0.56924,0.62757,0.43662,0.55769,0.54835,0.5455,0.48837,0.7173,0.55717,0.36747,0.60496,0.46275,0.45367,0.046068,0.026212,0.24024,0.23295,0.29454,0.21961,0.14095,0.27697,0,0,0.31737,0.26009,0.54887,0.53597,0.16881,0.44721,0.2883,0.50661,0.29475,0.20808,0.15817,0.15928,0.28819,0.038674,0.35439,0.59559,0.4771,0.36685,0.27641,0
0.30289,0.40582,0.1778,0.065122,0.059286,0.098419,0.2105,0.2385,0.032523,0.14072,0.23654,0.44835,0.16057,0.34446,0.029891,0.22856,0.31576,0.33663,0.20218,0.22177,0.060758,0.032093,0.027692,0.032304,0.1001,0.10526,0.038016,0.07797,0.39824,0.24391,0.3539,0.36931,0.47491,0.49001,0.5788,0.53962,0,0.10206,0,0,0,0.14923,0.68392,0.61419,1,0.8685,0.35458,0.2741,0.60068,0.34823,0.39858,0.15906,0.0078061,0,0.24684,0.059524,0.27585,0.32744,0.37238,0.36862,0.32007,0.53012,0.28918,0.35277,0.29346,0.46774,0.50864,0.44653,0.068777,0,0.36853,0.18027,0.40846,0.42877,0.51896,0.44068,0.50813,0.47203,0.28383,0.18683,0.30717,0.23316,0.11109,0.19385,0.058966,0.21014,0,0,0,0,0,0,0.090027,0.02462,0,0,0.23158,0.21491,0.25693,0.20985,0.13551,0.27837,0.2723,0.40178,0.31887,0.21971,0.067262,0.21899,0.073588,0,0.25997,0.31909,0.23443,0.46281,0.36731,0.10981
0.29954,0.44264,0.16721,0.077849,0.10991,0.14905,0.1919,0.27851,0.23632,0.27266,0.33081,0.53411,0.26839,0.42015,0.10789,0.32511,0.36329,0.42098,0.24135,0.31896,0.19981,0.028157,0.028884,0.036899,0.072267,0.15162,0,0.078363,0.44251,0.32531,0.34952,0.3598,0.52553,0.51694,0.46597,0.47279,0,0.065571,0,0,0,0.11441,0.64449,0.68568,0.8685,1,0.32391,0.32018,0.66733,0.49291,0.45986,0.32387,0.10058,0,0.29597,0.12841,0.37157,0.38489,0.47784,0.53238,0.35197,0.57252,0.32667,0.36054,0.29219,0.54007,0.61271,0.60579,0.20052,0.20333,0.38125,0.18455,0.41955,0.4633,0.56782,0.49703,0.4469,0.39773,0.37962,0.30264,0.38927,0.36389,0.030515,0.34745,0.16144,0.32816,0,0,0.040811,0,0.20333,0.16415,0.21678,0.063265,0,0,0.28821,0.32956,0.38183,0.37811,0.27425,0.32615,0.41843,0.5139,0.35737,0.27292,0.163,0.28212,0.11203,0,0.30054,0.46156,0.27302,0.42759,0.38962,0.15698
0.085015,0.52284,0.067124,0.067316,0.27074,0.16324,0,0.054591,0.14541,0.11815,0.10482,0.11353,0.21647,0.051383,0.51216,0.3982,0.41239,0.092984,0.35205,0.44792,0.54552,0.61419,0.14084,0.027678,0.31317,0.29151,0.25339,0.18028,0.33273,0.27167,0.047785,0,0.18408,0.12947,0.013056,0,0.60182,0.75294,0.52759,0.73195,0.70669,0.71247,0.72513,0.67351,0.35458,0.32391,1,0.91072,0.65049,0.5124,0.58708,0.34344,0.41418,0.48501,0.63417,0.80012,0.18166,0.3375,0.35865,0.25628,0.17932,0.33754,0.31167,0.062639,0,0,0.29187,0.14995,0.53622,0.25803,0.21772,0.34706,0.26514,0.29911,0.29819,0.032397,0.58063,0.5809,0.23002,0.26579,0.62273,0.26104,0.67544,0.59148,0.62423,0.39034,0.43045,0.46642,0.47867,0.53284,0.25539,0.10626,0.070912,0.23311,0.15722,0.37835,0.0064338,0,0.43575,0.50891,0.0064979,0.18113,0.027831,0.1987,0,0,0,0,0.40077,0.56033,0.68697,0.52018,0.50794,0,0,0
0.15935,0.52603,0.098102,0.14724,0.34087,0.26633,0.00088493,0.11332,0.27396,0.23269,0.1582,0.169,0.27106,0.1009,0.49984,0.46838,0.41201,0.16621,0.42333,0.53874,0.47792,0.54807,0.21817,0.12011,0.28024,0.29879,0.28447,0.2238,0.32801,0.28592,0.0576,0,0.2929,0.23142,0,0,0.46645,0.6588,0.37047,0.58006,0.56472,0.63764,0.6619,0.69462,0.2741,0.32018,0.91072,1,0.69561,0.62987,0.63048,0.47992,0.44633,0.5709,0.58544,0.80936,0.27386,0.36834,0.4279,0.32973,0.23847,0.36212,0.36768,0.16174,0,0,0.36392,0.2678,0.63822,0.37919,0.14112,0.21072,0.23553,0.28814,0.29042,0.077413,0.48462,0.53565,0.2414,0.25806,0.64225,0.37891,0.53699,0.58125,0.61843,0.4191,0.32058,0.30672,0.45097,0.54566,0.43819,0.30833,0.19264,0.31446,0.13434,0.26573,0.078914,0.0077121,0.49838,0.62192,0.081943,0.27613,0.12057,0.26322,0,0,0,0,0.35554,0.49762,0.69165,0.63971,0.52455,0,0,0
0.38321,0.62594,0.15758,0.088862,0.34188,0.30697,0.14512,0.14716,0.45062,0.36003,0.41885,0.54482,0.47427,0.47658,0.3972,0.51327,0.58681,0.50347,0.46679,0.59717,0.18303,0.15251,0.23998,0.11499,0.13453,0.22633,0.069755,0.1024,0.58251,0.48876,0.30248,0.27473,0.64352,0.57841,3.1968e-05,0.037896,0,0.34322,0,0.16597,0.20688,0.42881,0.64762,0.85086,0.60068,0.66733,0.65049,0.69561,1,0.89331,0.82654,0.66987,0.47759,0.42657,0.6019,0.56435,0.49708,0.50875,0.66997,0.56203,0.51002,0.51439,0.52521,0.45006,0.17322,0.1786,0.5237,0.42693,0.51427,0.37834,0.25372,0.10678,0.4982,0.51065,0.58572,0.42988,0.47689,0.50194,0.3854,0.33619,0.62858,0.51407,0.2803,0.53109,0.41567,0.42511,0.022295,0,0.23405,0.28272,0.36106,0.26974,0.11581,0.27132,0,0,0.3219,0.31609,0.57529,0.57145,0.23349,0.50996,0.30677,0.56743,0.27495,0.18765,0.18036,0.21714,0.24273,0,0.30722,0.66774,0.48842,0.32577,0.19391,0
