1,0.5735,0.60021,0.50653,0.47241,0.15868,0.61258,0.19181,0.49574,0.15832,0.65837,0.38121,0.61502,0.20123,0.55668,0.30151,0.32088,0.21283,0.7913,0.71994,0.020935,0,0.39902,0.4233,0.17806,0.071786,0.21,0.11544,0.22716,0,0.34719,0.22242,0.52728,0.46632,0.40813,0.41984,0.1246,0.15106,0.1736,0.14525,0.20493,0,0.38653,0.18715,0.30902,0.32743,0.50073,0.44469,0.48543,0.35916,0.44178,0.36499,0.5025,0.4365,0.40936,0.37465,0.72476,0.64602,0.54226,0.43563,0.61716,0.33979,0.244,0.38012,0.5028,0.36878,0.43569,0.3606,0.66583,0.59943,0.097673,0.22363,0.38774,0.14258,0.36005,0.29455,0.57717,0.48698,0,0.13728,0.4779,0.4755,0.47076,0.37836,0.69876,0.5214,0.33099,0.42604,0.6924,0.49865,0.46089,0.49237,0.16422,0.38087,0.20833,0.12384,0.35191,0.19145,0.52047,0.54776,0.22572,0.51522,0.34831,0.42514,0.27526,0.1705,0.0493,0.03239,0.17484,0.28519,0.27938,0.53907,0.48023,0.4478,0.30352,0.052129
0.5735,1,0.078113,0.20099,0.18937,0.15305,0.3301,0.40903,0.22116,0.126,0.321,0.33926,0.38143,0.42868,0.13294,0.26247,0.29493,0.37176,0.38233,0.61596,0.020454,0,0,0,0,0,0.11847,0.069718,0.26299,0.31204,0.031365,0.044914,0.52615,0.57963,0.015727,0.13504,0,0.070146,0.11605,0.10953,0.26678,0.11209,0.31021,0.30533,0.091415,0.24814,0.42302,0.31964,0.33086,0.37912,0.23768,0.26929,0.46599,0.19139,0.44525,0.41147,0.61092,0.68365,0.59534,0.70093,0.55178,0.60099,0.33674,0.61604,0.020296,0.11302,0.33643,0.30973,0.62782,0.59178,0.13313,0.24384,0.32534,0.39166,0.28352,0.24967,0.39212,0.351,0.046127,0.13925,0.47878,0.47188,0.36445,0.39436,0.24707,0.25699,0.20215,0.14764,0.51599,0.35862,0.48491,0.066574,0.23176,0.043374,0.22644,0.21118,0.40883,0.31173,0.56866,0.45319,0.40583,0.38614,0.45216,0.39303,0.3495,0.20234,0.17887,0.24613,0.31081,0.245,0.19454,0.44867,0.50994,0.25162,0.17634,0.28678
0.60021,0.078113,1,0.67235,0.52769,0.22423,0.78568,0.19874,0.47121,0.21644,0.35291,0.17596,0.38378,0,0.48346,0.24075,0,0,0.64408,0.38905,0.082784,0.01436,0.7705,0.75225,0.69406,0.51971,0.48825,0.32718,0.036275,0,0.58768,0.49301,0.33017,0.29976,0.75153,0.65075,0.19188,0.26791,0.22314,0.23168,0.10573,0,0.46847,0.17203,0.56717,0.42675,0.39597,0.46257,0.39707,0.23976,0.6621,0.4804,0.43306,0.49911,0.38144,0.32678,0.2484,0.23968,0.20359,0.12068,0.30106,0,0,0,0.71769,0.50382,0.60812,0.54734,0.35214,0.34588,0.15212,0.29193,0.17581,0,0.24868,0.23182,0.43338,0.3942,0,0.048476,0.21862,0.30476,0.32174,0.17743,0.5319,0.37643,0.28803,0.47543,0.56031,0.46847,0.27559,0.63321,0.27951,0.66138,0.10661,0.005571,0.28747,0.061032,0.27532,0.30319,0,0.44885,0.079477,0.30935,0.15007,0.15422,0.040003,0,0.010597,0.10239,0.38062,0.33474,0.20816,0.4197,0.30348,0
0.50653,0.20099,0.67235,1,0.35815,0.15525,0.64558,0.57907,0.32487,0.35113,0.29105,0.53321,0.2806,0.20545,0.31601,0.34172,0,0,0.56013,0.47862,0,0.017502,0.32049,0.66112,0.41405,0.40214,0.24134,0.1793,0,0,0.26217,0.24705,0.24598,0.29632,0.53091,0.56021,0,0.15898,0.0030999,0.14373,0,0,0.57736,0.27224,0.44703,0.43308,0.42572,0.53647,0.36033,0.28978,0.52811,0.52864,0.47059,0.51145,0.32903,0.34632,0.36428,0.28206,0.031743,0.076219,0.18394,0.19488,0,0,0.45493,0.63303,0.39322,0.50494,0.35932,0.33421,0.095364,0.12033,0.14971,0,0.23991,0.19703,0.42189,0.41207,0,0.0099021,0.28396,0.17696,0.19699,0.04021,0.4812,0.46209,0.086375,0.27466,0.45286,0.56363,0.49609,0.53989,0.44746,0.42114,0.082191,0.012691,0.20135,0.051235,0.31476,0.379,0,0.2704,0.10128,0.14641,0.29617,0.03116,0.025725,0,0,0.25571,0.4105,0.39512,0.27375,0.44914,0.43071,0
0.47241,0.18937,0.52769,0.35815,1,0.55015,0.52676,0.11332,0.81014,0.5722,0.28453,0.16608,0.28363,0,0.47922,0.32151,0.13557,0.047475,0.44231,0.37663,0.17932,0.17891,0.38996,0.42299,0.41094,0.3295,0.34808,0.209,0.032981,0,0.504,0.37218,0.3448,0.31505,0.4461,0.41047,0.047227,0.15163,0.021575,0,0,0,0.044969,0,0.31947,0.32002,0.29125,0.2873,0.29188,0.18659,0.26804,0.22168,0.26568,0.27099,0.19765,0.11335,0.32364,0.38996,0.2926,0.26889,0.35863,0.20705,0.17258,0.21123,0.53352,0.48307,0.42367,0.40557,0.38827,0.37078,0.20413,0.3648,0.10973,0.024667,0.18874,0.24037,0.35605,0.4043,0,0.12646,0.2584,0.28536,0.22175,0.033485,0.43278,0.30518,0.25289,0.21615,0.33785,0.23655,0.18519,0.36229,0.17846,0.4033,0,0,0.066453,0,0.20754,0.27345,0.1474,0.37256,0.27755,0.25811,0.072373,0.063668,0,0.014061,0,0,0.34052,0.34138,0.16871,0.22896,0.015726,0
0.15868,0.15305,0.22423,0.15525,0.55015,1,0.16666,0.16114,0.49775,0.65786,0.072879,0.053645,0,0.084611,0.17547,0.25089,0.072302,0,0.066688,0.1608,0.0056861,0.02061,0.24275,0.23299,0.29793,0.35173,0.51528,0.40653,0.0093526,0,0.32328,0.33306,0.21671,0.2324,0.30619,0.28885,0.035594,0.026349,0.0994,0.010851,0,0,0.048507,0.034795,0.099092,0.13903,0.25901,0.16556,0,0.01873,0.072344,0.055404,0.12681,0.26601,0.12206,0.019684,0.24682,0.308,0.11478,0.16605,0.071162,0.14011,0,0.026302,0.24791,0.25218,0.27584,0.25374,0.25698,0.31914,0,0.13792,0.074027,0.047413,0.06336,0.071981,0.22689,0.27234,0.052723,0,0.11302,0.19727,0.021277,0.11976,0.037941,0.043654,0,0.1143,0.15785,0.1003,0.036372,0.075885,0.092771,0.12925,0.023745,0.014555,0.15201,0.13219,0.10158,0.13654,0.0096026,0.090008,0.08924,0.03355,0.0616,0.047062,0,0.051598,0.12563,0.078113,0.20382,0.27069,0.23114,0.098029,0,0
0.61258,0.3301,0.78568,0.64558,0.52676,0.16666,1,0.54275,0.45375,0.211,0.30352,0.25674,0.46726,0.1997,0.33305,0.27248,0.0066925,0,0.59811,0.52388,0.11157,0.036762,0.37976,0.41128,0.36378,0.2821,0.33766,0.22896,0.14173,0,0.44914,0.41779,0.51671,0.53475,0.48702,0.51827,0.086316,0.2363,0.055529,0.079079,0.063864,0,0.52018,0.24277,0.50699,0.46163,0.49789,0.49411,0.41335,0.29545,0.56294,0.4735,0.44455,0.33255,0.4034,0.36229,0.31472,0.30417,0.39559,0.35486,0.5784,0.36424,0.25344,0.2966,0.47191,0.49111,0.66081,0.66495,0.42816,0.37753,0.30558,0.35285,0.28579,0.034029,0.27893,0.25932,0.50381,0.42827,0,0.016104,0.33651,0.29313,0.28573,0.13821,0.44572,0.37171,0.17364,0.19857,0.52291,0.48365,0.40324,0.53174,0.40294,0.51089,0.088412,0,0.27537,0.014679,0.39186,0.34782,0.015188,0.50412,0.1647,0.32683,0.17205,0.092586,0.030167,0,0.011807,0.13401,0.44327,0.42936,0.32465,0.34944,0.25707,0
0.19181,0.40903,0.19874,0.57907,0.11332,0.16114,0.54275,1,0.051321,0.23011,0.06072,0.48397,0.21462,0.46524,0,0.20159,0,0,0.19386,0.29001,0.01769,0.093266,0,0.030754,0,0.079109,0.079032,0.070763,0,0,0.017739,0.14831,0.215,0.41184,0.027087,0.17947,0,0.016305,0,0,0,0,0.42477,0.29887,0.1563,0.2823,0.36627,0.33105,0.073762,0.16574,0.23087,0.30871,0.32948,0.14399,0.19977,0.20099,0.14813,0.11666,0.020506,0.20976,0.24902,0.58355,0.042234,0.18939,0,0.471,0.22641,0.39897,0.16318,0.21405,0.29007,0.19967,0.21077,0.13149,0.23861,0.17998,0.28902,0.2959,0,0,0.20138,0,0,0,0.011623,0.077568,0,0,0.24955,0.34657,0.51578,0.18524,0.44497,0.097484,0,0,0.11393,0.015246,0.26561,0.20393,0.13428,0.21653,0.1409,0.059025,0.29199,0.037095,0.037819,0.019603,0.007781,0.13336,0.39026,0.27914,0.30588,0.16018,0.17123,0.0091768
0.49574,0.22116,0.47121,0.32487,0.81014,0.49775,0.45375,0.051321,1,0.68827,0.41544,0.18497,0.37922,0.074181,0.63758,0.39319,0.13035,0.024228,0.47019,0.41363,0.095594,0.059492,0.4029,0.388,0.35693,0.26053,0.33975,0.27397,0.075743,0,0.33546,0.23601,0.24715,0.17075,0.42228,0.40386,0.13602,0.1262,0.14263,0.074967,0.17054,0,0,0,0.21419,0.21123,0.16276,0.19406,0.20939,0.12043,0.25626,0.1591,0.24937,0.19487,0.24795,0.12076,0.32366,0.40973,0.37666,0.30209,0.40574,0.20664,0.1498,0.15742,0.56597,0.45292,0.40846,0.36291,0.46973,0.48146,0.14659,0.34683,0.12774,0,0.18792,0.15773,0.37195,0.43127,0.053112,0,0.27279,0.28269,0.30776,0.12042,0.48378,0.41061,0.24206,0.30175,0.40713,0.25846,0.1816,0.38614,0.12155,0.34679,0.027069,0,0.076727,0,0.24076,0.23194,0.20678,0.44603,0.31574,0.35262,0.17875,0.091286,0.098958,0.12818,0.088307,0.060482,0.21279,0.22757,0.20655,0.31604,0.060091,0
0.15832,0.126,0.21644,0.35113,0.5722,0.65786,0.211,0.23011,0.68827,1,0.071292,0.2374,0.027533,0.15954,0.33609,0.51774,0.047913,0,0.21526,0.25133,0,0.092662,0.18287,0.28004,0.27763,0.31087,0.24129,0.20175,0.067802,0,0.14378,0.13552,0.091796,0.096696,0.32344,0.28279,0.088492,0.11822,0.1803,0.11986,0.037544,0,0.012297,0,0.10939,0.12623,0.10009,0.096607,0.040996,0.013691,0.12713,0.12552,0.22852,0.18536,0.25672,0.16505,0.20392,0.24006,0.11006,0.17836,0.10912,0.22024,0,0.0010956,0.27316,0.42619,0.25075,0.27306,0.27881,0.32062,0,0.17054,0.047094,0,0.084436,0.086614,0.26967,0.39275,0.10362,0,0.11085,0.11208,0.18014,0.10494,0.18901,0.22938,0.13543,0.25753,0.18071,0.29926,0.1993,0.22018,0.20933,0.22237,0.037388,0.0044779,0.13267,0.12172,0.16653,0.19088,0.038979,0.19051,0.13202,0.12941,0.12886,0.063383,0.15193,0.13394,0.031547,0.082992,0.15928,0.14908,0.14875,0.20981,0.12228,0
0.65837,0.321,0.35291,0.29105,0.28453,0.072879,0.30352,0.06072,0.41544,0.071292,1,0.54142,0.82814,0.37535,0.61361,0.2579,0.47958,0.295,0.57705,0.42259,0.098667,0,0.27701,0.30086,0.12393,0.013906,0.051815,0,0.27038,0.066431,0.18394,0.045832,0.14974,0.11905,0.2157,0.17983,0.073434,0,0.011049,0,0.16453,0,0.23768,0.11033,0.060331,0.086779,0.26095,0.24372,0.25839,0.23281,0.2757,0.13491,0.32201,0.36644,0.081677,0.032934,0.44283,0.38457,0.22143,0.085913,0.40397,0.15918,0.12007,0.15517,0.36003,0.12152,0,0,0.27285,0.31383,0.16146,0.20445,0.31239,0.17714,0.32906,0.32546,0.46244,0.39959,0,0.24534,0.35472,0.28209,0.2517,0.1329,0.39117,0.21697,0.15608,0.1211,0.4578,0.23346,0.17955,0.38454,0.005749,0.21955,0,0,0.044143,0,0.18248,0.17681,0.068027,0.29075,0.13965,0.16472,0.15304,0.072544,0,0,0,0.088246,0.14015,0.26505,0.16277,0.24816,0.12812,0
0.38121,0.33926,0.17596,0.53321,0.16608,0.053645,0.25674,0.48397,0.18497,0.2374,0.54142,1,0.52549,0.65903,0.35178,0.56401,0.32729,0.1977,0.40301,0.34472,0.10291,0.17325,0.050197,0.30407,0.032457,0.0021324,0,0,0.056737,0.078999,0.010367,0.047974,0.0084841,0.094949,0.19558,0.18352,0,0.060384,0,0,0,0,0.38579,0.25044,0.18603,0.25017,0.39245,0.33732,0.25898,0.23193,0.30636,0.244,0.37182,0.33451,0.14194,0.13391,0.36637,0.28102,0,0,0.23096,0.34892,0.018182,0.069328,0.25331,0.39038,0,0.040405,0.1975,0.21451,0.18449,0.18902,0.19111,0.056864,0.28758,0.26578,0.34787,0.38443,0,0.1549,0.41448,0.16552,0.16438,0.036433,0.35047,0.33951,0.15753,0.017828,0.35906,0.32709,0.41834,0.27784,0.35584,0.16324,0,0,0.095001,0,0.29205,0.23874,0.18449,0.17304,0.17258,0.04987,0.21063,0.074755,0,0,0,0.058357,0.33802,0.29897,0.23583,0.25568,0.17736,0.049458
0.61502,0.38143,0.38378,0.2806,0.28363,0,0.46726,0.21462,0.37922,0.027533,0.82814,0.52549,1,0.56593,0.57701,0.35689,0.43636,0.307,0.50974,0.41471,0.16825,0.045168,0.26049,0.26462,0.083244,0,0,0,0.30801,0.11894,0.20369,0.11848,0.26549,0.23962,0.13803,0.11999,0.14727,0.10894,0.0051476,0,0.20648,0,0.25692,0.16509,0.11484,0.15761,0.35718,0.26643,0.33344,0.32761,0.37669,0.23641,0.45525,0.30256,0.18436,0.14474,0.38246,0.34648,0.36645,0.20136,0.54981,0.28362,0.37425,0.34762,0.32825,0.14897,0.10011,0.039975,0.25753,0.2471,0.30314,0.37213,0.35275,0.2138,0.38227,0.3521,0.50755,0.43969,0,0.28249,0.43912,0.30686,0.27517,0.15295,0.34395,0.21844,0.23903,0.064192,0.48377,0.25203,0.29691,0.41693,0.13361,0.31969,0,0,0.069146,0,0.2971,0.27745,0.13584,0.36735,0.18118,0.24672,0.11901,0.16467,0,0,0,0,0.23055,0.32668,0.23006,0.22733,0.079173,0.019053
0.20123,0.42868,0,0.20545,0,0.084611,0.1997,0.46524,0.074181,0.15954,0.37535,0.65903,0.56593,1,0.15768,0.55378,0.37014,0.27886,0.11794,0.23899,0.14437,0.19611,0,0.010819,0,0,0,0,0.17483,0.27823,0,0.073273,0.17513,0.21801,0,0.019426,0.11327,0.19863,0,0,0.1117,0,0.3189,0.35208,0.090791,0.24328,0.38219,0.27071,0.24762,0.33376,0.27958,0.26688,0.41884,0.21776,0.2216,0.23551,0.30917,0.26716,0.20142,0.22832,0.31274,0.45542,0.25385,0.33275,0,0.082469,0,0.064203,0.13255,0.20948,0.27631,0.31888,0.26021,0.28686,0.28069,0.29942,0.37071,0.41488,0.15675,0.10328,0.36232,0.21691,0.040909,0.07297,0.063948,0.20981,0.015367,0,0.23243,0.27496,0.34416,0.10166,0.3345,0.055315,0,0,0.02762,0,0.3787,0.22005,0.1829,0.20998,0.16872,0.17632,0.17186,0.079034,0.042869,0.049027,0,0,0.26988,0.24498,0.28256,0.1844,0.076799,0.046692
0.55668,0.13294,0.48346,0.31601,0.47922,0.17547,0.33305,0,0.63758,0.33609,0.61361,0.35178,0.57701,0.15768,1,0.47835,0.18163,0.14537,0.67977,0.43125,0,0,0.45068,0.40825,0.25303,0.21728,0.24766,0.18806,0.34654,0,0.20989,0.043943,0.083461,0,0.32498,0.21839,0.23268,0.21374,0.15785,0.22266,0.22545,0.091198,0.15013,0,0.21414,0.11062,0.23575,0.22639,0.28245,0.14792,0.30004,0.1698,0.39583,0.35451,0.23651,0.23197,0.28919,0.38572,0.29839,0.20139,0.29779,0.073764,0.061397,0.078168,0.59462,0.25656,0.16535,0.073224,0.39999,0.36552,0,0.11462,0.070189,0,0.15477,0.16063,0.27411,0.29132,0.1258,0.064383,0.42231,0.38621,0.64242,0.37188,0.65834,0.42603,0.32659,0.46641,0.48054,0.32505,0.29854,0.4573,0.096645,0.46571,0.17185,0.095948,0.11517,0.09679,0.28074,0.32751,0.077076,0.4567,0.23166,0.34534,0.22107,0.079519,0.20891,0.11777,0.11455,0.10987,0.036913,0.23945,0.15795,0.24216,0.1116,0
0.30151,0.26247,0.24075,0.34172,0.32151,0.25089,0.27248,0.20159,0.39319,0.51774,0.2579,0.56401,0.35689,0.55378,0.47835,1,0.32528,0.20231,0.33981,0.35483,0.17032,0.26912,0.20605,0.36438,0.16209,0.16834,0.11115,0.037982,0.25286,0.21253,0.12266,0.19721,0.18502,0.20203,0.27202,0.24092,0.1957,0.36104,0.1192,0.10419,0.067611,0.04407,0.34816,0.28439,0.38013,0.38322,0.42971,0.3277,0.37729,0.29723,0.41881,0.30798,0.43075,0.29317,0.32121,0.33807,0.29937,0.29355,0.17306,0.18647,0.24582,0.26701,0.12891,0.15883,0.29805,0.30065,0.20632,0.23697,0.28622,0.20334,0.103,0.2869,0.15912,0.11496,0.2874,0.2847,0.36375,0.51043,0.10019,0.18251,0.41864,0.3796,0.33589,0.3291,0.39584,0.46279,0.33772,0.26726,0.32263,0.42271,0.41229,0.26819,0.41384,0.34642,0,0,0.20822,0,0.45996,0.31948,0.099155,0.34434,0.19409,0.23331,0.181,0.11618,0.12086,0,0,0,0.28031,0.30375,0.27247,0.31783,0.14797,0.023752
0.32088,0.29493,0,0,0.13557,0.072302,0.0066925,0,0.13035,0.047913,0.47958,0.32729,0.43636,0.37014,0.18163,0.32528,1,0.69512,0.16124,0.35224,0.22129,0.24358,0,0.01139,0,0,0,0,0.37967,0.44091,0.040223,0,0.18104,0.11347,0,0,0.24015,0.23336,0.046562,0.011952,0.18753,0.14438,0.15815,0.25773,0.081776,0.15284,0.35711,0.23545,0.32168,0.31694,0.13353,0.15378,0.21163,0.20529,0.18035,0.18773,0.5609,0.41482,0.25948,0.21432,0.29096,0.15109,0.46181,0.40075,0,0,0,0,0.26145,0.1776,0.044252,0.081643,0.3594,0.3865,0.29314,0.36991,0.29067,0.33282,0.26212,0.50335,0.54901,0.48806,0.06842,0.096059,0.22346,0.29498,0.15765,0.021698,0.1805,0.13365,0.22862,0.085331,0,0.059027,0,0,0.13676,0,0.33447,0.29027,0.1317,0.085736,0.16822,0.096203,0,0,0.046871,0,0,0,0.17302,0.21884,0.041415,0.014127,0,0.045331
0.21283,0.37176,0,0,0.047475,0,0,0,0.024228,0,0.295,0.1977,0.307,0.27886,0.14537,0.20231,0.69512,1,0.14446,0.33555,0.13659,0.14574,0,0,0,0,0,0,0.3538,0.58097,0,0,0.32326,0.17383,0,0,0,0.10425,0,0,0.12297,0.085625,0.066915,0.13299,0,0.054944,0.26414,0.14655,0.25112,0.18711,0,0,0.054905,0,0.050761,0.093022,0.43498,0.44265,0.26024,0.2953,0.18344,0.11899,0.45274,0.47288,0,0,0,0,0.3378,0.21556,0,0.03108,0.36756,0.43429,0.26146,0.21569,0.11269,0.099842,0.24683,0.49184,0.51315,0.58428,0.099338,0.15999,0.18658,0.22639,0.048578,0,0.02737,0,0.10363,0,0,0,0,0,0.081265,0.0049665,0.32092,0.20913,0.24879,0.084009,0.26538,0.2079,0.0071353,0.017593,0,0.0511,0,0.061583,0.097062,0.31378,0.10409,0.060884,0,0.060975
0.7913,0.38233,0.64408,0.56013,0.44231,0.066688,0.59811,0.19386,0.47019,0.21526,0.57705,0.40301,0.50974,0.11794,0.67977,0.33981,0.16124,0.14446,1,0.78461,0,0,0.47247,0.44992,0.22849,0.19034,0.22691,0.1846,0.32974,0,0.30734,0.14063,0.38873,0.31827,0.44127,0.41728,0.18315,0.22305,0.21738,0.30703,0.30461,0.096984,0.42679,0.15509,0.35384,0.29538,0.38965,0.40179,0.41785,0.23786,0.37064,0.27352,0.46743,0.43476,0.3737,0.37835,0.49822,0.47123,0.30861,0.27772,0.35718,0.16996,0.046836,0.15968,0.44782,0.29143,0.33908,0.29657,0.56848,0.44292,0.050269,0.14906,0.40395,0.068519,0.38895,0.27181,0.44738,0.38328,0.052333,0.019594,0.51421,0.42607,0.64136,0.38593,0.73188,0.45389,0.32112,0.50701,0.60286,0.46219,0.43625,0.59161,0.31998,0.51718,0.30142,0.18126,0.29036,0.23096,0.45854,0.49534,0.05599,0.51796,0.21283,0.37319,0.22523,0.06214,0.14068,0.017475,0.16986,0.26934,0.18532,0.4206,0.28509,0.38942,0.34343,0
0.71994,0.61596,0.38905,0.47862,0.37663,0.1608,0.52388,0.29001,0.41363,0.25133,0.42259,0.34472,0.41471,0.23899,0.43125,0.35483,0.35224,0.33555,0.78461,1,0,0,0.23634,0.28409,0.12789,0.18023,0.19627,0.18152,0.39309,0.11926,0.29745,0.18283,0.60687,0.54077,0.30865,0.3925,0.2035,0.2554,0.26341,0.36528,0.40543,0.21664,0.4332,0.28642,0.36437,0.38344,0.45509,0.44488,0.43847,0.31975,0.29434,0.25947,0.48006,0.32804,0.49716,0.47913,0.68726,0.63995,0.49509,0.48598,0.45257,0.32219,0.28186,0.41057,0.21857,0.19291,0.41738,0.4,0.76231,0.55978,0.075257,0.15983,0.5272,0.35642,0.39481,0.30655,0.53818,0.45172,0.17922,0.011567,0.58606,0.53201,0.5452,0.39211,0.62176,0.48022,0.2197,0.41817,0.56693,0.43072,0.4885,0.30358,0.35498,0.33491,0.32074,0.21169,0.36812,0.30945,0.63749,0.5647,0.17232,0.48542,0.3323,0.44474,0.32119,0.094258,0.26173,0.1613,0.24767,0.32154,0.19378,0.43785,0.3686,0.39437,0.34824,0.02255
0.020935,0.020454,0.082784,0,0.17932,0.0056861,0.11157,0.01769,0.095594,0,0.098667,0.10291,0.16825,0.14437,0,0.17032,0.22129,0.13659,0,0,1,0.814,0.1055,0.090741,0.24038,0.020706,0.00024036,0,0,0.020462,0.34179,0.4356,0.15669,0.27831,0.15705,0.18704,0,0,0,0,0,0,0.063716,0.198,0.22315,0.33882,0.21327,0.16379,0.23928,0.1433,0.16792,0.060705,0.047902,0,0,0,0.052195,0.030049,0.11156,0.05284,0.13597,0.070706,0.19601,0.053546,0.098391,0.14075,0.19648,0.2399,0.00031828,0,0.51332,0.52296,0.24201,0.27415,0.37762,0.33313,0.24486,0.2401,0,0.33612,0.17008,0.12321,0,0,0,0.07441,0.24271,0,0.059775,0.015638,0,0.037411,0.029357,0.094485,0,0,0,0,0.0092949,0,0.16081,0.065152,0.081597,0.021661,0,0.062759,0,0,0,0,0.45029,0.14579,0.11381,0.14582,0,0
0,0,0.01436,0.017502,0.17891,0.02061,0.036762,0.093266,0.059492,0.092662,0,0.17325,0.045168,0.19611,0,0.26912,0.24358,0.14574,0,0,0.814,1,0,0.049156,0.248,0.10256,0,0,0,0.045739,0.25748,0.29336,0.063741,0.15889,0.088514,0.13897,0,0.10437,0,0,0,0,0.13634,0.26588,0.25318,0.38674,0.2461,0.22872,0.2433,0.19546,0.21774,0.17356,0.082131,0.0094028,0,0,0.023189,0,0,0.039189,0.022678,0.054459,0.18196,0.031144,0.046612,0.17801,0.11088,0.21063,0,0,0.51188,0.49157,0.2142,0.26253,0.30476,0.31038,0.2354,0.33334,0,0.23523,0.1214,0.079214,0,0,0,0.11847,0.218,0,0.014993,0.087833,0.085739,0,0.18402,0.12845,0,0,0,0,0.10347,0,0.14469,0.026439,0.10601,0.034811,0,0.058966,0,0,0,0,0.45237,0.12392,0.048536,0.045717,0,0
0.39902,0,0.7705,0.32049,0.38996,0.24275,0.37976,0,0.4029,0.18287,0.27701,0.050197,0.26049,0,0.45068,0.20605,0,0,0.47247,0.23634,0.1055,0,1,0.79923,0.72861,0.4695,0.38405,0.18635,0,0,0.60037,0.55174,0.19981,0.14423,0.75992,0.62072,0.30019,0.19011,0.36945,0.22662,0.20973,0.051408,0.1891,0.060431,0.46642,0.37313,0.20494,0.25748,0.33084,0.17047,0.547,0.29784,0.29997,0.42098,0.25954,0.16972,0.15897,0.12967,0.075549,0,0.072093,0,0,0,0.68147,0.37628,0.45088,0.3484,0.22755,0.2363,0.12059,0.34075,0.13287,0,0.22953,0.19236,0.35051,0.3553,0,0.03611,0.094934,0.24753,0.25028,0.21944,0.40239,0.24161,0.4427,0.54004,0.36583,0.19054,0.084578,0.48867,0.15571,0.58577,0.027822,0,0.24288,0.037866,0.15752,0.1044,0,0.33668,0.099203,0.30419,0.09284,0.26244,0,0,0.090796,0,0.26144,0.20896,0.13323,0.42794,0.20015,0
0.4233,0,0.75225,0.66112,0.42299,0.23299,0.41128,0.030754,0.388,0.28004,0.30086,0.30407,0.26462,0.010819,0.40825,0.36438,0.01139,0,0.44992,0.28409,0.090741,0.049156,0.79923,1,0.70409,0.52169,0.33422,0.1463,0,0,0.50306,0.49596,0.1795,0.14104,0.76748,0.65849,0.14391,0.17113,0.18486,0.13916,0,0,0.35513,0.13404,0.49419,0.41788,0.33862,0.41588,0.39892,0.24217,0.59694,0.42245,0.36661,0.51772,0.26282,0.21596,0.27716,0.17444,0,0,0.02237,0,0,0,0.66719,0.50927,0.39166,0.37624,0.21337,0.21025,0.093707,0.24618,0.078786,0,0.22706,0.22299,0.41006,0.41642,0,0.16534,0.14527,0.23398,0.1637,0.14434,0.42665,0.36098,0.34084,0.45453,0.34323,0.30722,0.18774,0.50278,0.23692,0.51145,0,0,0.21924,0,0.16858,0.17621,0,0.19018,0.054677,0.16459,0.14284,0.19233,0,0,0,0.0087375,0.33658,0.27094,0.14597,0.47627,0.28412,0
0.17806,0,0.69406,0.41405,0.41094,0.29793,0.36378,0,0.35693,0.27763,0.12393,0.032457,0.083244,0,0.25303,0.16209,0,0,0.22849,0.12789,0.24038,0.248,0.72861,0.70409,1,0.82211,0.55086,0.37697,0,0,0.64528,0.58343,0.12615,0.12314,0.729,0.60013,0.25601,0.28448,0.21989,0.24641,0.094141,0.023118,0.28243,0.14835,0.55999,0.42056,0.17534,0.34839,0.22043,0.09165,0.50814,0.32947,0.213,0.33524,0.25462,0.14903,0.045467,0.036612,0,0,0,0,0,0,0.50176,0.36299,0.52084,0.47727,0.1954,0.17753,0.22476,0.34145,0.053806,0,0.1548,0.20258,0.29642,0.3077,0.022438,0.0026279,0.016024,0.149,0.058621,0,0.24791,0.14138,0.27103,0.36462,0.3234,0.20332,0.046777,0.30009,0.13864,0.46341,0,0,0.16739,0,0.077011,0.025618,0,0.25972,0.078141,0.24144,0.15856,0.12411,0.076992,0,0,0,0.37942,0.088821,0.0018207,0.36903,0.16578,0
0.071786,0,0.51971,0.40214,0.3295,0.35173,0.2821,0.079109,0.26053,0.31087,0.013906,0.0021324,0,0,0.21728,0.16834,0,0,0.19034,0.18023,0.020706,0.10256,0.4695,0.52169,0.82211,1,0.58791,0.52825,0.15692,0,0.50663,0.4459,0.11615,0.081441,0.52297,0.46759,0.28254,0.40781,0.13818,0.38669,0.19777,0.19947,0.3369,0.16875,0.49963,0.3171,0.1364,0.34024,0.10999,0.041899,0.34188,0.28796,0.12661,0.31201,0.25176,0.21114,0,0,0,0,0,0,0,0,0.28525,0.24352,0.3966,0.40343,0.16164,0.15424,0.010617,0.097621,0.13653,0.0070877,0.11247,0.10946,0.16285,0.22107,0.28912,0,0.05648,0.22597,0.11584,0,0.21091,0.1626,0.00034363,0.34192,0.19027,0.229,0.060549,0.2234,0.17612,0.35671,0.19321,0.065147,0.15018,0.12478,0.12189,0.096142,0,0.21652,0.030495,0.23947,0.2395,0,0.25828,0.12606,0.11646,0.13226,0.27727,0.062349,0,0.35881,0.29687,0
0.21,0.11847,0.48825,0.24134,0.34808,0.51528,0.33766,0.079032,0.33975,0.24129,0.051815,0,0,0,0.24766,0.11115,0,0,0.22691,0.19627,0.00024036,0,0.38405,0.33422,0.55086,0.58791,1,0.89411,0.085939,0,0.35592,0.33194,0.19486,0.17512,0.49825,0.46404,0.10967,0.18104,0.16583,0.24274,0.15074,0,0.31243,0.1597,0.37318,0.206,0.24641,0.3342,0.047972,0,0.28314,0.12751,0.15052,0.26188,0.27139,0.11766,0.065842,0.22499,0.16815,0.19504,0.079977,0,0,0,0.40091,0.18295,0.50217,0.4323,0.28958,0.36793,0.021709,0.16336,0.007278,0,0,0.030357,0.1028,0.067479,0.19948,0,0.1039,0.2475,0.19028,0.10792,0.21085,0.18893,0,0.26522,0.29904,0.16045,0,0.097556,0.095284,0.20445,0.36821,0.24266,0.29644,0.28711,0.20483,0.12566,0.031888,0.2856,0.14938,0.33917,0.31945,0.12481,0.27061,0.20216,0.36865,0.25152,0.21623,0.18107,0.18212,0.26146,0.23617,0
0.11544,0.069718,0.32718,0.1793,0.209,0.40653,0.22896,0.070763,0.27397,0.20175,0,0,0,0,0.18806,0.037982,0,0,0.1846,0.18152,0,0,0.18635,0.1463,0.37697,0.52825,0.89411,1,0.17912,0,0.20124,0.14457,0.10786,0.050118,0.34231,0.35218,0.1079,0.19239,0.15873,0.33927,0.24301,0.10225,0.24057,0.079409,0.28708,0.12504,0.11625,0.25131,0,0,0.12937,0.047668,0.031471,0.14076,0.25205,0.13165,0,0.15281,0.14498,0.2059,0.05584,0,0,0,0.23878,0.094304,0.41068,0.36412,0.27436,0.35356,0,0.035561,0.062192,0,0,0,0,0,0.33952,0,0.057773,0.18092,0.23237,0.085149,0.22584,0.19381,0,0.27661,0.26484,0.16177,0,0.049179,0.10956,0.11644,0.54401,0.35835,0.26426,0.39676,0.18066,0.14054,0.032251,0.27811,0.15997,0.34942,0.35424,0.048551,0.43203,0.31216,0.45206,0.36172,0.059815,0.084394,0.13644,0.21682,0.31921,0
0.22716,0.26299,0.036275,0,0.032981,0.0093526,0.14173,0,0.075743,0.067802,0.27038,0.056737,0.30801,0.17483,0.34654,0.25286,0.37967,0.3538,0.32974,0.39309,0,0,0,0,0,0.15692,0.085939,0.17912,1,0.6596,0.011329,0,0.25597,0.12012,0,0,0.31866,0.383,0.090315,0.32671,0.41485,0.35478,0.29,0.2307,0.10261,0,0.16788,0.11186,0.14969,0.13585,0.062108,0.060582,0.1997,0.091033,0.32189,0.30611,0.086004,0.16967,0.37885,0.29021,0.23159,0.088598,0.32369,0.32481,0,0,0.073787,0,0.17724,0.11344,0,0,0.36395,0.24351,0.1375,0.17777,0.030973,0.03352,0.46087,0.22198,0.42982,0.49058,0.56641,0.43552,0.18015,0.11515,0.027547,0.2324,0.19207,0.17334,0.17631,0.095446,0.0046052,0.13238,0.47553,0.42407,0.30569,0.4758,0.26309,0.2974,0.024132,0.23316,0.17515,0.30094,0.25919,0.12541,0.47801,0.29276,0.22441,0.38622,0,0.0037937,0.061393,0.11141,0.25198,0.24434
0,0.31204,0,0,0,0,0,0,0,0,0.066431,0.078999,0.11894,0.27823,0,0.21253,0.44091,0.58097,0,0.11926,0.020462,0.045739,0,0,0,0,0,0,0.6596,1,0,0,0.17744,0.14551,0,0,0.061931,0.17324,0,0,0.11738,0.18292,0.1516,0.23015,0,0,0.13908,0,0.024806,0.053831,0,0,0,0,0.0071347,0.029051,0.037552,0.14029,0.1518,0.21466,0.10532,0.20355,0.33611,0.44235,0,0,0,0,0.039646,0,0,0,0.22091,0.42428,0.059111,0.16819,0,0,0.29297,0.48822,0.39662,0.45234,0.16861,0.28465,0,0,0,0,0,0,0.059052,0,0,0,0.17255,0.24096,0.17787,0.2611,0.12344,0.074005,0.091997,0,0.082414,0.048326,0.1398,0.01168,0.11276,0.088627,0.106,0.21344,0,0.091377,0.070305,0,0.051175,0.26746
0.34719,0.031365,0.58768,0.26217,0.504,0.32328,0.44914,0.017739,0.33546,0.14378,0.18394,0.010367,0.20369,0,0.20989,0.12266,0.040223,0,0.30734,0.29745,0.34179,0.25748,0.60037,0.50306,0.64528,0.50663,0.35592,0.20124,0.011329,0,1,0.86068,0.53232,0.45751,0.60781,0.57257,0.20525,0.16667,0.11942,0.035198,0.04838,0,0.13654,0.001247,0.39919,0.34129,0.2287,0.25284,0.18392,0.054336,0.23448,0.11094,0.12839,0.16373,0.11816,0.012509,0.28303,0.31192,0.22053,0.14729,0.2715,0.03206,0.1271,0.11598,0.45083,0.36381,0.56891,0.50156,0.33922,0.29431,0.30756,0.43426,0.38647,0.24304,0.31583,0.34806,0.47086,0.37701,0,0.12621,0.13518,0.29172,0.02431,0,0.2099,0.071238,0.23418,0.19129,0.27818,0.058753,0.072031,0.19497,0.03302,0.25949,0,0,0.080329,0,0.1335,0.092368,0.14474,0.34935,0.2332,0.29749,0.083834,0.17817,0,0.013185,0,0,0.42067,0.23055,0.12044,0.33687,0.072773,0
0.22242,0.044914,0.49301,0.24705,0.37218,0.33306,0.41779,0.14831,0.23601,0.13552,0.045832,0.047974,0.11848,0.073273,0.043943,0.19721,0,0,0.14063,0.18283,0.4356,0.29336,0.55174,0.49596,0.58343,0.4459,0.33194,0.14457,0,0,0.86068,1,0.48799,0.52481,0.58281,0.61574,0.1975,0.14966,0.15169,0,0.041147,0,0.1692,0.11324,0.40044,0.40184,0.29025,0.26604,0.18887,0.10373,0.26471,0.17729,0.098752,0.1238,0.088096,0.015451,0.22292,0.20894,0.15584,0.11586,0.23562,0.12819,0.094998,0.091234,0.39629,0.42248,0.54104,0.54691,0.23545,0.2412,0.39217,0.47797,0.32358,0.2416,0.3467,0.36541,0.41153,0.38497,0,0.084709,0.084693,0.23874,0,0,0.069557,0.070773,0.26181,0.11748,0.17766,0.069928,0.10348,0.12971,0.12642,0.23024,0,0,0.1199,0,0.14242,0,0.12355,0.33626,0.16303,0.21773,0.059686,0.13572,0,0,0,0,0.46367,0.23584,0.24194,0.34593,0,0
0.52728,0.52615,0.33017,0.24598,0.3448,0.21671,0.51671,0.215,0.24715,0.091796,0.14974,0.0084841,0.26549,0.17513,0.083461,0.18502,0.18104,0.32326,0.38873,0.60687,0.15669,0.063741,0.19981,0.1795,0.12615,0.11615,0.19486,0.10786,0.25597,0.17744,0.53232,0.48799,1,0.88402,0.28778,0.40836,0.01436,0.12694,0.03416,0.037354,0.15502,0,0.26002,0.15734,0.26988,0.36488,0.38235,0.35073,0.35828,0.29762,0.2248,0.2691,0.26519,0.12549,0.30736,0.24506,0.56088,0.57234,0.5519,0.55606,0.47262,0.3814,0.37091,0.53457,0.11564,0.19756,0.60016,0.58767,0.61383,0.46562,0.22946,0.361,0.49401,0.4778,0.38878,0.28463,0.55876,0.3656,0.039026,0.15175,0.41,0.5258,0.21475,0.30635,0.27373,0.25954,0.20756,0.15739,0.32445,0.14707,0.31284,0.10279,0.25924,0.10384,0.10489,0.049446,0.28215,0.11496,0.48158,0.43148,0.32586,0.40743,0.40391,0.40581,0.25122,0.24422,0,0.11993,0.16027,0.20112,0.33604,0.48927,0.48226,0.39767,0.21068,0.1046
0.46632,0.57963,0.29976,0.29632,0.31505,0.2324,0.53475,0.41184,0.17075,0.096696,0.11905,0.094949,0.23962,0.21801,0,0.20203,0.11347,0.17383,0.31827,0.54077,0.27831,0.15889,0.14423,0.14104,0.12314,0.081441,0.17512,0.050118,0.12012,0.14551,0.45751,0.52481,0.88402,1,0.28821,0.43724,0,0.065015,0.043599,0,0.075598,0,0.34832,0.32504,0.32608,0.47796,0.46509,0.39468,0.36178,0.31876,0.23576,0.2922,0.32268,0.15361,0.26695,0.22989,0.50426,0.50589,0.46992,0.51739,0.47367,0.49291,0.31728,0.49907,0.11521,0.30474,0.56894,0.62096,0.52289,0.41045,0.31885,0.4069,0.44313,0.47047,0.42307,0.3509,0.545,0.37048,0,0.1185,0.39154,0.43029,0.11353,0.28411,0.19035,0.23107,0.23708,0.094969,0.33996,0.23242,0.40202,0.078973,0.27668,0.098628,0,0.0035508,0.31605,0.055183,0.46271,0.37472,0.27772,0.38261,0.31297,0.2807,0.21148,0.16385,0,0.042966,0.083431,0.064323,0.36635,0.50891,0.5412,0.31549,0.098617,0.1434
0.40813,0.015727,0.75153,0.53091,0.4461,0.30619,0.48702,0.027087,0.42228,0.32344,0.2157,0.19558,0.13803,0,0.32498,0.27202,0,0,0.44127,0.30865,0.15705,0.088514,0.75992,0.76748,0.729,0.52297,0.49825,0.34231,0,0,0.60781,0.58281,0.28778,0.28821,1,0.87607,0.16403,0.1729,0.25715,0.19265,0.039089,0,0.30702,0.10613,0.61358,0.48126,0.2591,0.40772,0.33116,0.12572,0.51901,0.29745,0.27364,0.3856,0.31133,0.16228,0.25992,0.27829,0.12096,0.032682,0.19744,0,0,0,0.71083,0.56277,0.64454,0.58392,0.3454,0.36159,0.11711,0.35652,0.1102,0,0.19242,0.12274,0.39361,0.35515,0,0.053503,0.18349,0.28354,0.15078,0.13716,0.46759,0.38076,0.32644,0.47731,0.45632,0.30066,0.17019,0.4121,0.19953,0.43407,0.032177,0,0.28733,0.011145,0.21854,0.18507,0.01002,0.32543,0.15936,0.28114,0.22786,0.25393,0.073979,0.029004,0.053921,0,0.41201,0.29607,0.21054,0.43549,0.27851,0
0.41984,0.13504,0.65075,0.56021,0.41047,0.28885,0.51827,0.17947,0.40386,0.28279,0.17983,0.18352,0.11999,0.019426,0.21839,0.24092,0,0,0.41728,0.3925,0.18704,0.13897,0.62072,0.65849,0.60013,0.46759,0.46404,0.35218,0,0,0.57257,0.61574,0.40836,0.43724,0.87607,1,0.092219,0.11448,0.19416,0.1269,0.057577,0,0.36357,0.18184,0.57152,0.53279,0.33091,0.48677,0.33483,0.17074,0.45475,0.28501,0.26541,0.34291,0.27161,0.14594,0.33637,0.3335,0.19669,0.12232,0.29491,0.13402,0,0,0.641,0.62563,0.63135,0.67151,0.42969,0.48753,0.28384,0.41606,0.21055,0.069748,0.2891,0.1835,0.4882,0.44987,0.034203,0.011513,0.20852,0.32267,0.07117,0.081173,0.43815,0.41314,0.28187,0.39469,0.41976,0.3183,0.25319,0.39449,0.31497,0.38844,0.058633,0,0.24893,0,0.28219,0.20089,0.084615,0.3916,0.24092,0.3338,0.31116,0.23388,0.043991,0.10582,0.12946,0.055984,0.50124,0.37543,0.35621,0.51925,0.32572,0
0.1246,0,0.19188,0,0.047227,0.035594,0.086316,0,0.13602,0.088492,0.073434,0,0.14727,0.11327,0.23268,0.1957,0.24015,0,0.18315,0.2035,0,0,0.30019,0.14391,0.25601,0.28254,0.10967,0.1079,0.31866,0.061931,0.20525,0.1975,0.01436,0,0.16403,0.092219,1,0.72992,0.62411,0.61093,0.55146,0.52783,0.21325,0.28528,0.35706,0.2308,0.21258,0.18303,0.23936,0.15801,0.3012,0.23339,0.25781,0.22218,0.41067,0.34884,0.0068189,0,0.14479,0.053719,0.058077,0,0.14323,0.096665,0.1126,0,0.17068,0.10348,0.13735,0,0,0.06369,0.19027,0.0086621,0.23461,0.20652,0.11297,0.2388,0.32942,0,0.20181,0.26658,0.27092,0.22278,0.2712,0.26014,0.16174,0.3565,0.24081,0.19498,0.20309,0.21366,0.05465,0.29154,0.14551,0.068622,0.23784,0.15683,0.26631,0.24746,0.0046929,0.13714,0.11143,0.22289,0.059662,0,0.35326,0.14384,0.069357,0.02475,0.011992,0,0.023597,0.081873,0.007091,0
0.15106,0.070146,0.26791,0.15898,0.15163,0.026349,0.2363,0.016305,0.1262,0.11822,0,0.060384,0.10894,0.19863,0.21374,0.36104,0.23336,0.10425,0.22305,0.2554,0,0.10437,0.19011,0.17113,0.28448,0.40781,0.18104,0.19239,0.383,0.17324,0.16667,0.14966,0.12694,0.065015,0.1729,0.11448,0.72992,1,0.43612,0.65096,0.37471,0.55191,0.40064,0.38427,0.45524,0.29749,0.36889,0.37464,0.31473,0.1964,0.39637,0.35178,0.33782,0.30645,0.48129,0.55086,0.074335,0.071528,0.11472,0.1785,0.04911,0,0.10382,0.16985,0.087827,0,0.19417,0.18618,0.22154,0.039602,0,0.06395,0.14484,0,0.2338,0.2031,0.15067,0.30841,0.34238,0,0.34132,0.40758,0.32722,0.26419,0.34111,0.32401,0.11974,0.36191,0.26333,0.31895,0.3085,0.23576,0.25311,0.30928,0.19256,0.083612,0.33455,0.17011,0.4453,0.39623,0,0.17826,0.13368,0.25065,0.065621,0,0.35115,0.074268,0.0013831,0.065873,0.14306,0.13109,0.10808,0.15588,0.12152,0
0.1736,0.11605,0.22314,0.0030999,0.021575,0.0994,0.055529,0,0.14263,0.1803,0.011049,0,0.0051476,0,0.15785,0.1192,0.046562,0,0.21738,0.26341,0,0,0.36945,0.18486,0.21989,0.13818,0.16583,0.15873,0.090315,0,0.11942,0.15169,0.03416,0.043599,0.25715,0.19416,0.62411,0.43612,1,0.76068,0.57722,0.54672,0.080636,0.14936,0.21082,0.15691,0.10255,0.050775,0.13008,0.11903,0.22147,0.21017,0.32381,0.2425,0.56391,0.50769,0.15753,0.11205,0.17208,0.15749,0.12204,0,0.018367,0.089678,0.22033,0.082717,0.21031,0.1487,0.22445,0.19598,0,0.071393,0.038368,0,0.058973,0.010061,0.13245,0.21055,0.22446,0,0.032905,0.14354,0.4161,0.4309,0.25421,0.20724,0.40596,0.62874,0.38052,0.29016,0.26869,0.19123,0.12487,0.29825,0.33858,0.35192,0.54347,0.42705,0.32795,0.30137,0.016904,0.2135,0.16805,0.20987,0.11774,0.1613,0.48845,0.32158,0.20827,0.020788,0,0,0.18331,0.022233,0.065603,0.27347
0.14525,0.10953,0.23168,0.14373,0,0.010851,0.079079,0,0.074967,0.11986,0,0,0,0,0.22266,0.10419,0.011952,0,0.30703,0.36528,0,0,0.22662,0.13916,0.24641,0.38669,0.24274,0.33927,0.32671,0,0.035198,0,0.037354,0,0.19265,0.1269,0.61093,0.65096,0.76068,1,0.6273,0.73454,0.24662,0.19206,0.28571,0.12309,0.11523,0.18512,0.11137,0.070463,0.20512,0.2405,0.27946,0.23328,0.61673,0.65927,0.12834,0.14717,0.17703,0.2714,0,0,0,0.045747,0.056232,0,0.23476,0.18313,0.31784,0.22456,0,0,0.057026,0,0.042074,0,0.0017995,0.093757,0.40698,0,0.16849,0.29089,0.56977,0.48905,0.37649,0.28108,0.18794,0.70357,0.4131,0.37674,0.36333,0.18191,0.17345,0.2726,0.60556,0.54256,0.49741,0.58586,0.43536,0.44845,0,0.2437,0.15908,0.30016,0.24772,0.0020129,0.6589,0.37861,0.37721,0.28092,0,0,0.11202,0.11449,0.2663,0.11308
0.20493,0.26678,0.10573,0,0,0,0.063864,0,0.17054,0.037544,0.16453,0,0.20648,0.1117,0.22545,0.067611,0.18753,0.12297,0.30461,0.40543,0,0,0.20973,0,0.094141,0.19777,0.15074,0.24301,0.41485,0.11738,0.04838,0.041147,0.15502,0.075598,0.039089,0.057577,0.55146,0.37471,0.57722,0.6273,1,0.63055,0.061198,0.087704,0.13476,0.031074,0.0017897,0.042884,0.078092,0.079097,0.12205,0.083292,0.12482,0.033671,0.40161,0.36979,0.16397,0.17026,0.35265,0.28556,0.20512,0.038123,0.16787,0.19124,0,0,0.18849,0.083972,0.28886,0.23255,0,0,0.40699,0.17368,0.27038,0.081487,0.1378,0.16268,0.5545,0,0.26175,0.33122,0.4533,0.3803,0.25984,0.21529,0.15844,0.466,0.30213,0.082611,0.19988,0.16036,0.083578,0.16747,0.46948,0.3584,0.31438,0.43149,0.35934,0.2451,0.093504,0.32516,0.22022,0.36728,0.21751,0.071028,0.54805,0.45432,0.40874,0.18025,0,0,0.040912,0.10285,0.16887,0.067642
0,0.11209,0,0,0,0,0,0,0,0,0,0,0,0,0.091198,0.04407,0.14438,0.085625,0.096984,0.21664,0,0,0.051408,0,0.023118,0.19947,0,0.10225,0.35478,0.18292,0,0,0,0,0,0,0.52783,0.55191,0.54672,0.73454,0.63055,1,0.1318,0.14197,0.095363,0.0055661,0.038712,0.014656,0.071196,0.097296,0.10025,0.15818,0.15129,0.070285,0.41722,0.53714,0.018097,0,0.085288,0.19411,0,0,0.024018,0.10506,0,0,0.0098221,0,0.11799,0.026636,0,0,0.099517,0.080908,0.10374,0.043305,0,0.079383,0.37388,0,0.10242,0.2414,0.40401,0.41277,0.13742,0.10277,0.0060161,0.37729,0.16107,0.16632,0.24641,0.0068231,0.094198,0.057532,0.42961,0.38671,0.32317,0.43872,0.28077,0.21967,0,0.099329,0.09873,0.14358,0.10689,0,0.47268,0.29819,0.23214,0.11676,0,0,0.012738,0,0.099218,0.12824
0.38653,0.31021,0.46847,0.57736,0.044969,0.048507,0.52018,0.42477,0,0.012297,0.23768,0.38579,0.25692,0.3189,0.15013,0.34816,0.15815,0.066915,0.42679,0.4332,0.063716,0.13634,0.1891,0.35513,0.28243,0.3369,0.31243,0.24057,0.29,0.1516,0.13654,0.1692,0.26002,0.34832,0.30702,0.36357,0.21325,0.40064,0.080636,0.24662,0.061198,0.1318,1,0.82378,0.61433,0.57566,0.75595,0.77839,0.58615,0.49793,0.64953,0.58443,0.57858,0.57412,0.44804,0.49768,0.25539,0.17831,0.14728,0.15659,0.15334,0.14007,0,0.06535,0.1769,0.22179,0.31467,0.38955,0.27106,0.21012,0.077486,0.084495,0.23937,0.093267,0.27512,0.30445,0.36403,0.39485,0.063569,0.047611,0.35692,0.38531,0.22747,0.22931,0.3472,0.41205,0.038256,0.19674,0.40311,0.53381,0.50166,0.37822,0.39264,0.3669,0.17972,0.10998,0.35441,0.21704,0.49079,0.4067,0,0.16856,0.011204,0.14587,0.16571,0,0.14478,0,0.0043507,0.19129,0.36855,0.39934,0.39855,0.37146,0.33788,0.012295
0.18715,0.30533,0.17203,0.27224,0,0.034795,0.24277,0.29887,0,0,0.11033,0.25044,0.16509,0.35208,0,0.28439,0.25773,0.13299,0.15509,0.28642,0.198,0.26588,0.060431,0.13404,0.14835,0.16875,0.1597,0.079409,0.2307,0.23015,0.001247,0.11324,0.15734,0.32504,0.10613,0.18184,0.28528,0.38427,0.14936,0.19206,0.087704,0.14197,0.82378,1,0.49221,0.57448,0.69984,0.65011,0.55209,0.54475,0.53271,0.49682,0.49472,0.48195,0.39564,0.43738,0.19033,0.10447,0.17304,0.13111,0.078248,0.10225,0.059246,0.11525,0.012768,0.018836,0.16989,0.24845,0.14299,0.050384,0.11709,0.13091,0.20381,0.16276,0.27856,0.30707,0.24745,0.29894,0.10131,0.03347,0.30909,0.32449,0.03659,0.18349,0.15811,0.34764,0.089128,0.10752,0.2265,0.4074,0.41079,0.17841,0.25158,0.24482,0.013803,0.043969,0.31837,0.17024,0.44719,0.30448,0,0.053938,0.00056492,0.0709,0.012854,0,0.1517,0,0,0,0.23405,0.26912,0.3278,0.12104,0.029937,0.06842
0.30902,0.091415,0.56717,0.44703,0.31947,0.099092,0.50699,0.1563,0.21419,0.10939,0.060331,0.18603,0.11484,0.090791,0.21414,0.38013,0.081776,0,0.35384,0.36437,0.22315,0.25318,0.46642,0.49419,0.55999,0.49963,0.37318,0.28708,0.10261,0,0.39919,0.40044,0.26988,0.32608,0.61358,0.57152,0.35706,0.45524,0.21082,0.28571,0.13476,0.095363,0.61433,0.49221,1,0.84614,0.51166,0.64635,0.67602,0.4848,0.70717,0.60548,0.42497,0.43419,0.4345,0.37577,0.20387,0.13598,0.26674,0.17074,0.18703,0.0089088,0.024655,0,0.43948,0.40185,0.63771,0.67021,0.30368,0.18232,0.12369,0.2735,0.18445,0,0.1985,0.1322,0.24557,0.31528,0.082536,0.013197,0.334,0.36554,0.18423,0.058081,0.56243,0.59158,0.28925,0.35154,0.44435,0.41517,0.3823,0.34988,0.33382,0.47403,0,0,0.2955,0,0.45851,0.33489,0.016192,0.39269,0.23449,0.38872,0.13921,0.047136,0.23548,0,0,0,0.46846,0.37339,0.20474,0.35078,0.16939,0
0.32743,0.24814,0.42675,0.43308,0.32002,0.13903,0.46163,0.2823,0.21123,0.12623,0.086779,0.25017,0.15761,0.24328,0.11062,0.38322,0.15284,0.054944,0.29538,0.38344,0.33882,0.38674,0.37313,0.41788,0.42056,0.3171,0.206,0.12504,0,0,0.34129,0.40184,0.36488,0.47796,0.48126,0.53279,0.2308,0.29749,0.15691,0.12309,0.031074,0.0055661,0.57566,0.57448,0.84614,1,0.62149,0.66555,0.74731,0.6887,0.66811,0.6932,0.49284,0.47335,0.43298,0.41791,0.34465,0.20483,0.30678,0.24727,0.26366,0.18182,0.13836,0.13238,0.36513,0.45002,0.57056,0.70146,0.34706,0.22133,0.28757,0.38587,0.28771,0.11268,0.3227,0.21788,0.38857,0.46754,0,0,0.3252,0.32731,0.06571,0.033616,0.5025,0.61203,0.34279,0.25411,0.40197,0.45351,0.44635,0.33845,0.4759,0.47328,0,0,0.25476,0,0.51447,0.36719,0.076149,0.36102,0.28402,0.32552,0.12652,0.07228,0.12733,0,0,0,0.50476,0.47088,0.37035,0.39465,0.13521,0
0.50073,0.42302,0.39597,0.42572,0.29125,0.25901,0.49789,0.36627,0.16276,0.10009,0.26095,0.39245,0.35718,0.38219,0.23575,0.42971,0.35711,0.26414,0.38965,0.45509,0.21327,0.2461,0.20494,0.33862,0.17534,0.1364,0.24641,0.11625,0.16788,0.13908,0.2287,0.29025,0.38235,0.46509,0.2591,0.33091,0.21258,0.36889,0.10255,0.11523,0.0017897,0.038712,0.75595,0.69984,0.51166,0.62149,1,0.82659,0.66134,0.61071,0.58646,0.54784,0.66002,0.62617,0.50852,0.55045,0.48224,0.41132,0.332,0.33038,0.35523,0.32044,0.178,0.32846,0.30562,0.2931,0.35496,0.40589,0.40586,0.36231,0.18697,0.21978,0.26061,0.11019,0.36303,0.31793,0.49376,0.53437,0,0.15358,0.51007,0.50132,0.21976,0.31297,0.39659,0.43035,0.20276,0.17837,0.46716,0.46521,0.57923,0.38297,0.29511,0.36282,0,0,0.4012,0.13662,0.62603,0.51218,0.039307,0.19438,0.17875,0.17557,0.079659,0.020339,0.042407,0,0,0.080606,0.47548,0.62316,0.52415,0.31502,0.10771,0.090082
