1,0,0.43266,0.10478,0.11701,0.20707,0.58575,0,0.11323,0.11444,0.38608,0,0.57421,0,0.21067,0.041531,0.42465,0,0.59741,0.49083,0.33405,0.28523,0.12077,0,0.086958,0.20067,0.04162,0.31014,0.53802,0,0.3278,0.25769,0.3632,0.25967,0.052396,0.14194,0.27776,0,0.18718,0.13934,0.22801,0,0.24844,0.15564,0.18047,0.13507,0.28666,0.26079,0.16237,0.16897,0.10797,0.071785,0.048796,0.26016,0.032242,0.18311,0.80257,0.018908,0.51435,0.12422,0.5881,0,0.30142,0,0.060111,0,0.15875,0.23095,0.37779,0.50598,0.2022,0.11314,0.5636,0.24174,0.38995,0.52538,0.27577,0.39889,0.43959,0,0.2788,0,0.35841,0.068971,0.0059707,0.15279,0.24907,0.34848,0,0.53249,0.19182,0.36097,0,0.5201,0.23215,0.039925,0.12345,0.25431,0.37059,0.2766,0,0.58,0.097805,0.47937,0,0.13943,0.10182,0.32892,0.056323,0.11281,0.02147,0.15632,0.25817,0.030943,0,0
0,1,0,0.26209,0.14553,0.046035,0,0.41389,0,0.042002,0,0.62927,0,0.5195,0.0342,0.25455,0,0.45606,0.19637,0.26985,0.15208,0.1464,0,0,0.054015,0.039424,0.25965,0,0,0.54588,0.039806,0.044919,0.18937,0.42502,0,0.024416,0,0.38103,0.071613,0.30299,0,0.33359,0.19132,0.22448,0.14627,0.17921,0.24833,0.23513,0.12041,0.24693,0.0075173,0.18807,0.17273,0,0.12719,0,0.10688,0.86138,0.19305,0.4422,0.03692,0.54636,0,0.52179,0,0.21993,0.10623,0.084015,0.42561,0.38915,0.028296,0.24507,0.1745,0.44987,0.33803,0.052784,0.17259,0.2094,0,0.42556,0.20859,0.32986,0.098335,0.40262,0.38275,0.13328,0.17389,0.15938,0.44778,0,0.29554,0.13367,0.25218,0,0.067183,0.090702,0.20304,0.15436,0.39323,0.3767,0.5187,0,0.46942,0.21687,0.22976,0.15073,0.27405,0.23136,0.22222,0.030831,0.065874,0.27443,0.34047,0,0,0.13283
0.43266,0,1,0.32455,0,0.2322,0.77572,0.04006,0.099195,0.21585,0.32078,0,0.41742,0,0.13586,0,0.49441,0,0.35702,0.11656,0,0,0.86698,0.62947,0.37311,0.38791,0,0,0.55674,0,0.3815,0.28131,0.41982,0.12357,0.39774,0.080681,0.4574,0,0.18977,0.07349,0.41212,0.15518,0.31911,0.11255,0.1759,0.066591,0.13455,0.14644,0.16802,0,0.38057,0,0.29604,0.48795,0,0.094533,0.26748,0,0,0,0.20535,0,0.36656,0,0.47804,0,0.1082,0,0,0,0.2147,0,0.37014,0.023357,0.13955,0.20363,0.19879,0.20688,0.44586,0,0.32174,0.072498,0.23198,0,0.11139,0.16528,0,0,0,0.2747,0.10924,0.28353,0.17324,0.63832,0.17571,0.19094,0.14879,0.17691,0.020957,0,0,0.091559,0,0,0,0.035539,0,0,0,0.099796,0.19309,0.21042,0,0.28157,0.23337,0
0.10478,0.26209,0.32455,1,0.58425,0.78148,0.24268,0.87982,0.39349,0.75716,0,0.11492,0,0.090865,0.35344,0.23712,0.036292,0.1691,0.20364,0.40978,0.11697,0.24824,0.40329,0.63975,0.76765,0.80178,0,0,0.053404,0.30288,0.4076,0.33485,0.33325,0.36078,0.27175,0.29333,0.075654,0.15511,0.19625,0.34744,0.071023,0.3323,0.2156,0.10353,0.31473,0.21559,0.1767,0.20826,0.30675,0.30361,0.25282,0.30719,0.32076,0.28179,0.31233,0,0,0.29622,0.13795,0.27213,0.10015,0.34904,0.15272,0.12846,0.22911,0.42667,0.29638,0.32678,0.30348,0.24195,0.14715,0,0.27356,0.36723,0.25168,0.045868,0.015828,0.067474,0,0.13717,0.30397,0.21919,0,0.07471,0.56181,0.20019,0.029595,0,0.39282,0,0.41007,0.073368,0.38684,0.075811,0.09887,0.14276,0.1953,0.052674,0.12467,0.084466,0.19089,0,0.28172,0.14488,0.19162,0.12403,0.0003657,0.014941,0,0.23361,0.19152,0.20874,0.033238,0,0.10787,0.050472
0.11701,0.14553,0,0.58425,1,0.81454,0,0.56492,0.83697,0.7853,0,0,0,0,0.54196,0.22037,0,0.19891,0.23215,0.49832,0.22111,0.35026,0,0.098793,0.66206,0.70262,0.068947,0.12736,0,0.15308,0.27978,0.2066,0,0,0.02299,0.18659,0,0,0,0.20397,0,0.040204,0,0,0.22513,0,0.070634,0.055472,0.14265,0.25302,0,0.17572,0.090457,0.13549,0.15415,0,0,0.34852,0.38927,0.61113,0,0.36613,0,0,0,0.25686,0.1712,0.27836,0.39304,0.38671,0,0.042449,0.12534,0.16569,0.19662,0.074793,0,0,0,0.080037,0.094739,0.18466,0.032894,0.089255,0.32427,0.12154,0.30278,0.20543,0.35267,0.087537,0.082887,0,0,0,0.1022,0.058005,0,0,0.014248,0,0.37733,0,0.42453,0.48629,0.15724,0.094848,0.1134,0.20497,0.11151,0.043939,0,0,0,0,0,0.20909
0.20707,0.046035,0.2322,0.78148,0.81454,1,0.22768,0.69464,0.59288,0.94447,0,0,0.014684,0,0.52246,0.19202,0,0.099761,0.25807,0.40216,0.11763,0.22733,0.1836,0.34033,0.86613,0.86638,0,0.085848,0.12615,0.11223,0.37696,0.20612,0.058531,0.0083551,0.078602,0.13606,0,0,0.037909,0.17883,0,0.12506,0.0081359,0,0.16306,0.012559,0.013168,0.034545,0.16917,0.18554,0,0.17376,0.17035,0.19067,0.18354,0,0.03456,0.22623,0.33692,0.41172,0.017166,0.2475,0.068866,0,0.036944,0.26266,0.28537,0.34236,0.32128,0.33663,0,0,0.24607,0.25277,0.19455,0.06036,0,0,0,0.090702,0.21349,0.21308,0,0,0.35888,0.1173,0.088185,0.02524,0.27628,0.01732,0.20437,0,0.11378,0.076028,0.14276,0.13178,0.053849,0,0.0050838,0,0.20337,0.038399,0.31168,0.35718,0.12295,0.083695,0.02031,0.10499,0.070953,0.12041,0,0,0,0,0,0.13397
0.58575,0,0.77572,0.24268,0,0.22768,1,0.074625,0.019635,0.18626,0.36505,0,0.55489,0,0.20776,0,0.3324,0,0.38934,0.18783,0.21672,0.15766,0.50691,0.28973,0.32958,0.3376,0,0.16523,0.44036,0,0.56421,0.48315,0.48045,0.19076,0.34497,0.21987,0.50086,0,0.40912,0.29286,0.40524,0.066774,0.38255,0.15184,0.074633,0.048265,0.21289,0.21406,0.033472,0,0.34108,0,0.11894,0.30094,0.12724,0.19762,0.39305,0,0.042382,0,0.25853,0,0.081559,0,0.38733,0,0.32144,0.17966,0.18899,0.22721,0.16121,0,0.43458,0.05649,0.27869,0.44853,0.29694,0.30016,0.39652,0,0.074014,0,0.17305,0,0,0.026665,0.070577,0.15791,0,0.3672,0.15187,0.4335,0.084511,0.64178,0.20689,0.15165,0.23891,0.26656,0.16425,0.074176,0,0.36792,0,0.12535,0,0.12152,0.073686,0.085794,0,0.14427,0.18531,0.17374,0.080077,0.22036,0.039487,0
0,0.41389,0.04006,0.87982,0.56492,0.69464,0.074625,1,0.35154,0.71188,0,0.3449,0,0.37323,0.36905,0.41391,0,0.13924,0.0082509,0.21591,0.088021,0.21222,0.14507,0.44604,0.66852,0.66334,0.0022067,0,0,0.36094,0.35004,0.32313,0.19412,0.31704,0.12948,0.21346,0,0.18612,0.13673,0.35247,0,0.34892,0.16178,0.11159,0.17847,0.17135,0.10502,0.15836,0.21552,0.24868,0.17342,0.34058,0.21356,0.16542,0.25897,0,0,0.40278,0.10206,0.37087,0,0.50607,0,0.25789,0.11285,0.50252,0.24938,0.3387,0.27014,0.19107,0.0020138,0,0.098565,0.34544,0.17581,0,0,0,0,0.17491,0.1275,0.15542,0,0.14019,0.4293,0.14026,0.00080933,0,0.40711,0,0.39196,0.040763,0.38507,0,0.031116,0.10951,0.17444,0.0036784,0.096378,0.091676,0.31961,0,0.41672,0.17145,0.25623,0.13364,0.085128,0.0031079,0.054408,0.1568,0.14085,0.13489,0.038916,0,0.06772,0.15019
0.11323,0,0.099195,0.39349,0.83697,0.59288,0.019635,0.35154,1,0.63167,0,0,0,0,0.48404,0.038977,0,0.2392,0.11929,0.3247,0.072578,0.16081,0.019972,0.10239,0.41855,0.48251,0,0,0.006115,0.15684,0.13844,0.10368,0,0,0,0.07398,0,0,0,0.098219,0,0.052989,0.0013238,0.018628,0.21431,0,0.062113,0.080553,0.22048,0.29592,0,0.20464,0.055506,0.27734,0.012845,0.066119,0,0.14431,0.27994,0.4172,0,0.23462,0.0055837,0.0021197,0,0.1829,0,0.10187,0.18391,0.19923,0,0.044209,0.033573,0.066483,0.038028,0.017966,0,0,0,0,0.1072,0.17469,0,0.088901,0.15304,0.19977,0.15508,0.14451,0.094824,0.21396,0.049651,0,0,0.032828,0.00091191,0.008255,0,0,0.023495,0.022088,0.1312,0,0.1819,0.30551,0.10758,0.072453,0.10365,0.17307,0,0.017234,0,0,0.044274,0,0,0.193
0.11444,0.042002,0.21585,0.75716,0.7853,0.94447,0.18626,0.71188,0.63167,1,0,0,0,0,0.584,0.28534,0,0.049543,0.14881,0.29357,0.015788,0.10461,0.20386,0.3631,0.84073,0.80461,0,0,0.11626,0.1827,0.37771,0.22064,0.066305,0.010664,0.046432,0.053473,0,0,0.015113,0.15155,0,0.22802,0,0,0.085405,0,0,0,0.14092,0.14641,0,0.16941,0.15221,0.19001,0.14992,0,0,0.18422,0.20846,0.32434,0,0.24251,0.029752,0,0.0092146,0.26719,0.22154,0.26324,0.2353,0.2251,0,0,0.16721,0.20626,0.10553,0,0,0,0,0.12246,0.183,0.20285,0,0,0.29974,0.078786,0,0,0.19865,0,0.25876,0,0.21023,0.090843,0.12722,0.17975,0.086081,0,0,0,0.18231,0,0.27584,0.24613,0.12239,0.044759,0.028081,0.043152,0.043292,0.081113,0,0,0,0,0,0.14771
0.38608,0,0.32078,0,0,0,0.36505,0,0,0,1,0.093534,0.64496,0.21832,0.055658,0.016316,0.44029,0,0.18038,0,0.018024,0,0.25228,0.040761,0,0,0,0.059526,0.38415,0,0.094406,0.094372,0.43413,0.37156,0.17373,0.030781,0.42244,0.087332,0.22106,0.0026119,0.32122,0.10421,0.21955,0.20736,0,0.14838,0.046468,0.098245,0.090032,0,0.46438,0.065907,0.076985,0.10566,0.013415,0.065481,0.27247,0,0,0,0.48637,0,0.18894,0.069035,0.28853,0.0048697,0.041081,0,0,0,0.18863,0.010832,0.20799,0.049302,0.11504,0.24403,0.35008,0.37775,0.27773,0,0.069033,0,0.11144,0.0316,0,0,0,0,0,0.082198,0.27453,0.4069,0.19973,0.40134,0.036878,0.004928,0.080068,0.044637,0.1669,0.14186,0,0.16923,0,0,0.034777,0.11308,0.066579,0,0,0.036259,0,0.16849,0.092626,0.20581,0.073825,0
0,0.62927,0,0.11492,0,0,0,0.3449,0,0,0.093534,1,0,0.83153,0,0.44821,0,0.37037,0,0,0.10793,0.094198,0,0,0,0,0.1711,0,0,0.53234,0,0.098391,0.11095,0.38095,0,0.1154,0,0.40145,0.0057007,0.23859,0.060935,0.32281,0.057751,0.19972,0.14047,0.20866,0.060054,0.19115,0.18638,0.30031,0.049679,0.26835,0,0.039547,0,0.085439,0,0.46716,0.02506,0.29901,0.1551,0.67061,0,0.721,0.0056182,0.52888,0,0,0,0.0023466,0.081516,0.29287,0,0.31309,0.041134,0,0.13866,0.26662,0,0.12962,0,0.17033,0,0.43794,0,0.18899,0,0.017091,0.022853,0.00077326,0.14029,0.12446,0.11956,0,0,0,0,0,0.091094,0.26474,0.22026,0,0.22203,0.077246,0.26072,0.20007,0.18676,0.10332,0.040926,0.098784,0.077802,0.092333,0.073143,0,0.039489,0.08409
0.57421,0,0.41742,0,0,0.014684,0.55489,0,0,0,0.64496,0,1,0.13215,0.23996,0,0.31161,0,0.24543,0.153,0.17221,0.20325,0.17297,0,0,0,0,0.13395,0.49439,0,0.073462,0.020854,0.28495,0.25355,0.045682,0.018977,0.25419,0,0.17958,0,0.29813,0,0.19461,0.10145,0,0.011873,0.21584,0.15242,0.12429,0.13858,0.35826,0.19107,0.11095,0.2818,0,0.056234,0.3454,0,0.18168,0,0.59535,0,0.27373,0,0.21586,0,0,0.098362,0,0.17312,0.10131,0.00019264,0.30923,0.096833,0.19196,0.33454,0.079991,0.19741,0.25613,0,0.062362,0,0.14553,0,0,0,0,0,0,0.32602,0.20907,0.35684,0.12111,0.52221,0.26663,0.11642,0.24845,0.19127,0.23501,0.17479,0,0.39386,0,0.14833,0,0.12561,0.047363,0.12698,0,0.17228,0.075378,0.21434,0.24615,0.18682,0.0088895,0
0,0.5195,0,0.090865,0,0,0,0.37323,0,0,0.21832,0.83153,0.13215,1,0.075182,0.53458,0,0.22963,0,0,0.023754,0.035196,0,0,0,0,0.17819,0.020519,0,0.39273,0,0.032477,0.094212,0.39181,0,0.022351,0,0.20824,0.017083,0.1095,0,0.19458,0.036621,0.1697,0,0.18727,0.067528,0.1414,0.13288,0.28607,0.10397,0.32045,0,0,0,0,0,0.40811,0.1211,0.30767,0.25825,0.62274,0,0.62316,0,0.40833,0,0.10208,0,0.098895,0,0.095427,0,0.26849,0,0,0,0.12334,0,0.065582,0,0.085049,0,0.31899,0,0.10524,0,0,0,0,0.22394,0.19891,0.15782,0,0,0,0.069777,0.072274,0.17284,0.31454,0.25639,0.016951,0.30315,0.15582,0.24986,0.2,0.21902,0.14079,0,0.03151,0.044801,0.15621,0.23585,0.058925,0.056341,0.10214
0.21067,0.0342,0.13586,0.35344,0.54196,0.52246,0.20776,0.36905,0.48404,0.584,0.055658,0,0.23996,0.075182,1,0.50333,0,0,0.22531,0.25404,0.10804,0.1473,0.080689,0.12074,0.48812,0.49407,0.1711,0.29601,0.14339,0.040899,0.38123,0.37089,0.089795,0.10127,0.21004,0.19913,0,0,0.072574,0.15945,0,0.09365,0.030826,0.0055306,0.055352,0,0,0,0.072488,0.052463,0,0.090702,0,0.086378,0.025753,0.017026,0.038539,0.12558,0.2188,0.32014,0.11203,0.2087,0,0,0.26634,0.33659,0.23812,0.20425,0.2855,0.28338,0,0,0.10316,0.076638,0.11763,0.1664,0,0.025674,0,0.047037,0,0.070862,0.21791,0.25445,0.07211,0.075197,0.082215,0.021397,0.086777,0.15224,0.14213,0.016097,0.090784,0.11793,0.10765,0.15183,0.03527,0,0,0,0.24122,0.11435,0.29956,0.31608,0.18668,0.13855,0.21656,0.1984,0.13123,0,0,0,0,0,0,0.25801
0.041531,0.25455,0,0.23712,0.22037,0.19202,0,0.41391,0.038977,0.28534,0.016316,0.44821,0,0.53458,0.50333,1,0,0,0.068748,0.13357,0.18376,0.18663,0,0,0.1457,0.18574,0.39739,0.35457,0,0.007207,0.44663,0.54003,0.17018,0.31072,0.17316,0.28872,0.091623,0.1412,0.26115,0.39929,0.0020969,0.22568,0,0,0.0059805,0.085192,0,0,0,0,0,0.0057557,0,0,0.088816,0,0.07817,0.30312,0.19817,0.35285,0.098841,0.33143,0,0.033513,0.17371,0.36725,0.29342,0.2687,0.30164,0.32073,0.041687,0.066125,0.027932,0.15328,0.17216,0.10793,0.132,0.15288,0,0,0,0,0.080502,0.45713,0.052936,0,0.16062,0.2553,0.20254,0,0.22646,0.085762,0.072386,0,0,0,0.0055143,0,0.049854,0.041305,0.48702,0.12704,0.5315,0.38832,0.28372,0.13284,0.35255,0.29755,0.20174,0,0,0,0,0,0,0.32073
0.42465,0,0.49441,0.036292,0,0,0.3324,0,0,0,0.44029,0,0.31161,0,0,0,1,0,0.28253,0,0,0,0.43186,0.29873,0.038701,0.0061844,0,0,0.689,0.082501,0.22992,0.10098,0.51142,0.28052,0.086923,0,0.40425,0.099308,0,0,0.40236,0.28036,0.18156,0.059502,0.06461,0.048535,0.11174,0.074056,0.17702,0.035953,0.34043,0,0.30795,0.21021,0,0,0.53158,0,0,0,0.34965,0,0.5458,0.010049,0.118,0,0,0,0,0,0.34816,0,0.49533,0.016205,0.16757,0.013793,0.26937,0.26037,0.77121,0,0.64735,0.15308,0.29776,0.04012,0.15303,0.057632,0,0,0,0.03928,0.24447,0.24611,0.23971,0.34534,0.13744,0.1075,0.12888,0.1108,0.25741,0.091535,0,0.081063,0,0,0,0,0,0,0,0.025315,0.068598,0.25253,0.015292,0.22104,0.22301,0
0,0.45606,0,0.1691,0.19891,0.099761,0,0.13924,0.2392,0.049543,0,0.37037,0,0.22963,0,0,0,1,0,0.15133,0,0.0030246,0,0.1042,0.037714,0.11211,0,0,0.012811,0.70194,0,0,0.0094011,0.15937,0,0,0,0.27526,0,0.011541,0.035043,0.19352,0.21543,0.39712,0.34615,0.31609,0.30004,0.39086,0.42807,0.54402,0.087314,0.43908,0.27319,0.41389,0,0.23876,0.015006,0.4436,0.23558,0.33042,0.10448,0.44058,0.26915,0.61642,0,0.25533,0,0.050247,0,0.11012,0,0.29292,0.1444,0.42245,0,0.010219,0,0.049764,0,0.43866,0.28934,0.63626,0,0.13913,0.17567,0.47056,0,0,0.015649,0.232,0,0,0.00015448,0,0,0,0,0.11128,0.14832,0.34324,0,0,0,0.090144,0.098318,0.16747,0,0.044352,0,0.12812,0.2227,0.2534,0.27078,0,0.12511,0
0.59741,0.19637,0.35702,0.20364,0.23215,0.25807,0.38934,0.0082509,0.11929,0.14881,0.18038,0,0.24543,0,0.22531,0.068748,0.28253,0,1,0.73522,0.28174,0.29288,0.17044,0.00071278,0.30161,0.27765,0.23599,0.3368,0.27818,0,0.4382,0.33871,0.39654,0.3053,0.24866,0.23387,0.25384,0.081811,0.27418,0.28939,0.099688,0.128,0.21964,0.032142,0.12431,0.054573,0.19632,0.10183,0.00057442,0,0.044703,0,0.27331,0.021862,0.31707,0.072842,0.52824,0.28775,0.30404,0.11755,0.2055,0,0.11174,0,0.15735,0,0.36695,0.15324,0.66791,0.60122,0.22663,0.18449,0.57881,0.31085,0.59514,0.47635,0.38665,0.34685,0.30848,0.057322,0.35424,0.070891,0.58241,0.20762,0.41829,0,0.44601,0.35619,0.34472,0.13429,0.26221,0.20378,0.044941,0.1713,0.26814,0.24479,0.2854,0.19873,0.35772,0.2202,0.28223,0.12278,0.24718,0.31325,0,0,0.2126,0.297,0.1946,0.042473,0,0.21255,0.24289,0,0,0
0.49083,0.26985,0.11656,0.40978,0.49832,0.40216,0.18783,0.21591,0.3247,0.29357,0,0,0.153,0,0.25404,0.13357,0,0.15133,0.73522,1,0.38956,0.50251,0,0,0.31538,0.3764,0.24588,0.31379,0,0,0.20989,0.18218,0.19764,0.30933,0.20369,0.40316,0.060946,0.078817,0.24264,0.29391,0,0.018306,0.17681,0.1008,0.24172,0.12296,0.23906,0.21794,0.10666,0.19633,0,0.12555,0.16528,0.10398,0.39498,0.25161,0.29481,0.42322,0.44436,0.44177,0.16022,0.22692,0,0,0.03684,0.10939,0.34466,0.38693,0.648,0.62951,0.15648,0.29777,0.43804,0.39971,0.5008,0.46842,0.2904,0.3566,0.016682,0.065954,0.2106,0.17086,0.32419,0.14515,0.40585,0.12997,0.46619,0.43253,0.38292,0.24702,0.25122,0.13466,0,0.094229,0.28699,0.1957,0.30711,0.21563,0.29457,0.31774,0.34595,0.044781,0.34534,0.43644,0,0,0.13677,0.31398,0.15029,0.19109,0.056738,0.19632,0.27725,0,0,0
0.33405,0.15208,0,0.11697,0.22111,0.11763,0.21672,0.088021,0.072578,0.015788,0.018024,0.10793,0.17221,0.023754,0.10804,0.18376,0,0,0.28174,0.38956,1,0.87308,0,0,0.086279,0.17255,0.42366,0.4428,0.18504,0,0.35422,0.29723,0.20883,0.23229,0.20887,0.47202,0.29057,0.078076,0.42173,0.4548,0.26555,0.027825,0.18125,0.072772,0.16669,0.079298,0.24091,0.23271,0.029606,0.070349,0,0.16285,0.0085287,0,0.32307,0.18072,0.27965,0.22959,0.48279,0.38332,0.25066,0.09783,0,0,0.086488,0.056047,0.32785,0.39539,0.39273,0.47845,0.2964,0.37595,0.41654,0.37975,0.54738,0.59514,0.37189,0.36349,0,0,0,0,0.014815,0.092038,0.072993,0,0.39064,0.3901,0.20248,0.2532,0.14824,0.23396,0,0.035934,0,0,0,0.011294,0.24194,0.19652,0.32664,0.30219,0.45189,0.53078,0.30125,0.31379,0.24626,0.36285,0.29615,0.46133,0.09342,0,0.11638,0,0,0.13677
0.28523,0.1464,0,0.24824,0.35026,0.22733,0.15766,0.21222,0.16081,0.10461,0,0.094198,0.20325,0.035196,0.1473,0.18663,0,0.0030246,0.29288,0.50251,0.87308,1,0,0,0.18016,0.26426,0.42976,0.45036,0.068195,0,0.31197,0.25767,0.1257,0.25408,0.27021,0.55605,0.16491,0.00084101,0.35651,0.4079,0.066932,0,0.14796,0.045168,0.20568,0.059895,0.29687,0.23576,0.092116,0.18097,0,0.21774,0.10732,0.0093384,0.39478,0.12075,0.15379,0.24422,0.47175,0.47017,0.23039,0.19877,0,0,0.11928,0.077164,0.27666,0.43638,0.42318,0.48513,0.29918,0.37551,0.37356,0.43051,0.57605,0.59167,0.3305,0.35097,0,0,0,0,0,0.035182,0.20138,0,0.46891,0.42561,0.35397,0.16191,0.18834,0.17226,0,0,0.02908,0,0.056862,0,0.25946,0.1901,0.4114,0.16948,0.51648,0.51751,0.25167,0.2328,0.12507,0.29539,0.21139,0.45793,0.14092,0.046211,0.14985,0,0,0.0886
0.12077,0,0.86698,0.40329,0,0.1836,0.50691,0.14507,0.019972,0.20386,0.25228,0,0.17297,0,0.080689,0,0.43186,0,0.17044,0,0,0,1,0.84661,0.4156,0.42124,0,0,0.44258,0.14133,0.30693,0.24434,0.39372,0.15835,0.4312,0.053043,0.3637,0.14479,0.072079,0.030432,0.32726,0.27645,0.28041,0.13678,0.21806,0.13395,0.075307,0.11711,0.2127,0.0056778,0.39241,0,0.36406,0.45609,0,0.0047225,0.036613,0,0,0,0.084464,0,0.39654,0,0.5215,0.055699,0.056875,0,0,0,0.25031,0.0098681,0.23765,0.037749,0.03774,0.0035898,0.15567,0.14823,0.31486,0,0.3213,0.15282,0.10742,0,0.23056,0.18621,0,0,0,0.062313,0.10972,0.15074,0.30996,0.4595,0,0.10813,0.041282,0.027378,0,0,0,0,0,0,0,0.021127,0,0,0,0.023452,0.21563,0.22232,0,0.27045,0.34439,0
0,0,0.62947,0.63975,0.098793,0.34033,0.28973,0.44604,0.10239,0.3631,0.040761,0,0,0,0.12074,0,0.29873,0.1042,0.00071278,0,0,0,0.84661,1,0.52107,0.55011,0,0,0.23559,0.31636,0.32727,0.32767,0.41107,0.25135,0.4083,0.12524,0.24009,0.24272,0.057277,0.15031,0.27412,0.40081,0.20288,0.10307,0.27065,0.20253,0.017034,0.089623,0.26094,0.095966,0.35358,0.080366,0.31581,0.36833,0.020122,0,0,0,0,0,0.041095,0,0.36506,0.11511,0.44971,0.31206,0.16254,0,0,0,0.25068,0.010298,0.13703,0.10301,0,0,0.059991,0.07274,0.16173,0.077172,0.29656,0.19867,0,0.074598,0.35846,0.28067,0,0,0.025807,0,0.13906,0.021208,0.35939,0.21953,0,0.05448,0,0,0,0,0,0,0,0,0.0081339,0.026695,0,0,0,0.07916,0.17934,0.12141,0,0.060568,0.31019,0
0.086958,0.054015,0.37311,0.76765,0.66206,0.86613,0.32958,0.66852,0.41855,0.84073,0,0,0,0,0.48812,0.1457,0.038701,0.037714,0.30161,0.31538,0.086279,0.18016,0.4156,0.52107,1,0.93779,0.019158,0.086317,0.15816,0.15509,0.54176,0.34568,0.22039,0.087579,0.29625,0.1629,0.087279,0.064693,0.1396,0.27921,0.004262,0.26891,0.14191,0,0.1416,0,0.028435,0.052378,0.089179,0,0.078363,0.063885,0.27712,0.18521,0.27999,0,0,0.19861,0.093727,0.17186,0,0.067416,0.037188,0,0.24688,0.20361,0.39406,0.25344,0.31654,0.25485,0.095339,0,0.31263,0.25652,0.25157,0.076732,0,0,0.037519,0.22202,0.21779,0.23861,0.038857,0,0.43368,0.058066,0.02509,0,0.31194,0,0.20507,0,0.18442,0.06992,0.089923,0.13332,0.1146,0,0.013208,0,0.16803,0,0.25724,0.17396,0.11801,0.077085,0,0,0.08598,0.058005,0.075965,0.022431,0,0,0.010565,0.11836
0.20067,0.039424,0.38791,0.80178,0.70262,0.86638,0.3376,0.66334,0.48251,0.80461,0,0,0,0,0.49407,0.18574,0.0061844,0.11211,0.27765,0.3764,0.17255,0.26426,0.42124,0.55011,0.93779,1,0.012773,0.11672,0.19522,0.14734,0.52852,0.37783,0.21828,0.12878,0.29315,0.21799,0.090661,0.041219,0.11279,0.30114,0.038242,0.20849,0.1624,0.026227,0.27348,0.058296,0.10213,0.1394,0.1909,0.14252,0.066199,0.14345,0.24166,0.27341,0.21198,0.030652,0.089082,0.20865,0.21414,0.26589,0.026758,0.16354,0.14442,0,0.26525,0.31512,0.34734,0.26841,0.30629,0.30488,0.1591,0.091154,0.34317,0.2879,0.24816,0.12381,0,0.042406,0.024149,0.1471,0.19893,0.25657,0.012467,0.031655,0.41232,0.18429,0.07798,0.056389,0.26447,0.095563,0.15689,0,0.10468,0.12888,0.025674,0.02854,0.014243,0,0.010035,0,0.13065,0,0.2474,0.29992,0.15757,0.14687,0,0.02591,0.029928,0.083148,0.14255,0.0088505,0,0,0.028826,0.11619
0.04162,0.25965,0,0,0.068947,0,0,0.0022067,0,0,0,0.1711,0,0.17819,0.1711,0.39739,0,0,0.23599,0.24588,0.42366,0.42976,0,0,0.019158,0.012773,1,0.82993,0,0,0.24697,0.26738,0,0.037355,0.11017,0.30626,0,0,0.1542,0.21174,0,0,0,0,0,0,0,0,0,0,0,0,0,0,0.21317,0,0.04634,0.36011,0.27521,0.36958,0,0.11798,0,0,0.065476,0.038028,0.28915,0.213,0.47197,0.42747,0,0.10737,0.086244,0.069543,0.37189,0.3406,0.18921,0.16042,0,0,0,0,0.16959,0.16206,0.010117,0,0.46079,0.35956,0.36863,0,0,0,0,0,0,0,0,0,0.001169,0,0.52297,0.13021,0.5289,0.42789,0.26468,0.17563,0.25414,0.28469,0.4008,0,0,0,0,0,0,0.28017
0.31014,0,0,0,0.12736,0.085848,0.16523,0,0,0,0.059526,0,0.13395,0.020519,0.29601,0.35457,0,0,0.3368,0.31379,0.4428,0.45036,0,0,0.086317,0.11672,0.82993,1,0,0,0.31633,0.3127,0,0.031634,0.16576,0.33579,0.050481,0,0.29544,0.25664,0,0,0,0,0,0,0,0,0,0,0,0,0,0,0.25846,0.092708,0.24582,0.17661,0.44809,0.37335,0.08569,0,0,0,0.19039,0.024608,0.38358,0.35023,0.50563,0.53584,0.028196,0.087206,0.1512,0.030392,0.33454,0.38405,0.12609,0.14712,0,0,0,0,0.22861,0.1391,0,0,0.54942,0.49775,0.26509,0.16379,0,0,0,0,0.039197,0,0,0,0.037391,0,0.41357,0.36395,0.47888,0.55342,0.13144,0.10071,0.2921,0.42806,0.38347,0,0,0,0,0,0,0.25262
0.53802,0,0.55674,0.053404,0,0.12615,0.44036,0,0.006115,0.11626,0.38415,0,0.49439,0,0.14339,0,0.689,0.012811,0.27818,0,0.18504,0.068195,0.44258,0.23559,0.15816,0.19522,0,0,1,0.062767,0.26459,0.10391,0.36125,0.17144,0.058211,0,0.34394,0,0,0,0.36294,0.1711,0.18302,0.076899,0.090986,0.042661,0.12156,0.16962,0.22182,0.09302,0.29406,0.016782,0.29216,0.3758,0,0.0077004,0.5192,0,0.025653,0,0.46468,0,0.60504,0,0.13891,0,0,0,0,0.01046,0.14801,0,0.53151,0.17297,0.17774,0.23987,0.050159,0.13084,0.62226,0.0029074,0.52221,0.18549,0.31527,0,0,0.10823,0,0,0,0.23189,0.20212,0.32092,0.20395,0.55624,0.11961,0.044423,0.01339,0.074027,0.22436,0.16259,0,0.27366,0,0.029057,0.041601,0.21702,0,0,0,0.14145,0.14063,0.23531,0.099598,0.1948,0.22161,0
0,0.54588,0,0.30288,0.15308,0.11223,0,0.36094,0.15684,0.1827,0,0.53234,0,0.39273,0.040899,0.007207,0.082501,0.70194,0,0,0,0,0.14133,0.31636,0.15509,0.14734,0,0,0.062767,1,0,0,0.1795,0.33676,0,0,0,0.49157,0,0.10995,0.13221,0.52425,0.19561,0.31449,0.26968,0.318,0.11775,0.23559,0.34712,0.40838,0.16625,0.36288,0.28142,0.33796,0,0.12521,0,0.46128,0,0.1604,0,0.48339,0.19799,0.70106,0,0.41758,0,0,0,0,0,0.096217,0.081933,0.37988,0,0,0,0,0.044714,0.61933,0.35385,0.64993,0,0.36523,0.24967,0.41914,0,0,0.032828,0,0.1597,0,0.29444,0,0,0.20172,0.1144,0.17797,0.14225,0.31937,0.048972,0,0.0011968,0,0.091081,0.046562,0.043274,0,0,0.11622,0.17197,0.31264,0.16877,0,0.24515,0
0.3278,0.039806,0.3815,0.4076,0.27978,0.37696,0.56421,0.35004,0.13844,0.37771,0.094406,0,0.073462,0,0.38123,0.44663,0.22992,0,0.4382,0.20989,0.35422,0.31197,0.30693,0.32727,0.54176,0.52852,0.24697,0.31633,0.26459,0,1,0.90478,0.54926,0.37852,0.51318,0.39081,0.48212,0.24959,0.4619,0.62821,0.3311,0.43812,0.17547,0,0.12956,0.014419,0.017793,0.015199,0,0,0.065147,0,0.10692,0,0.29779,0.017954,0.32145,0.075632,0.076525,0.028951,0.090918,0,0.0042592,0,0.41653,0.065881,0.45887,0.17217,0.46918,0.36778,0.27804,0.051708,0.47562,0.17536,0.51436,0.35707,0.4129,0.33672,0.27273,0,0.15994,0,0.27973,0.38591,0.25989,0,0.29003,0.32053,0.25052,0.057793,0.26741,0.24448,0.12575,0.12779,0,0.007433,0.018098,0,0.14102,0,0.32363,0.14627,0.37733,0.2887,0.21571,0.18811,0.31335,0.27127,0.26212,0.0025194,0,0,0,0,0,0.25951
0.25769,0.044919,0.28131,0.33485,0.2066,0.20612,0.48315,0.32313,0.10368,0.22064,0.094372,0.098391,0.020854,0.032477,0.37089,0.54003,0.10098,0,0.33871,0.18218,0.29723,0.25767,0.24434,0.32767,0.34568,0.37783,0.26738,0.3127,0.10391,0,0.90478,1,0.54114,0.46606,0.57187,0.5085,0.42637,0.32044,0.4434,0.66294,0.31834,0.42408,0.20175,0,0.18199,0.12453,0.015977,0.035453,0,0,0.047117,0,0,0,0.23228,0.080655,0.26105,0.084515,0.020196,0.03361,0.081017,0,0,0,0.45192,0.22426,0.46843,0.21574,0.43141,0.3095,0.22381,0.1002,0.32194,0.12384,0.39629,0.32455,0.42169,0.36371,0.19831,0,0.05728,0,0.23572,0.50676,0.20408,0.056464,0.30171,0.40387,0.22054,0.14388,0.21679,0.25373,0.095744,0.08262,0,0.010492,0.012597,0.024876,0.088366,0,0.29367,0.13412,0.30729,0.24807,0.17008,0.12654,0.3426,0.26206,0.27133,0,0,0,0,0,0,0.24249
0.3632,0.18937,0.41982,0.33325,0,0.058531,0.48045,0.19412,0,0.066305,0.43413,0.11095,0.28495,0.094212,0.089795,0.17018,0.51142,0.0094011,0.39654,0.19764,0.20883,0.1257,0.39372,0.41107,0.22039,0.21828,0,0,0.36125,0.1795,0.54926,0.54114,1,0.83511,0.48861,0.36189,0.63854,0.49406,0.49629,0.52529,0.55025,0.57007,0.47067,0.25869,0.22218,0.38914,0.20317,0.24415,0.25751,0,0.55903,0.094173,0.27835,0.10272,0.37359,0.28364,0.51328,0.15401,0.078448,0,0.50434,0,0.39447,0.094189,0.38468,0.12425,0.51786,0.29534,0.30068,0.30124,0.45852,0.21644,0.60468,0.41627,0.45652,0.31458,0.55876,0.54499,0.59676,0.10403,0.50124,0.16619,0.09241,0.30482,0.3306,0.20467,0,0.13295,0.10806,0.16306,0.49654,0.43923,0.33328,0.29009,0,0.055269,0.23295,0.19461,0.36544,0.2571,0.043679,0.03101,0.10831,0,0.083389,0.11275,0.29987,0.23378,0.015918,0.071632,0.14598,0.37793,0.17307,0,0.037745,0
0.25967,0.42502,0.12357,0.36078,0,0.0083551,0.19076,0.31704,0,0.010664,0.37156,0.38095,0.25355,0.39181,0.10127,0.31072,0.28052,0.15937,0.3053,0.30933,0.23229,0.25408,0.15835,0.25135,0.087579,0.12878,0.037355,0.031634,0.17144,0.33676,0.37852,0.46606,0.83511,1,0.40604,0.43034,0.40694,0.50876,0.38829,0.4935,0.34635,0.52334,0.4354,0.29688,0.27565,0.46038,0.29163,0.33396,0.30878,0.1981,0.50817,0.26913,0.25751,0.077949,0.38196,0.23521,0.39173,0.39375,0.15572,0.12183,0.52708,0.33489,0.30386,0.31956,0.28972,0.2943,0.39753,0.36627,0.3285,0.35518,0.3801,0.26938,0.51403,0.49591,0.43256,0.26005,0.49625,0.52004,0.37905,0.18493,0.44275,0.21286,0.042245,0.36477,0.38283,0.23494,0.052021,0.16299,0.24288,0.10199,0.58754,0.43145,0.3787,0.11002,0,0.032862,0.32312,0.21083,0.48201,0.4276,0.24585,0,0.2982,0.080945,0.15339,0.12909,0.28598,0.23648,0,0.077195,0.25344,0.47984,0.3309,0,0.044615,0
0.052396,0,0.39774,0.27175,0.02299,0.078602,0.34497,0.12948,0,0.046432,0.17373,0,0.045682,0,0.21004,0.17316,0.086923,0,0.24866,0.20369,0.20887,0.27021,0.4312,0.4083,0.29625,0.29315,0.11017,0.16576,0.058211,0,0.51318,0.57187,0.48861,0.40604,1,0.79537,0.54421,0.41862,0.49876,0.48877,0.31504,0.29492,0.30275,0.086037,0.3419,0.28117,0.019826,0.085684,0.087311,0,0.22721,0,0.085918,0,0.35103,0.24012,0.023289,0,0,0,0.082778,0,0.03357,0,0.76094,0.28351,0.52289,0.26818,0.19281,0.078667,0.31721,0.2156,0.31014,0.14699,0.35607,0.29224,0.5122,0.43365,0.1489,0,0.07077,0,0.040139,0.24552,0.26054,0.072344,0.14017,0.22748,0.14935,0.066075,0.16527,0.13423,0.072399,0.089924,0,0,0.094866,0,0,0,0.059746,0,0.066965,0,0.031415,0,0.19286,0.16658,0,0.085593,0.12393,0.064705,0,0,0,0.065971
0.14194,0.024416,0.080681,0.29333,0.18659,0.13606,0.21987,0.21346,0.07398,0.053473,0.030781,0.1154,0.018977,0.022351,0.19913,0.28872,0,0,0.23387,0.40316,0.47202,0.55605,0.053043,0.12524,0.1629,0.21799,0.30626,0.33579,0,0,0.39081,0.5085,0.36189,0.43034,0.79537,1,0.35299,0.31418,0.51239,0.54209,0.1258,0.1183,0.23223,0.10497,0.33906,0.34074,0.099679,0.17658,0.11173,0.0065804,0.078065,0.090393,0,0,0.4282,0.29304,0.074615,0.13635,0.19995,0.23099,0.17756,0.19392,0,0,0.46876,0.37161,0.52451,0.50876,0.36575,0.3254,0.21161,0.26917,0.29717,0.28931,0.44898,0.40898,0.49251,0.46203,0,0,0,0,0,0.23298,0.23005,0.070072,0.32686,0.43529,0.26908,0.16219,0.23849,0.17956,0.016804,0.011587,0,0,0.086056,0,0.094923,0.14565,0.24803,0,0.3117,0.25092,0.18278,0.12169,0.28394,0.34839,0.074383,0.23323,0.098643,0.082223,0,0,0,0.19615
0.27776,0,0.4574,0.075654,0,0,0.50086,0,0,0,0.42244,0,0.25419,0,0,0.091623,0.40425,0,0.25384,0.060946,0.29057,0.16491,0.3637,0.24009,0.087279,0.090661,0,0.050481,0.34394,0,0.48212,0.42637,0.63854,0.40694,0.54421,0.35299,1,0.53166,0.72832,0.56154,0.74619,0.51377,0.46402,0.26837,0.19201,0.33301,0.1392,0.25186,0.18282,0,0.48126,0.069051,0.20569,0.12602,0.37544,0.41782,0.36183,0,0,0,0.34464,0,0.24748,0,0.50161,0.073641,0.43303,0.2328,0.079155,0.094196,0.41632,0.21764,0.39211,0.21667,0.30677,0.31577,0.54848,0.51991,0.45205,0,0.25458,0.0020505,0.13026,0.32366,0.12388,0.20697,0.019756,0.17282,0,0.24058,0.3812,0.42087,0.15332,0.4178,0,0,0.1331,0.13972,0.22823,0.20465,0,0.15839,0.081069,0.011765,0.12448,0.18012,0.28196,0.23104,0,0.20486,0.12656,0.20276,0,0,0.062314,0.030833
0,0.38103,0,0.15511,0,0,0,0.18612,0,0,0.087332,0.40145,0,0.20824,0,0.1412,0.099308,0.27526,0.081811,0.078817,0.078076,0.00084101,0.14479,0.24272,0.064693,0.041219,0,0,0,0.49157,0.24959,0.32044,0.49406,0.50876,0.41862,0.31418,0.53166,1,0.43794,0.65519,0.4538,0.7779,0.40845,0.41862,0.29087,0.47931,0.089321,0.31268,0.26971,0.059884,0.32799,0.1927,0.22705,0.096513,0.38463,0.55385,0.047476,0.30602,0,0.046639,0.1112,0.25546,0.082817,0.38159,0.30899,0.42015,0.38601,0.20901,0.061999,0.0090487,0.23669,0.32258,0.21726,0.39391,0.19871,0.071654,0.46171,0.48356,0.19968,0.38467,0.24862,0.37654,0,0.58593,0.27131,0.43238,0,0.15014,0.11932,0.10287,0.36411,0.2588,0.1587,0.005939,0,0.022211,0.074163,0.1883,0.20934,0.38975,0.094797,0,0.12556,0,0.090231,0.035463,0.37669,0.19761,0.070046,0.013907,0.13266,0.26038,0.084852,0,0.032622,0.13659
0.18718,0.071613,0.18977,0.19625,0,0.037909,0.40912,0.13673,0,0.015113,0.22106,0.0057007,0.17958,0.017083,0.072574,0.26115,0,0,0.27418,0.24264,0.42173,0.35651,0.072079,0.057277,0.1396,0.11279,0.1542,0.29544,0,0,0.4619,0.4434,0.49629,0.38829,0.49876,0.51239,0.72832,0.43794,1,0.74918,0.55124,0.375,0.41398,0.21304,0.18299,0.35036,0.1974,0.2163,0.068707,0,0.32746,0.14472,0.065452,0,0.5211,0.33313,0.20771,0.12055,0.24872,0.070315,0.2229,0,0,0,0.41286,0.079538,0.63899,0.52073,0.3345,0.37792,0.20588,0.18944,0.29089,0.23151,0.4266,0.41003,0.47935,0.3911,0.10139,0,0.0061918,0,0.093524,0.2774,0.18732,0.08219,0.36561,0.45952,0.25008,0.20274,0.32156,0.30622,0.046728,0.1455,0,0.082189,0.2614,0.22053,0.20101,0.12305,0.28658,0.15781,0.40568,0.2605,0.15118,0.16895,0.52503,0.52612,0.1222,0.22056,0.010815,0.068762,0,0,0,0.12704
0.13934,0.30299,0.07349,0.34744,0.20397,0.17883,0.29286,0.35247,0.098219,0.15155,0.0026119,0.23859,0,0.1095,0.15945,0.39929,0,0.011541,0.28939,0.29391,0.4548,0.4079,0.030432,0.15031,0.27921,0.30114,0.21174,0.25664,0,0.10995,0.62821,0.66294,0.52529,0.4935,0.48877,0.54209,0.56154,0.65519,0.74918,1,0.49169,0.5671,0.4886,0.29275,0.40489,0.44176,0.31506,0.35784,0.16993,0.044338,0.24682,0.18109,0.15877,0,0.50893,0.38348,0.23774,0.36444,0.27714,0.27499,0.18598,0.16002,0,0,0.38741,0.30399,0.61704,0.49657,0.41997,0.4134,0.26991,0.31406,0.36758,0.35474,0.46083,0.36852,0.51871,0.49134,0.13888,0.099738,0.15702,0.06878,0.12419,0.51564,0.3792,0.25878,0.43098,0.58613,0.4228,0.21021,0.37696,0.33511,0.086736,0.0076002,0,0.054925,0.17022,0.26911,0.30462,0.25198,0.42369,0.066956,0.50205,0.37374,0.19443,0.17765,0.58047,0.49998,0.27335,0.12159,0.1508,0.10489,0.062072,0,0,0.25179
0.22801,0,0.41212,0.071023,0,0,0.40524,0,0,0,0.32122,0.060935,0.29813,0,0,0.0020969,0.40236,0.035043,0.099688,0,0.26555,0.066932,0.32726,0.27412,0.004262,0.038242,0,0,0.36294,0.13221,0.3311,0.31834,0.55025,0.34635,0.31504,0.1258,0.74619,0.4538,0.55124,0.49169,1,0.5696,0.47444,0.2872,0.32775,0.38057,0.22431,0.26888,0.2665,0.10672,0.42416,0.22904,0.19113,0.23201,0.064566,0.24605,0.30633,0,0.025853,0,0.33929,0,0.28503,0.01971,0.36686,0.10955,0.30588,0.17446,0,0.011429,0.24971,0.18667,0.38043,0.17085,0.23741,0.24475,0.28609,0.31749,0.47059,0,0.3328,0.036186,0.14647,0.29425,0.06872,0.37951,0,0.11807,0,0.33486,0.18212,0.34,0.071348,0.36418,0,0.045957,0.084515,0.28759,0.12802,0.15698,0,0.26809,0,0.043984,0.084505,0.17074,0.32279,0.23781,0.032718,0.2323,0.17411,0.11276,0,0,0.089327,0
0,0.33359,0.15518,0.3323,0.040204,0.12506,0.066774,0.34892,0.052989,0.22802,0.10421,0.32281,0,0.19458,0.09365,0.22568,0.28036,0.19352,0.128,0.018306,0.027825,0,0.27645,0.40081,0.26891,0.20849,0,0,0.1711,0.52425,0.43812,0.42408,0.57007,0.52334,0.29492,0.1183,0.51377,0.7779,0.375,0.5671,0.5696,1,0.31042,0.22302,0.21639,0.36887,0.011905,0.16184,0.20822,0.04028,0.30382,0.1181,0.2689,0.10265,0.25907,0.23606,0.098629,0.23287,0,0.01236,0.10525,0.19257,0.22671,0.31825,0.25162,0.32343,0.33643,0.13732,0.064486,0.039446,0.20295,0.07133,0.31707,0.33704,0.20333,0,0.26946,0.23271,0.31712,0.39575,0.39954,0.35117,0.17197,0.56519,0.32656,0.36409,0,0,0.095035,0.01347,0.4231,0.15671,0.308,0.053777,0,0.15395,0.12683,0.15742,0.15048,0.21879,0.13031,0,0.13778,0,0.061306,0,0.32333,0.10804,0.094706,0.011885,0.029225,0.17576,0.019252,0,0.042899,0.044059
0.24844,0.19132,0.31911,0.2156,0,0.0081359,0.38255,0.16178,0.0013238,0,0.21955,0.057751,0.19461,0.036621,0.030826,0,0.18156,0.21543,0.21964,0.17681,0.18125,0.14796,0.28041,0.20288,0.14191,0.1624,0,0,0.18302,0.19561,0.17547,0.20175,0.47067,0.4354,0.30275,0.23223,0.46402,0.40845,0.41398,0.4886,0.47444,0.31042,1,0.85419,0.64567,0.7378,0.81842,0.84542,0.57676,0.41592,0.67739,0.53605,0.5261,0.47279,0.32733,0.37699,0.2762,0.2053,0.14483,0,0.30538,0.0056568,0.18612,0.053105,0.31102,0.1006,0.40742,0.35449,0.099753,0.22848,0.065964,0.13444,0.31641,0.30402,0.24394,0.2843,0.30161,0.33611,0.33906,0.17881,0.37052,0.26636,0.10385,0.19046,0.34735,0.42305,0.093057,0.18315,0.1177,0.22879,0.39799,0.54693,0.26267,0.33995,0,0.10166,0.44654,0.51753,0.58881,0.59443,0.098386,0.13982,0.22644,0.19158,0.17224,0.29465,0.20287,0.14093,0,0.16403,0.6279,0.57716,0.45913,0.27409,0.27989,0
0.15564,0.22448,0.11255,0.10353,0,0,0.15184,0.11159,0.018628,0,0.20736,0.19972,0.10145,0.1697,0.0055306,0,0.059502,0.39712,0.032142,0.1008,0.072772,0.045168,0.13678,0.10307,0,0.026227,0,0,0.076899,0.31449,0,0,0.25869,0.29688,0.086037,0.10497,0.26837,0.41862,0.21304,0.29275,0.2872,0.22302,0.85419,1,0.55114,0.76194,0.71187,0.88662,0.67696,0.58575,0.58667,0.69631,0.4278,0.5747,0.24462,0.51476,0.13271,0.19459,0.22238,0.12566,0.29404,0.22511,0.15391,0.33057,0.089452,0.27632,0.24946,0.34003,0,0.08224,0,0.14201,0.11773,0.34653,0.056947,0.22019,0.20844,0.31624,0.12435,0.19132,0.23039,0.36803,0,0.1721,0.14375,0.55767,0,0.060353,0,0.29224,0.3279,0.47116,0.20076,0.32724,0,0.014328,0.26514,0.43396,0.47551,0.64779,0,0.1108,0.094383,0.14163,0.13298,0.26283,0.10931,0.068435,0,0.1327,0.52455,0.49779,0.43671,0.24553,0.2356,0
0.18047,0.14627,0.1759,0.31473,0.22513,0.16306,0.074633,0.17847,0.21431,0.085405,0,0.14047,0,0,0.055352,0.0059805,0.06461,0.34615,0.12431,0.24172,0.16669,0.20568,0.21806,0.27065,0.1416,0.27348,0,0,0.090986,0.26968,0.12956,0.18199,0.22218,0.27565,0.3419,0.33906,0.19201,0.29087,0.18299,0.40489,0.32775,0.21639,0.64567,0.55114,1,0.7626,0.6845,0.63259,0.71489,0.64764,0.33839,0.41293,0.44923,0.39678,0.15972,0.17985,0.17457,0.1906,0.28744,0.29849,0.32668,0.24707,0.3793,0.12974,0.39281,0.33704,0.26664,0.27205,0.091775,0.24029,0.14787,0.1584,0.27596,0.16352,0.16523,0.057387,0.12943,0.16242,0.12274,0.069556,0.40342,0.30533,0.11289,0.30645,0.49885,0.51015,0.27775,0.29105,0.20938,0.2641,0.17485,0.11127,0.058218,0.019659,0,0,0.17061,0.33459,0.35559,0.27901,0.1966,0.073114,0.22784,0.33151,0.13828,0.20432,0.1713,0.26342,0,0.18301,0.4917,0.27616,0.169,0.028187,0.18408,0.031674
0.13507,0.17921,0.066591,0.21559,0,0.012559,0.048265,0.17135,0,0,0.14838,0.20866,0.011873,0.18727,0,0.085192,0.048535,0.31609,0.054573,0.12296,0.079298,0.059895,0.13395,0.20253,0,0.058296,0,0,0.042661,0.318,0.014419,0.12453,0.38914,0.46038,0.28117,0.34074,0.33301,0.47931,0.35036,0.44176,0.38057,0.36887,0.7378,0.76194,0.7626,1,0.60005,0.70895,0.72411,0.60347,0.56353,0.60897,0.41372,0.35147,0.30063,0.36593,0.18175,0.1972,0.29767,0.23032,0.40325,0.31302,0.31037,0.30738,0.274,0.43941,0.42437,0.49599,0,0.17908,0.047854,0.066224,0.19208,0.3217,0.098025,0.1021,0.1661,0.23853,0.15284,0.14785,0.35903,0.30095,0.010865,0.33152,0.35751,0.59813,0.081347,0.19099,0.11247,0.24942,0.36368,0.26723,0.17771,0.10803,0,0.018324,0.21781,0.38172,0.39662,0.45638,0.10729,0.06873,0.20583,0.20158,0.15936,0.20259,0.2225,0.21605,0,0.14857,0.37671,0.37787,0.2603,0,0.13089,0
0.28666,0.24833,0.13455,0.1767,0.070634,0.013168,0.21289,0.10502,0.062113,0,0.046468,0.060054,0.21584,0.067528,0,0,0.11174,0.30004,0.19632,0.23906,0.24091,0.29687,0.075307,0.017034,0.028435,0.10213,0,0,0.12156,0.11775,0.017793,0.015977,0.20317,0.29163,0.019826,0.099679,0.1392,0.089321,0.1974,0.31506,0.22431,0.011905,0.81842,0.71187,0.6845,0.60005,1,0.85306,0.59738,0.62155,0.50114,0.5252,0.59145,0.4546,0.2366,0.13802,0.28702,0.26303,0.30434,0.18477,0.33815,0.091611,0.25126,0.029651,0.065643,0,0.10936,0.22416,0.15085,0.32838,0.032714,0.10036,0.24173,0.21932,0.20977,0.21467,0.14466,0.17695,0.16061,0.017443,0.33974,0.16178,0.094864,0.033454,0.40359,0.27376,0.28324,0.25726,0.27584,0.1841,0.33358,0.44068,0.2232,0.17419,0.10226,0.054122,0.42094,0.47267,0.69254,0.57357,0.27208,0.21975,0.3251,0.35261,0.14989,0.30859,0.080872,0.18071,0,0.23806,0.64433,0.56476,0.56081,0.28565,0.26639,0
0.26079,0.23513,0.14644,0.20826,0.055472,0.034545,0.21406,0.15836,0.080553,0,0.098245,0.19115,0.15242,0.1414,0,0,0.074056,0.39086,0.10183,0.21794,0.23271,0.23576,0.11711,0.089623,0.052378,0.1394,0,0,0.16962,0.23559,0.015199,0.035453,0.24415,0.33396,0.085684,0.17658,0.25186,0.31268,0.2163,0.35784,0.26888,0.16184,0.84542,0.88662,0.63259,0.70895,0.85306,1,0.67281,0.63936,0.52752,0.64389,0.48226,0.59122,0.25762,0.44868,0.24377,0.25401,0.28607,0.21302,0.34586,0.24242,0.23884,0.24312,0.051968,0.19098,0.15702,0.30344,0,0.22166,0,0.15678,0.20808,0.33734,0.14238,0.28973,0.20385,0.32529,0.13842,0.13474,0.28232,0.3439,0,0.14374,0.22566,0.47549,0.088561,0.16856,0.055583,0.32857,0.3675,0.55919,0.18183,0.32494,0,0.032327,0.31008,0.49044,0.59818,0.71556,0.092484,0.18925,0.22888,0.30926,0.22843,0.38254,0.1093,0.14971,0,0.21413,0.61456,0.54702,0.48683,0.27634,0.27191,0
0.16237,0.12041,0.16802,0.30675,0.14265,0.16917,0.033472,0.21552,0.22048,0.14092,0.090032,0.18638,0.12429,0.13288,0.072488,0,0.17702,0.42807,0.00057442,0.10666,0.029606,0.092116,0.2127,0.26094,0.089179,0.1909,0,0,0.22182,0.34712,0,0,0.25751,0.30878,0.087311,0.11173,0.18282,0.26971,0.068707,0.16993,0.2665,0.20822,0.57676,0.67696,0.71489,0.72411,0.59738,0.67281,1,0.80865,0.63114,0.64318,0.58079,0.56293,0.2505,0.30118,0.082493,0.025809,0.34619,0.26792,0.4911,0.32484,0.54959,0.3573,0.16018,0.33925,0.07929,0.22859,0,0.057603,0.057431,0.053145,0.21923,0.30218,0.070524,0.023791,0.015338,0.14314,0.093396,0.0070677,0.43663,0.29987,0,0.13311,0.30559,0.49621,0,0,0.033126,0.23034,0.34273,0.2005,0.19307,0.13414,0,0,0.087704,0.18255,0.33432,0.34593,0,0.027539,0.11807,0.16416,0.18563,0.26806,0,0.083701,0,0.2382,0.39332,0.35805,0.19584,0.057373,0.20333,0
0.16897,0.24693,0,0.30361,0.25302,0.18554,0,0.24868,0.29592,0.14641,0,0.30031,0.13858,0.28607,0.052463,0,0.035953,0.54402,0,0.19633,0.070349,0.18097,0.0056778,0.095966,0,0.14252,0,0,0.09302,0.40838,0,0,0,0.1981,0,0.0065804,0,0.059884,0,0.044338,0.10672,0.04028,0.41592,0.58575,0.64764,0.60347,0.62155,0.63936,0.80865,1,0.35794,0.78983,0.38496,0.58176,0.035425,0.14752,0.073198,0.20178,0.43644,0.48755,0.41612,0.53075,0.40965,0.43215,0,0.38667,0,0.25872,0,0.12448,0,0.11383,0.1164,0.2886,0,0.018583,0,0.044465,0,0.031454,0.33866,0.35739,0,0.10509,0.273,0.55691,0.077619,0.059266,0.046031,0.30444,0.21182,0.11909,0.14509,0.055212,0.042999,0,0.15021,0.28468,0.33567,0.39872,0.13216,0.093477,0.16154,0.29317,0.092991,0.17992,0,0.091257,0,0.28113,0.41128,0.30398,0.27158,0.037579,0.18088,0
0.10797,0.0075173,0.38057,0.25282,0,0,0.34108,0.17342,0,0,0.46438,0.049679,0.35826,0.10397,0,0,0.34043,0.087314,0.044703,0,0,0,0.39241,0.35358,0.078363,0.066199,0,0,0.29406,0.16625,0.065147,0.047117,0.55903,0.50817,0.22721,0.078065,0.48126,0.32799,0.32746,0.24682,0.42416,0.30382,0.67739,0.58667,0.33839,0.56353,0.50114,0.52752,0.63114,0.35794,1,0.52333,0.59676,0.36367,0.4406,0.26991,0.10854,0,0.0039903,0,0.49921,0,0.42526,0.14664,0.39585,0.10559,0.26646,0.26188,0,0,0.21688,0,0.23696,0.24533,0.092069,0.044999,0.22375,0.22849,0.32352,0.052101,0.37683,0.06181,0,0,0.30626,0.22855,0,0,0.077718,0.0096104,0.55814,0.47678,0.48834,0.34707,0,0.067085,0.38116,0.27736,0.39786,0.32936,0,0,0.017626,0,0.10921,0.20065,0,0,0,0.2107,0.50449,0.56557,0.23863,0.24064,0.32629,0
