1,0.66936,0.66946,0.65429,0.49292,0.28321,0.70934,0.67881,0.33345,0.29225,0.68897,0.681,0.76391,0.52784,0.51383,0.51499,0.36025,0.44842,0.61458,0.79536,0.19742,0.23654,0.53252,0.65973,0.35187,0.27292,0.38302,0.34298,0.41279,0.21871,0.38014,0.34054,0.5333,0.53566,0.5302,0.46535,0.0048235,0.2661,0.029299,0,0.056108,0.10258,0.53127,0.43322,0.4931,0.48822,0.39209,0.34774,0.49473,0.38219,0.55112,0.44723,0.39584,0.40896,0.21273,0.37679,0.66776,0.44664,0.34961,0.28501,0.34136,0.25301,0.4263,0.32514,0.50077,0.45475,0.4846,0.52069,0.69445,0.52908,0.33917,0.26402,0.5546,0.55744,0.44964,0.64482,0.47298,0.4487,0.13111,0.081852,0.37748,0.38036,0.50038,0.53179,0.43673,0.50448,0.23832,0.49923,0.45397,0.58973,0.2657,0.36449,0.13979,0.41447,0.2932,0.22061,0.32234,0.27585,0.29651,0.26805,0.29778,0.58162,0.38183,0.43691,0.39041,0.31077,0.22847,0.27725,0.20048,0.26112,0.45909,0.28899,0.19247,0.16112,0.42676,0.41691
0.66936,1,0.34615,0.47456,0.27172,0.079759,0.51718,0.66371,0.095165,0.2065,0.37403,0.58482,0.51866,0.37168,0.28648,0.32288,0.22789,0.41763,0.19881,0.50949,0.12041,0.24765,0.2311,0.43843,0.3355,0.26756,0.13134,0.10576,0.30669,0.3101,0.19391,0.073774,0.3407,0.37924,0.30288,0.31144,0.047853,0.30116,0.19858,0.23488,0.15011,0.31596,0.41866,0.37509,0.4762,0.51724,0.29153,0.31705,0.53589,0.54108,0.50108,0.54866,0.3622,0.40513,0.32774,0.41047,0.53628,0.56426,0.31434,0.39668,0.39652,0.48143,0.34607,0.33904,0.61513,0.60185,0.39929,0.42552,0.53043,0.45629,0.2302,0.15944,0.34137,0.50346,0.30653,0.52246,0.26726,0.21787,0.0024793,0.049774,0.2162,0.22008,0.36195,0.4324,0.19712,0.23139,0.26197,0.40106,0.37221,0.40642,0.31501,0.32008,0.26453,0.37961,0.26437,0.27373,0.34631,0.32396,0.29665,0.29627,0.36602,0.46054,0.40924,0.42527,0.35189,0.26202,0.2165,0.30306,0.070086,0.16549,0.34312,0.33444,0.26102,0.25834,0.34029,0.3079
0.66946,0.34615,1,0.78975,0.56457,0.32334,0.78923,0.60813,0.3943,0.2904,0.43401,0.36718,0.66191,0.38596,0.65323,0.46695,0.37411,0.38328,0.57882,0.71376,0.21283,0.3409,0.74537,0.85479,0.56962,0.45994,0.33739,0.3126,0.36749,0.14796,0.41843,0.39339,0.44423,0.44457,0.49243,0.40316,0.096035,0.27337,0.10335,0.060647,0.13886,0.10205,0.51897,0.45834,0.4778,0.40255,0.59225,0.42392,0.38688,0.27715,0.49779,0.34281,0.46653,0.44195,0.43413,0.44694,0.52631,0.38147,0.37485,0.36089,0.28573,0.25701,0.28989,0.22152,0.33322,0.40126,0.46883,0.44328,0.63393,0.42401,0.44807,0.3379,0.44765,0.35468,0.39845,0.46154,0.50332,0.416,0.18164,0.16961,0.37081,0.33384,0.53294,0.39575,0.46193,0.45115,0.34388,0.38772,0.60045,0.5808,0.46038,0.48747,0.31321,0.47546,0.33798,0.29565,0.39229,0.33906,0.42073,0.32934,0.47857,0.50207,0.45355,0.42251,0.47424,0.42143,0.47459,0.36133,0.28172,0.25609,0.41768,0.21656,0.084518,0.11727,0.37982,0.41252
0.65429,0.47456,0.78975,1,0.41403,0.42112,0.74772,0.8117,0.50851,0.13695,0.63919,0.63283,0.57935,0.62422,0.35671,0.2808,0.48526,0.43354,0.71081,0.75918,0.15731,0.17229,0.77046,0.83984,0.26469,0.17398,0.38722,0.41165,0.4303,0.34867,0.4397,0.53475,0.59085,0.63961,0.66053,0.57013,0,0.20878,0,0,0,0,0.54322,0.56884,0.53464,0.5118,0.55509,0.47399,0.42816,0.31859,0.53326,0.42269,0.49298,0.30596,0.1974,0.1616,0.45743,0.32016,0.20271,0.40149,0.27236,0.31968,0.27138,0.31584,0.45053,0.48562,0.47047,0.51133,0.53171,0.32923,0.32967,0.16946,0.48081,0.44698,0.55289,0.48077,0.57071,0.51649,0.26024,0.26908,0.3374,0.37856,0.35231,0.32441,0.32778,0.41721,0.12204,0.20794,0.44211,0.43028,0.33457,0.28668,0.18233,0.27931,0.42294,0.2817,0.45427,0.32785,0.41348,0.2247,0.3209,0.33669,0.35475,0.26529,0.39504,0.3082,0.26893,0.10966,0.33333,0.42349,0.57921,0.29413,0.13707,0.06562,0.32539,0.44986
0.49292,0.27172,0.56457,0.41403,1,0.67048,0.49932,0.39962,0.67206,0.43641,0.30242,0.22035,0.37223,0.33843,0.75163,0.74637,0.27978,0.24196,0.20141,0.30615,0.41203,0.5208,0.46719,0.46451,0.49419,0.39958,0.68759,0.57916,0.35641,0.29729,0.38634,0.32405,0.32415,0.29453,0.29928,0.27885,0,0.23304,0.046062,0.071482,0,0,0.4379,0.29854,0.29986,0.30832,0.39453,0.29042,0.24595,0.22551,0.37749,0.33073,0.44871,0.44559,0.35083,0.38091,0.38709,0.24841,0.37505,0.29359,0.22093,0.17065,0.22831,0.12623,0.22269,0.2707,0.3109,0.31253,0.37016,0.26733,0.46908,0.47008,0.33222,0.29306,0.29116,0.33414,0.24324,0.22492,0.16551,0.18877,0.24709,0.24062,0.38459,0.44535,0.19621,0.2399,0.5197,0.42454,0.41872,0.36921,0.56181,0.44311,0.45723,0.50953,0.32918,0.24388,0.29646,0.24497,0.48321,0.30103,0.5517,0.51967,0.55155,0.50283,0.41927,0.4059,0.46263,0.34976,0.36748,0.23959,0.26459,0.30801,0.2684,0.1963,0.35813,0.44044
0.28321,0.079759,0.32334,0.42112,0.67048,1,0.22768,0.2771,0.79739,0,0.40942,0.24317,0.087722,0.58503,0.29177,0.35986,0.42858,0.22334,0.32081,0.2121,0.46988,0.36435,0.56669,0.38072,0.020287,0,0.89447,0.91468,0.33099,0.33175,0.27427,0.45009,0.35862,0.41002,0.43895,0.44996,0,0.13356,0,0,0,0,0.38573,0.37815,0.27559,0.33666,0.42592,0.41128,0.18673,0.20074,0.28862,0.2866,0.502,0.33396,0.060391,0.066796,0.25015,0.11291,0.16245,0.28544,0.16215,0.16645,0.24611,0.28316,0.1809,0.20128,0.22459,0.32665,0.12764,0.046437,0.25499,0.1793,0.31994,0.20472,0.43604,0.18882,0.36987,0.4284,0.39946,0.36208,0.34229,0.46946,0.22234,0.36749,0.25755,0.35306,0.32197,0.30647,0.28766,0.26994,0.50199,0.37487,0.39615,0.3887,0.55597,0.31471,0.42453,0.25927,0.542,0.23247,0.37732,0.31083,0.44769,0.31581,0.41107,0.38199,0.26796,0,0.59572,0.5845,0.45763,0.37126,0.33325,0.17075,0.32997,0.56146
0.70934,0.51718,0.78923,0.74772,0.49932,0.22768,1,0.8705,0.31818,0.30855,0.46206,0.50896,0.7909,0.37147,0.53501,0.39469,0.41267,0.41357,0.41353,0.68367,0.17149,0.35331,0.51754,0.72602,0.49885,0.41983,0.21235,0.15824,0.47175,0.27891,0.39418,0.299,0.48302,0.49033,0.52929,0.4433,0.10259,0.28578,0.082641,0,0.12504,0.19412,0.56309,0.55898,0.63766,0.54441,0.54007,0.45186,0.54566,0.38609,0.66759,0.49161,0.54259,0.43441,0.47268,0.43614,0.41291,0.289,0.33707,0.34505,0.17658,0.24747,0.16207,0.13847,0.55217,0.5818,0.55162,0.51977,0.63299,0.49727,0.45398,0.33635,0.56583,0.5435,0.51182,0.62886,0.56007,0.47074,0.15504,0.16014,0.29116,0.20731,0.45163,0.33025,0.23814,0.24939,0.24776,0.2713,0.55475,0.49719,0.37736,0.3671,0.17901,0.31878,0.31673,0.25541,0.4178,0.35739,0.37349,0.33669,0.3699,0.44456,0.37064,0.36666,0.47624,0.36612,0.38406,0.41311,0.17153,0.23102,0.44969,0.26181,0.10085,0.13083,0.41885,0.42818
0.67881,0.66371,0.60813,0.8117,0.39962,0.2771,0.8705,1,0.38107,0.17303,0.56257,0.68529,0.69015,0.54645,0.32271,0.28593,0.38736,0.42564,0.44229,0.64694,0.15119,0.22496,0.4972,0.64998,0.28783,0.22855,0.20012,0.19736,0.44971,0.4093,0.31182,0.32384,0.47753,0.53585,0.60723,0.52211,0.093324,0.25825,0.011169,0,0.036913,0.14835,0.57486,0.58862,0.63395,0.58639,0.51106,0.45224,0.55163,0.43026,0.67904,0.59004,0.54251,0.38374,0.31254,0.27427,0.33359,0.2488,0.1744,0.31368,0.14745,0.26778,0.14759,0.19198,0.60755,0.63702,0.47983,0.49363,0.49782,0.37397,0.34209,0.21865,0.50343,0.53928,0.52084,0.57716,0.51535,0.46327,0.11579,0.18589,0.21152,0.22514,0.3084,0.32884,0.16685,0.23918,0.1401,0.21628,0.44418,0.38827,0.32547,0.27091,0.14878,0.22532,0.3691,0.28704,0.43676,0.34994,0.36205,0.27573,0.27858,0.3444,0.33906,0.29298,0.44428,0.35006,0.28032,0.22959,0.2289,0.3229,0.50518,0.31129,0.15212,0.13438,0.38359,0.48074
0.33345,0.095165,0.3943,0.50851,0.67206,0.79739,0.31818,0.38107,1,0,0.56423,0.37692,0.16996,0.69273,0.29015,0.29494,0.52855,0.30372,0.44992,0.2746,0.43912,0.24816,0.68331,0.42303,0,0,0.74774,0.79783,0.39127,0.46366,0.29826,0.55076,0.45104,0.49229,0.46506,0.35816,0,0.14686,0,0,0,0,0.38238,0.25591,0.22657,0.29663,0.30464,0.32892,0.18171,0.13949,0.29033,0.23264,0.46968,0.31602,0,0,0.31545,0.16813,0.14899,0.28462,0.266,0.19822,0.35398,0.3811,0.25239,0.15578,0.22115,0.3218,0.17863,0.071557,0.2314,0.1402,0.31285,0.23236,0.43415,0.15452,0.3073,0.34738,0.36737,0.41234,0.34845,0.48697,0.12138,0.31271,0.1483,0.28588,0.20114,0.17812,0.17272,0.15522,0.46941,0.32347,0.37548,0.33754,0.53931,0.28936,0.35624,0.20235,0.52776,0.19188,0.32551,0.2419,0.46516,0.29937,0.40478,0.4163,0.21061,0,0.59985,0.55078,0.41427,0.38072,0.37008,0.23425,0.3694,0.57731
0.29225,0.2065,0.2904,0.13695,0.43641,0,0.30855,0.17303,0,1,0,0.082371,0.29241,0,0.57462,0.68753,0,0.076437,0,0.18836,0,0.18337,0,0.15694,0.45687,0.46827,0.019495,0,0.0016676,0,0.29055,0,0.022687,0,0,0,0.13902,0.17863,0.22171,0.13135,0.34395,0.28598,0.1067,0.085472,0.049697,0,0.1005,0,0,0,0.070085,0,0,0,0.30951,0.29114,0.10038,0.060511,0.15461,0,0,0,0,0,0,0.043196,0.098761,0.0041527,0.26993,0.25262,0.44489,0.58212,0.19229,0.24445,0,0.2914,0.062076,0.036871,0,0,0,0,0.14551,0.071592,0,0,0.14062,0.086967,0.16797,0.14601,0.007255,0,0,0.083364,0,0,0,0.034913,0,0.052084,0.15434,0.25049,0.010568,0.085165,0,0,0.11533,0.42058,0,0,0,0,0,0,0,0
0.68897,0.37403,0.43401,0.63919,0.30242,0.40942,0.46206,0.56257,0.56423,0,1,0.74124,0.58267,0.79294,0.22965,0.20698,0.59406,0.46594,0.7365,0.64033,0.23127,0.050429,0.66189,0.51919,0,0,0.44864,0.49469,0.54594,0.45431,0.34825,0.54912,0.59639,0.65193,0.56609,0.47376,0,0.2227,0,0,0,0,0.46087,0.34015,0.34352,0.41514,0.30108,0.31379,0.33569,0.31425,0.37297,0.32314,0.35131,0.23842,0,0,0.50315,0.29077,0.15052,0.25766,0.33566,0.23456,0.44863,0.4837,0.42392,0.28292,0.35321,0.46642,0.41949,0.24359,0.15766,0.054244,0.51399,0.44378,0.49142,0.36546,0.40023,0.40687,0.36142,0.31778,0.46463,0.55966,0.32029,0.41004,0.36982,0.5075,0.064233,0.25053,0.1873,0.32961,0.18593,0.2169,0.053414,0.23253,0.45122,0.24391,0.31562,0.1875,0.29449,0.12715,0.079665,0.3004,0.25074,0.19901,0.28235,0.23371,0.033236,0,0.44319,0.51814,0.51948,0.2953,0.21446,0.074471,0.31295,0.50414
0.681,0.58482,0.36718,0.63283,0.22035,0.24317,0.50896,0.68529,0.37692,0.082371,0.74124,1,0.60606,0.75867,0.15921,0.33877,0.44562,0.57738,0.54978,0.65405,0.10804,0.072665,0.5274,0.54118,0.021424,0,0.22565,0.25726,0.50804,0.55951,0.41479,0.52542,0.59606,0.6527,0.55843,0.50731,0.12805,0.30297,0,0,0,0,0.39702,0.39303,0.35577,0.38041,0.30387,0.30763,0.22,0.14849,0.34698,0.26961,0.2963,0.17251,0,0.085163,0.4108,0.26522,0.071946,0.072567,0.20246,0.15849,0.30792,0.34251,0.41257,0.3056,0.348,0.42479,0.41262,0.32164,0.2622,0.21826,0.48654,0.53827,0.50462,0.50925,0.33948,0.36392,0.25816,0.34304,0.39502,0.48835,0.30141,0.51494,0.36486,0.55356,0.096086,0.32848,0.24012,0.40359,0.1461,0.11744,0,0.16858,0.37493,0.26296,0.27911,0.23422,0.23685,0.14671,0.067102,0.29924,0.25323,0.20677,0.25457,0.17525,0.099608,0,0.34394,0.4484,0.4204,0.2415,0.091098,0.021188,0.2911,0.42253
0.76391,0.51866,0.66191,0.57935,0.37223,0.087722,0.7909,0.69015,0.16996,0.29241,0.58267,0.60606,1,0.4561,0.56956,0.45324,0.4163,0.52657,0.46687,0.76212,0.076435,0.28617,0.47974,0.63714,0.44229,0.3482,0.11222,0.067566,0.45949,0.26513,0.3632,0.28572,0.51663,0.50751,0.51087,0.42444,0.13605,0.3378,0.10692,0,0.20685,0.2254,0.44931,0.48568,0.53343,0.45739,0.39799,0.30878,0.44005,0.29094,0.54873,0.35365,0.3941,0.32403,0.38987,0.45473,0.53494,0.38503,0.38753,0.26427,0.23298,0.21421,0.26737,0.21465,0.5376,0.49663,0.51955,0.51034,0.70705,0.59593,0.28701,0.26873,0.59521,0.5995,0.46538,0.67053,0.47785,0.40582,0.19452,0.20667,0.42744,0.34775,0.58595,0.48973,0.48379,0.46389,0.27985,0.42186,0.60974,0.62751,0.23258,0.34008,0.01926,0.34554,0.23047,0.17584,0.24145,0.20979,0.20439,0.269,0.23997,0.51875,0.26776,0.34352,0.35798,0.25178,0.32105,0.44503,0.17386,0.21809,0.35524,0.13021,0,0,0.31003,0.37798
0.52784,0.37168,0.38596,0.62422,0.33843,0.58503,0.37147,0.54645,0.69273,0,0.79294,0.75867,0.4561,1,0.14114,0.2555,0.58731,0.52647,0.60976,0.49723,0.35202,0.18975,0.73584,0.54069,0,0,0.56309,0.63915,0.50718,0.57338,0.39675,0.66592,0.59559,0.69053,0.65655,0.54485,0,0.23539,0,0,0,0,0.393,0.40668,0.34742,0.39051,0.3736,0.38324,0.25004,0.1883,0.35823,0.31056,0.47747,0.24645,0,0,0.42332,0.26324,0.095041,0.25804,0.28557,0.23015,0.42665,0.52481,0.40891,0.23095,0.29449,0.42836,0.27769,0.148,0.22715,0.092975,0.43619,0.40107,0.54514,0.31344,0.37822,0.41712,0.4053,0.50652,0.48355,0.66611,0.27698,0.47727,0.38524,0.56045,0.17316,0.30214,0.28883,0.3405,0.33147,0.23962,0.15544,0.24309,0.58776,0.34028,0.39376,0.25495,0.40818,0.15168,0.18075,0.24806,0.34885,0.20917,0.35196,0.29482,0.16932,0,0.60588,0.66478,0.50149,0.30339,0.19765,0.060149,0.3059,0.58865
0.51383,0.28648,0.65323,0.35671,0.75163,0.29177,0.53501,0.32271,0.29015,0.57462,0.22965,0.15921,0.56956,0.14114,1,0.81336,0.25042,0.31928,0.20989,0.41871,0.3543,0.58799,0.3944,0.5198,0.7764,0.68645,0.35155,0.23255,0.44169,0.28408,0.4553,0.25961,0.3515,0.28195,0.21194,0.16924,0.2032,0.44695,0.31196,0.25443,0.35767,0.2849,0.44948,0.29767,0.33721,0.31026,0.41978,0.28078,0.303,0.25863,0.34497,0.24295,0.34811,0.42149,0.46906,0.55815,0.46152,0.36831,0.48013,0.34834,0.28063,0.18282,0.21376,0.074496,0.19441,0.28861,0.40225,0.34392,0.53507,0.40392,0.47304,0.49883,0.42379,0.42602,0.26969,0.44079,0.33746,0.20665,0.12866,0.13143,0.30694,0.19869,0.59515,0.49337,0.37092,0.282,0.54265,0.48515,0.51657,0.46625,0.4611,0.41737,0.38262,0.47736,0.1766,0.30403,0.26542,0.33949,0.37489,0.38839,0.52851,0.52253,0.45475,0.44176,0.33666,0.30021,0.48054,0.54568,0.17168,0.050622,0.18816,0.21505,0.1332,0.13391,0.28469,0.24123
0.51499,0.32288,0.46695,0.2808,0.74637,0.35986,0.39469,0.28593,0.29494,0.68753,0.20698,0.33877,0.45324,0.2555,0.81336,1,0.12383,0.31621,0.15757,0.35322,0.38101,0.56641,0.27253,0.38172,0.60485,0.58037,0.41664,0.2825,0.39076,0.34155,0.4751,0.29309,0.27784,0.22928,0.21228,0.2044,0.24599,0.47597,0.26063,0.24518,0.34177,0.23819,0.33742,0.25288,0.20657,0.17305,0.34136,0.18803,0.092684,0.059377,0.21337,0.13064,0.2368,0.25983,0.38176,0.48401,0.34888,0.23504,0.28829,0.11421,0.12947,0.043849,0.14046,0.0034933,0.079893,0.14788,0.24846,0.2159,0.36466,0.28178,0.52036,0.59792,0.39138,0.42348,0.23429,0.42059,0.17596,0.12691,0.076961,0.14444,0.22298,0.18673,0.47145,0.56818,0.34303,0.3654,0.50528,0.53619,0.4446,0.45504,0.37281,0.27549,0.28246,0.38503,0.13804,0.26194,0.16897,0.28604,0.29126,0.28496,0.408,0.47766,0.37887,0.37552,0.23546,0.21427,0.40257,0.44611,0.22276,0.041477,0.063756,0.12686,0.078692,0.050421,0.23112,0.24473
0.36025,0.22789,0.37411,0.48526,0.27978,0.42858,0.41267,0.38736,0.52855,0,0.59406,0.44562,0.4163,0.58731,0.25042,0.12383,1,0.77779,0.4657,0.53695,0.36283,0.319,0.66928,0.56939,0.088749,0,0.46479,0.51115,0.76357,0.61761,0.5671,0.65411,0.78975,0.7905,0.56108,0.51708,0.0098746,0.33944,0,0,0,0,0.48504,0.46852,0.49763,0.5981,0.41363,0.53163,0.43161,0.3534,0.35653,0.25504,0.54999,0.40112,0.026974,0.1112,0.66605,0.57993,0.51319,0.51359,0.61045,0.54892,0.62413,0.67516,0.54469,0.3088,0.61219,0.67551,0.57186,0.42694,0.19648,0.077842,0.58125,0.52638,0.58877,0.3653,0.53475,0.45784,0.84878,0.71666,0.83979,0.78009,0.51736,0.52517,0.46064,0.49288,0.27649,0.3309,0.28947,0.39454,0.38802,0.39277,0.24227,0.38426,0.61437,0.41411,0.52889,0.37549,0.54608,0.36146,0.26456,0.34415,0.43202,0.28934,0.40552,0.31139,0.12287,0,0.51461,0.64172,0.62516,0.5054,0.36353,0.20302,0.37919,0.48055
0.44842,0.41763,0.38328,0.43354,0.24196,0.22334,0.41357,0.42564,0.30372,0.076437,0.46594,0.57738,0.52657,0.52647,0.31928,0.31621,0.77779,1,0.42564,0.57969,0.25799,0.3105,0.54012,0.54058,0.17434,0.075952,0.26908,0.27892,0.72287,0.667,0.60318,0.59327,0.6824,0.65173,0.48863,0.43595,0.18873,0.45731,0,0,0.089423,0.045289,0.36892,0.37668,0.37502,0.47088,0.32966,0.38799,0.31582,0.27512,0.22216,0.14826,0.37391,0.32097,0.085709,0.23399,0.68031,0.63272,0.44514,0.32768,0.59789,0.54313,0.59577,0.631,0.53704,0.31138,0.50273,0.53266,0.57717,0.4304,0.38389,0.32945,0.63011,0.65851,0.55626,0.50212,0.37475,0.29157,0.66863,0.6981,0.74865,0.70744,0.49424,0.59788,0.50057,0.54015,0.27261,0.42621,0.32593,0.49258,0.27763,0.36884,0.17228,0.39964,0.41173,0.33154,0.3514,0.30458,0.36433,0.31603,0.20726,0.38537,0.34835,0.25315,0.2617,0.1901,0.08439,0.032721,0.37718,0.41738,0.42803,0.34508,0.2163,0.11052,0.29736,0.36086
0.61458,0.19881,0.57882,0.71081,0.20141,0.32081,0.41353,0.44229,0.44992,0,0.7365,0.54978,0.46687,0.60976,0.20989,0.15757,0.4657,0.42564,1,0.77432,0.14665,0.012551,0.71902,0.60195,0,0,0.37051,0.42828,0.3777,0.25095,0.39644,0.5848,0.55331,0.59092,0.59729,0.47262,0.024645,0.24644,0,0,0,0,0.32151,0.28005,0.20183,0.24136,0.26128,0.21672,0.18759,0.12095,0.23652,0.10403,0.18832,0.054401,0,0,0.45581,0.22664,0.050391,0.24315,0.30134,0.27114,0.37511,0.43818,0.30388,0.25699,0.22631,0.33126,0.38356,0.13348,0.19333,0.093715,0.53898,0.42766,0.49263,0.38846,0.47172,0.47829,0.29195,0.2443,0.41834,0.50664,0.26407,0.31377,0.46384,0.56371,0.0014299,0.2209,0.22877,0.41558,0.064158,0.18311,0,0.20117,0.30032,0.11772,0.17245,0.079211,0.14335,0.020215,0.055293,0.22942,0.14687,0.10558,0.14686,0.13121,0,0,0.34953,0.40202,0.4279,0.10471,0.066881,0,0.18563,0.2894
0.79536,0.50949,0.71376,0.75918,0.30615,0.2121,0.68367,0.64694,0.2746,0.18836,0.64033,0.65405,0.76212,0.49723,0.41871,0.35322,0.53695,0.57969,0.77432,1,0.14045,0.22737,0.65097,0.78066,0.2765,0.19018,0.2472,0.25693,0.48519,0.26878,0.5053,0.4859,0.67081,0.68473,0.68359,0.6234,0.075355,0.3342,0.029277,0,0.1253,0.15263,0.55777,0.56947,0.51624,0.5195,0.45758,0.40672,0.42978,0.28321,0.49202,0.32146,0.36299,0.26548,0.18258,0.32493,0.66181,0.49131,0.39024,0.37835,0.37689,0.38524,0.40965,0.39834,0.51635,0.4986,0.57356,0.6081,0.78717,0.59345,0.25283,0.17818,0.66179,0.62349,0.59684,0.68837,0.6511,0.59701,0.36638,0.27856,0.56992,0.52675,0.59744,0.53693,0.5901,0.63918,0.22446,0.45529,0.5091,0.67468,0.18328,0.33408,0.05697,0.39362,0.32819,0.22001,0.33213,0.24158,0.26107,0.24876,0.22401,0.53005,0.28782,0.33359,0.32782,0.24967,0.17779,0.23832,0.25141,0.36821,0.56049,0.25913,0.12487,0.063413,0.3348,0.35557
0.19742,0.12041,0.21283,0.15731,0.41203,0.46988,0.17149,0.15119,0.43912,0,0.23127,0.10804,0.076435,0.35202,0.3543,0.38101,0.36283,0.25799,0.14665,0.14045,1,0.75218,0.30765,0.20632,0.19175,0.16589,0.48982,0.50441,0.54548,0.46302,0.36174,0.35325,0.25295,0.25528,0.18078,0.16295,0.28783,0.42723,0.42418,0.41358,0.17388,0.17054,0.29735,0.12949,0.26793,0.26076,0.21768,0.25812,0.26464,0.1525,0.14192,0.14092,0.34336,0.30543,0.12237,0.25779,0.25801,0.17549,0.22664,0.26487,0.25291,0.17419,0.20905,0.17177,0.1748,0.091251,0.25017,0.28848,0.17557,0,0.25757,0.17991,0.27598,0.23,0.22126,0.070877,0.18759,0.12557,0.33688,0.34852,0.35145,0.42268,0.41123,0.50393,0.26152,0.28214,0.45991,0.42544,0.2266,0.29676,0.41294,0.37717,0.52728,0.39321,0.36197,0.47056,0.3535,0.37539,0.37409,0.28931,0.35648,0.31083,0.36465,0.3145,0.28479,0.34712,0.1478,0.0098072,0.34453,0.22891,0.14433,0.28005,0.32822,0.27702,0.1707,0.30732
0.23654,0.24765,0.3409,0.17229,0.5208,0.36435,0.35331,0.22496,0.24816,0.18337,0.050429,0.072665,0.28617,0.18975,0.58799,0.56641,0.319,0.3105,0.012551,0.22737,0.75218,1,0.26596,0.33447,0.56154,0.52302,0.37043,0.31957,0.51808,0.40564,0.43148,0.26848,0.2988,0.29585,0.20762,0.23499,0.3847,0.52481,0.4749,0.43246,0.37704,0.30243,0.34582,0.31553,0.37445,0.36533,0.38039,0.35435,0.31304,0.27069,0.28548,0.28344,0.40943,0.43032,0.4882,0.55153,0.31418,0.30279,0.38184,0.36727,0.20696,0.24517,0.1535,0.09482,0.24695,0.30597,0.34342,0.34114,0.33283,0.21082,0.38143,0.32593,0.38802,0.39858,0.3254,0.35381,0.33286,0.20506,0.30914,0.33601,0.4042,0.35134,0.5876,0.5822,0.38611,0.31936,0.6918,0.54921,0.51776,0.48182,0.50881,0.46698,0.51422,0.51081,0.31909,0.44234,0.35936,0.42186,0.40662,0.42699,0.50856,0.48664,0.44948,0.47887,0.39954,0.45065,0.50016,0.43924,0.27174,0.17678,0.16273,0.28716,0.29357,0.28943,0.26784,0.2938
0.53252,0.2311,0.74537,0.77046,0.46719,0.56669,0.51754,0.4972,0.68331,0,0.66189,0.5274,0.47974,0.73584,0.3944,0.27253,0.66928,0.54012,0.71902,0.65097,0.30765,0.26596,1,0.8598,0.24419,0.076675,0.56275,0.62029,0.51965,0.4432,0.54718,0.74093,0.70405,0.74833,0.69273,0.60141,0,0.27686,0,0,0,0,0.48762,0.45191,0.40414,0.4533,0.52752,0.50129,0.31068,0.24342,0.38584,0.27917,0.4991,0.38125,0.10352,0.18648,0.57004,0.42638,0.29727,0.4076,0.40484,0.35931,0.52614,0.5568,0.35814,0.30067,0.45255,0.53081,0.49475,0.31782,0.35081,0.21892,0.47011,0.35321,0.54267,0.32321,0.53499,0.49388,0.489,0.51308,0.62071,0.7054,0.48587,0.5164,0.54294,0.62072,0.3159,0.40423,0.44362,0.47597,0.44416,0.43771,0.26724,0.41715,0.58559,0.37724,0.48305,0.34229,0.53246,0.30895,0.35878,0.37353,0.46931,0.36966,0.47316,0.44189,0.32709,0.00033892,0.55714,0.61534,0.61482,0.39666,0.25387,0.15827,0.4246,0.57423
0.65973,0.43843,0.85479,0.83984,0.46451,0.38072,0.72602,0.64998,0.42303,0.15694,0.51919,0.54118,0.63714,0.54069,0.5198,0.38172,0.56939,0.54058,0.60195,0.78066,0.20632,0.33447,0.8598,1,0.48756,0.36071,0.38726,0.3968,0.51265,0.34137,0.58655,0.60126,0.70259,0.72486,0.70013,0.64947,0.012372,0.30076,0,0,0.034317,0.061672,0.57541,0.59115,0.56885,0.56605,0.62645,0.56967,0.45614,0.3384,0.54684,0.44088,0.55091,0.48793,0.33788,0.39894,0.64008,0.51096,0.42205,0.45485,0.42992,0.43127,0.47904,0.44842,0.47217,0.47661,0.58285,0.61169,0.67456,0.50929,0.41582,0.28699,0.52333,0.46749,0.54813,0.51742,0.60758,0.51775,0.38421,0.39182,0.57734,0.55444,0.62215,0.53946,0.52442,0.57352,0.35753,0.46166,0.56011,0.59798,0.46287,0.49341,0.25873,0.45919,0.46184,0.34713,0.52222,0.41848,0.4932,0.37893,0.46041,0.50067,0.49849,0.46532,0.50688,0.42088,0.39236,0.27209,0.33,0.45202,0.66244,0.3804,0.16172,0.1428,0.45256,0.47691
0.35187,0.3355,0.56962,0.26469,0.49419,0.020287,0.49885,0.28783,0,0.45687,0,0.021424,0.44229,0,0.7764,0.60485,0.088749,0.17434,0,0.2765,0.19175,0.56154,0.24419,0.48756,1,0.92917,0.060297,0,0.31468,0.15003,0.33973,0.073941,0.19976,0.16272,0.13594,0.12176,0.22028,0.39145,0.37949,0.32634,0.43535,0.38341,0.33931,0.29962,0.33088,0.28181,0.42496,0.30188,0.30698,0.30409,0.33194,0.29181,0.29903,0.40877,0.66298,0.65251,0.33533,0.34675,0.40649,0.33791,0.19518,0.22,0.073191,0,0.16361,0.33508,0.34169,0.24225,0.44636,0.36609,0.40097,0.38558,0.20403,0.26853,0.11223,0.36393,0.22595,0.055651,0,0,0.17018,0.025454,0.58436,0.42202,0.29157,0.15375,0.57131,0.47132,0.52922,0.38007,0.3953,0.32653,0.2857,0.33399,0.059283,0.2359,0.29192,0.38571,0.30895,0.39091,0.50847,0.40457,0.40023,0.41745,0.34279,0.34479,0.57934,0.68212,0,0,0.17841,0.19853,0.075971,0.1801,0.29474,0.13468
0.27292,0.26756,0.45994,0.17398,0.39958,0,0.41983,0.22855,0,0.46827,0,0,0.3482,0,0.68645,0.58037,0,0.075952,0,0.19018,0.16589,0.52302,0.076675,0.36071,0.92917,1,0,0,0.2643,0.09754,0.26465,0,0.077496,0.037277,0.058186,0.080231,0.27069,0.36832,0.42473,0.37189,0.51242,0.45495,0.21664,0.24068,0.22261,0.15625,0.35085,0.18293,0.20357,0.21473,0.22162,0.23619,0.17406,0.28968,0.64481,0.59897,0.18308,0.18391,0.25067,0.20174,0.053559,0.09812,0,0,0.058546,0.31239,0.2073,0.099027,0.31117,0.24253,0.3298,0.33178,0.15723,0.23684,0.052241,0.32523,0.15532,0,0,0,0.016849,0,0.47206,0.34535,0.20267,0.080722,0.50238,0.42305,0.45688,0.3169,0.28655,0.2335,0.22854,0.23648,0,0.14085,0.16687,0.28684,0.16326,0.27333,0.42747,0.29991,0.27316,0.30232,0.21604,0.23651,0.51539,0.66044,0,0,0.071398,0.050938,0,0.087483,0.16015,0.0091578
0.38302,0.13134,0.33739,0.38722,0.68759,0.89447,0.21235,0.20012,0.74774,0.019495,0.44864,0.22565,0.11222,0.56309,0.35155,0.41664,0.46479,0.26908,0.37051,0.2472,0.48982,0.37043,0.56275,0.38726,0.060297,0,1,0.94948,0.33775,0.30539,0.38288,0.48433,0.44667,0.44726,0.39111,0.40623,0,0.11811,0,0,0,0,0.37428,0.30896,0.2745,0.34354,0.3613,0.3698,0.21287,0.17611,0.23246,0.20037,0.46095,0.30724,0.036294,0.087757,0.40205,0.24103,0.27659,0.34669,0.30065,0.20635,0.37907,0.3898,0.17044,0.091297,0.2974,0.38875,0.2378,0.12932,0.29495,0.20296,0.32616,0.23108,0.38401,0.16251,0.33816,0.38595,0.42051,0.36378,0.40559,0.50618,0.2771,0.3791,0.26682,0.34688,0.33934,0.31323,0.25682,0.27118,0.4592,0.33958,0.38949,0.39071,0.5103,0.29525,0.39824,0.27521,0.53497,0.23019,0.36239,0.3301,0.4254,0.31303,0.34607,0.27647,0.19103,0,0.54364,0.52272,0.4193,0.36472,0.34448,0.13596,0.27877,0.47431
0.34298,0.10576,0.3126,0.41165,0.57916,0.91468,0.15824,0.19736,0.79783,0,0.49469,0.25726,0.067566,0.63915,0.23255,0.2825,0.51115,0.27892,0.42828,0.25693,0.50441,0.31957,0.62029,0.3968,0,0,0.94948,1,0.35701,0.3349,0.31442,0.51463,0.44817,0.47897,0.43333,0.43089,0,0.11291,0,0,0,0,0.34104,0.2875,0.24044,0.32049,0.34064,0.3683,0.19305,0.16881,0.20632,0.21093,0.44814,0.29397,0,0,0.38223,0.218,0.19219,0.33686,0.29819,0.21915,0.39233,0.42801,0.18213,0.1119,0.23877,0.35707,0.18794,0.052062,0.20269,0.073328,0.31784,0.21053,0.42573,0.14334,0.36177,0.41072,0.4591,0.39631,0.4285,0.57992,0.22946,0.38848,0.30525,0.41217,0.28333,0.31782,0.22422,0.25505,0.44271,0.35463,0.40851,0.3932,0.56145,0.32423,0.39723,0.24443,0.52206,0.17988,0.32105,0.28118,0.42371,0.29212,0.36952,0.33236,0.15503,0,0.60212,0.60314,0.45831,0.36594,0.35648,0.16772,0.27488,0.51609
0.41279,0.30669,0.36749,0.4303,0.35641,0.33099,0.47175,0.44971,0.39127,0.0016676,0.54594,0.50804,0.45949,0.50718,0.44169,0.39076,0.76357,0.72287,0.3777,0.48519,0.54548,0.51808,0.51965,0.51265,0.31468,0.2643,0.33775,0.35701,1,0.83875,0.69969,0.66135,0.69413,0.66825,0.46277,0.40854,0.31616,0.56909,0.11157,0.10583,0.19081,0.1029,0.40874,0.35286,0.37365,0.43976,0.36056,0.39987,0.31591,0.26346,0.24807,0.22162,0.402,0.34704,0.055149,0.19852,0.52072,0.41012,0.31787,0.29979,0.44728,0.37978,0.42306,0.41457,0.40008,0.26753,0.44744,0.48158,0.43686,0.27128,0.39733,0.32805,0.63864,0.62647,0.52061,0.3863,0.35671,0.2316,0.63619,0.64623,0.64647,0.58383,0.5209,0.59243,0.34148,0.4262,0.36777,0.39274,0.21016,0.35786,0.36884,0.34977,0.28568,0.35059,0.44562,0.42342,0.41263,0.36941,0.40595,0.31362,0.30466,0.32838,0.41246,0.28696,0.3035,0.2883,0.17691,0.038517,0.39314,0.4305,0.42276,0.37644,0.26223,0.18269,0.3265,0.38851
0.21871,0.3101,0.14796,0.34867,0.29729,0.33175,0.27891,0.4093,0.46366,0,0.45431,0.55951,0.26513,0.57338,0.28408,0.34155,0.61761,0.667,0.25095,0.26878,0.46302,0.40564,0.4432,0.34137,0.15003,0.09754,0.30539,0.3349,0.83875,1,0.63861,0.67811,0.5862,0.5921,0.39431,0.34813,0.29382,0.55636,0,0.072315,0.034023,0.064712,0.24818,0.20855,0.16493,0.26391,0.20447,0.25324,0.092517,0.10937,0.052595,0.086041,0.26573,0.15904,0,0,0.28554,0.26714,0.079502,0.1623,0.30162,0.26736,0.28015,0.34573,0.27294,0.13162,0.24352,0.28339,0.18228,0.095053,0.40189,0.38215,0.48431,0.5763,0.46489,0.26119,0.2155,0.13195,0.49299,0.69583,0.44636,0.50315,0.23632,0.47065,0.13085,0.26012,0.21539,0.21492,0.019093,0.088045,0.24207,0.11293,0.19598,0.14739,0.3836,0.34375,0.27521,0.25803,0.33122,0.17012,0.16338,0.1053,0.29708,0.11542,0.16952,0.18042,0.068874,0,0.41415,0.39042,0.26796,0.32398,0.26077,0.12977,0.24173,0.3704
0.38014,0.19391,0.41843,0.4397,0.38634,0.27427,0.39418,0.31182,0.29826,0.29055,0.34825,0.41479,0.3632,0.39675,0.4553,0.4751,0.5671,0.60318,0.39644,0.5053,0.36174,0.43148,0.54718,0.58655,0.33973,0.26465,0.38288,0.31442,0.69969,0.63861,1,0.8642,0.70621,0.66447,0.54601,0.53032,0.11025,0.42021,0,0,0.098787,0.018412,0.30056,0.36085,0.22578,0.30458,0.34956,0.3237,0.11645,0.04113,0.14099,0.057763,0.24765,0.12148,0,0.095722,0.47813,0.34213,0.27026,0.19827,0.35127,0.2633,0.40277,0.37554,0.22274,0.087029,0.38319,0.39777,0.41384,0.26734,0.59083,0.5702,0.57438,0.53915,0.47758,0.3765,0.33661,0.26773,0.54993,0.62328,0.54834,0.48408,0.40911,0.41631,0.25682,0.38054,0.24894,0.23521,0.1107,0.26094,0.164,0.078864,0.079186,0.14707,0.24483,0.20878,0.25419,0.25115,0.28601,0.1327,0.1937,0.21752,0.24168,0.097704,0.052616,0.00178,0.05351,0,0.26193,0.29931,0.35648,0.26229,0.12098,0,0.15635,0.12021
0.34054,0.073774,0.39339,0.53475,0.32405,0.45009,0.299,0.32384,0.55076,0,0.54912,0.52542,0.28572,0.66592,0.25961,0.29309,0.65411,0.59327,0.5848,0.4859,0.35325,0.26848,0.74093,0.60126,0.073941,0,0.48433,0.51463,0.66135,0.67811,0.8642,1,0.72866,0.747,0.65264,0.58478,0.018282,0.32627,0,0,0,0,0.26817,0.32636,0.14745,0.25089,0.31631,0.31824,0.031987,0,0.10227,0.044721,0.26824,0.085694,0,0,0.41624,0.24911,0.099341,0.16293,0.31926,0.23437,0.43877,0.48858,0.2117,0.049693,0.26573,0.34599,0.26708,0.099416,0.48693,0.41141,0.52192,0.43553,0.54764,0.27119,0.36092,0.33982,0.59515,0.68143,0.55902,0.62065,0.27506,0.38605,0.29916,0.48363,0.13959,0.1849,0.058412,0.20553,0.15136,0.076321,0.040477,0.11122,0.37661,0.21614,0.24591,0.17281,0.29463,0.04877,0.09535,0.11884,0.23313,0.045757,0.10374,0.084696,0.0086534,0,0.45816,0.50093,0.42806,0.26193,0.14761,0,0.1809,0.28246
0.5333,0.3407,0.44423,0.59085,0.32415,0.35862,0.48302,0.47753,0.45104,0.022687,0.59639,0.59606,0.51663,0.59559,0.3515,0.27784,0.78975,0.6824,0.55331,0.67081,0.25295,0.2988,0.70405,0.70259,0.19976,0.077496,0.44667,0.44817,0.69413,0.5862,0.70621,0.72866,1,0.96411,0.72903,0.68945,0.012148,0.35283,0,0,0,0,0.56327,0.54276,0.51776,0.62737,0.44168,0.53756,0.42207,0.28665,0.37955,0.23334,0.4445,0.31305,0.014648,0.13513,0.67112,0.56956,0.45646,0.47011,0.49854,0.41815,0.61029,0.6014,0.47285,0.30473,0.66729,0.71364,0.64246,0.55485,0.3109,0.2077,0.64878,0.63667,0.64929,0.49668,0.59955,0.55432,0.65198,0.61817,0.75426,0.72142,0.54597,0.57088,0.47808,0.54698,0.25826,0.37055,0.28714,0.40847,0.30576,0.27416,0.103,0.30596,0.49439,0.34093,0.48814,0.37098,0.49346,0.37059,0.27378,0.36894,0.40914,0.32173,0.36163,0.26716,0.12517,0.034021,0.37424,0.58592,0.68335,0.50597,0.32867,0.16487,0.41651,0.40562
0.53566,0.37924,0.44457,0.63961,0.29453,0.41002,0.49033,0.53585,0.49229,0,0.65193,0.6527,0.50751,0.69053,0.28195,0.22928,0.7905,0.65173,0.59092,0.68473,0.25528,0.29585,0.74833,0.72486,0.16272,0.037277,0.44726,0.47897,0.66825,0.5921,0.66447,0.747,0.96411,1,0.80056,0.76661,0.018647,0.36357,0,0,0,0,0.59747,0.62196,0.55363,0.66805,0.51714,0.60942,0.45455,0.35752,0.46395,0.34555,0.52585,0.35719,0.032074,0.13646,0.6179,0.53379,0.38851,0.4989,0.44598,0.43543,0.59925,0.63066,0.52465,0.39175,0.63782,0.71432,0.58267,0.49589,0.28721,0.1488,0.64714,0.62371,0.71044,0.52219,0.6393,0.60486,0.63354,0.61043,0.75393,0.76412,0.52537,0.56891,0.52018,0.6078,0.25623,0.37008,0.3426,0.43787,0.33965,0.29901,0.11398,0.30282,0.58695,0.39397,0.54968,0.40894,0.52926,0.38483,0.26907,0.35409,0.43242,0.32429,0.43564,0.34285,0.17864,0.018915,0.46126,0.68258,0.74814,0.54562,0.35736,0.21236,0.47009,0.48952
0.5302,0.30288,0.49243,0.66053,0.29928,0.43895,0.52929,0.60723,0.46506,0,0.56609,0.55843,0.51087,0.65655,0.21194,0.21228,0.56108,0.48863,0.59729,0.68359,0.18078,0.20762,0.69273,0.70013,0.13594,0.058186,0.39111,0.43333,0.46277,0.39431,0.54601,0.65264,0.72903,0.80056,1,0.91196,0,0.25027,0,0,0,0,0.58487,0.69984,0.50834,0.55504,0.54993,0.52938,0.37133,0.26751,0.52431,0.42549,0.49294,0.25456,0.06805,0.11022,0.44994,0.32112,0.20261,0.35105,0.23912,0.34168,0.45098,0.48625,0.51593,0.46212,0.47858,0.55049,0.44895,0.3496,0.25971,0.11601,0.55236,0.50168,0.63498,0.54447,0.58933,0.60604,0.46343,0.45824,0.54134,0.59215,0.43627,0.4569,0.43646,0.55238,0.18505,0.31052,0.38064,0.41177,0.23373,0.22822,0.029367,0.19426,0.44704,0.23162,0.44376,0.28606,0.36641,0.21819,0.18167,0.25618,0.29311,0.18043,0.33282,0.263,0.16326,0,0.35318,0.57291,0.7063,0.34883,0.15167,0.045224,0.3416,0.42791
0.46535,0.31144,0.40316,0.57013,0.27885,0.44996,0.4433,0.52211,0.35816,0,0.47376,0.50731,0.42444,0.54485,0.16924,0.2044,0.51708,0.43595,0.47262,0.6234,0.16295,0.23499,0.60141,0.64947,0.12176,0.080231,0.40623,0.43089,0.40854,0.34813,0.53032,0.58478,0.68945,0.76661,0.91196,1,0,0.2572,0,0,0,0,0.5392,0.69244,0.48389,0.55213,0.53905,0.52846,0.31158,0.27381,0.45845,0.4302,0.44762,0.2464,0.093333,0.14354,0.40533,0.31124,0.19684,0.33358,0.1935,0.33987,0.41826,0.44736,0.44789,0.47363,0.46644,0.54625,0.42787,0.36042,0.2447,0.14271,0.49982,0.45434,0.57509,0.49427,0.59152,0.61317,0.4801,0.44418,0.55453,0.59193,0.44285,0.47966,0.46974,0.56626,0.22215,0.36059,0.36983,0.42274,0.1901,0.22179,0.0033041,0.2001,0.43909,0.24384,0.43705,0.29968,0.35327,0.23066,0.12685,0.26133,0.22877,0.18864,0.29726,0.22209,0.12,0.0028102,0.33863,0.57795,0.68745,0.35333,0.15854,0.036277,0.31539,0.39255
0.0048235,0.047853,0.096035,0,0,0,0.10259,0.093324,0,0.13902,0,0.12805,0.13605,0,0.2032,0.24599,0.0098746,0.18873,0.024645,0.075355,0.28783,0.3847,0,0.012372,0.22028,0.27069,0,0,0.31616,0.29382,0.11025,0.018282,0.012148,0.018647,0,0,1,0.63294,0.58928,0.60586,0.76847,0.44468,0.071861,0.0077204,0.05007,0,0.13124,0.040158,0,0,0,0,0,0.028841,0.23067,0.35942,0,0,0,0,0,0,0,0,0,0.023263,0.027412,0,0.03872,0,0.10272,0.24559,0.23646,0.18899,0,0.043703,0.11289,0.019141,0.022242,0.13366,0.11401,0.068494,0.17471,0.29722,0.27432,0.19227,0.35433,0.25336,0.20947,0.25003,0.11293,0.13997,0.2126,0.18343,0.13531,0.37955,0.043649,0.22703,0.0053497,0.21625,0.088887,0.12395,0.050569,0.095926,0.058483,0.17365,0.258,0.13662,0.21834,0.052288,0,0,0.035552,0.08619,0,0.026693
0.2661,0.30116,0.27337,0.20878,0.23304,0.13356,0.28578,0.25825,0.14686,0.17863,0.2227,0.30297,0.3378,0.23539,0.44695,0.47597,0.33944,0.45731,0.24644,0.3342,0.42723,0.52481,0.27686,0.30076,0.39145,0.36832,0.11811,0.11291,0.56909,0.55636,0.42021,0.32627,0.35283,0.36357,0.25027,0.2572,0.63294,1,0.40193,0.46221,0.50286,0.45997,0.26295,0.27864,0.25986,0.25976,0.35053,0.31225,0.18688,0.15332,0.15512,0.061991,0.25217,0.2022,0.2617,0.45584,0.2579,0.30901,0.18835,0.25384,0.16749,0.23055,0.16907,0.16368,0.18038,0.2458,0.30066,0.30287,0.29184,0.17857,0.34502,0.41063,0.50641,0.54594,0.30655,0.34277,0.3273,0.24058,0.31196,0.43275,0.40906,0.3857,0.39271,0.51103,0.44631,0.40365,0.38874,0.44132,0.36761,0.41676,0.28541,0.28539,0.28629,0.35313,0.28785,0.47084,0.28755,0.42035,0.26854,0.37996,0.28446,0.32089,0.28479,0.25841,0.20296,0.22478,0.21186,0.17627,0.28616,0.2295,0.14317,0.21765,0.17803,0.16648,0.18922,0.20651
0.029299,0.19858,0.10335,0,0.046062,0,0.082641,0.011169,0,0.22171,0,0,0.10692,0,0.31196,0.26063,0,0,0,0.029277,0.42418,0.4749,0,0,0.37949,0.42473,0,0,0.11157,0,0,0,0,0,0,0,0.58928,0.40193,1,0.90978,0.76359,0.65334,0.055457,0,0.1544,0.054176,0.01782,0,0.16131,0.056443,0,0,0,0.059757,0.50128,0.57841,0.061586,0.15994,0.22226,0.17451,0.033587,0.036171,0,0,0,0.11224,0.17374,0.086724,0.23024,0.087113,0,0.061712,0,0.016638,0,0,0.053927,0,0,0,0,0,0.35363,0.28863,0.20276,0.029044,0.50541,0.3765,0.36243,0.33684,0.15472,0.21392,0.42668,0.29076,0,0.3505,0.058823,0.25383,0,0.24492,0.25643,0.25834,0.079848,0.20215,0.06146,0.10817,0.2454,0.39305,0,0,0,0,0.037267,0.10433,0,0
0,0.23488,0.060647,0,0.071482,0,0,0,0,0.13135,0,0,0,0,0.25443,0.24518,0,0,0,0,0.41358,0.43246,0,0,0.32634,0.37189,0,0,0.10583,0.072315,0,0,0,0,0,0,0.60586,0.46221,0.90978,1,0.72801,0.63676,0.0089228,0,0.074128,0.0024003,0.010035,0,0.091553,0.018614,0,0,0,0.043096,0.41112,0.50517,0.025944,0.13433,0.13065,0.15,0.022927,0.041059,0,0,0,0.094061,0.082788,0.017886,0.12437,0,0,0.041208,0,0,0,0,0.010267,0,0,0,0,0,0.261,0.31597,0.19535,0.063539,0.52376,0.37819,0.31293,0.26603,0.19758,0.1916,0.48602,0.29469,0.027218,0.37956,0.048538,0.23427,0.015455,0.18064,0.28994,0.20049,0.13479,0.2027,0.044911,0.12822,0.26205,0.25911,0.010735,0,0,0,0.05276,0.094839,0,0
0.056108,0.15011,0.13886,0,0,0,0.12504,0.036913,0,0.34395,0,0,0.20685,0,0.35767,0.34177,0,0.089423,0,0.1253,0.17388,0.37704,0,0.034317,0.43535,0.51242,0,0,0.19081,0.034023,0.098787,0,0,0,0,0,0.76847,0.50286,0.76359,0.72801,1,0.6344,0.084627,0.070337,0.11438,0.043445,0.14014,0.032946,0.07584,0.032217,0.013527,0,0,0.034998,0.42357,0.50222,0.016834,0.1039,0.12534,0.018937,0,0,0,0,0,0.10344,0.14778,0.052409,0.195,0.12949,0.082151,0.18152,0.17851,0.18976,0,0.16061,0.11944,0,0,0,0.03544,0,0.3356,0.27699,0.28032,0.15057,0.41906,0.31633,0.32569,0.34419,0.10215,0.13808,0.22666,0.20448,0,0.32238,0.033206,0.24805,0,0.23785,0.19136,0.21569,0.048955,0.12948,0.0075248,0.06438,0.29725,0.39454,0,0,0,0,0,0.012862,0,0
0.10258,0.31596,0.10205,0,0,0,0.19412,0.14835,0,0.28598,0,0,0.2254,0,0.2849,0.23819,0,0.045289,0,0.15263,0.17054,0.30243,0,0.061672,0.38341,0.45495,0,0,0.1029,0.064712,0.018412,0,0,0,0,0,0.44468,0.45997,0.65334,0.63676,0.6344,1,0.0016454,0,0.10014,0,0,0,0.12608,0,0,0,0,0,0.37037,0.3758,0.012372,0.12915,0.034159,0.081478,0,0.04594,0,0,0.033601,0.1932,0.093462,0,0.21686,0.17499,0.034593,0.12039,0.26262,0.3837,0.015224,0.26322,0.20409,0.069866,0,0,0,0,0.24253,0.24527,0.082355,0,0.22578,0.26117,0.25792,0.20161,0,0.0047538,0.13894,0.10425,0,0,0,0.019024,0,0.028058,0.12799,0.12008,0,0.064453,0,0,0.036092,0.348,0,0,0,0,0,0,0,0
0.53127,0.41866,0.51897,0.54322,0.4379,0.38573,0.56309,0.57486,0.38238,0.1067,0.46087,0.39702,0.44931,0.393,0.44948,0.33742,0.48504,0.36892,0.32151,0.55777,0.29735,0.34582,0.48762,0.57541,0.33931,0.21664,0.37428,0.34104,0.40874,0.24818,0.30056,0.26817,0.56327,0.59747,0.58487,0.5392,0.071861,0.26295,0.055457,0.0089228,0.084627,0.0016454,1,0.76428,0.78929,0.83362,0.77198,0.77841,0.72969,0.64223,0.72924,0.5901,0.69831,0.61716,0.34514,0.41457,0.52429,0.52816,0.57721,0.59332,0.34246,0.39515,0.43593,0.44216,0.53425,0.50273,0.76598,0.78243,0.64898,0.58312,0.18271,0.070335,0.38468,0.35434,0.44112,0.42486,0.54325,0.52991,0.3373,0.24309,0.50933,0.49512,0.60536,0.483,0.45671,0.42009,0.37302,0.41735,0.51856,0.5097,0.56253,0.53679,0.40398,0.51126,0.65524,0.6334,0.77159,0.66475,0.70462,0.68184,0.47538,0.56724,0.5689,0.49683,0.66007,0.56613,0.3692,0.27606,0.43656,0.56346,0.74062,0.72642,0.54537,0.50131,0.64087,0.57659
0.43322,0.37509,0.45834,0.56884,0.29854,0.37815,0.55898,0.58862,0.25591,0.085472,0.34015,0.39303,0.48568,0.40668,0.29767,0.25288,0.46852,0.37668,0.28005,0.56947,0.12949,0.31553,0.45191,0.59115,0.29962,0.24068,0.30896,0.2875,0.35286,0.20855,0.36085,0.32636,0.54276,0.62196,0.69984,0.69244,0.0077204,0.27864,0,0,0.070337,0,0.76428,1,0.80773,0.80645,0.854,0.82886,0.60803,0.4865,0.75694,0.59399,0.74847,0.4773,0.41904,0.38444,0.3896,0.42571,0.45522,0.52927,0.14842,0.30473,0.26289,0.32235,0.48812,0.53133,0.71454,0.73659,0.56954,0.56655,0.15752,0.034204,0.46737,0.40728,0.58332,0.56751,0.63541,0.6248,0.46486,0.39932,0.49271,0.45298,0.54324,0.37455,0.47654,0.46684,0.32138,0.30986,0.60735,0.5129,0.44082,0.36866,0.20889,0.33892,0.6063,0.48908,0.7183,0.57863,0.59594,0.57142,0.36628,0.43859,0.42909,0.32632,0.57664,0.40929,0.40119,0.27544,0.40576,0.60741,0.75485,0.57149,0.28235,0.24719,0.49553,0.52125
0.4931,0.4762,0.4778,0.53464,0.29986,0.27559,0.63766,0.63395,0.22657,0.049697,0.34352,0.35577,0.53343,0.34742,0.33721,0.20657,0.49763,0.37502,0.20183,0.51624,0.26793,0.37445,0.40414,0.56885,0.33088,0.22261,0.2745,0.24044,0.37365,0.16493,0.22578,0.14745,0.51776,0.55363,0.50834,0.48389,0.05007,0.25986,0.1544,0.074128,0.11438,0.10014,0.78929,0.80773,1,0.92879,0.74492,0.79871,0.88001,0.63752,0.85945,0.65389,0.81297,0.66226,0.53635,0.53978,0.508,0.53236,0.65037,0.64742,0.33024,0.37637,0.36928,0.3674,0.64422,0.56897,0.8727,0.87434,0.68023,0.62348,0.12986,0,0.38163,0.35283,0.4127,0.44981,0.561,0.51601,0.40659,0.31002,0.5272,0.45059,0.62962,0.43886,0.47562,0.40351,0.37291,0.40518,0.66982,0.6099,0.58858,0.5674,0.3788,0.49351,0.60331,0.58117,0.79181,0.68928,0.64001,0.69211,0.50317,0.58143,0.56637,0.54693,0.67853,0.50763,0.39656,0.40269,0.31445,0.52125,0.72785,0.5961,0.35694,0.35605,0.51439,0.48258
0.48822,0.51724,0.40255,0.5118,0.30832,0.33666,0.54441,0.58639,0.29663,0,0.41514,0.38041,0.45739,0.39051,0.31026,0.17305,0.5981,0.47088,0.24136,0.5195,0.26076,0.36533,0.4533,0.56605,0.28181,0.15625,0.34354,0.32049,0.43976,0.26391,0.30458,0.25089,0.62737,0.66805,0.55504,0.55213,0,0.25976,0.054176,0.0024003,0.043445,0,0.83362,0.80645,0.92879,1,0.72898,0.85078,0.87736,0.76116,0.80774,0.67786,0.79377,0.70628,0.42027,0.47967,0.60229,0.64858,0.69326,0.72877,0.46609,0.51255,0.52915,0.54669,0.69707,0.60842,0.87774,0.91298,0.6867,0.65344,0.1423,0,0.42498,0.41331,0.4866,0.46663,0.57236,0.52744,0.48604,0.37654,0.62767,0.56485,0.63087,0.48216,0.48714,0.42824,0.39225,0.43864,0.57257,0.56605,0.58725,0.59237,0.39457,0.52425,0.67091,0.60893,0.8224,0.69617,0.70527,0.72807,0.48295,0.58374,0.59495,0.56315,0.68305,0.5511,0.34297,0.31501,0.3912,0.60235,0.82506,0.74833,0.53946,0.49577,0.62322,0.54041
