1,0.70397,0.48933,0.38849,0,0.1372,0.2983,0.25236,0,0.0096281,0.64033,0.30379,0.13908,0.067112,0,0.19129,0.47918,0.3315,0.6445,0.62926,0.16254,0.0090424,0.17575,0.18699,0,0.024479,0.14456,0.31263,0.24801,0.0050825,0.23272,0.12462,0.51626,0.42211,0.21383,0.090622,0,0.10973,0,0.13582,0.10023,0.079049,0.10541,0.088872,0.079026,0.14656,0.18075,0.13709,0.088365,0.17885,0.22918,0.051533,0.34258,0.25632,0.20478,0.25412,0.84724,0.66765,0.27448,0.089924,0.53735,0.33059,0.54082,0.40726,0.18849,0.10588,0.25517,0.10078,0.43051,0.29342,0.4642,0.25977,0.43841,0.2839,0.29988,0.16094,0.10669,0.11679,0.11463,0.056428,0.28761,0.13525,0.083125,0.14613,0.30053,0.12752,0.12512,0.14197,0.29825,0.38395,0.11937,0.13501,0.10889,0.13609,0,0,0.17487,0.19825,0.23079,0.25341,0.14522,0.1365,0.14271,0.10354,0.14353,0.11051,0,0,0,0.077632,0,0.088651,0.151,0.16527,0.05433,0
0.70397,1,0.36127,0.46834,0.0047623,0.16174,0.12851,0.35678,0,0.021918,0.49116,0.34188,0.12662,0.12039,0.061115,0.18289,0.37323,0.39028,0.64269,0.6704,0.28151,0.098648,0.17218,0.23275,0.14856,0.11306,0.31779,0.36739,0.15212,0.089389,0.24364,0.122,0.51798,0.48941,0.26104,0.085041,0,0.13701,0.022729,0.17495,0.061687,0.18635,0.18735,0.18003,0.13793,0.22016,0.27896,0.22118,0.16001,0.26336,0.25922,0.11366,0.26239,0.12007,0.41238,0.21518,0.65847,0.81988,0.25917,0.24052,0.36608,0.35099,0.5272,0.41316,0.15924,0.13391,0.36001,0.23208,0.5489,0.41969,0.45925,0.20733,0.38069,0.31242,0.30281,0.16964,0.18208,0.13763,0.072117,0.10435,0.29485,0.17646,0.1673,0.2123,0.3566,0.10543,0.20414,0.15662,0.47408,0.20208,0.11253,0.070968,0.16068,0.051291,0,0.0088085,0.34866,0.24049,0.32501,0.22954,0.29083,0.031088,0.30136,0.074286,0.30691,0.15676,0.026266,0,0,0.078776,0.031512,0.10984,0.1877,0.17506,0.039368,0
0.48933,0.36127,1,0.67072,0.30536,0.30594,0.8649,0.54133,0.11733,0,0.30372,0.21318,0.25387,0.15909,0.018958,0.053298,0.15281,0.041144,0.49112,0.46669,0,0.009801,0.78287,0.69818,0.28482,0,0,0.15603,0,0,0.048206,0.12053,0.41248,0.44092,0.54855,0.43219,0,0,0,0,0.022192,0.0075817,0.4796,0.36009,0.32094,0.32244,0.47223,0.4165,0.23625,0.42628,0.49165,0.31449,0.48528,0.50576,0.27178,0.21179,0.24797,0.26011,0,0,0.41056,0.17608,0.35027,0.36924,0.39081,0.19063,0.32391,0.21402,0.20204,0.18012,0.207,0.30531,0.15997,0.15036,0.16908,0.20707,0.13486,0.18338,0,0,0.076572,0.020023,0,0,0.39366,0.20981,0,0,0.42588,0.5553,0.29966,0.36697,0.5349,0.59794,0.0054566,0,0.13882,0.092762,0.2075,0.19926,0,0,0,0,0.097942,0.0044607,0,0,0.018294,0.12349,0.13768,0.3224,0.32114,0.21707,0.3737,0
0.38849,0.46834,0.67072,1,0.19012,0.695,0.61136,0.82123,0.29362,0.42329,0.39876,0.50047,0.429,0.35804,0.3039,0.43266,0.12493,0.23602,0.57113,0.56373,0.19644,0.22584,0.68963,0.85102,0.26287,0.32758,0.050263,0.33585,0.012198,0.12236,0.46544,0.49685,0.49198,0.55772,0.45103,0.34313,0,0.0082684,0,0.0076135,0,0.22922,0.34783,0.25284,0.32379,0.32798,0.35117,0.29644,0.26676,0.38461,0.33763,0.21673,0.34104,0.21238,0.31647,0.11676,0.24501,0.38107,0.050129,0.095023,0.41107,0.33732,0.42682,0.47104,0.42975,0.37551,0.418,0.32997,0.3632,0.34018,0.35103,0.31977,0.31579,0.43765,0.31909,0.35045,0.26159,0.27208,0,0,0.07453,0.048196,0,0.093255,0.35246,0.078703,0,0,0.45201,0.26166,0.31075,0.28995,0.4129,0.34447,0,0,0.10807,0,0.28209,0.20094,0.16696,0,0.10367,0,0.21153,0.0047176,0,0,0,0.0083019,0.11117,0.27948,0.30613,0.19811,0.1544,0
0,0.0047623,0.30536,0.19012,1,0.089952,0.39276,0.20748,0.52997,0.051556,0,0,0.18136,0,0.26725,0.088725,0,0.034859,0.28471,0.26792,0.36693,0.24091,0.23599,0.32613,0.69984,0,0.12034,0.033531,0,0,0.05682,0.13484,0.16928,0.19544,0.13408,0.11252,0,0,0,0,0,0,0.3762,0.32413,0.33559,0.4013,0.33124,0.31902,0.1636,0.36741,0.33071,0.22635,0.22851,0.24308,0.24823,0.2264,0,0.059633,0.13296,0.12054,0.21856,0.22207,0.063635,0.12613,0.21373,0.25728,0.28554,0.34328,0.32977,0.18996,0.15441,0.18636,0.21342,0.13689,0.255,0.25559,0.26133,0.41858,0.029852,0.05041,0,0.11226,0.028477,0.0048812,0.10553,0.17506,0.067262,0,0.26323,0.35108,0.33487,0.30314,0.3711,0.31172,0.059843,0,0.19284,0.13847,0.17926,0.21347,0.09164,0.061177,0,0,0.055414,0.0050942,0,0.015128,0.037649,0.060829,0.19822,0.32857,0.26815,0.10812,0.061851,0.11574
0.1372,0.16174,0.30594,0.695,0.089952,1,0.42729,0.69429,0.42846,0.77881,0.11831,0.41088,0.49241,0.50077,0.49743,0.7003,0,0.28326,0.31523,0.34266,0.25383,0.28597,0.43713,0.5929,0.15925,0.51887,0.13565,0.5147,0,0.1925,0.65944,0.65973,0.27443,0.34142,0.32081,0.3069,0,0.084975,0,0,0.022917,0.24662,0.17931,0.13562,0.34854,0.31227,0.12535,0.10583,0.17088,0.22503,0.11708,0.11406,0.07672,0,0.042358,0,0.096767,0.1537,0.2196,0.28283,0.31909,0.28212,0.18508,0.33186,0.40313,0.43107,0.38123,0.3783,0.3094,0.30081,0.2894,0.27593,0.267,0.41374,0.26329,0.29346,0.29301,0.31661,0,0,0.0083339,0.082092,0,0.12698,0.074022,0,0,0.049464,0.095977,0.017669,0.21102,0.23376,0.16778,0.17083,0,0,0,0,0.21756,0.16972,0.27488,0.19727,0.25112,0.21152,0.12359,0.0057427,0.15753,0.072903,0,0,0.12419,0.23169,0.25168,0.14172,0,0.081055
0.2983,0.12851,0.8649,0.61136,0.39276,0.42729,1,0.62195,0.33521,0.10132,0.24425,0.25684,0.46123,0.30145,0.20772,0.16425,0.11511,0.061372,0.36727,0.34647,0,0.019525,0.74212,0.65933,0.23915,0,0,0.093265,0,0,0.12133,0.23461,0.37025,0.44407,0.56381,0.52725,0,0,0,0,0,9.2194e-07,0.43173,0.33725,0.39396,0.39523,0.37166,0.33327,0.27745,0.45515,0.47645,0.36208,0.40043,0.43383,0.15727,0.11289,0.10707,0.13165,0,0,0.51656,0.33378,0.34793,0.46342,0.55728,0.42346,0.33168,0.27963,0.10349,0.085044,0.18467,0.30227,0.18627,0.15695,0.2313,0.2484,0.19683,0.28292,0,0,0,0,0,0,0.22254,0.1516,0,0,0.27763,0.45878,0.28284,0.3311,0.4776,0.53772,0,0,0,0,0.20705,0.18229,0,0,0,0,0.028623,0,0,0,0,0.013435,0.092108,0.30716,0.29884,0.17348,0.29328,0
0.25236,0.35678,0.54133,0.82123,0.20748,0.69429,0.62195,1,0.40285,0.46611,0.34622,0.66136,0.54228,0.60749,0.43192,0.43502,0.11997,0.33804,0.51349,0.51481,0.18061,0.2292,0.66328,0.7423,0.28993,0.41845,0.21004,0.33751,0,0.181,0.43719,0.53589,0.49278,0.63012,0.54965,0.46477,0,0.0069004,0,0,0,0.21984,0.46909,0.41878,0.51413,0.53319,0.40405,0.38745,0.42305,0.55039,0.524,0.4218,0.42811,0.27462,0.37075,0.1467,0.19362,0.36183,0.18504,0.27187,0.57461,0.5446,0.50424,0.62744,0.58684,0.63842,0.59582,0.56506,0.38229,0.38982,0.34821,0.29579,0.3353,0.44643,0.46169,0.42371,0.36911,0.36141,0,0,0.1,0.13306,0.053894,0.12776,0.34607,0.18653,0.035899,0,0.46017,0.2613,0.43352,0.36815,0.44864,0.34374,0,0,0.13577,0.011367,0.45399,0.36504,0.23429,0.0539,0.18119,0.014284,0.28084,0,0.06527,0,0,0,0.15593,0.39023,0.41805,0.28632,0.14543,0.005787
0,0,0.11733,0.29362,0.52997,0.42846,0.33521,0.40285,1,0.50367,0,0.28375,0.70961,0.29171,0.87023,0.44082,0,0.15595,0.20622,0.16571,0.30316,0.22354,0.26545,0.35679,0.37722,0.52637,0.17428,0.2409,0,0.14801,0.40945,0.45326,0.075597,0.14956,0.13301,0.09081,0.043397,0.0013264,0,0,0.033471,0,0.10821,0.064601,0.20204,0.21893,0.02502,0.0073644,0.0986,0.15177,0.13006,0.038189,0.027531,0,0.052003,0,0,0,0.32972,0.37988,0.22768,0.24349,0.036321,0.16125,0.32862,0.35166,0.25864,0.30796,0.25952,0.15795,0.044716,0.21605,0.20689,0.26026,0.26194,0.29967,0.31209,0.36394,0.016414,0.032645,0.057889,0.15785,0.22653,0.18521,0.1097,0.19314,0.12356,0.080603,0.10519,0.060401,0.2468,0.23292,0.1985,0.15735,0,0,0,0,0.18228,0.17426,0.3623,0.25916,0.32297,0.2845,0.13464,0.023151,0.35047,0.27157,0.039315,0,0.13578,0.25417,0.19119,0.046321,0,0.082483
0.0096281,0.021918,0,0.42329,0.051556,0.77881,0.10132,0.46611,0.50367,1,0.039171,0.38548,0.51381,0.53921,0.63711,0.77662,0,0.28086,0.20172,0.2002,0.38189,0.27043,0.079411,0.30131,0.021538,0.57424,0.060301,0.30027,0.068545,0.21856,0.66403,0.65283,0.15888,0.14835,0.079226,0.04205,0.05783,0.18426,0,0.043491,0.09389,0.16357,0,0,0.1363,0.11618,0,0,0,0,0,0,0,0,0,0,0.11535,0.084407,0.49834,0.57779,0.22199,0.31266,0.062063,0.18848,0.31694,0.42609,0.27192,0.31455,0.3096,0.24561,0.2305,0.11944,0.33166,0.38873,0.28059,0.24387,0.2152,0.24791,0,0.099179,0.013798,0.18356,0.14797,0.2357,0,0.052721,0.118,0.14088,0,0,0.14221,0.15195,0,0,0,0,0,0,0.14562,0.14648,0.50588,0.40758,0.49725,0.52074,0.096532,0.073947,0.50959,0.48742,0,0,0.010777,0.098948,0.11171,0.029289,0,0.12649
0.64033,0.49116,0.30372,0.39876,0,0.11831,0.24425,0.34622,0,0.039171,1,0.45169,0.39025,0.21667,0.084833,0.21569,0.61681,0.32914,0.50166,0.43236,0.15214,0,0.26072,0.283,0,0.11664,0.16762,0.20948,0.46319,0.248,0.30165,0.24749,0.40857,0.33404,0.24406,0.18481,0,0.080964,0,0,0,0.11782,0.13245,0.094114,0.058142,0.10539,0.19806,0.18252,0.18048,0.18818,0.24759,0.17672,0.33966,0.25817,0.29371,0.18773,0.60276,0.54149,0.1591,0.19045,0.43449,0.32895,0.63267,0.44477,0.36902,0.30596,0.22549,0.13671,0.28047,0.20983,0.44823,0.12583,0.41683,0.21778,0.37201,0.16062,0.030584,0,0.20289,0.28565,0.40628,0.31154,0.18127,0.2702,0.45742,0.19666,0.13618,0.12836,0.36274,0.23961,0.21068,0.15818,0.15308,0.11591,0.079543,0.11237,0.23494,0.14808,0.35457,0.31996,0.23136,0.073984,0.26132,0.088134,0.23521,0.030802,0.060849,0,0.030892,0.048687,0,0.13098,0.23308,0.27004,0.071736,0
0.30379,0.34188,0.21318,0.50047,0,0.41088,0.25684,0.66136,0.28375,0.38548,0.45169,1,0.5351,0.64043,0.45313,0.4469,0.06076,0.47128,0.46021,0.44571,0.18502,0.26936,0.31332,0.36656,0.069642,0.47487,0.26203,0.39246,0.10187,0.41449,0.49463,0.56777,0.44622,0.51899,0.23261,0.11005,0,0.1647,0,0.0073673,0,0.37104,0.15398,0.15701,0.21432,0.23721,0.13983,0.090723,0.34301,0.27115,0.33488,0.21909,0.30551,0.097978,0.242,0.17269,0.27484,0.32721,0.40325,0.39193,0.43506,0.40378,0.40762,0.49324,0.32329,0.38958,0.38571,0.28896,0.27209,0.20072,0.30964,0.42512,0.29001,0.54111,0.34992,0.49714,0.22531,0.2731,0,0.032104,0.15082,0.23004,0.21166,0.28355,0.26844,0.24487,0.19694,0.24893,0.22717,0.13512,0.14907,0.10232,0.012185,0,0,0,0,0,0.36352,0.31653,0.29612,0.16442,0.33301,0.18572,0.22136,0,0.25275,0.11706,0,0,0,0.065424,0.19138,0.15353,0,0.027714
0.13908,0.12662,0.25387,0.429,0.18136,0.49241,0.46123,0.54228,0.70961,0.51381,0.39025,0.5351,1,0.51363,0.82843,0.56722,0.18816,0.31085,0.35659,0.29854,0.27554,0.18836,0.38286,0.42353,0.14663,0.53127,0.16423,0.33479,0.29823,0.31137,0.58307,0.59623,0.19694,0.2648,0.2874,0.22958,0.10772,0.045791,0,0,0.14394,0.19463,0.13386,0.091122,0.19871,0.2244,0.05756,0.048769,0.16139,0.18256,0.196,0.12564,0.16002,0.049287,0.14336,0.083841,0.16324,0.15717,0.33837,0.41221,0.42524,0.35829,0.27999,0.32068,0.54625,0.50318,0.30717,0.30482,0.25169,0.19103,0.28478,0.29005,0.42858,0.3694,0.42439,0.36648,0.26486,0.25858,0.18023,0.12992,0.28017,0.26523,0.29953,0.31604,0.30651,0.27775,0.16295,0.21052,0.17692,0.14512,0.24754,0.25828,0.18566,0.20677,0,0,0.028568,0,0.34334,0.35852,0.42787,0.37134,0.45505,0.34032,0.24794,0.048224,0.38216,0.27009,0.07218,0,0.059294,0.21536,0.26723,0.19901,0,0
0.067112,0.12039,0.15909,0.35804,0,0.50077,0.30145,0.60749,0.29171,0.53921,0.21667,0.64043,0.51363,1,0.41733,0.59953,0.030861,0.22773,0.25841,0.26391,0.055487,0.065816,0.27015,0.35594,0.043348,0.40179,0.22923,0.34848,0.12809,0.25838,0.38597,0.4382,0.22727,0.30854,0.37837,0.33684,0.045017,0.088891,0,0.019941,0.017082,0.20338,0.25048,0.24154,0.28325,0.31057,0.18091,0.18192,0.20348,0.22508,0.26777,0.3037,0.1157,0.041722,0.18736,0.14761,0.10938,0.15975,0.24095,0.33487,0.36743,0.43029,0.23538,0.39027,0.45434,0.58957,0.40856,0.45858,0.25924,0.29501,0.23315,0.14472,0.28188,0.28671,0.3571,0.2654,0.29814,0.29114,0.018891,0.027256,0.13528,0.31155,0.18038,0.27979,0.29583,0.40414,0.14032,0.10149,0.139,0.13061,0.26443,0.21582,0.15504,0.13508,0,0.03195,0.063822,0.060062,0.3573,0.32228,0.28518,0.3223,0.32463,0.28454,0.23914,0.076935,0.29975,0.20314,0,0,0.085363,0.21804,0.28239,0.27669,0.075201,0
0,0.061115,0.018958,0.3039,0.26725,0.49743,0.20772,0.43192,0.87023,0.63711,0.084833,0.45313,0.82843,0.41733,1,0.64373,0.013399,0.30905,0.29744,0.23042,0.37851,0.25278,0.20491,0.28841,0.262,0.69174,0.26305,0.36474,0.21895,0.348,0.60987,0.61449,0.13726,0.18417,0.14545,0.072221,0.2043,0.18403,0.032569,0.11955,0.20282,0.21543,0.046926,0.052929,0.1808,0.17705,0,0,0.10335,0.073103,0.051168,0.013152,0.00021232,0,0.070362,0.057725,0.079127,0.079562,0.46777,0.55721,0.26706,0.28407,0.090486,0.17648,0.38651,0.39231,0.27912,0.30849,0.30322,0.21568,0.16925,0.26092,0.37841,0.41329,0.39055,0.37516,0.29743,0.29947,0.17906,0.13507,0.28077,0.31722,0.47418,0.45311,0.2213,0.28047,0.30115,0.37865,0.042475,0.00022368,0.1848,0.17964,0.025284,0.040365,0,0,0,0,0.29929,0.29839,0.53943,0.41564,0.57928,0.49124,0.27376,0.11178,0.58006,0.45797,0.062542,0,0.068892,0.18301,0.20734,0.12512,0,0.089932
0.19129,0.18289,0.053298,0.43266,0.088725,0.7003,0.16425,0.43502,0.44082,0.77662,0.21569,0.4469,0.56722,0.59953,0.64373,1,0.089976,0.35123,0.3833,0.39129,0.34353,0.24349,0.14794,0.32991,0.070089,0.58267,0.22126,0.57058,0.30061,0.40111,0.76185,0.71059,0.2002,0.22248,0.12778,0.10483,0.19822,0.24698,0.10138,0.22915,0.24261,0.25163,0.054269,0.039147,0.13993,0.16933,0.035579,0.025484,0.036789,0.056973,0,0.043055,0,0,0.044691,0.16903,0.22433,0.21418,0.41323,0.51078,0.27879,0.29783,0.12529,0.2195,0.34165,0.44336,0.29109,0.34967,0.41252,0.36277,0.31995,0.22179,0.39496,0.42009,0.30972,0.24972,0.2567,0.2763,0.2214,0.17328,0.26764,0.32861,0.29999,0.50527,0.17824,0.22764,0.16292,0.3471,0,0.083549,0.16342,0.17952,0,0.03126,0,0,0.047993,0.093464,0.27964,0.27055,0.52366,0.45056,0.5559,0.51057,0.22839,0.12529,0.49077,0.42056,0.066173,0,0.084428,0.15687,0.24447,0.22578,0,0.056397
0.47918,0.37323,0.15281,0.12493,0,0,0.11511,0.11997,0,0,0.61681,0.06076,0.18816,0.030861,0.013399,0.089976,1,0.3964,0.26511,0.20626,0.15037,0,0.044831,0.039629,0,0.037378,0.2243,0.10806,0.54517,0.13609,0.12893,0,0.24768,0.10968,0.13866,0.24457,0.1935,0.17652,0.10491,0.098028,0.15998,0.035734,0.12377,0.1803,0.10182,0.063829,0.16806,0.18758,0.21949,0.10069,0.10838,0.1699,0.19884,0.15524,0.32951,0.18227,0.53389,0.42837,0.010101,0.094416,0.29459,0.13546,0.54701,0.31524,0.14132,0.12997,0.13027,0.10642,0.14606,0.21134,0.3791,0,0.39903,0,0.2825,0,0.096992,0,0.49188,0.19571,0.6107,0.36158,0.22257,0.25377,0.30065,0.2078,0.055164,0.21629,0.21204,0.15636,0.067734,0.10482,0.070702,0.092055,0.18075,0.051839,0.34054,0.35878,0.33287,0.31948,0.12028,0.079344,0.21253,0.071495,0.24608,0.08501,0,0,0,0.17234,0.18174,0.19122,0.28514,0.27636,0.094196,0.0076045
0.3315,0.39028,0.041144,0.23602,0.034859,0.28326,0.061372,0.33804,0.15595,0.28086,0.32914,0.47128,0.31085,0.22773,0.30905,0.35123,0.3964,1,0.27265,0.32073,0.35613,0.34184,0.096526,0.093901,0.06123,0.20912,0.23417,0.29487,0.26683,0.44889,0.45887,0.40057,0.34752,0.3047,0.080936,0.071996,0.041372,0.17095,0,0,0.080011,0.21992,0.1958,0.26902,0.27291,0.26135,0.1639,0.15257,0.31927,0.21361,0.23123,0.19143,0.24329,0.058372,0.23224,0.1407,0.36644,0.33475,0.22814,0.29838,0.23024,0.23102,0.40959,0.38496,0.13069,0.17684,0.23536,0.22778,0.2084,0.22455,0.3886,0.30556,0.33237,0.37678,0.28787,0.20006,0.12832,0.13458,0.29598,0.34678,0.38199,0.37614,0.12707,0.26156,0.16208,0.19919,0,0.22994,0.18553,0.093932,0.042313,0.074338,0,0,0.12453,0,0.12814,0.19057,0.30607,0.28742,0.20031,0.069376,0.21602,0.12055,0.12394,0,0.11794,0.02943,0,0.072751,0.04838,0.075547,0.14951,0.070721,0,0.12717
0.6445,0.64269,0.49112,0.57113,0.28471,0.31523,0.36727,0.51349,0.20622,0.20172,0.50166,0.46021,0.35659,0.25841,0.29744,0.3833,0.26511,0.27265,1,0.92788,0.39306,0.2295,0.31809,0.44381,0.35352,0.30236,0.41151,0.48959,0.14524,0.086273,0.43903,0.39041,0.68973,0.65018,0.26482,0.095302,0,0.087208,0,0.09377,0.060657,0.13718,0.35849,0.31557,0.26269,0.37868,0.39254,0.35668,0.20215,0.38236,0.38188,0.23632,0.43191,0.28218,0.37761,0.37171,0.56254,0.643,0.43385,0.39785,0.51152,0.50187,0.49954,0.45866,0.28951,0.33976,0.56457,0.48382,0.81016,0.54392,0.47416,0.35023,0.51831,0.50406,0.51479,0.46786,0.35063,0.41303,0.0083292,0.070303,0.25381,0.27042,0.20004,0.25038,0.3642,0.22499,0.22689,0.14858,0.42875,0.38641,0.36607,0.3171,0.27006,0.23111,0,0,0.23443,0.22044,0.47258,0.45485,0.42831,0.31089,0.42336,0.31532,0.34589,0.20943,0.18286,0.14175,0,0,0.14289,0.28265,0.39804,0.34512,0.022134,0.026294
0.62926,0.6704,0.46669,0.56373,0.26792,0.34266,0.34647,0.51481,0.16571,0.2002,0.43236,0.44571,0.29854,0.26391,0.23042,0.39129,0.20626,0.32073,0.92788,1,0.36612,0.25846,0.31069,0.42089,0.30924,0.22334,0.37251,0.5103,0.11146,0.12669,0.40809,0.37868,0.67265,0.67008,0.22866,0.087233,0,0.095607,0,0.10274,0.012544,0.1622,0.36999,0.32045,0.26528,0.37568,0.42334,0.38245,0.22403,0.36723,0.38587,0.25823,0.41555,0.27302,0.36877,0.37872,0.53449,0.66641,0.40099,0.39706,0.48324,0.47972,0.4713,0.50655,0.25384,0.31757,0.59946,0.51895,0.81268,0.62116,0.41009,0.29466,0.45591,0.50373,0.47592,0.45991,0.36523,0.41598,0,0.088332,0.2109,0.27201,0.13192,0.25272,0.32533,0.20673,0.17266,0.1085,0.43063,0.40655,0.36973,0.34832,0.2966,0.26521,0,0,0.24239,0.23186,0.45317,0.41891,0.35663,0.27586,0.34267,0.27069,0.34463,0.1845,0.14443,0.10459,0,0,0.19563,0.30159,0.38787,0.33747,0.071683,0.039843
0.16254,0.28151,0,0.19644,0.36693,0.25383,0,0.18061,0.30316,0.38189,0.15214,0.18502,0.27554,0.055487,0.37851,0.34353,0.15037,0.35613,0.39306,0.36612,1,0.7607,0,0.13636,0.34353,0.33489,0.39439,0.38475,0.1327,0.14301,0.45578,0.36637,0.16646,0.10223,0,0,0,0.20161,0.019437,0.068063,0.16331,0.0040914,0.13772,0.14016,0.11968,0.23009,0.10006,0.11185,0,0.13276,0.086923,0,0.14303,0,0.21953,0.1846,0.1979,0.27331,0.47915,0.51235,0.099588,0.21285,0.13619,0.1011,0.041967,0.16251,0.26476,0.28232,0.5002,0.32171,0.63544,0.40788,0.557,0.44811,0.45213,0.33944,0.22402,0.31928,0.18801,0.20942,0.17976,0.16529,0.15882,0.11922,0.15914,0.097684,0.14795,0.11598,0.28686,0.13894,0.25971,0.20881,0.059784,0,0.10921,0,0.15116,0.14985,0.17571,0.17764,0.55266,0.1782,0.425,0.31273,0.0527,0.023683,0.34352,0.40453,0.054312,0.046881,0.032477,0.053378,0.029403,0,0,0.18061
0.0090424,0.098648,0.009801,0.22584,0.24091,0.28597,0.019525,0.2292,0.22354,0.27043,0,0.26936,0.18836,0.065816,0.25278,0.24349,0,0.34184,0.2295,0.25846,0.7607,1,0.088346,0.16278,0.2871,0.23684,0.24665,0.37498,0,0.23989,0.34585,0.35289,0.10413,0.14998,0,0,0,0.12754,0,0.016364,0.14479,0.27176,0.16112,0.16491,0.17812,0.19424,0.068929,0.039218,0.088271,0.12292,0.081426,0.02951,0.13135,0,0.13725,0.12351,0,0,0.26508,0.24268,0.009176,0.045033,0,0.021762,0.0033173,0.033603,0.17934,0.16057,0.20353,0.12072,0.47326,0.61135,0.27148,0.54225,0.20328,0.40133,0.098024,0.22558,0.079672,0.0087522,0.0085037,0,0.012906,0,0.047873,0.014992,0,0.15714,0.14385,0.064503,0.0191,0.033008,0,0,0.077966,0,0,0,0,0,0.19739,0,0.11583,0.031968,0,0,0.13198,0.11264,0,0.032532,0,0,0,0,0,0.19199
0.17575,0.17218,0.78287,0.68963,0.23599,0.43713,0.74212,0.66328,0.26545,0.079411,0.26072,0.31332,0.38286,0.27015,0.20491,0.14794,0.044831,0.096526,0.31809,0.31069,0,0.088346,1,0.86846,0.40863,0.1527,0,0.14994,0,0,0.16258,0.23811,0.31214,0.38644,0.61809,0.52402,0,0,0,0,0.034435,0.19598,0.47083,0.35591,0.35199,0.30696,0.46809,0.43788,0.29801,0.42992,0.45665,0.39427,0.39988,0.40305,0.31889,0.1865,0.0051786,0.11055,0,0,0.32941,0.13383,0.28713,0.33767,0.48783,0.30076,0.39566,0.33213,0.13992,0.25172,0.049379,0.196,0.10754,0.21142,0.23853,0.3009,0.29001,0.25829,0,0,0.059125,0.053452,0,0.034938,0.44876,0.29138,0,0,0.43595,0.45797,0.40083,0.4594,0.59286,0.63591,0,0,0.10926,0.024191,0.31166,0.24004,0,0,0,0,0.20811,0.022687,0,0,0,0.027871,0.31299,0.44228,0.41702,0.23978,0.36932,0
0.18699,0.23275,0.69818,0.85102,0.32613,0.5929,0.65933,0.7423,0.35679,0.30131,0.283,0.36656,0.42353,0.35594,0.28841,0.32991,0.039629,0.093901,0.44381,0.42089,0.13636,0.16278,0.86846,1,0.43533,0.30358,0.006783,0.24023,0,0.032991,0.35206,0.43032,0.32993,0.39361,0.51856,0.41125,0,0,0,0,0,0.09344,0.46724,0.34049,0.3956,0.383,0.45457,0.42279,0.27055,0.4349,0.42102,0.32032,0.37425,0.32573,0.31853,0.15123,0.061311,0.19405,0,0,0.29962,0.18411,0.29547,0.34711,0.45408,0.35774,0.45835,0.42172,0.31868,0.37517,0.20934,0.24033,0.23544,0.29981,0.33354,0.34603,0.3276,0.33917,0,0,0.050355,0.10805,0,0.078611,0.43789,0.25983,0,0,0.46153,0.40533,0.48332,0.48002,0.58866,0.56909,0.0061581,0,0.15419,0.014114,0.32826,0.26095,0.071776,0.026044,0,0,0.20912,0.030116,0,0,0.015537,0.017558,0.2976,0.45837,0.4369,0.26557,0.30035,0.015896
0,0.14856,0.28482,0.26287,0.69984,0.15925,0.23915,0.28993,0.37722,0.021538,0,0.069642,0.14663,0.043348,0.262,0.070089,0,0.06123,0.35352,0.30924,0.34353,0.2871,0.40863,0.43533,1,0.21273,0.42596,0.22659,0.04575,0.14003,0.16175,0.14635,0.2194,0.25466,0.26179,0.14251,0,0.075467,0,0.10297,0.062404,0.071414,0.49727,0.44267,0.39277,0.41009,0.43646,0.39815,0.21994,0.38607,0.33697,0.25772,0.21534,0.17473,0.40782,0.30861,0,0.08497,0.091576,0.13966,0.11834,0.10548,0.017543,0.042848,0.15889,0.11911,0.35556,0.37782,0.38934,0.28142,0.092089,0.14485,0.1742,0.2339,0.29172,0.31824,0.31352,0.35265,0.13043,0.0037655,0.18105,0.23169,0.26522,0.22846,0.29375,0.24372,0.18298,0.05908,0.34371,0.24215,0.30783,0.26961,0.36074,0.30602,0.15742,0.024848,0.32737,0.27009,0.30397,0.24747,0.14089,0.06487,0.079388,0.016601,0.23956,0.17149,0.060503,0,0.06954,0.1088,0.26357,0.37546,0.36287,0.25277,0.17085,0.13826
0.024479,0.11306,0,0.32758,0,0.51887,0,0.41845,0.52637,0.57424,0.11664,0.47487,0.53127,0.40179,0.69174,0.58267,0.037378,0.20912,0.30236,0.22334,0.33489,0.23684,0.1527,0.30358,0.21273,1,0.46566,0.54493,0.058922,0.29454,0.61228,0.54192,0.12234,0.1607,0.030206,0,0.1565,0.25568,0.030274,0.21717,0.10942,0.24372,0.041121,0.030952,0.17853,0.15763,0,0,0.10455,0.05116,0,0,0,0,0.055532,0.02137,0.14441,0.12721,0.48615,0.53399,0.19139,0.12736,0.021795,0.082529,0.21444,0.20733,0.28154,0.28674,0.33787,0.2735,0.16023,0.22977,0.24398,0.38104,0.29589,0.28988,0.23724,0.2005,0.059572,0.0008062,0.19378,0.2135,0.34173,0.36717,0.12413,0.10122,0.21708,0.39764,0,0,0.117,0.1032,0,0,0,0,0,0,0.24563,0.19271,0.54993,0.40423,0.57691,0.48893,0.20674,0.15581,0.51476,0.42352,0.022908,0,0.09752,0.15243,0.22468,0.14772,0,0.092275
0.14456,0.31779,0,0.050263,0.12034,0.13565,0,0.21004,0.17428,0.060301,0.16762,0.26203,0.16423,0.22923,0.26305,0.22126,0.2243,0.23417,0.41151,0.37251,0.39439,0.24665,0,0.006783,0.42596,0.46566,1,0.66697,0.043109,0.090223,0.21615,0.072268,0.26656,0.24478,0.049893,0.025255,0.10237,0.26631,0.097546,0.20724,0.013792,0.12022,0.28786,0.30312,0.16547,0.27236,0.28732,0.26748,0.18506,0.28777,0.27966,0.24245,0.24783,0.094656,0.33729,0.22502,0.23204,0.37156,0.33262,0.41291,0.23099,0.26594,0.2184,0.21725,0.11369,0.18927,0.30533,0.33976,0.46913,0.33487,0.29907,0.16448,0.28987,0.21426,0.32792,0.17211,0.30788,0.26005,0.13888,0.012563,0.29725,0.26007,0.28458,0.25988,0.22038,0.15074,0.12382,0.25029,0.24608,0.067553,0.2352,0.1563,0.11372,0,0.099476,0,0.30194,0.27544,0.34733,0.25376,0.44129,0.18384,0.40194,0.24779,0.27675,0.16862,0.21979,0.16251,0,0.071595,0.19719,0.20587,0.22557,0.11301,0,0.14257
0.31263,0.36739,0.15603,0.33585,0.033531,0.5147,0.093265,0.33751,0.2409,0.30027,0.20948,0.39246,0.33479,0.34848,0.36474,0.57058,0.10806,0.29487,0.48959,0.5103,0.38475,0.37498,0.14994,0.24023,0.22659,0.54493,0.66697,1,0.054167,0.23336,0.57549,0.4595,0.27493,0.32031,0.13074,0.049183,0.11124,0.19993,0.062985,0.27184,0.083923,0.22467,0.26595,0.22222,0.19742,0.29554,0.25335,0.21055,0.11053,0.23759,0.18455,0.14144,0.24772,0.107,0.17536,0.23627,0.25995,0.30862,0.33691,0.36099,0.23385,0.17182,0.10321,0.1717,0.16689,0.19843,0.3729,0.37311,0.46787,0.38647,0.38535,0.40275,0.31229,0.43205,0.21753,0.24125,0.26738,0.2984,0.087768,0.021463,0.20301,0.17992,0.18777,0.31481,0.21506,0.15605,0.026077,0.3209,0.14993,0.18221,0.19509,0.20163,0.092384,0.050926,0.026454,0,0.1641,0.20819,0.26986,0.24359,0.45573,0.28531,0.41601,0.32674,0.24141,0.13511,0.21834,0.19451,0,0.020517,0.12203,0.15499,0.1939,0.13849,0,0.054431
0.24801,0.15212,0,0.012198,0,0,0,0,0,0.068545,0.46319,0.10187,0.29823,0.12809,0.21895,0.30061,0.54517,0.26683,0.14524,0.11146,0.1327,0,0,0,0.04575,0.058922,0.043109,0.054167,1,0.6782,0.29459,0.23451,0.12263,0.045543,0,0.028944,0.28715,0.16978,0.27703,0.20526,0.29454,0.1261,0.075922,0.11482,0,0,0.092705,0.099174,0.070815,0,0,0.095021,0,0.026146,0.20364,0.26647,0.30059,0.15771,0.056651,0.15738,0.074815,0.084537,0.15984,0.062029,0.019386,0.10955,0,0.010962,0.090701,0.11027,0.16978,0,0.34994,0.015617,0.22875,0,0,0,0.68126,0.52891,0.75409,0.62604,0.55598,0.68126,0.30378,0.32739,0.25544,0.31763,0.03204,0.016956,0,0,0,0,0.37794,0.44543,0.38953,0.38137,0.22437,0.26939,0.16768,0.15953,0.24381,0.16058,0.21936,0.068467,0.31223,0.18282,0.28502,0.19401,0,0.03738,0.083067,0.28318,0.097647,0.084203
0.0050825,0.089389,0,0.12236,0,0.1925,0,0.181,0.14801,0.21856,0.248,0.41449,0.31137,0.25838,0.348,0.40111,0.13609,0.44889,0.086273,0.12669,0.14301,0.23989,0,0.032991,0.14003,0.29454,0.090223,0.23336,0.6782,1,0.43833,0.47435,0.10681,0.1591,0,0,0.12396,0.11408,0.059219,0.14857,0.14337,0.38669,0.14721,0.19715,0.12076,0.074277,0.074003,0.030623,0.18677,0.028751,0.017264,0.083564,0,0,0.13028,0.15433,0.028761,0,0.11522,0.22442,0,0.0085428,0,0.018453,0,0.044764,0.054668,0.076361,0.026099,0.094165,0.079649,0.092593,0.1401,0.31091,0.10912,0.15841,0,0,0.48214,0.51689,0.55809,0.56384,0.4623,0.66653,0.21627,0.26559,0.12574,0.39129,0,0,0,0,0,0,0.38991,0.31981,0.22222,0.25242,0.14908,0.15287,0.16363,0.051774,0.22705,0.10534,0.16158,0,0.39337,0.14526,0.28483,0.15861,0,0,0.031013,0.21633,0.12865,0.28711
0.23272,0.24364,0.048206,0.46544,0.05682,0.65944,0.12133,0.43719,0.40945,0.66403,0.30165,0.49463,0.58307,0.38597,0.60987,0.76185,0.12893,0.45887,0.43903,0.40809,0.45578,0.34585,0.16258,0.35206,0.16175,0.61228,0.21615,0.57549,0.29459,0.43833,1,0.89472,0.36526,0.38411,0.10311,0.02902,0.086985,0.17351,0.043621,0.18143,0.17646,0.27797,0.061239,0.051112,0.24216,0.23877,0.03461,0.010497,0.044105,0.053583,0,0,0.022824,0,0.052815,0.09967,0.26572,0.19906,0.42357,0.473,0.19837,0.23254,0.15111,0.1376,0.24958,0.29686,0.31973,0.32456,0.406,0.32683,0.41006,0.34028,0.42498,0.52187,0.33207,0.37334,0.16805,0.20713,0.21125,0.232,0.24333,0.26756,0.25179,0.38535,0.12895,0.089015,0.1595,0.2808,0.044678,0,0.1239,0.082864,0,0,0,0,0.041824,0.038637,0.25872,0.25342,0.57465,0.36538,0.56133,0.47809,0.1588,0.09143,0.43742,0.42438,0,0,0,0.062578,0.1367,0.11011,0,0.079179
0.12462,0.122,0.12053,0.49685,0.13484,0.65973,0.23461,0.53589,0.45326,0.65283,0.24749,0.56777,0.59623,0.4382,0.61449,0.71059,0,0.40057,0.39041,0.37868,0.36637,0.35289,0.23811,0.43032,0.14635,0.54192,0.072268,0.4595,0.23451,0.47435,0.89472,1,0.32644,0.41573,0.14768,0.030957,0,0,0,0,0.061384,0.23083,0.10648,0.095366,0.32342,0.29918,0.01397,0,0.065561,0.08688,0.02813,0,0.017399,0,0,0.0049592,0.13294,0.066582,0.39306,0.3941,0.19099,0.23652,0.084254,0.16827,0.33722,0.37791,0.33386,0.35874,0.31825,0.24255,0.33188,0.41057,0.32051,0.54249,0.28638,0.44032,0.076976,0.18391,0.088026,0.29072,0.13758,0.2992,0.17967,0.33339,0.12068,0.12631,0.12488,0.18474,0.01509,0,0.13577,0.09051,0,0,0,0,0,0,0.17641,0.20637,0.47446,0.32791,0.43914,0.40505,0.11098,0,0.41136,0.3889,0,0,0,0.040611,0.12049,0.095345,0,0.1341
0.51626,0.51798,0.41248,0.49198,0.16928,0.27443,0.37025,0.49278,0.075597,0.15888,0.40857,0.44622,0.19694,0.22727,0.13726,0.2002,0.24768,0.34752,0.68973,0.67265,0.16646,0.10413,0.31214,0.32993,0.2194,0.12234,0.26656,0.27493,0.12263,0.10681,0.36526,0.32644,1,0.91563,0.31279,0.21393,0,0.092937,0,0,0,0.244,0.29246,0.33476,0.31504,0.3305,0.3576,0.29574,0.35187,0.32591,0.38124,0.28916,0.32948,0.17669,0.28864,0.21002,0.49174,0.49264,0.25663,0.24837,0.47992,0.49844,0.52925,0.47745,0.28571,0.28508,0.5181,0.39902,0.48749,0.34774,0.30396,0.2204,0.34659,0.4006,0.35365,0.41866,0.16734,0.23647,0,0.10067,0.17361,0.27507,0.091318,0.12473,0.20601,0.14515,0.11427,0.036168,0.29052,0.14567,0.14941,0.095658,0.095236,0.057895,0,0,0.067332,0.08789,0.32827,0.28551,0.11758,0.0052743,0.12544,0.031861,0.25147,0.091717,0,0,0,0,0.019581,0.1037,0.24261,0.18295,0,0.13531
0.42211,0.48941,0.44092,0.55772,0.19544,0.34142,0.44407,0.63012,0.14956,0.14835,0.33404,0.51899,0.2648,0.30854,0.18417,0.22248,0.10968,0.3047,0.65018,0.67008,0.10223,0.14998,0.38644,0.39361,0.25466,0.1607,0.24478,0.32031,0.045543,0.1591,0.38411,0.41573,0.91563,1,0.40885,0.28685,0,0.008578,0,0,0,0.29454,0.37833,0.39809,0.42177,0.44929,0.39157,0.31866,0.39533,0.42349,0.42679,0.34743,0.33041,0.198,0.31103,0.21416,0.35756,0.42537,0.23582,0.21998,0.51709,0.55619,0.44912,0.50841,0.3662,0.38687,0.55341,0.47148,0.44393,0.34145,0.2615,0.29706,0.25824,0.45895,0.31313,0.47504,0.19134,0.27158,0,0,0.096357,0.15942,0.082704,0.09014,0.19496,0.096721,0.11972,0.011345,0.29318,0.14297,0.13998,0.071205,0.14009,0.080548,0,0,0.043499,0.064765,0.32118,0.26986,0.08703,0,0.090653,0,0.25685,0.036328,0,0,0,0,0,0.093529,0.24717,0.21263,0.052816,0.049787
0.21383,0.26104,0.54855,0.45103,0.13408,0.32081,0.56381,0.54965,0.13301,0.079226,0.24406,0.23261,0.2874,0.37837,0.14545,0.12778,0.13866,0.080936,0.26482,0.22866,0,0,0.61809,0.51856,0.26179,0.030206,0.049893,0.13074,0,0,0.10311,0.14768,0.31279,0.40885,1,0.84017,0.073456,0.026967,0,0,0.017399,0.15551,0.44452,0.39154,0.52123,0.48712,0.38397,0.32662,0.34065,0.46348,0.45204,0.39658,0.28512,0.25038,0.29358,0.14169,0.098571,0.23556,0,0,0.44398,0.38617,0.33637,0.43922,0.68521,0.54157,0.53726,0.48464,0.1285,0.1642,0.17076,0.13719,0.21491,0.1684,0.23763,0.24755,0.37558,0.34845,0.010075,0,0.019264,0.027979,0.02392,0,0.35697,0.27395,0.049727,0,0.30289,0.27189,0.2691,0.22027,0.37789,0.34746,0,0,0.10512,0.037634,0.34375,0.24476,0,0,0,0,0.27356,0.071242,0,0,0,0,0.12212,0.24738,0.30144,0.28132,0.27502,0
0.090622,0.085041,0.43219,0.34313,0.11252,0.3069,0.52725,0.46477,0.09081,0.04205,0.18481,0.11005,0.22958,0.33684,0.072221,0.10483,0.24457,0.071996,0.095302,0.087233,0,0,0.52402,0.41125,0.14251,0,0.025255,0.049183,0.028944,0,0.02902,0.030957,0.21393,0.28685,0.84017,1,0.22355,0.10849,0,0,0.037578,0.14226,0.40466,0.3828,0.42085,0.34832,0.43389,0.41629,0.41356,0.4001,0.37925,0.54105,0.24332,0.26863,0.31935,0.17643,0.00039522,0.14744,0,0,0.38736,0.30944,0.34147,0.42423,0.61006,0.5482,0.43215,0.44867,0.031246,0.18234,0.051934,0,0.11582,0,0.17574,0.049274,0.43855,0.31951,0.092907,0,0.093494,0.04383,0,0,0.25885,0.25198,0,0,0.20569,0.2314,0.2279,0.22716,0.37204,0.37192,0,0,0.14775,0.09237,0.38747,0.28943,0,0,0,0,0.2869,0.063754,0,0,0,0,0.3401,0.32071,0.36019,0.32509,0.33368,0
0,0,0,0,0,0,0,0,0.043397,0.05783,0,0,0.10772,0.045017,0.2043,0.19822,0.1935,0.041372,0,0,0,0,0,0,0,0.1565,0.10237,0.11124,0.28715,0.12396,0.086985,0,0,0,0.073456,0.22355,1,0.70782,0.655,0.68116,0.64215,0.35342,0,0,0,0,0.050295,0.061969,0.11933,0,0,0.12158,0,0,0.31361,0.39629,0,0,0,0.13708,0.067301,0,0,0,0.018846,0,0,0,0,0.14588,0,0,0.070022,0,0.062202,0,0.37565,0.20027,0.40621,0,0.38702,0.037194,0.47221,0.36245,0.17683,0.20631,0.38649,0.53345,0,0.023857,0,0,0,0.06904,0.1156,0.080981,0.24441,0.32063,0.24758,0.24099,0.040069,0.18986,0.20852,0.19136,0.27631,0.21551,0.18274,0.13978,0,0.068717,0.31542,0.10237,0.11447,0.13183,0.087667,0
0.10973,0.13701,0,0.0082684,0,0.084975,0,0.0069004,0.0013264,0.18426,0.080964,0.1647,0.045791,0.088891,0.18403,0.24698,0.17652,0.17095,0.087208,0.095607,0.20161,0.12754,0,0,0.075467,0.25568,0.26631,0.19993,0.16978,0.11408,0.17351,0,0.092937,0.008578,0.026967,0.10849,0.70782,1,0.54247,0.68476,0.4933,0.45145,0,0.032803,0,0,0.1449,0.1639,0.18252,0.043605,0.0063774,0.17765,0.052213,0,0.40106,0.46215,0.094189,0.17711,0.18166,0.35844,0.10976,0.078819,0.1352,0.081915,0.028388,0.035317,0.16156,0.12945,0.23148,0.32529,0,0,0.16113,0.064556,0.19363,0.078193,0.41796,0.32308,0.21751,0,0.33061,0.16395,0.4578,0.35511,0.28022,0.26109,0.44115,0.52245,0.14984,0.092976,0.11005,0.1398,0.0026296,0.055942,0,0,0.24054,0.3087,0.34368,0.2966,0.21045,0.1533,0.31124,0.26848,0.40474,0.30026,0.23285,0.18683,0,0,0.35825,0.19373,0.18789,0.14917,0.018171,0
0,0.022729,0,0,0,0,0,0,0,0,0,0,0,0,0.032569,0.10138,0.10491,0,0,0,0.019437,0,0,0,0,0.030274,0.097546,0.062985,0.27703,0.059219,0.043621,0,0,0,0,0,0.655,0.54247,1,0.77999,0.55924,0.12793,0,0,0,0,0,0,0,0,0,0,0,0,0.28803,0.35598,0,0.03959,0,0.12233,0,0,0,0,0,0,0,0,0.11101,0.20612,0,0,0,0,0,0,0.13449,0.023091,0.34263,0,0.33478,0.0939,0.50416,0.33298,0.23645,0.13845,0.53632,0.43321,0.10633,0.064309,0,0.002619,0.0057382,0.03451,0.13416,0.23799,0.36079,0.39332,0.099313,0.12198,0.16921,0.1826,0.24959,0.24874,0.28651,0.37857,0.19149,0.27459,0.015233,0.036522,0.2808,0.058199,0,0.032949,0.038139,0
0.13582,0.17495,0,0.0076135,0,0,0,0,0,0.043491,0,0.0073673,0,0.019941,0.11955,0.22915,0.098028,0,0.09377,0.10274,0.068063,0.016364,0,0,0.10297,0.21717,0.20724,0.27184,0.20526,0.14857,0.18143,0,0,0,0,0,0.68116,0.68476,0.77999,1,0.62882,0.3928,0,0,0,0,0.071497,0.090626,0,0,0,0,0,0,0.36515,0.51278,0.077397,0.076685,0.042953,0.15199,0,0,0,0,0,0,0,0,0.22506,0.33622,0,0,0.085799,0.047888,0.038999,0,0.28145,0.15124,0.36731,0,0.39236,0.08398,0.60869,0.45209,0.33323,0.21998,0.60254,0.61057,0.16177,0.14801,0.023645,0.042592,0.022127,0.036676,0.082465,0.15522,0.35071,0.45691,0.20727,0.21186,0.2364,0.20962,0.32188,0.27047,0.36622,0.4361,0.23175,0.24235,0,0.051542,0.25451,0.11303,0.11985,0.14528,0.16407,0
0.10023,0.061687,0.022192,0,0,0.022917,0,0,0.033471,0.09389,0,0,0.14394,0.017082,0.20282,0.24261,0.15998,0.080011,0.060657,0.012544,0.16331,0.14479,0.034435,0,0.062404,0.10942,0.013792,0.083923,0.29454,0.14337,0.17646,0.061384,0,0,0.017399,0.037578,0.64215,0.4933,0.55924,0.62882,1,0.4591,0,0.0093943,0,0,0,0.04209,0,0,0,0.056646,0.0006774,0.034592,0.27276,0.4602,0.018123,0,0.023656,0.080024,0.023967,0,0,0,0.00097742,0,0,0,0.073904,0.11855,0.13653,0.099853,0.34851,0.21096,0.25724,0.16728,0.23639,0.1843,0.4061,0,0.34611,0.076509,0.49515,0.34322,0.26451,0.2735,0.44958,0.53328,0.079087,0.22339,0,0.026203,0.0184,0.055593,0.012731,0,0.18581,0.36318,0.19039,0.24363,0.16761,0.1685,0.23964,0.17462,0.27554,0.27531,0.18995,0.19476,0.039878,0,0.06813,0.00574,0.019065,0.046549,0.035705,0
0.079049,0.18635,0.0075817,0.22922,0,0.24662,9.2194e-07,0.21984,0,0.16357,0.11782,0.37104,0.19463,0.20338,0.21543,0.25163,0.035734,0.21992,0.13718,0.1622,0.0040914,0.27176,0.19598,0.09344,0.071414,0.24372,0.12022,0.22467,0.1261,0.38669,0.27797,0.23083,0.244,0.29454,0.15551,0.14226,0.35342,0.45145,0.12793,0.3928,0.4591,1,0,0.064238,0.030136,0,0.023848,0,0.14251,0,0,0.081979,0,0,0.17995,0.20494,0,0,0.0029346,0.086687,0.033948,0.013119,0.021876,0.0093698,0.06289,0,0.064189,0,0.012938,0.038543,0.046125,0.21812,0.19504,0.49866,0.17775,0.40008,0.16885,0.1197,0.1282,0,0.18387,0.069388,0.34259,0.26244,0.15551,0.15462,0.2484,0.49154,0,0,0,0,0,0,0,0,0,0.070451,0.13285,0.070076,0,0,0.14666,0,0.34214,0.21162,0.12714,0,0,0,0,0,0.0011144,0.10745,0.1249,0
0.10541,0.18735,0.4796,0.34783,0.3762,0.17931,0.43173,0.46909,0.10821,0,0.13245,0.15398,0.13386,0.25048,0.046926,0.054269,0.12377,0.1958,0.35849,0.36999,0.13772,0.16112,0.47083,0.46724,0.49727,0.041121,0.28786,0.26595,0.075922,0.14721,0.061239,0.10648,0.29246,0.37833,0.44452,0.40466,0,0,0,0,0,0,1,0.93058,0.76372,0.79098,0.89537,0.86456,0.62535,0.78064,0.79845,0.72083,0.69049,0.68269,0.51419,0.5271,0.060046,0.19248,0,0.0088127,0.26833,0.18112,0.23418,0.29525,0.33554,0.30042,0.62521,0.65368,0.32167,0.43013,0.22928,0.19412,0.19719,0.21192,0.34207,0.27464,0.21289,0.24617,0.17628,0.037632,0.27044,0.30483,0.040098,0.18168,0.44697,0.42436,0,0.005005,0.41986,0.50921,0.55734,0.52477,0.56316,0.55421,0.30175,0.084015,0.49139,0.50833,0.61557,0.56357,0.00019448,0.054954,0,0,0.29495,0.071306,0,0,0.13191,0.31881,0.42963,0.58499,0.53903,0.40997,0.41896,0.17179
0.088872,0.18003,0.36009,0.25284,0.32413,0.13562,0.33725,0.41878,0.064601,0,0.094114,0.15701,0.091122,0.24154,0.052929,0.039147,0.1803,0.26902,0.31557,0.32045,0.14016,0.16491,0.35591,0.34049,0.44267,0.030952,0.30312,0.22222,0.11482,0.19715,0.051112,0.095366,0.33476,0.39809,0.39154,0.3828,0,0.032803,0,0,0.0093943,0.064238,0.93058,1,0.76359,0.80138,0.82697,0.83034,0.61023,0.74651,0.74144,0.7138,0.62218,0.61223,0.46294,0.50398,0.054519,0.14142,0,0.047999,0.21196,0.17974,0.19471,0.24557,0.25355,0.26085,0.58591,0.63674,0.26979,0.36592,0.23161,0.18481,0.22386,0.24283,0.34725,0.27628,0.16793,0.20604,0.22429,0.072312,0.29858,0.34594,0.088738,0.20188,0.38281,0.44999,0,0.078641,0.33772,0.41832,0.45797,0.42008,0.40266,0.39058,0.26287,0,0.43049,0.54803,0.56942,0.53308,0,0.013275,0,0,0.31245,0.081444,0,0,0.066145,0.26815,0.34485,0.48953,0.48012,0.36992,0.3681,0.2367
0.079026,0.13793,0.32094,0.32379,0.33559,0.34854,0.39396,0.51413,0.20204,0.1363,0.058142,0.21432,0.19871,0.28325,0.1808,0.13993,0.10182,0.27291,0.26269,0.26528,0.11968,0.17812,0.35199,0.3956,0.39277,0.17853,0.16547,0.19742,0,0.12076,0.24216,0.32342,0.31504,0.42177,0.52123,0.42085,0,0,0,0,0,0.030136,0.76372,0.76359,1,0.8892,0.57108,0.53328,0.6559,0.68032,0.6118,0.48374,0.43138,0.36591,0.26764,0.22176,0.10329,0.13905,0.1586,0.13901,0.35279,0.26074,0.19216,0.30574,0.43749,0.36255,0.69672,0.66929,0.19925,0.30244,0.2565,0.27587,0.17491,0.32563,0.30806,0.37039,0.16292,0.24912,0.029292,0,0.071215,0.18106,0,0.019771,0.17687,0.23109,0,0,0.13838,0.19038,0.31653,0.25059,0.26884,0.2517,0.11067,0,0.2634,0.25392,0.47037,0.41451,0.082943,0.12312,0.056477,0.042845,0.14187,0,0.0092789,0,0,0.1066,0.20826,0.39757,0.43149,0.32694,0.22653,0.19833
0.14656,0.22016,0.32244,0.32798,0.4013,0.31227,0.39523,0.53319,0.21893,0.11618,0.10539,0.23721,0.2244,0.31057,0.17705,0.16933,0.063829,0.26135,0.37868,0.37568,0.23009,0.19424,0.30696,0.383,0.41009,0.15763,0.27236,0.29554,0,0.074277,0.23877,0.29918,0.3305,0.44929,0.48712,0.34832,0,0,0,0,0,0,0.79098,0.80138,0.8892,1,0.61144,0.60256,0.53288,0.8375,0.72134,0.56097,0.57248,0.50826,0.31842,0.34724,0.16213,0.25634,0.25128,0.21514,0.4012,0.40173,0.26107,0.36903,0.42274,0.46825,0.68662,0.72201,0.3509,0.32781,0.41268,0.33485,0.31046,0.38184,0.41299,0.38612,0.18351,0.31524,0.026708,0.005108,0.047208,0.15537,0,0.022417,0.23036,0.27075,0,0,0.29522,0.36846,0.46739,0.35636,0.38935,0.29079,0.11214,0,0.31101,0.32663,0.51466,0.46729,0.22308,0.14331,0.10987,0.071672,0.15168,0.0070581,0.064064,0,0.077833,0.13973,0.15672,0.41046,0.37509,0.26294,0.19826,0.11495
0.18075,0.27896,0.47223,0.35117,0.33124,0.12535,0.37166,0.40405,0.02502,0,0.19806,0.13983,0.05756,0.18091,0,0.035579,0.16806,0.1639,0.39254,0.42334,0.10006,0.068929,0.46809,0.45457,0.43646,0,0.28732,0.25335,0.092705,0.074003,0.03461,0.01397,0.3576,0.39157,0.38397,0.43389,0.050295,0.1449,0,0.071497,0,0.023848,0.89537,0.82697,0.57108,0.61144,1,0.94215,0.60606,0.71147,0.74918,0.75241,0.7053,0.72443,0.62117,0.61746,0.12449,0.31254,0,0,0.23195,0.14398,0.33312,0.32315,0.23912,0.24145,0.58112,0.59176,0.40901,0.51666,0.14904,0.047442,0.15036,0.10734,0.30284,0.21068,0.28766,0.26554,0.15006,0.0053976,0.30637,0.29672,0.052685,0.2094,0.48199,0.39692,0,0.014326,0.50071,0.56521,0.59117,0.55895,0.59861,0.60038,0.2407,0.063782,0.57191,0.5424,0.68057,0.60357,0,0.0090184,0,0,0.41941,0.15794,0,0,0.010821,0.29981,0.59716,0.63514,0.58007,0.44971,0.44872,0.13427
0.13709,0.22118,0.4165,0.29644,0.31902,0.10583,0.33327,0.38745,0.0073644,0,0.18252,0.090723,0.048769,0.18192,0,0.025484,0.18758,0.15257,0.35668,0.38245,0.11185,0.039218,0.43788,0.42279,0.39815,0,0.26748,0.21055,0.099174,0.030623,0.010497,0,0.29574,0.31866,0.32662,0.41629,0.061969,0.1639,0,0.090626,0.04209,0,0.86456,0.83034,0.53328,0.60256,0.94215,1,0.56201,0.70538,0.72847,0.79247,0.69873,0.74767,0.5671,0.63175,0.10508,0.29386,0,0.054044,0.22614,0.14806,0.31328,0.29591,0.24361,0.27984,0.57359,0.63604,0.42169,0.56055,0.13689,0,0.16765,0.047155,0.34204,0.14945,0.28749,0.24762,0.14807,0.0026644,0.30617,0.30568,0.078923,0.23115,0.47779,0.43709,0,0.03467,0.49187,0.59345,0.67412,0.66558,0.63653,0.65088,0.25822,0.066778,0.58891,0.6076,0.70477,0.66607,0.018455,0.083477,0,0,0.41293,0.17944,0,0,0.028344,0.31655,0.67161,0.70728,0.59553,0.40518,0.3961,0.11027
