1,0.47116,0.5106,0.54763,0.21718,0.31704,0.58096,0.42212,0.26255,0.28994,0.54003,0.095104,0.44805,0.21803,0.3326,0.1589,0.10058,0,0.63871,0.51223,0.22765,0.51272,0.18682,0.21121,0.13733,0.18658,0.16121,0.28514,0.085166,0,0.12915,0,0.4782,0.43705,0.032382,0.02698,0,0,0.022314,0,0,0,0.18557,0.14676,0.12624,0.35824,0.21223,0.17092,0.31779,0.40144,0.33001,0.38409,0.19962,0.36944,0.32757,0.29085,0.69862,0.37123,0.67198,0.58709,0.60056,0.30245,0.48739,0.21577,0.20631,0.1446,0.52691,0.49008,0.58427,0.43843,0.34961,0.2791,0.47896,0.30518,0.57043,0.50435,0.54449,0.55704,0.16669,0,0.15485,0,0.15519,0.027424,0.11683,0.31368,0.17707,0.091582,0.39884,0.45409,0.17815,0.2326,0.22609,0.29719,0.27287,0,0.135,0,0.13085,0.12921,0.049514,0.31166,0.066358,0.16956,0.15052,0.20366,0.011912,0.21108,0.20398,0.10187,0,0.023662,0.053493,0.092882,0.21212,0.060208
0.47116,1,0.073944,0.35806,0,0.23005,0.27707,0.53628,0,0.0078502,0.5272,0.48596,0.13494,0.34251,0,0,0.47301,0.39861,0.46616,0.62631,0.060048,0.36101,0,0,0,0,0,0.14195,0.37905,0.12355,0.085779,0,0.52967,0.59731,0.048663,0.19274,0,0.2012,0,0.020589,0,0.094002,0.36951,0.32577,0.25693,0.56651,0.28458,0.37878,0.31984,0.51658,0.19769,0.43325,0.16084,0.29973,0.054424,0.1175,0.38293,0.81508,0.2654,0.42915,0.27519,0.44692,0.28074,0.56294,0,0.016633,0.35769,0.55582,0.14349,0.37476,0.031918,0,0.34921,0.37092,0.26526,0.28494,0.43691,0.46097,0.33829,0.0883,0.40576,0.22978,0.10434,0.0039333,0.041506,0.32973,0,0,0,0.16957,0.35704,0.26425,0.33021,0.051402,0.021076,0,0.10362,0.17745,0.36689,0.28313,0.23427,0.10358,0.34758,0.28669,0.016673,0.001013,0.02272,0,0.016386,0.074183,0,0.33542,0.33118,0.20747,0.18887,0.02491
0.5106,0.073944,1,0.68401,0.32658,0.10182,0.86751,0.20049,0.5027,0.18104,0.20872,0,0.59938,0,0.50097,0.14342,0,0,0.51493,0.22267,0.3811,0.45871,0.74704,0.6883,0.52179,0.49723,0.46126,0.42621,0,0,0.4529,0.30939,0.27826,0.088715,0.57052,0.45044,0,0,0.077446,0.048443,0,0,0.32751,0.14546,0.30043,0.25729,0.27084,0.1911,0.33648,0.26111,0.50838,0.30758,0.1989,0.46842,0.36748,0.32068,0.17054,0.039026,0.50011,0.2548,0.39857,0,0.27503,0,0.55531,0.081025,0.67562,0.49603,0.29536,0.24367,0.35805,0.36586,0.37429,0.1807,0.42536,0.33107,0.39072,0.32081,0.04598,0.065374,0,0,0.12542,0.0060447,0.30571,0.25927,0.15374,0.067094,0.49887,0.45453,0.15923,0.50781,0.33366,0.68,0.14782,0,0.1558,0.053606,0.13751,0.14059,0,0.42764,0,0.17124,0.12978,0.27035,0.018518,0.067274,0,0.040819,0.052945,0.033577,0.024462,0,0.24861,0.13751
0.54763,0.35806,0.68401,1,0.35798,0.46558,0.73819,0.75267,0.57187,0.57233,0.26965,0.23531,0.43378,0.29659,0.33152,0.32936,0,0,0.51995,0.53217,0.34805,0.53273,0.42043,0.61395,0.24337,0.37738,0.3681,0.41821,0,0,0.23912,0.13755,0.33681,0.35127,0.28242,0.43338,0,0.024277,0.049004,0.063127,0,0,0.32025,0.15255,0.31662,0.4407,0.28281,0.22808,0.32798,0.32781,0.37929,0.43712,0.17876,0.34542,0.25366,0.23888,0.29972,0.32563,0.54985,0.50662,0.5416,0.34431,0.35403,0.21848,0.41472,0.48288,0.59826,0.66581,0.42546,0.50083,0.42535,0.39165,0.4637,0.51962,0.53578,0.45387,0.47986,0.51042,0.078376,0,0.11127,0.056507,0.075101,0.064396,0.20601,0.50251,0.079067,0.091399,0.40875,0.54626,0.32712,0.47689,0.50281,0.44525,0.1992,0.10833,0.18818,0.19213,0.21636,0.21006,0.19247,0.43407,0.11001,0.30943,0.22305,0.28953,0,0.09453,0.051043,0.21257,0.14643,0.15882,0.093934,0.12658,0.28709,0.13244
0.21718,0,0.32658,0.35798,1,0.55257,0.3511,0.14965,0.6219,0.33104,0.0026922,0,0.2135,0,0.63044,0.46708,0,0,0.34384,0.33802,0.63215,0.43839,0.28216,0.37737,0.57856,0.53448,0.73364,0.56304,0.13503,0.11896,0.39282,0.49048,0.29262,0.24737,0.18588,0.1186,0,0,0.031043,0.045567,0,0,0.018782,0,0.26804,0.069572,0.023775,0,0.073527,0,0.14292,0,0,0.033143,0.12533,0.10166,0.30712,0.1984,0.42983,0.31276,0.3503,0.033673,0.13846,0,0.46429,0.17306,0.36269,0.22312,0.28215,0.34205,0.65448,0.62931,0.54353,0.43553,0.38628,0.41448,0.056543,0.18221,0,0.10224,0.23363,0.17922,0.26781,0.19681,0.38332,0.22297,0.29342,0.17153,0.26517,0.26699,0,0.19455,0.051625,0.29838,0.25609,0.027,0.068594,0.0062494,0.012393,0,0,0.27879,0,0.29979,0.12047,0.27721,0,0.20129,0.046583,0.15345,0.045281,0.027608,0,0,0.15899,0.34587
0.31704,0.23005,0.10182,0.46558,0.55257,1,0.30203,0.54553,0.51609,0.59912,0.2526,0.29909,0.17785,0.22596,0.41871,0.42555,0.23452,0,0.29438,0.52606,0.30131,0.5547,0.12817,0.28711,0.2245,0.39098,0.25174,0.37572,0.15825,0,0.21386,0.084971,0.29091,0.38575,0,0.064588,0,0,0,0,0,0,0.074889,0.043944,0.14196,0.26137,0,0.086689,0.074011,0.10211,0,0.09405,0,0.043568,0,0,0.47147,0.31571,0.36638,0.45988,0.35739,0.47757,0.21616,0.20102,0.33166,0.46843,0.22732,0.32248,0.46958,0.48088,0.47339,0.39403,0.52262,0.38813,0.42136,0.30757,0.40845,0.49136,0.29811,0.032871,0.23306,0.063792,0.30543,0.066489,0.12659,0.27433,0.029596,0.0036807,0.015486,0.14028,0.29555,0.03889,0.19077,0,0.42731,0.20157,0.22543,0.076535,0.1076,0.049895,0.3347,0.15004,0.17092,0.12115,0.22981,0.23249,0.01874,0.25286,0.32939,0.39423,0.04014,0.11318,0.082269,0.072128,0.16208,0.36572
0.58096,0.27707,0.86751,0.73819,0.3511,0.30203,1,0.46484,0.57873,0.28399,0.40156,0,0.64075,0.014611,0.48633,0.15406,0,0,0.48767,0.36815,0.40029,0.50888,0.5211,0.51949,0.44792,0.47343,0.39734,0.41165,0.038799,0,0.35107,0.12292,0.3606,0.24141,0.44864,0.40467,0,0,0.089317,0.046559,0,0,0.38314,0.20975,0.37643,0.43233,0.25555,0.24695,0.4251,0.38275,0.52595,0.42632,0.13031,0.39523,0.33581,0.27762,0.21357,0.17945,0.5432,0.38595,0.46639,0.062519,0.31153,0,0.52169,0.20829,0.73118,0.67317,0.28363,0.35237,0.35837,0.33153,0.48865,0.25525,0.53228,0.35418,0.50064,0.42622,0.13315,0.015422,0.024426,0,0.21176,0,0.28127,0.33372,0.14758,0.029985,0.39735,0.41729,0.32264,0.52601,0.41302,0.58178,0.2128,0.081678,0.24485,0.15994,0.25043,0.21337,0.12053,0.49497,0.090971,0.30216,0.14072,0.25606,0.037831,0.11868,0.072687,0.15599,0.10495,0.14296,0.13918,0.056263,0.24565,0.19904
0.42212,0.53628,0.20049,0.75267,0.14965,0.54553,0.46484,1,0.35963,0.61039,0.38441,0.69117,0.22456,0.60918,0.037754,0.17941,0.23001,0.039181,0.39567,0.64135,0.13762,0.37317,0,0.14749,0,0.069407,0.025222,0.15248,0.15628,0.035777,0,0,0.31398,0.49921,0,0.1464,0,0.03039,0,0.022097,0,0,0.2278,0.12671,0.20736,0.49462,0.1842,0.21246,0.24707,0.37502,0.15578,0.46008,0.075706,0.14426,0.067063,0.070174,0.30462,0.46216,0.34525,0.47374,0.40048,0.69109,0.20845,0.57248,0.08674,0.57759,0.29013,0.54464,0.30694,0.51948,0.21341,0.14202,0.35614,0.5419,0.45247,0.40312,0.43108,0.49473,0.19239,0,0.19539,0.063321,0.02206,0,0,0.41732,0,0,0.089272,0.37311,0.41489,0.30373,0.46574,0.10046,0.16218,0.1481,0.16702,0.20722,0.28628,0.23036,0.40056,0.31891,0.26147,0.2938,0.18997,0.15396,0,0.095272,0.10817,0.23025,0.10984,0.2424,0.22992,0.22554,0.24909,0.11651
0.26255,0,0.5027,0.57187,0.6219,0.51609,0.57873,0.35963,1,0.66293,0.02494,0,0.37577,0.073824,0.6406,0.51502,0,0,0.2536,0.22977,0.52243,0.37252,0.31938,0.5259,0.41463,0.47307,0.49161,0.40625,0,0,0.18937,0.31248,0.10874,0.11031,0.20285,0.18553,0,0.020483,0.14476,0.12735,0,0,0.17281,0.059873,0.36344,0.21937,0.14929,0.053247,0.30601,0.12074,0.28878,0.19311,0.01794,0.094447,0.35777,0.25498,0.18898,0.083865,0.52374,0.44797,0.45368,0.19568,0.11953,0,0.62381,0.49372,0.39336,0.33415,0.34802,0.41744,0.53613,0.50775,0.47535,0.32252,0.52443,0.44294,0.19299,0.25134,0,0,0,0.01846,0.25179,0.19374,0.24981,0.21973,0.40299,0.26865,0.42758,0.32572,0.20187,0.25486,0.25421,0.30598,0.30617,0.17331,0.24653,0.16202,0.22901,0.14784,0.28173,0.40215,0.1354,0.29521,0.20785,0.29169,0.086144,0.35888,0.11471,0.21825,0.26641,0.10702,0.12385,0.029898,0.14143,0.27023
0.28994,0.0078502,0.18104,0.57233,0.33104,0.59912,0.28399,0.61039,0.66293,1,0.12919,0.34443,0.3159,0.50206,0.39701,0.59223,0,0,0.14545,0.28193,0.32027,0.30277,0.07903,0.41853,0.053797,0.21833,0.23626,0.25634,0,0,0,0.04084,0.032841,0.12446,0,0,0,0.0019569,0.038173,0.082098,0,0,0.12175,0.10377,0.24739,0.27481,0.16128,0.14116,0.34498,0.26155,0.23866,0.35922,0.23098,0.12615,0.28768,0.22907,0.33512,0.084579,0.4259,0.41287,0.38432,0.50817,0.14249,0.17064,0.28282,0.61242,0.15358,0.22312,0.34002,0.41489,0.36859,0.32669,0.34287,0.42266,0.45612,0.41167,0.16322,0.31665,0,0,0.12054,0.033102,0.15086,0.18661,0.063428,0.21326,0.19108,0.14799,0.22205,0.28332,0.24212,0.15682,0.2558,0.056074,0.30085,0.1403,0.17212,0.15061,0.21972,0.25457,0.29476,0.23878,0.1109,0.25946,0.17096,0.21427,0.0094479,0.27302,0.15197,0.26133,0.19564,0.23689,0.2095,0.18128,0.2615,0.22209
0.54003,0.5272,0.20872,0.26965,0.0026922,0.2526,0.40156,0.38441,0.02494,0.12919,1,0.32626,0.63316,0.37668,0.2703,0.076836,0.52829,0.15275,0.43096,0.39009,0.14225,0.46901,0.16011,0.13449,0.07683,0.14459,0,0.030176,0.43498,0.07186,0.20563,0,0.3893,0.38053,0.051608,0.12458,0,0.0057588,0,0,0,0,0.41149,0.38466,0.20525,0.44564,0.23634,0.38693,0.33579,0.41908,0.30203,0.37248,0.0018301,0.2733,0.0075733,0,0.31589,0.35696,0.25751,0.23973,0.30046,0.27872,0.47239,0.3237,0,0.045521,0.30459,0.37956,0.22064,0.28917,0.20897,0.16109,0.37572,0.23226,0.36047,0.30584,0.51866,0.49528,0.52441,0.26244,0.43424,0.20324,0.20877,0,0.18891,0.3277,0,0,0.015901,0.17424,0.39341,0.25747,0.2992,0.10511,0.18531,0.0070964,0.14368,0.079281,0.31127,0.21941,0.2678,0.25648,0.25203,0.19607,0,0,0.11395,0.21992,0.34017,0.25248,0.020681,0.28566,0.23569,0.14114,0.10774,0.047465
0.095104,0.48596,0,0.23531,0,0.29909,0,0.69117,0,0.34443,0.32626,1,0.094909,0.84151,0,0.21987,0.30082,0.35333,0.11115,0.41613,0,0.032505,0,0,0,0,0,0,0.27401,0.32731,0,0,0.12206,0.37959,0,0.0048019,0,0.179,0,0.0027239,0,0,0.17191,0.18507,0.12472,0.36047,0.14731,0.23634,0.13081,0.24813,0.006485,0.34238,0.03042,0,0,0,0.075352,0.40033,0,0.14755,0.095891,0.62619,0.065158,0.68675,0,0.44865,0,0.23492,0.091159,0.37523,0,0,0.10376,0.42127,0.13653,0.20689,0.1161,0.21883,0.15766,0.054731,0.30061,0.30251,0,0.027028,0,0.39082,0,0,0,0.061689,0.34093,0.098237,0.30168,0,0.0095348,0.12137,0.057293,0.1709,0.27829,0.26202,0.43185,0.14761,0.34831,0.25422,0.0021548,0,0.11125,0.13476,0.15286,0.17959,0.18136,0.30132,0.33616,0.20919,0.037561,0
0.44805,0.13494,0.59938,0.43378,0.2135,0.17785,0.64075,0.22456,0.37577,0.3159,0.63316,0.094909,1,0.26363,0.68501,0.40795,0.11273,0.02501,0.33717,0.13955,0.41373,0.42076,0.49243,0.55277,0.36714,0.40304,0.27287,0.23431,0.25537,0.10167,0.29296,0.24302,0.18399,0.094869,0.38295,0.30922,0,0.19666,0.0060162,0.033813,0,0,0.48363,0.37784,0.38955,0.33505,0.40187,0.38202,0.49129,0.3319,0.59884,0.4415,0.20364,0.3444,0.307,0.27536,0.16173,0.044199,0.33278,0.093416,0.38519,0,0.46737,0,0.37477,0.1248,0.47848,0.39164,0.22639,0.32194,0.29317,0.32564,0.37061,0.28213,0.35331,0.34682,0.26879,0.28892,0.17096,0.20738,0.32179,0.27236,0.33962,0.055141,0.44472,0.34333,0.17102,0,0.25863,0.26345,0.32538,0.47647,0.40839,0.52564,0.20079,0.036566,0.2376,0.18776,0.38399,0.41241,0.21802,0.5314,0.1984,0.42623,0.081038,0.17502,0.14104,0.28169,0.23275,0.25488,0.27679,0.3755,0.33624,0.16882,0.27389,0.16228
0.21803,0.34251,0,0.29659,0,0.22596,0.014611,0.60918,0.073824,0.50206,0.37668,0.84151,0.26363,1,0.066709,0.41755,0.197,0.2126,0.11965,0.31162,0.11398,0.1053,0,0.032542,0,0,0,0,0.24787,0.334,0,0,0.082397,0.26976,0,0,0,0.18653,0,0.053427,0.057678,0,0.24596,0.2705,0.15106,0.38197,0.2725,0.32,0.26975,0.37425,0.14315,0.42721,0.21799,0.10891,0.14814,0.21807,0.14794,0.23523,0.046055,0.1335,0.11594,0.49212,0.090994,0.51033,0,0.31033,0,0.15957,0.12518,0.3234,0.093825,0.092953,0.13079,0.45033,0.268,0.33049,0.12634,0.22196,0.10775,0.094175,0.31713,0.30452,0.0034671,0.075343,0.019123,0.41446,0,0,0,0.22636,0.26434,0.1448,0.26826,0,0.054897,0.10317,0.064429,0.19236,0.26172,0.33099,0.2704,0.16295,0.17549,0.22648,0,0,0.08164,0.18361,0.14137,0.16527,0.14538,0.28608,0.30279,0.18569,0.13192,0.0020435
0.3326,0,0.50097,0.33152,0.63044,0.41871,0.48633,0.037754,0.6406,0.39701,0.2703,0,0.68501,0.066709,1,0.67171,0,0,0.31073,0.13483,0.62004,0.39485,0.48681,0.54844,0.52732,0.51747,0.55769,0.43312,0.081059,0.058,0.37537,0.45308,0.13875,0.037958,0.32768,0.1794,0,0.14614,0.092507,0.067794,0,0,0.31624,0.24539,0.40956,0.18495,0.25085,0.23172,0.37781,0.13191,0.47283,0.21921,0.14127,0.27146,0.35255,0.30273,0.22537,0,0.42439,0.18684,0.39805,0,0.28746,0,0.57645,0.22253,0.40957,0.24913,0.33806,0.37369,0.55252,0.5566,0.49162,0.2649,0.40102,0.37348,0.14306,0.19207,0.00088946,0.15591,0.22122,0.24437,0.54091,0.2365,0.543,0.32707,0.44484,0.1892,0.36584,0.25759,0.22996,0.35459,0.22733,0.46915,0.34198,0.15847,0.29033,0.17371,0.25705,0.3125,0.15951,0.46891,0.083819,0.34496,0.092454,0.24579,0.16199,0.44882,0.22243,0.32433,0.26242,0.21581,0.19213,0.03498,0.15304,0.27513
0.1589,0,0.14342,0.32936,0.46708,0.42555,0.15406,0.17941,0.51502,0.59223,0.076836,0.21987,0.40795,0.41755,0.67171,1,0,0,0.14532,0.19748,0.475,0.20115,0.24734,0.51106,0.2749,0.39133,0.34481,0.23208,0.063246,0.27732,0.19099,0.43554,0.10501,0.11701,0.038423,0.017442,0,0.17331,0.026535,0.051162,0.067901,0,0.23689,0.25045,0.36764,0.17572,0.23826,0.22687,0.30168,0.10235,0.30701,0.21548,0.18834,0.16576,0.27502,0.25997,0.20266,0,0.2939,0.16099,0.34949,0.16652,0.27706,0,0.32619,0.40719,0.16796,0.16521,0.3395,0.47429,0.42183,0.46349,0.33904,0.38264,0.35851,0.41765,0.0038199,0.13477,0,0.18117,0.26248,0.3612,0.36994,0.31447,0.39695,0.49703,0.34712,0.12419,0.22116,0.32109,0.21541,0.25601,0.21914,0.21437,0.29859,0.18106,0.20231,0.18156,0.1716,0.30681,0.16627,0.32723,0.043189,0.33358,0.015998,0.13949,0.19611,0.44534,0.28914,0.40526,0.27966,0.22668,0.17468,0.023386,0.011445,0.15336
0.10058,0.47301,0,0,0,0.23452,0,0.23001,0,0,0.52829,0.30082,0.11273,0.197,0,0,1,0.49798,0.21384,0.40877,0,0.28533,0.079289,0,0,0.066668,0,0,0.69357,0.40369,0.40298,0.089356,0.43069,0.45354,0,0.0029932,0,0,0,0,0,0,0.22139,0.18856,0.1078,0.31914,0,0.18733,0.068294,0.20672,0,0.10038,0,0.10479,0,0,0.40818,0.47071,0,0.076987,0.032642,0.26187,0.30007,0.34446,0,0.043364,0.021562,0.15467,0.11097,0.28263,0.11022,0.083075,0.19805,0.15688,0.1466,0.19243,0.36461,0.34356,0.84567,0.57927,0.65844,0.37745,0.032956,0,0,0.14176,0,0,0,0.066984,0.11915,0,0.0032855,0,0.18413,0.024469,0.039184,0.02355,0.075297,0.08943,0.067689,0,0.055963,0,0,0,0.24831,0.15434,0.31094,0.22782,0,0.17227,0.10264,0,0,0.07115
0,0.39861,0,0,0,0,0,0.039181,0,0,0.15275,0.35333,0.02501,0.2126,0,0,0.49798,1,0,0.10115,0.035518,0,0,0,0,0,0,0,0.33089,0.46564,0.068524,0.034748,0.057743,0.16195,0.098536,0.18976,0.28964,0.44638,0.20988,0.27406,0.30607,0.11172,0.29871,0.30199,0.20556,0.22522,0.26833,0.30356,0.10869,0.09211,0.046803,0.086697,0.14032,0,0,0.057728,0,0.49913,0,0,0,0.038547,0.13964,0.36536,0,0,0,0.20315,0,0.20967,0,0,0,0.1696,0,0,0,0,0.30221,0.29527,0.47773,0.62307,0.23394,0.15281,0.26436,0.27235,0.075269,0.0044177,0,0.064031,0.18531,0.1196,0.085488,0,0,0.30708,0.21834,0.37564,0.38401,0.35456,0.16807,0,0.23674,0.20493,0,0,0.20792,0,0,0,0.13305,0.45463,0.33299,0,0,0
0.63871,0.46616,0.51493,0.51995,0.34384,0.29438,0.48767,0.39567,0.2536,0.14545,0.43096,0.11115,0.33717,0.11965,0.31073,0.14532,0.21384,0,1,0.78268,0.18416,0.38814,0.34138,0.28891,0.12644,0.14479,0.090183,0.15288,0.23921,0,0.30746,0.20001,0.55818,0.56721,0.13362,0.17373,0,0,0,0,0,0,0.24241,0.10001,0.17817,0.26516,0.24264,0.15157,0.13283,0.18458,0.15766,0.18048,0.062448,0.3836,0.068337,0.08169,0.504,0.51272,0.41021,0.36506,0.46239,0.2022,0.38558,0.21756,0.27303,0.15075,0.41676,0.41092,0.6221,0.54821,0.29168,0.2748,0.52329,0.39733,0.50839,0.50999,0.46245,0.50818,0.17324,0.10078,0.23992,0.10976,0.090499,0,0.06731,0.28212,0.055585,0,0.22119,0.44651,0.37273,0.50475,0.46455,0.44691,0.072321,0,0.037612,0,0.25238,0.17135,0.18852,0.40627,0.25468,0.24639,0.10303,0.13722,0,0.18813,0.067697,0.042155,0.021901,0.16931,0.13069,0.14838,0.20664,0.0021227
0.51223,0.62631,0.22267,0.53217,0.33802,0.52606,0.36815,0.64135,0.22977,0.28193,0.39009,0.41613,0.13955,0.31162,0.13483,0.19748,0.40877,0.10115,0.78268,1,0.1336,0.41595,0.12746,0.1839,0.022961,0.12633,0.024241,0.15622,0.38454,0.15059,0.2438,0.08458,0.60762,0.70461,0,0.056458,0,0,0,0,0,0,0.18202,0.072271,0.16611,0.38486,0.10121,0.12203,0.07696,0.27505,0.0012657,0.21851,0.003982,0.30574,0,0,0.5789,0.67663,0.35,0.45266,0.40047,0.52459,0.32901,0.4906,0.1264,0.3432,0.29065,0.44617,0.49376,0.65478,0.22618,0.17164,0.47884,0.45561,0.49685,0.5217,0.46494,0.51913,0.35964,0.18742,0.37275,0.19711,0.10804,0,0,0.36434,0,0,0.030689,0.45276,0.38512,0.37458,0.46586,0.15315,0.14993,0,0,0,0.15071,0.097542,0.22877,0.19444,0.19445,0.19844,0.0033359,0.057061,0.044705,0.11142,0.12676,0.10848,0,0.15174,0.12436,0.02709,0.090913,0.08427
0.22765,0.060048,0.3811,0.34805,0.63215,0.30131,0.40029,0.13762,0.52243,0.32027,0.14225,0,0.41373,0.11398,0.62004,0.475,0,0.035518,0.18416,0.1336,1,0.54927,0.28788,0.38994,0.4812,0.49885,0.73976,0.61708,0.18473,0.26337,0.36762,0.46026,0.16854,0.11061,0.27195,0.20082,0.056147,0.28889,0.17443,0.28561,0.10831,0,0.40131,0.30579,0.52748,0.30256,0.40692,0.22812,0.38312,0.17039,0.43258,0.22386,0.28493,0.19075,0.50758,0.42622,0.12863,0.14603,0.36479,0.21609,0.23951,0,0.14082,0,0.30012,0.039989,0.41402,0.30871,0.038343,0.2482,0.57896,0.55992,0.521,0.43979,0.34249,0.42865,0,0.088624,0,0.14255,0.30835,0.3353,0.36566,0.16168,0.61015,0.35449,0.40872,0.1869,0.50326,0.32325,0.060328,0.30947,0.11401,0.46058,0.24803,0.19999,0.26634,0.28714,0.29262,0.27711,0,0.27924,0,0.37282,0,0.095534,0,0.090704,0,0.22588,0.18836,0.28547,0.23438,0.056585,0.19651,0.22594
0.51272,0.36101,0.45871,0.53273,0.43839,0.5547,0.50888,0.37317,0.37252,0.30277,0.46901,0.032505,0.42076,0.1053,0.39485,0.20115,0.28533,0,0.38814,0.41595,0.54927,1,0.4401,0.46965,0.42335,0.5351,0.42184,0.57004,0.34856,0.052033,0.45675,0.18698,0.47436,0.3748,0.20313,0.28753,0,0,0,0,0,0,0.26686,0.17763,0.25929,0.37801,0.12865,0.21881,0.28215,0.29599,0.26903,0.24045,0.041593,0.28112,0.10735,0.056197,0.46406,0.31447,0.5345,0.42198,0.39612,0.23224,0.35406,0.078474,0.30245,0.16618,0.48916,0.43105,0.2848,0.27686,0.58228,0.52405,0.5644,0.39571,0.49632,0.39444,0.53463,0.58731,0.39363,0.20606,0.34327,0.1205,0.15934,0,0.24397,0.28375,0,0,0.25396,0.25736,0.1663,0.21041,0.18036,0.20469,0.32474,0,0.10779,0,0.079778,0.080819,0.024172,0.19135,0,0.12848,0.068776,0.15165,0,0.083606,0.32099,0.35491,0,0.12194,0.038529,0.051444,0.2254,0.2446
0.18682,0,0.74704,0.42043,0.28216,0.12817,0.5211,0,0.31938,0.07903,0.16011,0,0.49243,0,0.48681,0.24734,0.079289,0,0.34138,0.12746,0.28788,0.4401,1,0.86742,0.6035,0.60587,0.35531,0.33521,0.073291,0,0.69363,0.47515,0.27524,0.01054,0.56195,0.35956,0,0,0,0,0,0,0.31946,0.19348,0.22193,0.1475,0.14148,0.23727,0.21298,0.18154,0.32117,0.1354,0.15413,0.51828,0.16255,0.17871,0.16213,0,0.26987,0.034347,0.16962,0,0.2469,0,0.47554,0.011074,0.4111,0.19892,0.13388,0.068488,0.32376,0.37982,0.26697,0.051245,0.32448,0.21705,0.33529,0.2698,0.31214,0.30875,0.13177,0.071198,0.17565,0,0.28588,0.12992,0.0489,0,0.27635,0.29583,0.079049,0.35959,0.21231,0.43656,0.22586,0,0.07507,0,0,0.088895,0,0.12229,0,0,0,0.15605,0.10829,0.07193,0.13823,0.15684,0,0.032055,0,0,0.16427,0.25226
0.21121,0,0.6883,0.61395,0.37737,0.28711,0.51949,0.14749,0.5259,0.41853,0.13449,0,0.55277,0.032542,0.54844,0.51106,0,0,0.28891,0.1839,0.38994,0.46965,0.86742,1,0.5352,0.63372,0.43102,0.38666,0.038869,0.016723,0.53601,0.51052,0.22167,0.056443,0.45501,0.36556,0,0,0,0,0,0,0.31521,0.19089,0.27901,0.19563,0.19254,0.24074,0.27431,0.19895,0.36625,0.23026,0.19137,0.4538,0.21231,0.22591,0.17357,0,0.35363,0.1286,0.32125,0,0.30326,0,0.49924,0.2821,0.40328,0.2609,0.22658,0.23868,0.44584,0.46798,0.35475,0.2647,0.42856,0.34083,0.26514,0.28624,0.15518,0.24726,0.16393,0.12331,0.17551,0.10913,0.33188,0.25394,0.11546,0.001733,0.3047,0.36701,0.13098,0.37681,0.33505,0.41213,0.23506,0,0.082655,0.02851,0.013743,0.15602,0,0.23081,0,0.12577,0.064349,0.23846,0.07857,0.15217,0.19427,0.25294,0.085272,0.098518,0.041821,0,0.21652,0.25734
0.13733,0,0.52179,0.24337,0.57856,0.2245,0.44792,0,0.41463,0.053797,0.07683,0,0.36714,0,0.52732,0.2749,0,0,0.12644,0.022961,0.4812,0.42335,0.6035,0.5352,1,0.90864,0.58721,0.3845,0.12309,0.098487,0.6462,0.51028,0.22975,0.054561,0.4855,0.25288,0,0.060844,0.16145,0.011679,0,0,0.25575,0.13716,0.32424,0.14887,0.07126,0.099661,0.20393,0.10739,0.32728,0.11902,0,0.26143,0.23906,0.17578,0.065229,0,0.30938,0.083166,0.13437,0,0.10147,0,0.41697,0,0.44792,0.21807,0.098798,0.085015,0.45049,0.49069,0.39357,0.12704,0.4206,0.27044,0.17434,0.15035,0.14875,0.22408,0.15124,0.06671,0.30448,0,0.45007,0.19413,0.25348,0,0.25941,0.15633,0,0.24784,0.057509,0.41134,0.26844,0.063685,0.132,0.028821,0,0.018965,0,0.22915,0,0.12416,0,0.15671,0.21291,0.20812,0.055556,0.18157,0,0,0,0,0.064132,0.29662
0.18658,0,0.49723,0.37738,0.53448,0.39098,0.47343,0.069407,0.47307,0.21833,0.14459,0,0.40304,0,0.51747,0.39133,0.066668,0,0.14479,0.12633,0.49885,0.5351,0.60587,0.63372,0.90864,1,0.54084,0.42714,0.17585,0.11659,0.66187,0.53153,0.29892,0.16756,0.4516,0.31259,0,0.067938,0.11076,0,0,0,0.31585,0.23062,0.39833,0.26049,0.10435,0.19755,0.27244,0.1747,0.3459,0.1921,0.022291,0.31015,0.22393,0.14141,0.15115,0,0.36624,0.15144,0.22237,0,0.20754,0,0.44368,0.1152,0.47287,0.31566,0.18917,0.1821,0.49468,0.52271,0.4865,0.22988,0.47792,0.34223,0.26375,0.26603,0.21772,0.25895,0.22487,0.10332,0.31667,0,0.44588,0.30709,0.20562,0,0.22219,0.19559,0.1118,0.27943,0.16275,0.35131,0.31434,0.086315,0.14988,0.056125,0.028073,0.094041,0,0.2476,0,0.17535,0,0.14366,0.24797,0.27175,0.14324,0.30757,0.034664,0.071267,0.038029,0,0.076892,0.30551
0.16121,0,0.46126,0.3681,0.73364,0.25174,0.39734,0.025222,0.49161,0.23626,0,0,0.27287,0,0.55769,0.34481,0,0,0.090183,0.024241,0.73976,0.42184,0.35531,0.43102,0.58721,0.54084,1,0.86848,0,0.040305,0.36672,0.46892,0.10194,0,0.41029,0.24672,0.026531,0.11694,0.2427,0.31282,0.15327,0,0.1869,0.059149,0.41084,0.1683,0.21205,0,0.28151,0.075624,0.4494,0.16832,0.24835,0.12915,0.40239,0.35724,0.067484,0.012758,0.46415,0.23708,0.27857,0,0.026953,0,0.42835,0.064774,0.54667,0.33622,0.03704,0.19391,0.47794,0.44658,0.40086,0.24524,0.18367,0.21843,0,0,0,0.027038,0.12409,0.15974,0.35916,0.26414,0.57262,0.27322,0.39893,0.28584,0.49327,0.2687,0,0.20891,0,0.4747,0.26512,0.15034,0.192,0.21665,0.065332,0.089554,0,0.28403,0,0.38599,0.15267,0.35882,0,0,0,0.054464,0.033427,0.023027,0,0.0050626,0.27306,0.34209
0.28514,0.14195,0.42621,0.41821,0.56304,0.37572,0.41165,0.15248,0.40625,0.25634,0.030176,0,0.23431,0,0.43312,0.23208,0,0,0.15288,0.15622,0.61708,0.57004,0.33521,0.38666,0.3845,0.42714,0.86848,1,0,0,0.34798,0.29947,0.27063,0.15189,0.38765,0.28909,0,0.062199,0.20511,0.25694,0,0,0.2035,0.10914,0.40171,0.31147,0.19273,0.076155,0.34739,0.20572,0.46441,0.25219,0.30538,0.18534,0.3703,0.32269,0.22634,0.18131,0.56552,0.38207,0.36107,0.0674,0.115,0,0.40291,0.16955,0.62603,0.47949,0.085689,0.27021,0.4019,0.31998,0.39771,0.2003,0.17049,0.18786,0.028673,0.054243,0,0.049887,0.19324,0.15782,0.3619,0.2517,0.49089,0.30322,0.27351,0.22981,0.44918,0.25639,0,0.15636,0.028542,0.33432,0.3925,0.16686,0.26433,0.23279,0.10711,0.12159,0,0.18552,0,0.3436,0.2299,0.41176,0,0,0.055807,0.14494,0,0.065773,0.033661,0.035687,0.34347,0.4292
0.085166,0.37905,0,0,0.13503,0.15825,0.038799,0.15628,0,0,0.43498,0.27401,0.25537,0.24787,0.081059,0.063246,0.69357,0.33089,0.23921,0.38454,0.18473,0.34856,0.073291,0.038869,0.12309,0.17585,0,0,1,0.7686,0.41439,0.2935,0.46324,0.47375,0,0.012393,0,0,0,0,0,0,0.23082,0.15922,0.26835,0.25814,0.13229,0.087921,0.13021,0.14354,0.089648,0.090574,0.038089,0.11344,0,0,0.2891,0.36087,0,0,0.0043665,0.11264,0.22038,0.20209,0,0,0,0.03233,0.028889,0.20231,0.1937,0.18219,0.34589,0.30002,0.23198,0.37115,0.041358,0.13982,0.56014,0.71185,0.79292,0.58441,0,0,0.074919,0.13546,0,0,0,0.0087891,0.06811,0.10532,0.085957,0,0.0029269,0,0,0,0.15955,0.13868,0.060934,0,0.052858,0.13261,0,0,0.28776,0.1308,0.30302,0.18872,0,0.26104,0.10441,0,0,0.020975
0,0.12355,0,0,0.11896,0,0,0.035777,0,0,0.07186,0.32731,0.10167,0.334,0.058,0.27732,0.40369,0.46564,0,0.15059,0.26337,0.052033,0,0.016723,0.098487,0.11659,0.040305,0,0.7686,1,0.33031,0.41899,0.2247,0.25823,0,0,0,0.071978,0,0,0.019066,0,0.1474,0.12716,0.2512,0.10011,0.15179,0.013761,0.042722,0,0.071379,0.010416,0.12514,0,0,0,0,0.1793,0,0,0,0,0.066727,0.13723,0,0,0,0,0,0.10269,0.10422,0.14264,0.1214,0.34156,0.010206,0.2818,0,0,0.26068,0.66743,0.68158,0.72732,0.030171,0.034734,0.21421,0.22913,0,0,0,0,0,0.084218,0,0,0,0,0,0,0.11179,0.14023,0,0,0,0.1568,0,0,0.33894,0.054234,0.12806,0.10395,0,0.26711,0.077272,0,0,0
0.12915,0.085779,0.4529,0.23912,0.39282,0.21386,0.35107,0,0.18937,0,0.20563,0,0.29296,0,0.37537,0.19099,0.40298,0.068524,0.30746,0.2438,0.36762,0.45675,0.69363,0.53601,0.6462,0.66187,0.36672,0.34798,0.41439,0.33031,1,0.75072,0.52103,0.32637,0.49753,0.31544,0,0,0,0,0,0,0.27337,0.18929,0.34152,0.21559,0.05571,0.11187,0.13019,0.082904,0.24266,0.034766,0.024412,0.27649,0.008441,0.0050811,0.20764,0.12682,0.20615,0.074528,0.11364,0,0.29216,0,0.37601,0.018111,0.37238,0.2345,0.13898,0.15369,0.525,0.56635,0.43668,0.22514,0.29655,0.28656,0.21041,0.19852,0.50356,0.64548,0.40389,0.2609,0.13116,0,0.32592,0.20612,0,0,0.080304,0.15338,0,0.1866,0,0.23528,0.31451,0,0.021377,0,0,0,0,0,0,0,0,0,0.40785,0.22475,0.20811,0.26166,0,0.018069,0,0,0,0.21841
0,0,0.30939,0.13755,0.49048,0.084971,0.12292,0,0.31248,0.04084,0,0,0.24302,0,0.45308,0.43554,0.089356,0.034748,0.20001,0.08458,0.46026,0.18698,0.47515,0.51052,0.51028,0.53153,0.46892,0.29947,0.2935,0.41899,0.75072,1,0.27234,0.18984,0.41619,0.22143,0,0,0,0,0.026282,0,0.10735,0.037311,0.33928,0,0.10395,0,0.060558,0,0.21121,0,0.039044,0.051359,0.08714,0.07216,0.04261,0,0.12784,0,0.16092,0,0.23392,0,0.42417,0.12611,0.18831,0.023927,0.17286,0.21089,0.55357,0.6132,0.38803,0.34819,0.17464,0.36068,0,0,0.033363,0.53049,0.33672,0.33876,0.084894,0.0035588,0.37661,0.15827,0.16557,0,0.15059,0.16497,0,0.16104,0,0.30414,0.16283,0,0,0,0,0,0,0.098367,0,0.16225,0,0,0.39892,0.30423,0.12155,0.19683,0.073696,0.039061,0,0,0,0.10079
0.4782,0.52967,0.27826,0.33681,0.29262,0.29091,0.3606,0.31398,0.10874,0.032841,0.3893,0.12206,0.18399,0.082397,0.13875,0.10501,0.43069,0.057743,0.55818,0.60762,0.16854,0.47436,0.27524,0.22167,0.22975,0.29892,0.10194,0.27063,0.46324,0.2247,0.52103,0.27234,1,0.87804,0.19445,0.18172,0,0,0,0,0,0,0.19922,0.12949,0.30082,0.37773,0.17371,0.13695,0.23024,0.24784,0.19959,0.16579,0.046675,0.27166,0,0,0.52306,0.49702,0.44592,0.37323,0.43955,0.33358,0.49459,0.36944,0.24323,0.16648,0.42703,0.4357,0.28504,0.31686,0.3558,0.34169,0.4365,0.35705,0.47165,0.43271,0.40242,0.49249,0.39914,0.40225,0.46809,0.21327,0.001303,0,0.099645,0.23529,0,0,0,0.23382,0.21025,0.32171,0.22082,0.21341,0.18291,0,0,0,0.098767,0.08747,0,0.12665,0.011528,0.14184,0,0,0.20517,0.21751,0.29638,0.31837,0,0.15403,0.032009,0,0.066939,0.08433
0.43705,0.59731,0.088715,0.35127,0.24737,0.38575,0.24141,0.49921,0.11031,0.12446,0.38053,0.37959,0.094869,0.26976,0.037958,0.11701,0.45354,0.16195,0.56721,0.70461,0.11061,0.3748,0.01054,0.056443,0.054561,0.16756,0,0.15189,0.47375,0.25823,0.32637,0.18984,0.87804,1,0.028237,0.16373,0,0,0,0,0,0,0.19409,0.14783,0.3033,0.42847,0.20113,0.1457,0.1853,0.21136,0.097513,0.17302,0,0.13813,0,0,0.48754,0.61248,0.39542,0.44322,0.49388,0.50672,0.49946,0.59405,0.15102,0.30718,0.33435,0.46158,0.40006,0.48069,0.27527,0.23823,0.41838,0.46472,0.41864,0.45428,0.36612,0.48679,0.33873,0.30741,0.4759,0.27038,0.0032418,0,0.05007,0.31827,0,0,0,0.25213,0.287,0.25771,0.26802,0.088747,0.13051,0,0,0,0.19411,0.13534,0.19922,0.19569,0.20551,0.23788,0,0,0.16161,0.26481,0.25472,0.28088,0.038711,0.18037,0.11916,0.030404,0.036783,0.044447
0.032382,0.048663,0.57052,0.28242,0.18588,0,0.44864,0,0.20285,0,0.051608,0,0.38295,0,0.32768,0.038423,0,0.098536,0.13362,0,0.27195,0.20313,0.56195,0.45501,0.4855,0.4516,0.41029,0.38765,0,0,0.49753,0.41619,0.19445,0.028237,1,0.75797,0.23094,0.30404,0.11826,0.1345,0.092605,0.016417,0.42739,0.31597,0.51898,0.27979,0.35773,0.29733,0.39956,0.13456,0.56469,0.2263,0.16234,0.19289,0.23829,0.18187,0,0,0.17547,0.0042762,0.16718,0,0.17034,0,0.49446,0,0.62454,0.48847,0,0.050736,0.18145,0.20696,0.21939,0,0.029557,0,0.1414,0.067621,0.040933,0.1331,0.098412,0.20523,0.20942,0.06793,0.60381,0.29965,0.13884,0.072625,0.25422,0.061384,0.10098,0.35968,0.13714,0.47665,0.028318,0.08349,0.23156,0.25144,0.2703,0.23128,0.00037368,0.28345,0.098404,0.25657,0.022303,0.14039,0.12998,0.068212,0,0.11375,0.3117,0.19669,0.12754,0.071868,0.08964,0.070114
0.02698,0.19274,0.45044,0.43338,0.1186,0.064588,0.40467,0.1464,0.18553,0,0.12458,0.0048019,0.30922,0,0.1794,0.017442,0.0029932,0.18976,0.17373,0.056458,0.20082,0.28753,0.35956,0.36556,0.25288,0.31259,0.24672,0.28909,0.012393,0,0.31544,0.22143,0.18172,0.16373,0.75797,1,0.13256,0.29191,0.078377,0.1237,0.0097602,0.096162,0.38332,0.27646,0.42647,0.33165,0.32617,0.30917,0.26307,0.077464,0.3693,0.17777,0.0097446,0.10587,0.050493,0.066185,0,0.16238,0.14253,0.093475,0.21864,0,0.21258,0.04988,0.4193,0.1694,0.53468,0.59486,0.059963,0.18461,0.119,0.1217,0.15093,0.083359,0.006452,0,0.25528,0.19508,0.066368,0.074512,0.13035,0.2818,0.1194,0.071192,0.4425,0.48573,0.040955,0.093539,0.19288,0.14003,0.23576,0.37004,0.30177,0.36376,0.0026947,0.15175,0.23255,0.28289,0.30965,0.23635,0.19205,0.32452,0.21199,0.26231,0.14434,0.18784,0.10677,0.053578,0,0.15733,0.38851,0.21628,0.14925,0.10057,0.056208,0.015823
0,0,0,0,0,0,0,0,0,0,0,0,0,0,0,0,0,0.28964,0,0,0.056147,0,0,0,0,0,0.026531,0,0,0,0,0,0,0,0.23094,0.13256,1,0.72203,0.46726,0.614,0.72369,0.62886,0.17746,0.22057,0.10274,0,0.25618,0.25944,0.12861,0,0.13891,0.081736,0.12038,0,0.27958,0.25741,0,0,0,0,0,0,0,0,0,0,0,0,0,0,0,0,0,0,0,0,0,0,0,0,0,0.0034153,0.26419,0.27817,0.36405,0.0083912,0.33921,0.47358,0.059258,0,0.067526,0.041053,0.0029316,0.092984,0,0.39733,0.35884,0.55089,0.29891,0.31502,0.21107,0.14744,0.28141,0.29232,0.18058,0.078748,0,0,0,0,0.42321,0.26712,0.31255,0.20002,0.014198,0
0,0.2012,0,0.024277,0,0,0,0.03039,0.020483,0.0019569,0.0057588,0.179,0.19666,0.18653,0.14614,0.17331,0,0.44638,0,0,0.28889,0,0,0,0.060844,0.067938,0.11694,0.062199,0,0.071978,0,0,0,0,0.30404,0.29191,0.72203,1,0.32598,0.59108,0.56714,0.5136,0.41065,0.37166,0.37165,0.18439,0.53814,0.46301,0.33597,0.12294,0.32031,0.22766,0.24903,0.046378,0.38594,0.36192,0,0.17203,0.013492,0,0.095856,0,0.11179,0.05832,0,0,0.21376,0.26147,0,0.19349,0,0,0.047618,0.16769,0,0.048675,0,0.010784,0,0,0.13956,0.33994,0.36946,0.36163,0.4969,0.31748,0.40264,0.47085,0.18106,0.046785,0.31027,0.34073,0.29935,0.30994,0,0.33685,0.42132,0.57061,0.54086,0.53077,0.36859,0.3754,0.41988,0.52417,0.17999,0.1455,0,0.035419,0,0.11896,0.58238,0.49752,0.50859,0.34786,0.11467,0
0.022314,0,0.077446,0.049004,0.031043,0,0.089317,0,0.14476,0.038173,0,0,0.0060162,0,0.092507,0.026535,0,0.20988,0,0,0.17443,0,0,0,0.16145,0.11076,0.2427,0.20511,0,0,0,0,0,0,0.11826,0.078377,0.46726,0.32598,1,0.8415,0.50641,0.3807,0.13734,0.15283,0.012279,0.074221,0.094697,0.15746,0.09441,0.10969,0.092334,0.13702,0.15914,0.047512,0.48021,0.48271,0,0,0.12747,0.19766,0,0,0,0,0,0,0.20316,0.227,0,0.10314,0,0,0,0,0,0,0,0,0,0,0,0,0.5052,0.36897,0.33406,0.21578,0.70804,0.64979,0.52765,0.27272,0,0,0,0.10835,0.37818,0.80781,0.6311,0.68443,0.112,0.13319,0,0.072905,0,0.092851,0.26552,0.38086,0,0.01419,0,0,0,0,0.086818,0,0.0054179,0.30055
0,0.020589,0.048443,0.063127,0.045567,0,0.046559,0.022097,0.12735,0.082098,0,0.0027239,0.033813,0.053427,0.067794,0.051162,0,0.27406,0,0,0.28561,0,0,0,0.011679,0,0.31282,0.25694,0,0,0,0,0,0,0.1345,0.1237,0.614,0.59108,0.8415,1,0.67246,0.54709,0.096087,0.074324,0.068482,0,0.26642,0.1154,0.1229,0.035674,0.15545,0.15121,0.25671,0,0.54994,0.56224,0,0.060576,0.10599,0.1429,0.0412,0,0,0,0,0,0.19048,0.21727,0,0.134,0,0,0,0.057783,0,0,0,0,0,0,0,0.089698,0.45013,0.5452,0.39817,0.20407,0.70207,0.7816,0.51213,0.24068,0,0.10759,0.050024,0.22752,0.20648,0.67058,0.58515,0.7055,0.25365,0.25023,0.027067,0.17729,0.049638,0.34784,0.36864,0.44351,0,0,0,0,0.14429,0.14393,0.20437,0.063445,0.17029,0.23266
0,0,0,0,0,0,0,0,0,0,0,0,0,0.057678,0,0.067901,0,0.30607,0,0,0.10831,0,0,0,0,0,0.15327,0,0,0.019066,0,0.026282,0,0,0.092605,0.0097602,0.72369,0.56714,0.50641,0.67246,1,0.49749,0.043547,0.063067,0.061563,0,0.29905,0.036987,0.014639,0,0.099596,0,0.25859,0,0.31951,0.33313,0,0,0,0,0,0,0,0,0,0,0,0,0,0,0,0,0,0.02741,0,0,0,0,0,0,0,0.12033,0.21052,0.36576,0.3679,0.10445,0.41248,0.46099,0.2097,0.017133,0,0.083174,0,0.22115,0,0.32832,0.18806,0.40888,0.16381,0.21186,0.0069115,0.13203,0.11348,0.29484,0.097799,0.0738,0,0,0,0,0.22628,0.13308,0.16462,0.12454,0.016359,0
0,0.094002,0,0,0,0,0,0,0,0,0,0,0,0,0,0,0,0.11172,0,0,0,0,0,0,0,0,0,0,0,0,0,0,0,0,0.016417,0.096162,0.62886,0.5136,0.3807,0.54709,0.49749,1,0.00037868,0.064783,0,0,0.14751,0.13818,0,0,0,0,0.04472,0,0.15838,0.17299,0,0,0,0,0,0,0,0,0,0,0.00029664,0.036684,0,0,0,0,0,0,0,0,0,0,0,0,0,0,0.14155,0.41485,0.103,0,0.21682,0.59267,0.15946,0,0.080153,0.035993,0.16007,0.077868,0,0.20445,0.097388,0.35121,0.1561,0.20174,0.1848,0.16263,0.23055,0.18589,0.3786,0.16231,0,0,0,0,0.1876,0.10169,0.22204,0.34676,0.16776,0
0.18557,0.36951,0.32751,0.32025,0.018782,0.074889,0.38314,0.2278,0.17281,0.12175,0.41149,0.17191,0.48363,0.24596,0.31624,0.23689,0.22139,0.29871,0.24241,0.18202,0.40131,0.26686,0.31946,0.31521,0.25575,0.31585,0.1869,0.2035,0.23082,0.1474,0.27337,0.10735,0.19922,0.19409,0.42739,0.38332,0.17746,0.41065,0.13734,0.096087,0.043547,0.00037868,1,0.91,0.76513,0.79436,0.75892,0.88501,0.74716,0.65708,0.6633,0.64436,0.52403,0.62234,0.45022,0.45372,0.0063486,0.21848,0.17457,0.06484,0.1288,0,0.17307,0,0.076395,0,0.47371,0.51848,0.05795,0.278,0.058869,0.085692,0.24203,0.16699,0.25594,0.22482,0.24712,0.23117,0.23139,0.18412,0.29111,0.29066,0.34815,0,0.4536,0.47369,0.15934,0,0.19794,0.23026,0.55681,0.56585,0.44202,0.40374,0.095921,0.20831,0.38315,0.49924,0.66684,0.70587,0.28351,0.34014,0.31569,0.41735,0,0,0.12996,0.165,0.039769,0.28328,0.41097,0.57445,0.60543,0.28335,0.22101,0.014084
0.14676,0.32577,0.14546,0.15255,0,0.043944,0.20975,0.12671,0.059873,0.10377,0.38466,0.18507,0.37784,0.2705,0.24539,0.25045,0.18856,0.30199,0.10001,0.072271,0.30579,0.17763,0.19348,0.19089,0.13716,0.23062,0.059149,0.10914,0.15922,0.12716,0.18929,0.037311,0.12949,0.14783,0.31597,0.27646,0.22057,0.37166,0.15283,0.074324,0.063067,0.064783,0.91,1,0.70495,0.77002,0.72556,0.92563,0.75099,0.67785,0.58282,0.60916,0.53011,0.56533,0.42421,0.43022,0.0038859,0.11488,0.091052,0.018007,0.024885,0,0.11014,0,0,0,0.31858,0.38147,0.00084106,0.13976,0,0.021,0.15607,0.092383,0.12418,0.11285,0.20916,0.15743,0.20265,0.11659,0.20724,0.22991,0.33314,0.032297,0.38812,0.38619,0.12855,0,0.091565,0.050386,0.48803,0.36748,0.2901,0.18909,0.058196,0.22201,0.34667,0.49451,0.61946,0.69213,0.2621,0.21655,0.28535,0.31739,0,0,0.15956,0.18308,0.028571,0.22823,0.35027,0.51607,0.59334,0.26944,0.15185,0
0.12624,0.25693,0.30043,0.31662,0.26804,0.14196,0.37643,0.20736,0.36344,0.24739,0.20525,0.12472,0.38955,0.15106,0.40956,0.36764,0.1078,0.20556,0.17817,0.16611,0.52748,0.25929,0.22193,0.27901,0.32424,0.39833,0.41084,0.40171,0.26835,0.2512,0.34152,0.33928,0.30082,0.3033,0.51898,0.42647,0.10274,0.37165,0.012279,0.068482,0.061563,0,0.76513,0.70495,1,0.78395,0.73428,0.62604,0.81396,0.52913,0.73441,0.54059,0.50561,0.39484,0.47836,0.42574,0.022519,0.20592,0.32016,0.14931,0.22013,0,0.12927,0,0.33714,0.14701,0.5582,0.54516,0.06915,0.33295,0.21392,0.23033,0.35482,0.26743,0.26812,0.32767,0.041429,0.11066,0.054993,0.23394,0.38146,0.40872,0.29714,0.086829,0.53164,0.47074,0.19624,0,0.16426,0.15175,0.36517,0.48676,0.28963,0.40437,0.067096,0.060234,0.22632,0.35856,0.61774,0.59664,0.20552,0.32803,0.20598,0.50044,0,0,0.22381,0.27043,0.0034238,0.28052,0.44785,0.46864,0.44644,0.2067,0.1655,0.021545
0.35824,0.56651,0.25729,0.4407,0.069572,0.26137,0.43233,0.49462,0.21937,0.27481,0.44564,0.36047,0.33505,0.38197,0.18495,0.17572,0.31914,0.22522,0.26516,0.38486,0.30256,0.37801,0.1475,0.19563,0.14887,0.26049,0.1683,0.31147,0.25814,0.10011,0.21559,0,0.37773,0.42847,0.27979,0.33165,0,0.18439,0.074221,0,0,0,0.79436,0.77002,0.78395,1,0.62216,0.7555,0.80532,0.83517,0.62631,0.74056,0.50571,0.56445,0.39195,0.42128,0.25296,0.40047,0.38686,0.34061,0.23577,0.26939,0.13799,0.19603,0.083693,0.19052,0.548,0.6686,0.14833,0.38744,0.11871,0.078812,0.30148,0.26597,0.35706,0.3241,0.36648,0.3606,0.34308,0.18981,0.33836,0.24349,0.2246,0,0.27476,0.49826,0.049922,0,0.1172,0.25158,0.44936,0.38695,0.33428,0.19837,0.17043,0.13301,0.26856,0.38842,0.54327,0.57656,0.22538,0.20921,0.19832,0.34878,0,0.041685,0.18773,0.23853,0.081509,0.25016,0.23168,0.39853,0.46333,0.21114,0.22661,0.11445
0.21223,0.28458,0.27084,0.28281,0.023775,0,0.25555,0.1842,0.14929,0.16128,0.23634,0.14731,0.40187,0.2725,0.25085,0.23826,0,0.26833,0.24264,0.10121,0.40692,0.12865,0.14148,0.19254,0.07126,0.10435,0.21205,0.19273,0.13229,0.15179,0.05571,0.10395,0.17371,0.20113,0.35773,0.32617,0.25618,0.53814,0.094697,0.26642,0.29905,0.14751,0.75892,0.72556,0.73428,0.62216,1,0.72575,0.68745,0.49654,0.61494,0.55167,0.64092,0.48967,0.62432,0.59259,0,0.1835,0.17564,0.045866,0.12064,0,0.12162,0,0.053608,0,0.38929,0.4009,0.020716,0.22008,0,0.029008,0.20294,0.26265,0.16521,0.28795,0.024071,0.06051,0,0.012701,0.28442,0.30429,0.23626,0.16179,0.47277,0.38731,0.20667,0.10934,0.32626,0.22165,0.44593,0.58966,0.4557,0.50544,0,0.10481,0.30595,0.48351,0.78155,0.77913,0.22963,0.35414,0.30653,0.50933,0.023312,0.047728,0.024457,0.024782,0,0.089113,0.49917,0.59161,0.58351,0.44843,0.40218,0
0.17092,0.37878,0.1911,0.22808,0,0.086689,0.24695,0.21246,0.053247,0.14116,0.38693,0.23634,0.38202,0.32,0.23172,0.22687,0.18733,0.30356,0.15157,0.12203,0.22812,0.21881,0.23727,0.24074,0.099661,0.19755,0,0.076155,0.087921,0.013761,0.11187,0,0.13695,0.1457,0.29733,0.30917,0.25944,0.46301,0.15746,0.1154,0.036987,0.13818,0.88501,0.92563,0.62604,0.7555,0.72575,1,0.7209,0.71722,0.55257,0.64031,0.52126,0.64746,0.41831,0.47211,0.03341,0.17489,0.10669,0.03986,0.047353,0.015716,0.090456,0.014646,0,0,0.3283,0.42671,0.04418,0.20047,0,0,0.12622,0.084002,0.15283,0.079781,0.34551,0.2997,0.21663,0.0088778,0.16261,0.16852,0.33526,0.037968,0.34421,0.39078,0.12043,0.021709,0.10148,0.1153,0.59854,0.4487,0.40829,0.24142,0.033064,0.26955,0.42342,0.54456,0.64485,0.74814,0.29918,0.27343,0.30789,0.2965,0.021063,0,0.069746,0.14609,0.00045586,0.27829,0.42024,0.55911,0.6251,0.31561,0.1917,0
0.31779,0.31984,0.33648,0.32798,0.073527,0.074011,0.4251,0.24707,0.30601,0.34498,0.33579,0.13081,0.49129,0.26975,0.37781,0.30168,0.068294,0.10869,0.13283,0.07696,0.38312,0.28215,0.21298,0.27431,0.20393,0.27244,0.28151,0.34739,0.13021,0.042722,0.13019,0.060558,0.23024,0.1853,0.39956,0.26307,0.12861,0.33597,0.09441,0.1229,0.014639,0,0.74716,0.75099,0.81396,0.80532,0.68745,0.7209,1,0.80002,0.87362,0.80114,0.68634,0.55731,0.60665,0.5786,0.12471,0.14815,0.4459,0.23474,0.27346,0.09683,0.15368,0,0.20841,0.11143,0.57106,0.53999,0.072679,0.26081,0.10822,0.10757,0.2451,0.15203,0.27157,0.2621,0.17593,0.20778,0.064646,0.077171,0.24028,0.19101,0.30989,0.11726,0.39743,0.34045,0.22866,0.06245,0.21274,0.14126,0.35886,0.40989,0.24667,0.34392,0.11812,0.072499,0.29918,0.39327,0.56887,0.65472,0.17913,0.31543,0.21482,0.45706,0,0.075412,0.18136,0.2831,0.043666,0.23545,0.40031,0.4468,0.47997,0.26988,0.25767,0.061167
0.40144,0.51658,0.26111,0.32781,0,0.10211,0.38275,0.37502,0.12074,0.26155,0.41908,0.24813,0.3319,0.37425,0.13191,0.10235,0.20672,0.09211,0.18458,0.27505,0.17039,0.29599,0.18154,0.19895,0.10739,0.1747,0.075624,0.20572,0.14354,0,0.082904,0,0.24784,0.21136,0.13456,0.077464,0,0.12294,0.10969,0.035674,0,0,0.65708,0.67785,0.52913,0.83517,0.49654,0.71722,0.80002,1,0.61899,0.8805,0.61437,0.72034,0.48205,0.56034,0.27976,0.27424,0.36896,0.2984,0.14505,0.26815,0.04325,0.13706,0,0.073527,0.40823,0.4797,0.052977,0.24553,0,0,0.16373,0.093811,0.31224,0.22966,0.33265,0.29803,0.26134,0.07784,0.17762,0.02978,0.2016,0.05412,0.12297,0.28175,0.071626,0,0.10301,0.23658,0.37112,0.32135,0.28688,0.18411,0.11855,0.048166,0.2018,0.29461,0.39061,0.52684,0.1045,0.13177,0.10151,0.24777,0,0.063518,0.14399,0.1501,0.023993,0.10999,0.093339,0.30983,0.40079,0.14985,0.2624,0.13194
