1,0.83016,0.82355,0.86501,0.27287,0.13334,0.91747,0.79484,0.29533,0.1706,0.41835,0.20709,0.34622,0.066634,0.02882,0,0.040811,0,0.87132,0.88989,0,0,0.59522,0.64883,0.12544,0,0.07817,0.16889,0,0,0.11826,0.28293,0.51461,0.59729,0.25476,0.2515,0,0,0,0,0,0,0,0,0,0.12939,0,0.038251,0,0.013749,0,0,0.17429,0.20868,0.14381,0,0.90876,0.73844,0.82225,0.64366,0.82414,0.55097,0.32567,0.33701,0.31012,0.16807,0.67826,0.58672,0.8514,0.81875,0,0,0.083329,0,0.19893,0.1775,0,0,0,0,0,0,0,0,0,0,0,0,0.17676,0.027585,0.4096,0.42444,0.3365,0.27053,0,0,0,0,0.22867,0.099308,0.25766,0.25335,0.31908,0.3138,0.2127,0.2987,0.19274,0.31401,0,0,0,0.14798,0.14882,0.050392,0,0
0.83016,1,0.6623,0.89056,0.3359,0.12946,0.76273,0.92918,0.28738,0,0.30474,0.44632,0.22648,0.23118,0.047199,0,0,0,0.79827,0.90542,0,0,0.61396,0.6831,0.21006,0.11124,0.01694,0.19691,0,0,0.16877,0.39793,0.47384,0.55959,0.22815,0.25306,0,0,0,0,0,0,0,0,0,0.10516,0,0.076545,0,0.065776,0,0,0.13327,0.21692,0.14817,0,0.77843,0.92962,0.77268,0.81777,0.66342,0.74222,0.095048,0.4453,0.22793,0.27556,0.75304,0.65614,0.81855,0.79852,0,0,0.14814,0,0.27801,0.25877,0.044938,0.038014,0,0,0,0,0,0,0,0,0,0,0.23324,0.05516,0.37104,0.35739,0.26423,0.17397,0,0,0,0,0.21912,0.083916,0.25059,0.22353,0.33725,0.26405,0.077022,0.14942,0.13053,0.15665,0,0,0,0.096762,0.024487,0,0,0
0.82355,0.6623,1,0.83863,0.058863,0.14021,0.90579,0.73981,0.098245,0.10372,0.34139,0.080104,0.31101,0.023923,0,0,0,0,0.86248,0.79155,0,0,0.8039,0.80195,0,0,0,0.054096,0,0,0.24188,0.34561,0.59028,0.6537,0.28321,0.21667,0,0,0,0,0,0,0,0,0,0,0,0,0,0,0,0,0,0,0,0,0.72324,0.57272,0.67294,0.47479,0.73845,0.5307,0.2693,0.30548,0.30915,0.17913,0.49575,0.37985,0.67094,0.7552,0,0,0.020347,0,0.092943,0.054985,0,0,0,0,0,0,0,0,0,0,0,0,0,0,0.10262,0.17125,0.06977,0.079291,0,0,0,0,0,0,0,0,0,0.016989,0.016591,0.15568,0.10462,0.17029,0,0,0,0,0,0,0,0
0.86501,0.89056,0.83863,1,0.28339,0.22784,0.83605,0.90847,0.29175,0,0.27077,0.26847,0.20473,0.13102,0,0,0,0,0.86386,0.92961,0,0,0.678,0.80935,0.13557,0.014474,0.057842,0.22934,0,0,0.15268,0.3825,0.47585,0.59541,0.27407,0.30572,0,0,0,0,0,0,0,0,0,0.037714,0,0,0,0,0,0,0.05711,0.17965,0.044506,0,0.78936,0.81046,0.76144,0.72135,0.68763,0.67154,0.12199,0.37407,0.27128,0.29062,0.66575,0.58696,0.82132,0.82654,0,0,0.011891,0,0.1709,0.16826,0,0,0,0,0,0,0,0,0,0,0,0,0.14509,0.038043,0.37101,0.38661,0.29593,0.19556,0,0,0,0,0.14064,0.01132,0.18079,0.18851,0.26303,0.2329,0.12171,0.20777,0.19064,0.18152,0,0,0,0.067611,0.062703,0,0,0
0.27287,0.3359,0.058863,0.28339,1,0.54517,0.17101,0.27604,0.64511,0.49008,0.36709,0.38864,0.42572,0.33375,0.67399,0.49855,0.32975,0.10355,0.24202,0.29878,0.40848,0.3526,0.12607,0.24272,0.76591,0.66304,0.6453,0.66228,0.048135,0.019285,0.22881,0.33707,0.17228,0.25599,0.45338,0.4664,0.26791,0.24271,0.17975,0.25685,0.022578,0.12054,0.37106,0.29068,0.12227,0.31906,0.32355,0.35667,0.15566,0.26968,0.34958,0.27234,0.44099,0.42384,0.57487,0.37115,0.44987,0.35351,0.26724,0.32269,0.21956,0.214,0.2876,0.22625,0.49207,0.38163,0.52449,0.51196,0.41682,0.28128,0,0,0.281,0.16187,0.50772,0.38866,0.081079,0.051019,0.27585,0.046513,0.28899,0.19838,0.32369,0.23495,0.43228,0.36527,0.35084,0.18562,0.60363,0.47352,0.55928,0.34408,0.48583,0.39931,0,0,0.24583,0.091324,0.53494,0.35357,0.4539,0.41414,0.51432,0.38752,0.37544,0.31032,0.48012,0.15282,0.074049,0.085779,0.24677,0.3529,0.34354,0.33916,0.17104,0.18011
0.13334,0.12946,0.14021,0.22784,0.54517,1,0.085849,0.13828,0.52791,0.49047,0.28263,0.30094,0.31931,0.30217,0.48443,0.57035,0.18544,0.1733,0.089594,0.14174,0.24787,0.29231,0.18128,0.30472,0.46378,0.57439,0.56959,0.67898,0.089185,0.096442,0.29712,0.31912,0.22473,0.31421,0.27194,0.25355,0.04887,0.11403,0,0,0,0,0.15063,0.097307,0.064203,0.21893,0.047116,0.055254,0.14824,0.20744,0.24811,0.27134,0.14528,0.22349,0.15833,0.14219,0.17939,0.072525,0.069003,0.10194,0.15457,0.22252,0.36503,0.34777,0.38564,0.4484,0.073581,0.14632,0.066632,0.028788,0,0,0.036326,0.0066138,0.26366,0.18916,0,0,0.23311,0.21835,0.16976,0.2236,0.23947,0.22244,0.16868,0.2576,0.025328,0,0.1792,0.29838,0.20941,0.13296,0.17944,0.106,0,0,0.015675,0.045556,0.12168,0.095509,0.016829,0,0,0.067893,0.19645,0.22257,0.25152,0.063547,0.0065077,0.0067751,0.089114,0.11742,0.22009,0.009694,0.13589,0.15253
0.91747,0.76273,0.90579,0.83605,0.17101,0.085849,1,0.80009,0.1987,0.14389,0.43615,0.19662,0.40137,0.084337,0,0,0,0,0.86185,0.83259,0,0,0.71069,0.7167,0.062039,0,0.029477,0.079568,0,0,0.19373,0.32812,0.59584,0.64534,0.28299,0.24617,0,0,0,0,0,0,0,0,0,0.056046,0,0,0,0,0,0,0.03848,0.11514,0.022696,0,0.81637,0.66016,0.77474,0.55739,0.81828,0.54461,0.31865,0.31895,0.32941,0.16345,0.64976,0.53404,0.74651,0.75412,0,0,0.047173,0,0.13289,0.098346,0,0,0,0,0,0,0,0,0,0,0,0,0.062893,0,0.2814,0.33959,0.22459,0.20419,0,0,0,0,0.093684,0.0078464,0.10784,0.17694,0.16086,0.20372,0.13079,0.24167,0.1368,0.25691,0,0,0,0.044949,0.081237,0,0,0
0.79484,0.92918,0.73981,0.90847,0.27604,0.13828,0.80009,1,0.14946,0,0.22601,0.42066,0.18746,0.24532,0,0,0,0,0.79462,0.87525,0,0,0.68224,0.73663,0.18399,0.08061,0,0.10773,0,0,0.15164,0.43019,0.51199,0.59305,0.27842,0.29129,0,0,0,0,0,0,0,0,0,0.10111,0,0.019166,0,0.066731,0,0,0.053659,0.17737,0.06871,0,0.68077,0.83977,0.80257,0.78173,0.70081,0.80047,0.05249,0.45724,0.26546,0.35765,0.74997,0.67666,0.71885,0.76936,0,0,0.097501,0,0.17824,0.1864,0.06578,0.075404,0,0,0,0,0,0,0,0,0,0,0.13866,0.056858,0.30147,0.28954,0.22115,0.1358,0,0,0,0,0.13906,0.027472,0.10934,0.14583,0.22194,0.1395,0.024631,0.12432,0.095488,0.11982,0,0,0,0.034265,0,0,0,0
0.29533,0.28738,0.098245,0.29175,0.64511,0.52791,0.1987,0.14946,1,0.31209,0.42878,0.32063,0.37082,0.31494,0.59613,0.4778,0.19024,0.13457,0.18854,0.25408,0.22341,0.25688,0.084215,0.27815,0.32564,0.41284,0.44668,0.58554,0.020231,0,0.23059,0.16095,0.16748,0.22621,0.1592,0.17701,0,0,0,0,0,0,0.10071,0.01535,0,0.055207,0.10438,0.08863,0,0.026953,0.058894,0.079246,0.24747,0.23269,0.2162,0.11466,0.46302,0.35454,0.15196,0.25014,0.18383,0.12686,0.31981,0.18109,0.27983,0.1627,0.2026,0.11584,0.41634,0.244,0,0,0.028718,0.012548,0.40301,0.26275,0,0,0.18164,0.17774,0.17926,0.14215,0.13645,0.13395,0.2033,0.12072,0.078607,0,0.38238,0.17037,0.37321,0.39075,0.2805,0.17884,0,0,0.05162,0,0.20773,0.11574,0.35115,0.16777,0.27988,0.31993,0.27876,0.14003,0.22615,0.0047873,0,0,0.038022,0.17702,0.19327,0.10632,0.055023,0.0052492
0.1706,0,0.10372,0,0.49008,0.49047,0.14389,0,0.31209,1,0.20653,0.048494,0.27782,0.033061,0.36662,0.44858,0.34585,0.10494,0.13489,0.071328,0.18301,0.062376,0.047918,0.046904,0.50299,0.36096,0.42259,0.33381,0.25357,0.045867,0.1877,0.16169,0.22148,0.21819,0.31139,0.24321,0.2433,0.16325,0.044954,0.092054,0.14926,0.10339,0.12474,0.037519,0.10032,0.084718,0.053435,0.020206,0.04828,0,0.18834,0,0.12863,0.06548,0.25059,0.14894,0.25564,0,0.090213,0,0.17565,0,0.36265,0.047756,0.27866,0.064865,0.16289,0.15217,0.14087,0.13168,0,0,0.18424,0.049738,0.27558,0.18574,0,0,0.30724,0.068161,0.34376,0.14302,0.27973,0.25767,0.19245,0.12063,0.1936,0.13029,0.091708,0.22313,0.17094,0.019596,0.17918,0.14212,0,0,0.073209,0.10869,0.18187,0.10414,0.087225,0.10443,0.054874,0.074971,0.24427,0.22585,0.27174,0.26568,0.051814,0.023271,0.065065,0.089942,0.18519,0.22284,0.28947,0.2782
0.41835,0.30474,0.34139,0.27077,0.36709,0.28263,0.43615,0.22601,0.42878,0.20653,1,0.5496,0.90755,0.63717,0.6686,0.43014,0.66379,0.40627,0.39693,0.34054,0.27629,0.24434,0.50318,0.45578,0.42804,0.43019,0.38804,0.31291,0.45689,0.22648,0.63928,0.54312,0.61692,0.60967,0.4545,0.40959,0.13681,0.1648,0.057039,0.13385,0.19595,0.24414,0.36142,0.22562,0.32524,0.35055,0.32179,0.31986,0.088829,0.14489,0.22961,0.16764,0.31749,0.27348,0.42266,0.29879,0.53188,0.29965,0.17432,0.073043,0.49194,0.23165,0.76356,0.46268,0.64747,0.27892,0.39056,0.30488,0.32939,0.17044,0,0,0.47984,0.30567,0.61464,0.45621,0.092208,0,0.56866,0.30806,0.49021,0.36187,0.48463,0.37476,0.4553,0.2679,0.24367,0.038038,0.47134,0.24376,0.30284,0.25888,0.17439,0.28529,0,0.05476,0.20367,0.12478,0.30495,0.23224,0.21089,0.17344,0.19854,0.20484,0.24934,0.26693,0.38115,0,0.055122,0.11742,0.18735,0.22131,0.20646,0.15648,0.25582,0.15462
0.20709,0.44632,0.080104,0.26847,0.38864,0.30094,0.19662,0.42066,0.32063,0.048494,0.5496,1,0.48105,0.8828,0.48388,0.50152,0.35368,0.49751,0.13361,0.25167,0.43459,0.49358,0.36424,0.3861,0.4947,0.62874,0.25044,0.34987,0.34982,0.44633,0.47776,0.52429,0.41447,0.43802,0.34974,0.35889,0.18728,0.32317,0.21542,0.31181,0.25969,0.36181,0.3562,0.33509,0.3353,0.4034,0.3058,0.34332,0.23455,0.38583,0.29733,0.38948,0.29889,0.33283,0.38746,0.34649,0.28953,0.45262,0.18169,0.30894,0.27022,0.49032,0.37666,0.63127,0.46084,0.46848,0.4481,0.45739,0.19318,0.058587,0.26403,0.25805,0.4426,0.48491,0.48446,0.47247,0.26359,0.2194,0.39592,0.35587,0.42802,0.49266,0.35874,0.43535,0.44119,0.49009,0.25446,0.20007,0.4132,0.36238,0.28028,0.22836,0.11124,0.14517,0.029518,0.083407,0.11295,0.10438,0.28873,0.22136,0.1599,0.12679,0.15925,0.17627,0.083992,0.092424,0.1838,0,0.062766,0.16001,0.19676,0.18488,0.10462,0.083684,0.077992,0.030009
0.34622,0.22648,0.31101,0.20473,0.42572,0.31931,0.40137,0.18746,0.37082,0.27782,0.90755,0.48105,1,0.63564,0.65612,0.44548,0.6782,0.45245,0.36101,0.26184,0.29088,0.21178,0.45375,0.38059,0.48232,0.44695,0.45563,0.33325,0.39282,0.22639,0.58481,0.49886,0.58596,0.59637,0.54754,0.47631,0.16819,0.18588,0.045806,0.13955,0.18895,0.22495,0.38644,0.23126,0.33942,0.39994,0.30738,0.2986,0.14191,0.20159,0.27665,0.204,0.29125,0.30361,0.43084,0.31038,0.46516,0.19385,0.17181,0.02001,0.47745,0.18931,0.77409,0.44874,0.72071,0.35252,0.35378,0.30748,0.25296,0.14323,0,0,0.39819,0.26464,0.50191,0.33294,0.014833,0,0.57871,0.33711,0.48442,0.37314,0.4588,0.38968,0.4281,0.30475,0.24091,0.0717,0.43761,0.29481,0.34371,0.27377,0.20684,0.31743,0,0.054692,0.21602,0.14781,0.3461,0.26528,0.20042,0.21584,0.17288,0.23681,0.27612,0.28332,0.47688,0.063486,0.10785,0.1665,0.23838,0.26564,0.2925,0.1937,0.28908,0.23932
0.066634,0.23118,0.023923,0.13102,0.33375,0.30217,0.084337,0.24532,0.31494,0.033061,0.63717,0.8828,0.63564,1,0.52943,0.56525,0.51669,0.66115,0.046764,0.098114,0.42681,0.46571,0.33711,0.33888,0.48174,0.61018,0.24786,0.25929,0.42837,0.53134,0.57047,0.53289,0.4622,0.47525,0.47805,0.44677,0.16447,0.31455,0.1534,0.25534,0.29268,0.36781,0.37739,0.3313,0.39913,0.4352,0.30526,0.2991,0.24528,0.37565,0.30841,0.40516,0.26584,0.31764,0.34622,0.32978,0.19038,0.27334,0.021813,0.090706,0.23437,0.37164,0.53076,0.62561,0.60986,0.49461,0.2983,0.31123,0.055272,0,0.28995,0.31102,0.42401,0.52043,0.48252,0.4259,0.20756,0.13923,0.53934,0.5293,0.50275,0.61026,0.36074,0.49541,0.45007,0.53315,0.20884,0.18217,0.38999,0.33331,0.26236,0.21546,0.085661,0.12656,0,0.039032,0.12293,0.096872,0.25619,0.19706,0.1217,0.044373,0.080828,0.15091,0.10944,0.11442,0.27014,0,0.07053,0.17953,0.25139,0.18659,0.15297,0.066932,0.11165,0.087793
0.02882,0.047199,0,0,0.67399,0.48443,0,0,0.59613,0.36662,0.6686,0.48388,0.65612,0.52943,1,0.76135,0.61348,0.45684,0.048417,0.011185,0.61279,0.55449,0.14465,0.14021,0.62512,0.69835,0.62798,0.58719,0.56812,0.459,0.50743,0.3668,0.21248,0.22481,0.28428,0.30341,0.39066,0.46238,0.34168,0.41574,0.35415,0.46586,0.53218,0.49939,0.30616,0.32973,0.5195,0.48289,0.23341,0.20062,0.41157,0.30619,0.43996,0.3258,0.55203,0.47089,0.21701,0.079663,0,0,0.0087904,0,0.47656,0.18153,0.5228,0.20193,0.18275,0.15812,0.10456,0,0.15843,0.076874,0.51445,0.43335,0.67955,0.48801,0.18506,0.078181,0.67425,0.46284,0.64762,0.58627,0.71216,0.62128,0.75216,0.5129,0.55758,0.38799,0.646,0.42356,0.33869,0.20537,0.23612,0.31076,0.1516,0.12172,0.42067,0.30553,0.41481,0.35028,0.30685,0.25669,0.29358,0.23342,0.34797,0.22912,0.37406,0,0.21832,0.30856,0.41616,0.32613,0.25628,0.30269,0.34317,0.26603
0,0,0,0,0.49855,0.57035,0,0,0.4778,0.44858,0.43014,0.50152,0.44548,0.56525,0.76135,1,0.47376,0.60552,0,0,0.59735,0.57654,0,0.012214,0.58498,0.72604,0.60944,0.54172,0.58839,0.62733,0.40976,0.25082,0.097789,0.099431,0.24856,0.23451,0.40772,0.54663,0.3039,0.3915,0.35842,0.45189,0.52134,0.52934,0.42814,0.41424,0.44604,0.36468,0.45306,0.38294,0.51881,0.52778,0.3473,0.3383,0.44114,0.48502,0,0,0,0,0,0,0.41183,0.22597,0.4757,0.29679,0,0.058674,0,0,0.17372,0.24017,0.30713,0.4111,0.41265,0.35371,0.067026,0.021828,0.63905,0.63186,0.63786,0.77933,0.67787,0.80103,0.62788,0.69563,0.52222,0.54212,0.40786,0.54099,0.26336,0.22906,0.15821,0.25941,0.11815,0.1719,0.38475,0.3817,0.32499,0.33403,0.16482,0.19984,0.074149,0.20415,0.24475,0.21428,0.32851,0.023188,0.25592,0.38011,0.44485,0.30831,0.31985,0.25443,0.32696,0.29098
0.040811,0,0,0,0.32975,0.18544,0,0,0.19024,0.34585,0.66379,0.35368,0.6782,0.51669,0.61348,0.47376,1,0.68456,0.058302,0,0.46189,0.31927,0.13937,0.023101,0.49493,0.46487,0.37039,0.21372,0.71354,0.55453,0.51527,0.34623,0.33735,0.32356,0.4746,0.43601,0.42805,0.43561,0.27256,0.35203,0.47423,0.5199,0.48371,0.40607,0.45959,0.40833,0.43452,0.37728,0.2551,0.17613,0.37856,0.21942,0.3296,0.1815,0.46359,0.39957,0.20599,0,0,0,0.11113,0,0.72745,0.23365,0.51889,0.058882,0.13552,0.13797,0.04453,0,0.18343,0.027523,0.62772,0.5796,0.63988,0.4813,0.22774,0.12132,0.84408,0.58885,0.79065,0.59157,0.56146,0.54601,0.58549,0.39758,0.39383,0.16731,0.42127,0.21699,0.24361,0.074567,0.15266,0.22151,0.083539,0.073517,0.30404,0.21149,0.34436,0.2305,0.21519,0.080636,0.1692,0.12736,0.27692,0.22695,0.36366,0.0033522,0.14306,0.28751,0.37765,0.23747,0.20294,0.25855,0.33085,0.2045
0,0,0,0,0.10355,0.1733,0,0,0.13457,0.10494,0.40627,0.49751,0.45245,0.66115,0.45684,0.60552,0.68456,1,0,0,0.41551,0.38832,0,0,0.32758,0.45973,0.23181,0.17192,0.65316,0.8041,0.41866,0.18527,0.16025,0.1491,0.30104,0.25419,0.28535,0.45796,0.21749,0.30124,0.42904,0.51424,0.44279,0.4408,0.50768,0.43611,0.36347,0.31706,0.37508,0.35148,0.36021,0.42619,0.198,0.16468,0.2331,0.35657,0,0,0,0,0,0,0.50773,0.34848,0.39097,0.1674,0,0,0,0,0.28547,0.31069,0.3971,0.64155,0.379,0.33253,0.17406,0.11456,0.71722,0.87014,0.71273,0.82345,0.4476,0.67333,0.48031,0.56135,0.26951,0.25585,0.19531,0.18217,0.10098,0.082959,0.002217,0.092034,0.12915,0.17396,0.22372,0.24957,0.17189,0.17548,0.083813,0,0,0.095673,0.12371,0.092431,0.16387,0,0.19453,0.3413,0.37783,0.18145,0.13884,0.15414,0.26517,0.15674
0.87132,0.79827,0.86248,0.86386,0.24202,0.089594,0.86185,0.79462,0.18854,0.13489,0.39693,0.13361,0.36101,0.046764,0.048417,0,0.058302,0,1,0.93848,0,0,0.71432,0.72947,0.17102,0,0.0021547,0.11163,0,0,0.23836,0.41151,0.58393,0.65554,0.36585,0.34884,0,0,0,0,0,0,0,0,0,0,0,0,0,0,0,0,0.0030742,0.057892,0.094366,0,0.7927,0.69188,0.7028,0.54607,0.71294,0.52964,0.19258,0.27707,0.28307,0.15528,0.66302,0.52336,0.82854,0.88409,0,0,0.21039,0,0.28826,0.25291,0,0,0,0,0,0,0,0,0,0,0,0,0.12798,0,0.284,0.24917,0.22692,0.20454,0,0,0,0,0.14969,9.9906e-05,0.1746,0.18595,0.26823,0.16288,0.1572,0.22908,0.22051,0.16195,0,0,0,0.022748,0.0177,0,0,0
0.88989,0.90542,0.79155,0.92961,0.29878,0.14174,0.83259,0.87525,0.25408,0.071328,0.34054,0.25167,0.26184,0.098114,0.011185,0,0,0,0.93848,1,0,0,0.66613,0.7446,0.22295,0.050125,0.013256,0.16737,0,0,0.20246,0.44744,0.52325,0.61682,0.32342,0.34527,0,0,0,0,0,0,0,0,0,0.020974,0,0,0,0,0,0,0.041211,0.12886,0.14193,0,0.83105,0.81449,0.74549,0.68294,0.67981,0.60709,0.11908,0.31949,0.22881,0.19113,0.72783,0.60788,0.88962,0.88112,0,0,0.18264,0,0.28766,0.30624,0,0,0,0,0,0,0,0,0,0,0,0,0.16214,0,0.35127,0.328,0.28672,0.25044,0,0,0,0,0.2076,0.052827,0.2533,0.27165,0.36913,0.24218,0.15498,0.24888,0.22694,0.17449,0,0,0,0.063276,0.034346,0,0,0
0,0,0,0,0.40848,0.24787,0,0,0.22341,0.18301,0.27629,0.43459,0.29088,0.42681,0.61279,0.59735,0.46189,0.41551,0,0,1,0.88623,0,0,0.40075,0.57907,0.40321,0.34418,0.62574,0.61717,0.29648,0.20434,0.022935,0,0.12618,0.15631,0.57132,0.6369,0.55409,0.58037,0.54549,0.56789,0.46011,0.54004,0.41217,0.28295,0.50844,0.47626,0.3536,0.28729,0.40336,0.38409,0.35472,0.28799,0.35437,0.4621,0,0,0,0,0,0,0.21164,0.083707,0.22759,0.07003,0.03161,0.074462,0,0,0.55988,0.48299,0.53385,0.59399,0.54434,0.42932,0.5644,0.48576,0.58715,0.48815,0.58794,0.6107,0.55783,0.66748,0.63752,0.5686,0.53218,0.52804,0.42599,0.38179,0.076913,0,0,0.080103,0.30515,0.124,0.30206,0.19866,0.17323,0.16979,0.058227,0.048331,0.027874,0.056956,0.017048,0,0.077828,0,0.25516,0.43552,0.43216,0.098728,0,0.10963,0.14212,0.021554
0,0,0,0,0.3526,0.29231,0,0,0.25688,0.062376,0.24434,0.49358,0.21178,0.46571,0.55449,0.57654,0.31927,0.38832,0,0,0.88623,1,0,0,0.30105,0.5283,0.35209,0.3857,0.5334,0.56168,0.25286,0.16617,0,0.0023661,0.11214,0.16293,0.42654,0.52123,0.42563,0.43623,0.41525,0.43171,0.37937,0.46792,0.40824,0.30416,0.42284,0.38187,0.35085,0.34901,0.36702,0.43227,0.31845,0.31333,0.2392,0.39056,0,0.0041635,0,0,0,0.044687,0.15857,0.19504,0.20323,0.16398,0,0.049559,0,0,0.56019,0.56848,0.43822,0.57074,0.48936,0.45229,0.5852,0.49627,0.47407,0.44118,0.446,0.5438,0.43063,0.58078,0.53561,0.5367,0.38783,0.44847,0.36779,0.39612,0.046955,0.019256,0,0,0.18998,0.043558,0.20091,0.12921,0.087285,0.10716,0,0,0,0.028962,0,0,0.06031,0,0.21293,0.31921,0.33799,0.052432,0,0.013395,0.051109,0
0.59522,0.61396,0.8039,0.678,0.12607,0.18128,0.71069,0.68224,0.084215,0.047918,0.50318,0.36424,0.45375,0.33711,0.14465,0,0.13937,0,0.71432,0.66613,0,0,1,0.91462,0.23685,0.17392,0.035483,0.10627,0.061262,0,0.62308,0.69464,0.74669,0.752,0.37762,0.30052,0,0,0,0,0,0,0,0,0,0,0,0,0,0,0,0,0,0,0,0,0.58364,0.5843,0.48521,0.41945,0.61531,0.56114,0.33889,0.39034,0.45575,0.29588,0.52661,0.37515,0.52566,0.56668,0.018538,0,0.26295,0.054022,0.29049,0.17376,0.041027,0,0.14051,0,0.070488,0,0.086017,0,0.029924,0,0,0,0.021206,0,0,0,0,0.011238,0,0,0,0,0,0,0,0,0,0,0,0.054779,0.07607,0,0,0,0,0,0,0,0,0
0.64883,0.6831,0.80195,0.80935,0.24272,0.30472,0.7167,0.73663,0.27815,0.046904,0.45578,0.3861,0.38059,0.33888,0.14021,0.012214,0.023101,0,0.72947,0.7446,0,0,0.91462,1,0.2617,0.21239,0.1313,0.24755,0,0,0.53853,0.65933,0.67489,0.72185,0.4079,0.37052,0,0,0,0,0,0,0,0,0,0,0,0,0,0,0,0,0,0.031577,0.0096345,0,0.6577,0.66664,0.56508,0.53445,0.6076,0.60137,0.29178,0.39412,0.47195,0.39852,0.58902,0.45986,0.63294,0.63169,0,0,0.13694,0,0.25466,0.18285,0,0,0.038825,0,0,0,0,0,0,0,0,0,0.091137,0.028231,0.13561,0.1617,0.09153,0.076633,0,0,0,0,0,0,0.0051006,0.039016,0.063871,0.058906,0.059844,0.11015,0.1716,0.017821,0,0,0,0,0,0,0,0
0.12544,0.21006,0,0.13557,0.76591,0.46378,0.062039,0.18399,0.32564,0.50299,0.42804,0.4947,0.48232,0.48174,0.62512,0.58498,0.49493,0.32758,0.17102,0.22295,0.40075,0.30105,0.23685,0.2617,1,0.85381,0.55346,0.51659,0.32123,0.33353,0.44629,0.56151,0.25841,0.28686,0.5439,0.54531,0.4997,0.46887,0.39352,0.48679,0.36479,0.46287,0.46897,0.42397,0.25797,0.36995,0.37381,0.4114,0.17949,0.26025,0.4033,0.3051,0.35532,0.3623,0.6569,0.49088,0.27843,0.16819,0.091528,0.090389,0.087897,0.070481,0.32759,0.20082,0.46371,0.31285,0.48298,0.48878,0.24918,0.12271,0.1003,0,0.56759,0.47936,0.58947,0.57239,0.1445,0.16522,0.51267,0.23795,0.50778,0.42494,0.51264,0.45598,0.54324,0.52615,0.49625,0.3408,0.52695,0.51299,0.44455,0.24132,0.39595,0.45339,0,0.13026,0.30394,0.24221,0.54706,0.41492,0.38771,0.43407,0.4738,0.29531,0.38913,0.37335,0.52191,0.16128,0.057874,0.18726,0.30467,0.32447,0.29565,0.37778,0.31913,0.30076
0,0.11124,0,0.014474,0.66304,0.57439,0,0.08061,0.41284,0.36096,0.43019,0.62874,0.44695,0.61018,0.69835,0.72604,0.46487,0.45973,0,0.050125,0.57907,0.5283,0.17392,0.21239,0.85381,1,0.54454,0.57511,0.45712,0.51082,0.54856,0.58689,0.2494,0.26254,0.41916,0.42917,0.43865,0.49374,0.35776,0.4672,0.39241,0.48001,0.42887,0.44923,0.29009,0.36062,0.32898,0.35901,0.21157,0.27876,0.36298,0.365,0.25007,0.28665,0.49136,0.44948,0.09047,0.080426,0,0.010319,0,0.07922,0.33723,0.26481,0.44631,0.34915,0.29874,0.33213,0.02987,0,0.29794,0.22811,0.52443,0.53431,0.60233,0.57914,0.22375,0.22067,0.57057,0.43146,0.58968,0.59253,0.58539,0.58319,0.60576,0.61333,0.45749,0.33026,0.4274,0.45015,0.2384,0.12069,0.14899,0.2304,0,0.11917,0.19587,0.16954,0.32023,0.24921,0.17673,0.2078,0.21926,0.13558,0.19886,0.16218,0.37147,0,0,0.16239,0.25741,0.15457,0.11702,0.18918,0.23542,0.1805
0.07817,0.01694,0,0.057842,0.6453,0.56959,0.029477,0,0.44668,0.42259,0.38804,0.25044,0.45563,0.24786,0.62798,0.60944,0.37039,0.23181,0.0021547,0.013256,0.40321,0.35209,0.035483,0.1313,0.55346,0.54454,1,0.82503,0.1832,0.14459,0.30945,0.24451,0.11553,0.16712,0.31294,0.30829,0.18326,0.21553,0.068317,0.15306,0,0.08498,0.40245,0.32266,0.24024,0.3508,0.30878,0.24161,0.32446,0.34714,0.43539,0.42345,0.37574,0.3778,0.45966,0.37512,0.2582,0.03099,0.02679,0.050445,0.097268,0,0.48105,0.18412,0.49543,0.39616,0.20548,0.25647,0.12644,0.0022444,0,0,0.083287,0.057604,0.29091,0.17656,0,0,0.34457,0.25457,0.36632,0.36855,0.50003,0.4251,0.426,0.46325,0.364,0.20825,0.48679,0.52515,0.43803,0.32401,0.30043,0.27897,0.042245,0.232,0.34622,0.31658,0.39176,0.32138,0.26146,0.30038,0.19471,0.35299,0.30701,0.29421,0.57548,0.21982,0.26907,0.31651,0.3087,0.34366,0.42957,0.2403,0.19013,0.2346
0.16889,0.19691,0.054096,0.22934,0.66228,0.67898,0.079568,0.10773,0.58554,0.33381,0.31291,0.34987,0.33325,0.25929,0.58719,0.54172,0.21372,0.17192,0.11163,0.16737,0.34418,0.3857,0.10627,0.24755,0.51659,0.57511,0.82503,1,0.066236,0.094666,0.31318,0.32222,0.12856,0.21245,0.26877,0.30312,0.051494,0.12721,0,0.087031,0,0,0.24752,0.20816,0.060707,0.21248,0.18903,0.193,0.1186,0.24046,0.25951,0.32205,0.29955,0.33634,0.35455,0.28555,0.30072,0.18123,0.086428,0.17733,0.11441,0.10593,0.32153,0.2331,0.35715,0.41139,0.2348,0.26586,0.24501,0.13403,0,0,0.097757,0.086932,0.34463,0.27033,0,0,0.23435,0.20241,0.24534,0.26376,0.30936,0.27809,0.33533,0.35079,0.20459,0.080963,0.42342,0.42039,0.39507,0.32995,0.29757,0.23964,0,0.094877,0.18835,0.16921,0.31185,0.24894,0.28375,0.28647,0.23398,0.33495,0.29477,0.2124,0.4017,0.17647,0.12626,0.11518,0.16795,0.25262,0.29238,0.16347,0.1037,0.13183
0,0,0,0,0.048135,0.089185,0,0,0.020231,0.25357,0.45689,0.34982,0.39282,0.42837,0.56812,0.58839,0.71354,0.65316,0,0,0.62574,0.5334,0.061262,0,0.32123,0.45712,0.1832,0.066236,1,0.81907,0.51491,0.25203,0.13253,0.03658,0.083601,0.0779,0.55156,0.583,0.53663,0.52874,0.75667,0.72728,0.40527,0.4817,0.46947,0.22013,0.45389,0.37047,0.29784,0.089752,0.33938,0.21316,0.19725,0.018921,0.25675,0.34214,0,0,0,0,0,0,0.43184,0.020356,0.24725,0,0,0,0,0,0.53749,0.44963,0.65564,0.67039,0.54584,0.38402,0.43467,0.32473,0.82972,0.67436,0.84896,0.75721,0.72951,0.75213,0.71024,0.45957,0.57834,0.48341,0.23074,0.15189,0,0,0,0.01714,0.34527,0.28863,0.2837,0.27889,0.03011,0.069079,0,0,0,0,0.067561,0,0,0,0.2099,0.43215,0.36028,0,0,0.12849,0.34212,0.1878
0,0,0,0,0.019285,0.096442,0,0,0,0.045867,0.22648,0.44633,0.22639,0.53134,0.459,0.62733,0.55453,0.8041,0,0,0.61717,0.56168,0,0,0.33353,0.51082,0.14459,0.094666,0.81907,1,0.36727,0.16699,0,0,0.066033,0.085459,0.53825,0.69234,0.55645,0.59721,0.68202,0.76596,0.49394,0.62903,0.5064,0.34353,0.49595,0.44795,0.41133,0.30508,0.42501,0.44433,0.23393,0.15806,0.27694,0.46401,0,0,0,0,0,0,0.21962,0.063742,0.15688,0,0,0,0,0,0.56382,0.54325,0.53242,0.77461,0.38922,0.34486,0.37426,0.33831,0.73511,0.83624,0.7801,0.90063,0.63222,0.83333,0.66097,0.66615,0.52181,0.56501,0.24234,0.25004,0,0,0,0.03478,0.3955,0.36011,0.35236,0.38936,0.12048,0.20062,0.0033982,0,0,0,0.087345,0,0,0,0.31022,0.51844,0.47813,0.12234,0,0.18924,0.33066,0.20835
0.11826,0.16877,0.24188,0.15268,0.22881,0.29712,0.19373,0.15164,0.23059,0.1877,0.63928,0.47776,0.58481,0.57047,0.50743,0.40976,0.51527,0.41866,0.23836,0.20246,0.29648,0.25286,0.62308,0.53853,0.44629,0.54856,0.30945,0.31318,0.51491,0.36727,1,0.87962,0.74376,0.6956,0.43599,0.34697,0.035575,0.054475,0.063785,0.073756,0.26644,0.2572,0,0,0.030404,0,0,0,0,0,0,0,0,0,0.076539,0,0.28236,0.20293,0,0,0.28409,0.22824,0.57962,0.3517,0.56504,0.28415,0.24912,0.12435,0.15002,0.11034,0.2898,0.25856,0.44088,0.3515,0.46534,0.33618,0.069933,0,0.55676,0.38249,0.49248,0.3861,0.45144,0.34775,0.35194,0.1404,0.19615,0,0.089955,0,0,0,0,0,0,0.02578,0,0,0,0,0,0,0,0,0,0,0.25009,0,0,0,0,0,0,0,0.020514,1.4782e-05
0.28293,0.39793,0.34561,0.3825,0.33707,0.31912,0.32812,0.43019,0.16095,0.16169,0.54312,0.52429,0.49886,0.53289,0.3668,0.25082,0.34623,0.18527,0.41151,0.44744,0.20434,0.16617,0.69464,0.65933,0.56151,0.58689,0.24451,0.32222,0.25203,0.16699,0.87962,1,0.76119,0.76233,0.54467,0.50005,0.068493,0.053662,0.081126,0.11922,0.20428,0.20157,0,0,0,0,0,0,0,0,0,0,0,0,0.17388,0.029603,0.3875,0.38276,0.22394,0.2182,0.39008,0.41823,0.40015,0.39224,0.52719,0.39169,0.48273,0.37628,0.33016,0.30802,0.20853,0.13328,0.45071,0.30954,0.4439,0.42754,0.10312,0.047538,0.36636,0.13478,0.287,0.17456,0.29683,0.15029,0.23441,0.10827,0.12916,0,0.12843,0.015401,0.010834,0,0,0.021211,0,0,0,0,0.01469,0,0.0060882,0.045331,0.079405,0,0.045297,0.065021,0.32727,0,0,0,0,0,0,0,0,0
0.51461,0.47384,0.59028,0.47585,0.17228,0.22473,0.59584,0.51199,0.16748,0.22148,0.61692,0.41447,0.58596,0.4622,0.21248,0.097789,0.33735,0.16025,0.58393,0.52325,0.022935,0,0.74669,0.67489,0.25841,0.2494,0.11553,0.12856,0.13253,0,0.74376,0.76119,1,0.96182,0.53021,0.39699,0,0,0,0,0,0,0,0,0.026828,0.037893,0,0,0,0,0,0,0,0,0.0049051,0,0.55907,0.43112,0.4596,0.27289,0.7283,0.58248,0.60724,0.57419,0.61534,0.42797,0.52041,0.40282,0.38479,0.4461,0.013067,0,0.21962,0.068118,0.28487,0.21473,0,0,0.23336,0.0087124,0.19185,0.011978,0.12903,0.026384,0.031065,0,0,0,0,0,0,0,0,0,0,0,0,0,0,0,0,0,0,0,0,0.024397,0.25153,0.00016989,0,0,0,0,0,0,0,0
0.59729,0.55959,0.6537,0.59541,0.25599,0.31421,0.64534,0.59305,0.22621,0.21819,0.60967,0.43802,0.59637,0.47525,0.22481,0.099431,0.32356,0.1491,0.65554,0.61682,0,0.0023661,0.752,0.72185,0.28686,0.26254,0.16712,0.21245,0.03658,0,0.6956,0.76233,0.96182,1,0.59006,0.47234,0,0,0,0,0,0,0,0,0.0084705,0.079935,0,0,0,0,0,0,0,0,0.026197,0,0.64452,0.51341,0.51369,0.3462,0.76035,0.63976,0.60171,0.63364,0.63916,0.48084,0.53476,0.44414,0.46649,0.52188,0,0,0.18768,0.043813,0.28613,0.26086,0,0,0.199,0,0.11724,0,0.061141,0,0,0,0,0,0.0035315,0,0.089406,0.01663,0,0,0,0,0,0,0,0,0,0,0,0,0,0.084556,0.33573,0.050586,0,0,0,0,0,0,0,0
0.25476,0.22815,0.28321,0.27407,0.45338,0.27194,0.28299,0.27842,0.1592,0.31139,0.4545,0.34974,0.54754,0.47805,0.28428,0.24856,0.4746,0.30104,0.36585,0.32342,0.12618,0.11214,0.37762,0.4079,0.5439,0.41916,0.31294,0.26877,0.083601,0.066033,0.43599,0.54467,0.53021,0.59006,1,0.89681,0.23532,0.18703,0.075259,0.13536,0.13702,0.13866,0.28439,0.11636,0.37804,0.3723,0.15525,0.15082,0.03106,0.19649,0.21853,0.18173,0.1886,0.28552,0.43329,0.31326,0.36811,0.20002,0.26503,0.102,0.42962,0.31741,0.45887,0.43291,0.69181,0.51305,0.50552,0.47495,0.27895,0.28336,0.010765,0,0.2938,0.27337,0.32033,0.38272,0.13479,0.10447,0.37473,0.15887,0.24367,0.16541,0.16623,0.15133,0.23505,0.30527,0.12289,0,0.31223,0.37212,0.36967,0.23428,0.23697,0.25674,0,0,0.079947,0.012909,0.3798,0.24328,0.17392,0.16921,0.19553,0.14754,0.28198,0.3759,0.5804,0.16705,0,0,0.16689,0.21519,0.3038,0.15787,0.14153,0.22059
0.2515,0.25306,0.21667,0.30572,0.4664,0.25355,0.24617,0.29129,0.17701,0.24321,0.40959,0.35889,0.47631,0.44677,0.30341,0.23451,0.43601,0.25419,0.34884,0.34527,0.15631,0.16293,0.30052,0.37052,0.54531,0.42917,0.30829,0.30312,0.0779,0.085459,0.34697,0.50005,0.39699,0.47234,0.89681,1,0.28049,0.25664,0.17397,0.2267,0.17918,0.19055,0.31979,0.22095,0.39553,0.4152,0.22926,0.23961,0.048388,0.243,0.28322,0.23381,0.27474,0.36472,0.48491,0.39386,0.35954,0.23751,0.24394,0.12643,0.35205,0.2622,0.3439,0.35064,0.61521,0.45048,0.53799,0.53925,0.31692,0.26564,0.021011,0,0.34736,0.34211,0.39101,0.45281,0.24109,0.22676,0.3699,0.14427,0.24497,0.16996,0.16273,0.17424,0.29698,0.36953,0.19389,0.032101,0.41126,0.43635,0.46501,0.34275,0.33987,0.34608,0,0,0.14135,0.054275,0.45681,0.33767,0.26689,0.27594,0.30656,0.24851,0.36981,0.3992,0.57807,0.17558,0,0.029915,0.23971,0.29161,0.32717,0.2238,0.17441,0.26845
0,0,0,0,0.26791,0.04887,0,0,0,0.2433,0.13681,0.18728,0.16819,0.16447,0.39066,0.40772,0.42805,0.28535,0,0,0.57132,0.42654,0,0,0.4997,0.43865,0.18326,0.051494,0.55156,0.53825,0.035575,0.068493,0,0,0.23532,0.28049,1,0.92073,0.86936,0.90703,0.82072,0.84687,0.70884,0.76263,0.57607,0.41106,0.72421,0.71494,0.42166,0.28831,0.60877,0.40214,0.49934,0.40119,0.68418,0.75232,0,0,0,0,0,0,0.017227,0,0.081479,0,0.082882,0.16505,0,0,0.35541,0.19899,0.63065,0.59367,0.44803,0.49462,0.52956,0.56758,0.52991,0.30931,0.53234,0.5087,0.62931,0.58628,0.70165,0.61036,0.7761,0.73625,0.50666,0.54568,0.20424,0.051673,0.26674,0.44486,0.39221,0.35055,0.63909,0.55223,0.50731,0.54379,0.23724,0.33189,0.32744,0.056017,0.31029,0.30541,0.18957,0,0.30272,0.60018,0.71334,0.42676,0.23591,0.42769,0.46747,0.41729
0,0,0,0,0.24271,0.11403,0,0,0,0.16325,0.1648,0.32317,0.18588,0.31455,0.46238,0.54663,0.43561,0.45796,0,0,0.6369,0.52123,0,0,0.46887,0.49374,0.21553,0.12721,0.583,0.69234,0.054475,0.053662,0,0,0.18703,0.25664,0.92073,1,0.82208,0.89838,0.76826,0.86416,0.76014,0.83851,0.64797,0.49847,0.75956,0.76033,0.5027,0.39962,0.63962,0.52636,0.51928,0.4516,0.65268,0.80254,0,0,0,0,0,0,0.028877,0.013415,0.09802,0.0050511,0.026951,0.13602,0,0,0.38648,0.29645,0.61131,0.68565,0.46247,0.52449,0.53028,0.56823,0.56258,0.49538,0.57165,0.68035,0.63147,0.70486,0.71733,0.72446,0.72907,0.76232,0.52686,0.57142,0.22823,0.13118,0.26072,0.45799,0.43725,0.38062,0.67191,0.60483,0.50922,0.59539,0.24118,0.31841,0.28777,0.1022,0.30622,0.31333,0.16974,0,0.35737,0.6432,0.77394,0.48514,0.27757,0.43573,0.49442,0.41584
0,0,0,0,0.17975,0,0,0,0,0.044954,0.057039,0.21542,0.045806,0.1534,0.34168,0.3039,0.27256,0.21749,0,0,0.55409,0.42563,0,0,0.39352,0.35776,0.068317,0,0.53663,0.55645,0.063785,0.081126,0,0,0.075259,0.17397,0.86936,0.82208,1,0.95322,0.83245,0.85431,0.5658,0.70033,0.41566,0.21005,0.71543,0.68757,0.27905,0.16908,0.4724,0.28298,0.47368,0.34422,0.60256,0.6858,0,0,0,0,0,0,0,0,0,0,0.11555,0.13133,0,0,0.47475,0.33711,0.6169,0.62549,0.41425,0.42485,0.60636,0.63341,0.47846,0.26175,0.50592,0.4881,0.59036,0.5758,0.71324,0.54423,0.85427,0.81726,0.52106,0.44632,0.13627,0.05889,0.21595,0.35631,0.5612,0.4722,0.60948,0.50954,0.41133,0.47604,0.26653,0.33699,0.35421,0.098432,0.27374,0.17493,0.043431,0,0.36003,0.63866,0.62649,0.32313,0.08436,0.40802,0.4099,0.32346
0,0,0,0,0.25685,0,0,0,0,0.092054,0.13385,0.31181,0.13955,0.25534,0.41574,0.3915,0.35203,0.30124,0,0,0.58037,0.43623,0,0,0.48679,0.4672,0.15306,0.087031,0.52874,0.59721,0.073756,0.11922,0,0,0.13536,0.2267,0.90703,0.89838,0.95322,1,0.81204,0.88352,0.67248,0.78279,0.4854,0.33667,0.76911,0.77254,0.35231,0.26558,0.55431,0.39007,0.52667,0.42563,0.67707,0.77414,0,0,0,0,0,0,0,0,0.032235,0,0.12935,0.18396,0,0,0.40413,0.26943,0.63237,0.64776,0.46337,0.48774,0.54379,0.58493,0.52004,0.34463,0.53562,0.5532,0.61302,0.61836,0.73574,0.63316,0.83546,0.80769,0.56016,0.52153,0.20618,0.10607,0.28851,0.43249,0.56164,0.4787,0.66564,0.57139,0.49421,0.55769,0.32356,0.37779,0.40204,0.13706,0.32355,0.2323,0.11457,0,0.38497,0.67691,0.71361,0.41183,0.16879,0.44928,0.46114,0.36966
0,0,0,0,0.022578,0,0,0,0,0.14926,0.19595,0.25969,0.18895,0.29268,0.35415,0.35842,0.47423,0.42904,0,0,0.54549,0.41525,0,0,0.36479,0.39241,0,0,0.75667,0.68202,0.26644,0.20428,0,0,0.13702,0.17918,0.82072,0.76826,0.83245,0.81204,1,0.89156,0.4759,0.58638,0.44447,0.18578,0.5568,0.53339,0.21215,0.053095,0.38317,0.17415,0.27583,0.13721,0.42616,0.51925,0,0,0,0,0,0,0.075092,0,0.071544,0,0,0,0,0,0.53223,0.37453,0.70557,0.69683,0.45024,0.4441,0.5739,0.56427,0.65184,0.4357,0.65967,0.57138,0.62441,0.61233,0.67519,0.47484,0.7181,0.63073,0.29079,0.23929,0,0,0.017784,0.20134,0.40483,0.3829,0.39987,0.35476,0.20311,0.2582,0.050417,0.087252,0.10729,0,0.19431,0.12375,0,0,0.212,0.50335,0.48713,0.12338,0,0.25883,0.4399,0.31423
0,0,0,0,0.12054,0,0,0,0,0.10339,0.24414,0.36181,0.22495,0.36781,0.46586,0.45189,0.5199,0.51424,0,0,0.56789,0.43171,0,0,0.46287,0.48001,0.08498,0,0.72728,0.76596,0.2572,0.20157,0,0,0.13866,0.19055,0.84687,0.86416,0.85431,0.88352,0.89156,1,0.64569,0.747,0.51917,0.32326,0.69418,0.67609,0.33155,0.20189,0.50171,0.34129,0.40074,0.2577,0.56487,0.64862,0,0,0,0,0,0,0.070532,0,0.10504,0,0.017405,0.065342,0,0,0.47965,0.3374,0.71529,0.75424,0.49604,0.4878,0.50453,0.51306,0.68499,0.5008,0.69681,0.68954,0.69165,0.6993,0.77516,0.61393,0.76033,0.70887,0.44077,0.36781,0.07024,0,0.11028,0.29681,0.46999,0.43313,0.56589,0.52316,0.36598,0.42065,0.17462,0.20084,0.22559,0.0010981,0.22762,0.16481,0.060298,0,0.30748,0.60888,0.63586,0.29579,0.076293,0.35458,0.4607,0.34343
0,0,0,0,0.37106,0.15063,0,0,0.10071,0.12474,0.36142,0.3562,0.38644,0.37739,0.53218,0.52134,0.48371,0.44279,0,0,0.46011,0.37937,0,0,0.46897,0.42887,0.40245,0.24752,0.40527,0.49394,0,0,0,0,0.28439,0.31979,0.70884,0.76014,0.5658,0.67248,0.4759,0.64569,1,0.93015,0.77444,0.77666,0.92197,0.8966,0.693,0.63704,0.84442,0.69877,0.78077,0.73078,0.81022,0.84563,0.0086902,0,0,0,0,0,0.28876,0.15831,0.33435,0.17434,0.2211,0.35222,0,0,0.042121,0,0.44974,0.47125,0.43064,0.41079,0.25725,0.26869,0.52035,0.37691,0.56984,0.60367,0.60444,0.64749,0.73251,0.7734,0.60331,0.60081,0.71484,0.75534,0.57548,0.50481,0.5442,0.63249,0.3788,0.36684,0.83054,0.72292,0.77311,0.79998,0.46882,0.50135,0.46178,0.38036,0.47344,0.5252,0.32139,0.061661,0.46256,0.68109,0.872,0.79722,0.61083,0.58916,0.5379,0.45791
0,0,0,0,0.29068,0.097307,0,0,0.01535,0.037519,0.22562,0.33509,0.23126,0.3313,0.49939,0.52934,0.40607,0.4408,0,0,0.54004,0.46792,0,0,0.42397,0.44923,0.32266,0.20816,0.4817,0.62903,0,0,0,0,0.11636,0.22095,0.76263,0.83851,0.70033,0.78279,0.58638,0.747,0.93015,1,0.73975,0.71514,0.91184,0.90376,0.69152,0.62477,0.82799,0.72717,0.73912,0.68787,0.74196,0.86997,0,0,0,0,0,0,0.12055,0.02266,0.18381,0.075508,0.11,0.27083,0,0,0.21887,0.18086,0.46771,0.55724,0.39853,0.40871,0.35712,0.38544,0.52134,0.42547,0.59042,0.68198,0.62837,0.71611,0.78307,0.83656,0.6789,0.71856,0.66181,0.71773,0.43642,0.40189,0.43851,0.53663,0.50114,0.46504,0.81124,0.7273,0.66457,0.74296,0.39033,0.4446,0.39103,0.2984,0.40139,0.39777,0.22831,0,0.47279,0.73941,0.86033,0.68923,0.46128,0.54595,0.51404,0.43916
0,0,0,0,0.12227,0.064203,0,0,0,0.10032,0.32524,0.3353,0.33942,0.39913,0.30616,0.42814,0.45959,0.50768,0,0,0.41217,0.40824,0,0,0.25797,0.29009,0.24024,0.060707,0.46947,0.5064,0.030404,0,0.026828,0.0084705,0.37804,0.39553,0.57607,0.64797,0.41566,0.4854,0.44447,0.51917,0.77444,0.73975,1,0.82571,0.68657,0.64172,0.75447,0.67026,0.73182,0.68011,0.52157,0.55322,0.53568,0.68571,0,0,0,0,0.022536,0,0.3677,0.29019,0.40253,0.21757,0.15333,0.29123,0,0,0.25215,0.27933,0.34709,0.45643,0.28722,0.33345,0.38379,0.38051,0.48072,0.39438,0.5198,0.58189,0.47038,0.61205,0.55322,0.71484,0.38294,0.45939,0.40064,0.6181,0.28577,0.30817,0.1917,0.35397,0.20419,0.25522,0.55831,0.52734,0.45576,0.52969,0.076532,0.18091,0.045725,0.096247,0.13274,0.30507,0.25415,0.012646,0.25281,0.5131,0.65357,0.52649,0.38243,0.27435,0.33358,0.28682
0.12939,0.10516,0,0.037714,0.31906,0.21893,0.056046,0.10111,0.055207,0.084718,0.35055,0.4034,0.39994,0.4352,0.32973,0.41424,0.40833,0.43611,0,0.020974,0.28295,0.30416,0,0,0.36995,0.36062,0.3508,0.21248,0.22013,0.34353,0,0,0.037893,0.079935,0.3723,0.4152,0.41106,0.49847,0.21005,0.33667,0.18578,0.32326,0.77666,0.71514,0.82571,1,0.61752,0.62725,0.82278,0.89052,0.82237,0.80277,0.64386,0.72977,0.61368,0.67965,0.10855,0.024228,0.17712,0.074651,0.21027,0.16473,0.42863,0.42309,0.50112,0.43866,0.33442,0.54604,0,0,0,0.0050392,0.21405,0.27766,0.24844,0.29192,0.12624,0.1551,0.35261,0.28492,0.38945,0.48775,0.35749,0.48886,0.44486,0.70451,0.26032,0.30934,0.49901,0.6689,0.54802,0.52453,0.40993,0.44108,0.10144,0.2099,0.52097,0.46781,0.62483,0.63091,0.2567,0.30837,0.22834,0.29682,0.23036,0.40387,0.4013,0.19832,0.24326,0.44455,0.58592,0.65813,0.56905,0.32917,0.25883,0.29567
0,0,0,0,0.32355,0.047116,0,0,0.10438,0.053435,0.32179,0.3058,0.30738,0.30526,0.5195,0.44604,0.43452,0.36347,0,0,0.50844,0.42284,0,0,0.37381,0.32898,0.30878,0.18903,0.45389,0.49595,0,0,0,0,0.15525,0.22926,0.72421,0.75956,0.71543,0.76911,0.5568,0.69418,0.92197,0.91184,0.68657,0.61752,1,0.94142,0.60695,0.52176,0.78863,0.61169,0.83496,0.716,0.78016,0.82876,0,0,0,0,0,0,0.17339,0.038744,0.21159,0.023308,0.17277,0.26093,0,0,0.11892,0.057553,0.48643,0.49293,0.44723,0.37811,0.39296,0.37944,0.51878,0.34085,0.56104,0.56799,0.56321,0.62046,0.77139,0.70401,0.69021,0.69588,0.75795,0.69011,0.53619,0.47297,0.55654,0.59356,0.5737,0.42645,0.86278,0.71599,0.73073,0.78118,0.526,0.49613,0.50826,0.42574,0.51039,0.46825,0.17896,0,0.55874,0.77615,0.8989,0.7581,0.53238,0.63913,0.58315,0.41005
0.038251,0.076545,0,0,0.35667,0.055254,0,0.019166,0.08863,0.020206,0.31986,0.34332,0.2986,0.2991,0.48289,0.36468,0.37728,0.31706,0,0,0.47626,0.38187,0,0,0.4114,0.35901,0.24161,0.193,0.37047,0.44795,0,0,0,0,0.15082,0.23961,0.71494,0.76033,0.68757,0.77254,0.53339,0.67609,0.8966,0.90376,0.64172,0.62725,0.94142,1,0.53273,0.50389,0.7208,0.56757,0.79178,0.7205,0.77286,0.83813,0.032867,0.030094,0,0,0,0,0.11978,0.076507,0.1736,0.032591,0.27492,0.36798,0.034431,0,0.090105,0.0098972,0.54077,0.51939,0.49447,0.47727,0.42183,0.43474,0.43828,0.28239,0.4975,0.50028,0.49619,0.53527,0.70826,0.67432,0.61168,0.6142,0.72254,0.64004,0.5266,0.46612,0.58385,0.66357,0.5447,0.40693,0.78633,0.64854,0.72687,0.77626,0.54451,0.55317,0.5832,0.42177,0.50425,0.47486,0.15976,0,0.46014,0.68278,0.83433,0.72694,0.45625,0.62982,0.57088,0.39214
0,0,0,0,0.15566,0.14824,0,0,0,0.04828,0.088829,0.23455,0.14191,0.24528,0.23341,0.45306,0.2551,0.37508,0,0,0.3536,0.35085,0,0,0.17949,0.21157,0.32446,0.1186,0.29784,0.41133,0,0,0,0,0.03106,0.048388,0.42166,0.5027,0.27905,0.35231,0.21215,0.33155,0.693,0.69152,0.75447,0.82278,0.60695,0.53273,1,0.88807,0.87017,0.84911,0.59353,0.6038,0.44698,0.56429,0,0,0,0,0,0,0.28425,0.18856,0.33527,0.28757,0.048657,0.28243,0,0,0.1008,0.18262,0.03971,0.14888,0.022724,0.013612,0.073958,0.091042,0.29045,0.29049,0.37108,0.53129,0.39945,0.56255,0.45218,0.68581,0.3589,0.48877,0.3772,0.63797,0.36981,0.36153,0.27681,0.28303,0.29997,0.28403,0.54596,0.52819,0.44303,0.499,0.11832,0.20432,0.046996,0.22374,0.078977,0.22045,0.18299,0.1405,0.43542,0.59868,0.61698,0.55483,0.48871,0.27279,0.18674,0.19124
0.013749,0.065776,0,0,0.26968,0.20744,0,0.066731,0.026953,0,0.14489,0.38583,0.20159,0.37565,0.20062,0.38294,0.17613,0.35148,0,0,0.28729,0.34901,0,0,0.26025,0.27876,0.34714,0.24046,0.089752,0.30508,0,0,0,0,0.19649,0.243,0.28831,0.39962,0.16908,0.26558,0.053095,0.20189,0.63704,0.62477,0.67026,0.89052,0.52176,0.50389,0.88807,1,0.82814,0.91531,0.64217,0.74697,0.4857,0.57277,0.0023565,0.041369,0.17384,0.19614,0.11041,0.17743,0.26476,0.35615,0.40116,0.49409,0.24706,0.48786,0,0,0,0.090257,0.0095671,0.14667,0.044479,0.099391,0.050571,0.084943,0.18152,0.23629,0.22547,0.45119,0.24527,0.44059,0.34932,0.69893,0.22651,0.35316,0.44978,0.67865,0.52584,0.52585,0.38054,0.32569,0.17855,0.25207,0.44816,0.41916,0.52187,0.54479,0.218,0.27233,0.16191,0.35003,0.14887,0.28567,0.31458,0.23743,0.35909,0.50086,0.52866,0.58755,0.54883,0.26179,0.11887,0.18339
0,0,0,0,0.34958,0.24811,0,0,0.058894,0.18834,0.22961,0.29733,0.27665,0.30841,0.41157,0.51881,0.37856,0.36021,0,0,0.40336,0.36702,0,0,0.4033,0.36298,0.43539,0.25951,0.33938,0.42501,0,0,0,0,0.21853,0.28322,0.60877,0.63962,0.4724,0.55431,0.38317,0.50171,0.84442,0.82799,0.73182,0.82237,0.78863,0.7208,0.87017,0.82814,1,0.86379,0.83002,0.80071,0.73316,0.77183,0,0,0,0,0,0,0.31715,0.13454,0.41301,0.28278,0.20726,0.4164,0,0,0,0,0.23035,0.2828,0.22098,0.20236,0.1278,0.14318,0.42281,0.29248,0.48462,0.55913,0.52297,0.61751,0.66044,0.79485,0.55631,0.58026,0.65264,0.79891,0.60717,0.53423,0.53895,0.48704,0.36513,0.3742,0.7283,0.66186,0.69358,0.71919,0.37136,0.40364,0.32147,0.38367,0.41552,0.45898,0.34545,0.20844,0.52888,0.71143,0.7862,0.74377,0.64464,0.50053,0.42795,0.41134
