1,0.83647,0.42583,0.43237,0.0033092,0.082225,0.57936,0.38234,0.24178,0.11879,0.61654,0.49723,0.59477,0.55418,0.34208,0.5399,0.18206,0.44396,0.65995,0.59746,0.3132,0.24163,0.14686,0.19064,0.17703,0.14165,0.31846,0.25711,0.23081,0.28045,0.014026,0.05601,0.56688,0.5592,0.32552,0.42203,0.19804,0.32013,0.12983,0.18583,0.40493,0.42965,0.41497,0.4189,0.44768,0.45358,0.43564,0.47952,0.52264,0.43065,0.50982,0.36651,0.42936,0.4763,0.45181,0.48759,0.75943,0.56269,0.64066,0.41606,0.61808,0.30813,0.48966,0.39872,0.36529,0.21998,0.47309,0.44444,0.58004,0.42512,0.22018,0.2192,0.52327,0.53777,0.36726,0.58979,0.47733,0.57897,0.095145,0.13987,0.23695,0.30588,0.38089,0.39578,0.5204,0.57955,0.3604,0.32756,0.30997,0.59385,0.37561,0.34514,0.25659,0.36367,0.17712,0.16487,0.43181,0.40006,0.58715,0.56397,0.46757,0.57979,0.37081,0.5263,0.3286,0.33478,0.18216,0.18869,0.11989,0.27422,0.3325,0.42959,0.43206,0.50669,0.52988,0.22974
0.83647,1,0.42015,0.52641,0.010333,0.1757,0.53775,0.50341,0.23054,0.16556,0.58757,0.57238,0.53046,0.59682,0.25516,0.49032,0.17227,0.48348,0.68386,0.66154,0.18681,0.13383,0.096094,0.16761,0.085923,0.065835,0.23007,0.14925,0.24645,0.43587,0.050533,0.071638,0.60314,0.63692,0.29577,0.35686,0.079432,0.16175,0.028534,0.098122,0.29877,0.31993,0.28253,0.3391,0.40785,0.41472,0.26736,0.3388,0.45187,0.43604,0.43038,0.30556,0.33849,0.34247,0.29128,0.33877,0.64212,0.66067,0.55592,0.4895,0.60376,0.47716,0.52797,0.47707,0.30277,0.29741,0.38844,0.37956,0.42952,0.33182,0.10736,0.046187,0.46622,0.53161,0.40711,0.51826,0.41049,0.54652,0.042773,0.058921,0.15327,0.19748,0.2634,0.31717,0.4311,0.43133,0.2398,0.25357,0.21088,0.44146,0.28843,0.16034,0.21435,0.17378,0.089179,0.089566,0.31038,0.23117,0.53917,0.42804,0.46547,0.46359,0.37571,0.44738,0.30793,0.26293,0.22481,0.18237,0.055456,0.20734,0.23613,0.28751,0.30153,0.51402,0.53255,0.27127
0.42583,0.42015,1,0.75159,0.2761,0.19194,0.67895,0.48089,0.41885,0.19871,0.21583,0.14737,0.40325,0.28486,0.5414,0.4864,0.17043,0.3188,0.56687,0.40564,0.13775,0.087846,0.7021,0.69222,0.43857,0.48708,0.26251,0.22869,0.20134,0.26165,0.57052,0.49377,0.64041,0.66069,0.5764,0.56092,0.14946,0.30735,0.06157,0.11883,0.11389,0.24345,0.52072,0.44331,0.53464,0.53518,0.47835,0.48389,0.47454,0.45845,0.59064,0.43961,0.55354,0.55866,0.49291,0.42891,0.26389,0.35977,0.49362,0.38636,0.31999,0.18616,0.39652,0.44365,0.66508,0.38893,0.61174,0.56931,0.45331,0.4841,0.19136,0.18773,0.2618,0.28444,0.30845,0.3474,0.4147,0.54628,0.192,0.13618,0.30145,0.3273,0.35558,0.28543,0.53327,0.46588,0.36769,0.15394,0.52637,0.61224,0.53569,0.42816,0.58775,0.5605,0.11922,0.029568,0.37007,0.23353,0.54078,0.45746,0.32289,0.58523,0.26651,0.31429,0.38917,0.41305,0.14379,0.11887,0.060036,0.23256,0.48914,0.37341,0.37685,0.4836,0.4481,0.049597
0.43237,0.52641,0.75159,1,0.34047,0.35108,0.6204,0.78512,0.52504,0.43088,0.35768,0.41808,0.45345,0.51101,0.4292,0.54823,0.18213,0.30822,0.59464,0.53654,0.086372,0.0093153,0.34023,0.56979,0.14565,0.2251,0.15072,0.12788,0.25091,0.36014,0.32064,0.29338,0.57737,0.6832,0.3957,0.42512,0.089435,0.19407,0.02396,0.10768,0.10335,0.16561,0.4076,0.39838,0.46065,0.45753,0.38083,0.43499,0.38656,0.44901,0.4836,0.40336,0.42387,0.44053,0.34277,0.32206,0.3213,0.39545,0.49184,0.60444,0.4357,0.48989,0.39708,0.46603,0.46193,0.61039,0.51794,0.57803,0.38273,0.40494,0.067495,0,0.12339,0.1555,0.2748,0.34442,0.35371,0.47705,0.20654,0.12873,0.30068,0.29327,0.42455,0.34514,0.49583,0.49102,0.36602,0.16698,0.48072,0.57922,0.5043,0.3168,0.60465,0.3602,0.14349,0.061674,0.34023,0.23475,0.55672,0.35871,0.29489,0.54741,0.20482,0.27964,0.27569,0.17669,0.16918,0.088452,0.058807,0.21107,0.37786,0.34729,0.33928,0.37312,0.39644,0.10897
0.0033092,0.010333,0.2761,0.34047,1,0.63213,0.014025,0.11026,0.51882,0.54939,0,0,0,0.026952,0.45143,0.26692,0.11424,0.13092,0.13517,0.060614,0.24055,0.22982,0.27637,0.31037,0.38612,0.3671,0.44042,0.47845,0.1558,0.19212,0.35426,0.33629,0.11189,0.14061,0.33369,0.26628,0.099517,0.073578,0.07838,0.058393,0.019007,0.15402,0.29208,0.23653,0.30518,0.24729,0.20085,0.1868,0.20231,0.12621,0.3013,0.10805,0.24775,0.081708,0.26468,0.07511,0,0.070849,0.20021,0.24284,0,0,0.066345,0.18811,0.30119,0.1762,0.38279,0.35192,0.30746,0.39598,0.19468,0.15539,0.024733,0.076205,0.13579,0.018851,0.060582,0.15352,0.10243,0.15236,0.25835,0.26963,0.407,0.19637,0.3638,0.23998,0.3569,0,0.42746,0.12283,0.26175,0,0.30096,0.13302,0.076351,0,0.078369,0.064414,0.22133,0.026469,0.24127,0.21044,0.19903,0.11532,0.082119,0.061386,0.01394,0.077811,0.049791,0.10467,0.18311,0.023928,0.075901,0,0,0
0.082225,0.1757,0.19194,0.35108,0.63213,1,0.037372,0.29637,0.36461,0.74566,0,0.040181,0,0.069962,0.18156,0.21425,0.21275,0.19069,0.11081,0.072785,0.15252,0.17568,0.082276,0.23322,0.21638,0.32532,0.29049,0.44624,0.20491,0.30375,0.30197,0.29867,0.16153,0.28183,0.24111,0.20879,0,0,0,0,0,0.01747,0.19965,0.16487,0.26115,0.25424,0.070181,0.094221,0.10277,0.13363,0.043708,0,0,0,0,0,0.21605,0.33806,0.1,0.28926,0,0.1926,0.079652,0.12179,0.11788,0.33076,0.16419,0.25351,0.20753,0.31324,0.030738,0,0.011941,0.1067,0.051439,0.052648,0,0.098476,0.20708,0.079671,0.2628,0.17439,0.14526,0.07089,0.17715,0.057842,0.090544,0,0.10105,0.0054739,0.035272,0,0.12759,0,0,0,0,0,0.12248,0,0.2542,0.075853,0.25734,0.1756,0.14142,0.053047,0,0.25947,0,0,0.070231,0.078596,0.098923,0.038351,0,0
0.57936,0.53775,0.67895,0.6204,0.014025,0.037372,1,0.75058,0.52857,0.19905,0.64238,0.55633,0.76502,0.61562,0.31928,0.40396,0.11611,0.24228,0.58787,0.47451,0,0,0.19992,0.18918,0.038705,0,0,0,0.18018,0.21424,0.051447,0,0.46451,0.46272,0.098095,0.12312,0.0085686,0.094205,0,0.030771,0.11168,0.10083,0.24168,0.24454,0.18017,0.23399,0.22733,0.25143,0.35551,0.4747,0.43862,0.47515,0.35333,0.40516,0.25434,0.29711,0.27603,0.21686,0.48105,0.35261,0.66624,0.51562,0.3392,0.31308,0.48636,0.58,0.26598,0.23738,0.21099,0.15634,0.16856,0.21104,0.32367,0.29071,0.35688,0.44257,0.30689,0.39286,0.091627,0.032687,0.050613,0.081417,0.13946,0.20407,0.28501,0.32903,0.12034,0.098341,0.35568,0.55896,0.36201,0.36817,0.42138,0.49349,0.085322,0.010063,0.18431,0.12975,0.33186,0.33683,0.19454,0.62006,0.054482,0.23993,0.21928,0.27444,0.13078,0.0061549,0.071085,0.1112,0.16233,0.10771,0.31406,0.34637,0.51746,0.17981
0.38234,0.50341,0.48089,0.78512,0.11026,0.29637,0.75058,1,0.55908,0.45727,0.55766,0.65825,0.58247,0.67901,0.16248,0.38047,0.19782,0.24457,0.45017,0.4128,0,0,0,0.17778,0,0,0,0,0.22261,0.30588,0.0059909,0,0.39824,0.50954,0,0.022944,0,0,0,0,0,0,0.09013,0.1702,0.13364,0.21665,0.054695,0.098161,0.23549,0.44741,0.2783,0.38988,0.18515,0.21535,0.042039,0.080626,0.23772,0.24745,0.37847,0.51727,0.63618,0.78876,0.37018,0.37014,0.28592,0.82238,0.12747,0.22926,0.023148,0.036431,0,0,0.12921,0.16503,0.27511,0.35784,0.10979,0.21461,0.14106,0.014231,0.087977,0.019409,0.098552,0.08702,0.20913,0.22425,0.061164,0,0.23642,0.40846,0.24631,0.1147,0.41775,0.18592,0,0,0.044259,0,0.2436,0.10485,0.070709,0.43432,0,0.14019,0.11811,0.086234,0.073094,0.056314,0,0,0.03578,0.052633,0.24842,0.23366,0.34242,0.16105
0.24178,0.23054,0.41885,0.52504,0.51882,0.36461,0.52857,0.55908,1,0.52075,0.35696,0.42108,0.48326,0.48095,0.47689,0.27192,0.26891,0.21745,0.3027,0.16712,0.029197,0,0.14668,0.21717,0.16125,0.085828,0.091662,0.1,0.19183,0.19848,0.12675,0,0.26977,0.30862,0.05876,0.036115,0,0,0,0,0,0,0.30459,0.27705,0.25726,0.28841,0.26324,0.25326,0.39937,0.44191,0.41534,0.41339,0.41208,0.30045,0.23394,0.15704,0.017367,0.087795,0.37188,0.48414,0.44967,0.46635,0.36523,0.3649,0.33861,0.49371,0.29157,0.31359,0.22436,0.23361,0.20544,0.19843,0.15189,0.080247,0.308,0.22914,0.073533,0.16774,0.21326,0.15007,0.25,0.20911,0.24928,0.025154,0.34018,0.20496,0.18249,0,0.5732,0.33076,0.37428,0.23402,0.46873,0.31309,0,0,0.038021,0,0.23238,0.083366,0.0020926,0.38898,0,0.05054,0.073318,0.13104,0,0.013405,0,0.0035155,0.22145,0.096033,0.25429,0,0.16406,0
0.11879,0.16556,0.19871,0.43088,0.54939,0.74566,0.19905,0.45727,0.52075,1,0.1397,0.21877,0.13821,0.23429,0.24153,0.23918,0.24202,0.20477,0.13263,0.088222,0.05454,0.058447,0.027213,0.19579,0.047157,0.11306,0.087204,0.18933,0.16874,0.16946,0.14878,0.1185,0.1661,0.24294,0.11228,0.10125,0,0,0,0,0,0,0.15803,0.14303,0.22144,0.24716,0.060499,0.086404,0.19037,0.25547,0.14182,0.12286,0.044421,0,0.020426,0,0.17482,0.21665,0.29369,0.48373,0.18665,0.38374,0.18997,0.22272,0.20283,0.49928,0.17666,0.25812,0.17582,0.25509,0.020863,0,0,0.016714,0.088681,0.11653,0,0,0.21291,0.055756,0.2082,0.11176,0.19246,0.10868,0.22603,0.083376,0.20289,0,0.2232,0.09928,0.16591,0,0.20903,0.044649,0.037265,0,0.015342,0,0.12107,0.014578,0.21962,0.17064,0.24276,0.22206,0.14897,0.1155,0,0.33636,0,0.021233,0.045834,0.087422,0.15339,0,0,0
0.61654,0.58757,0.21583,0.35768,0,0,0.64238,0.55766,0.35696,0.1397,1,0.83929,0.81918,0.80396,0.21566,0.21496,0.35445,0.37331,0.45727,0.36976,0,0,0,0,0,0,0,0,0.38096,0.25719,0,0,0.3475,0.34005,0,0,0,0,0,0,0.0034439,0.040711,0.12506,0.2312,0.1889,0.2435,0.084213,0.11208,0.41496,0.47432,0.3887,0.47654,0.31049,0.26559,0.12453,0.092171,0.33853,0.25197,0.49169,0.42806,0.76651,0.61011,0.58835,0.49633,0.1167,0.38902,0.18349,0.21399,0.20186,0.11167,0.11024,0.13568,0.35918,0.35753,0.40447,0.56805,0.1086,0.23718,0.14533,0.045835,0.13205,0.07097,0.11617,0.040213,0.27879,0.25701,0.0056929,0,0.13938,0.25431,0.23969,0.17745,0.17937,0.12514,0,0,0,0,0.23758,0.15891,0.16991,0.44266,0.12153,0.26304,0.072754,0.14764,0,0.11033,0,0,0.091557,0.049007,0.27938,0.21899,0.28764,0.038219
0.49723,0.57238,0.14737,0.41808,0,0.040181,0.55633,0.65825,0.42108,0.21877,0.83929,1,0.76536,0.94696,0.28715,0.3447,0.42206,0.4957,0.38751,0.25419,0,0,0,0,0,0,0,0,0.48946,0.46018,0,0,0.26135,0.32182,0,0,0,0,0,0,0,0,0.14398,0.28301,0.15915,0.22025,0.027655,0.081108,0.38884,0.51462,0.36777,0.55075,0.28012,0.22507,0.0019067,0.0088762,0.24691,0.23152,0.37462,0.45814,0.69032,0.69732,0.57486,0.55699,0.091597,0.53711,0.1336,0.22262,0.13593,0.093366,0.10412,0.14029,0.33804,0.35297,0.42755,0.52224,0.0067264,0.16807,0.29096,0.25014,0.28158,0.22874,0.11983,0,0.33677,0.30992,0,0,0.11314,0.26966,0.20786,0.11097,0.25751,0.035828,0,0,0,0,0.18007,0.066288,0.035484,0.41637,0,0.19035,0.029428,0.058416,0,0.16569,0,0,0.14851,0.012169,0.31283,0.1386,0.19797,0
0.59477,0.53046,0.40325,0.45345,0,0,0.76502,0.58247,0.48326,0.13821,0.81918,0.76536,1,0.80221,0.51524,0.45971,0.33591,0.34306,0.48704,0.30817,0,0,0.11633,0.14025,0.050172,0,0,0,0.2968,0.20437,0.021668,0,0.32355,0.33139,0.053864,0.10043,0,0.078011,0,0,0,0.074078,0.25094,0.29685,0.22084,0.2571,0.22461,0.26888,0.44103,0.5244,0.48498,0.57291,0.42548,0.41472,0.23559,0.21069,0.3399,0.29644,0.44786,0.35969,0.68529,0.49581,0.55228,0.4595,0.44966,0.48228,0.27084,0.25465,0.32631,0.25453,0.16733,0.23986,0.34882,0.31516,0.39528,0.50016,0.17746,0.29333,0.23956,0.16758,0.23734,0.21526,0.23869,0.091182,0.48518,0.46007,0.16873,0,0.3768,0.46785,0.38028,0.31655,0.39439,0.36044,0,0,0.10073,0,0.29249,0.25432,0.14555,0.55328,0.11448,0.25591,0.12128,0.18868,0,0.14955,0,0.016172,0.29358,0.14951,0.35338,0.2469,0.32932,0
0.55418,0.59682,0.28486,0.51101,0.026952,0.069962,0.61562,0.67901,0.48095,0.23429,0.80396,0.94696,0.80221,1,0.39903,0.4158,0.46144,0.50552,0.41009,0.24628,0,0,0,0.032535,0,0,0,0,0.47719,0.43437,0.054761,0,0.32987,0.39198,0,0.0060468,0,0,0,0,0,0.0011715,0.24733,0.36667,0.26404,0.32376,0.13717,0.20159,0.49987,0.61963,0.47629,0.65593,0.39938,0.32092,0.093607,0.071573,0.30531,0.31648,0.44549,0.52242,0.70629,0.66973,0.62451,0.59518,0.21179,0.56108,0.24456,0.33123,0.24563,0.21641,0.15383,0.1761,0.36619,0.36781,0.44196,0.56677,0.060036,0.23929,0.356,0.28188,0.35515,0.30978,0.18736,0,0.43185,0.38555,0.020724,0,0.23786,0.37098,0.30222,0.18806,0.34683,0.12099,0,0,0,0,0.28101,0.16386,0.072492,0.51703,0.046264,0.28494,0.1338,0.15684,0,0.20107,0,0,0.29239,0.13614,0.41585,0.20558,0.2363,0
0.34208,0.25516,0.5414,0.4292,0.45143,0.18156,0.31928,0.16248,0.47689,0.24153,0.21566,0.28715,0.51524,0.39903,1,0.67475,0.40225,0.48379,0.33513,0.10507,0.36973,0.3167,0.61024,0.60455,0.67646,0.61322,0.47335,0.35225,0.48039,0.42932,0.63703,0.5724,0.33582,0.3314,0.47803,0.4581,0.31407,0.4246,0.12819,0.063339,0.09901,0.38079,0.66331,0.6023,0.50081,0.49988,0.56563,0.56922,0.50422,0.44351,0.59261,0.52679,0.62554,0.50837,0.54398,0.38396,0.20438,0.30435,0.36034,0.33861,0.11059,0,0.42127,0.43521,0.57873,0.16228,0.57884,0.53511,0.65128,0.63035,0.43354,0.40508,0.32563,0.32587,0.39236,0.38457,0.35504,0.46786,0.47204,0.53932,0.65323,0.6597,0.69151,0.28441,0.80663,0.68872,0.52311,0.040975,0.64614,0.49512,0.5439,0.35559,0.55799,0.38902,0.0127,0,0.35188,0.21491,0.57788,0.44488,0.3423,0.47957,0.39645,0.28403,0.14868,0.18508,0,0.31133,0,0.21121,0.68798,0.45869,0.50835,0.31348,0.15579,0
0.5399,0.49032,0.4864,0.54823,0.26692,0.21425,0.40396,0.38047,0.27192,0.23918,0.21496,0.3447,0.45971,0.4158,0.67475,1,0.17209,0.46383,0.471,0.42647,0.32852,0.2901,0.4285,0.54772,0.47082,0.41588,0.50037,0.42184,0.36358,0.49162,0.35905,0.41928,0.35039,0.39795,0.47549,0.49702,0.42026,0.42364,0.37446,0.34376,0.40543,0.5035,0.48403,0.42468,0.37412,0.34924,0.46289,0.52508,0.3063,0.26917,0.41972,0.30129,0.38557,0.50985,0.49253,0.53115,0.38905,0.33897,0.36513,0.28226,0.17872,0.098058,0.23646,0.30697,0.51521,0.29472,0.47813,0.44408,0.55629,0.54344,0.18493,0.16776,0.29414,0.37813,0.29375,0.35591,0.49307,0.52213,0.2697,0.40442,0.4095,0.50012,0.66959,0.58957,0.64648,0.78596,0.5316,0.36093,0.43933,0.71827,0.46542,0.38309,0.55497,0.47624,0.29761,0.23501,0.51101,0.49781,0.61347,0.53742,0.39364,0.58655,0.3084,0.38107,0.18981,0.1079,0.18126,0.25266,0.19692,0.3742,0.42911,0.39805,0.36602,0.45154,0.3893,0.0058863
0.18206,0.17227,0.17043,0.18213,0.11424,0.21275,0.11611,0.19782,0.26891,0.24202,0.35445,0.42206,0.33591,0.46144,0.40225,0.17209,1,0.69386,0,0,0,0,0.041566,0.14344,0.14993,0.20958,0,0,0.6874,0.44618,0.4351,0.34869,0.28186,0.32152,0.080646,0.082092,0,0,0,0,0,0,0.41536,0.52084,0.41843,0.52447,0.24922,0.20119,0.37165,0.40875,0.30024,0.38355,0.24667,0.17953,0.017521,0,0.35649,0.44796,0.080126,0.23241,0.17902,0.23907,0.6038,0.5462,0.16655,0.26222,0.148,0.29151,0.22912,0.27725,0.11178,0.11113,0.27421,0.32935,0.253,0.47892,0,0.10181,0.81044,0.537,0.7695,0.60632,0.13718,0,0.49572,0.28461,0,0,0.059992,0,0.10232,0,0.20763,0,0,0,0,0,0.23798,0,0.0062938,0.14847,0.2313,0.15488,0.098041,0.073624,0,0.46047,0,0,0.4131,0.28498,0.37132,0.062311,0,0
0.44396,0.48348,0.3188,0.30822,0.13092,0.19069,0.24228,0.24457,0.21745,0.20477,0.37331,0.4957,0.34306,0.50552,0.48379,0.46383,0.69386,1,0.2931,0.10774,0.031737,0.027536,0.19448,0.25675,0.30589,0.32747,0.17874,0.13283,0.66452,0.7238,0.4466,0.39702,0.42439,0.43868,0.23624,0.23752,0.12309,0.15927,0,0,0,0.23919,0.56233,0.61654,0.50372,0.53153,0.4128,0.39831,0.42185,0.3446,0.38129,0.31874,0.33977,0.36904,0.23024,0.22837,0.43805,0.549,0.22773,0.25916,0.21511,0.20318,0.56241,0.63958,0.2045,0.14944,0.31708,0.38619,0.40796,0.37548,0.20104,0.20852,0.39259,0.51506,0.30963,0.5519,0.15027,0.33456,0.64467,0.66278,0.68749,0.71641,0.3735,0.16526,0.57641,0.48571,0.18104,0,0.14443,0.24842,0.2679,0.12663,0.34012,0.060799,0,0,0.13467,0.059176,0.47416,0.28125,0.16274,0.2942,0.26436,0.21723,0.13868,0.15617,0,0.37256,0,0,0.44906,0.39464,0.43421,0.29127,0.13303,0
0.65995,0.68386,0.56687,0.59464,0.13517,0.11081,0.58787,0.45017,0.3027,0.13263,0.45727,0.38751,0.48704,0.41009,0.33513,0.471,0,0.2931,1,0.86109,0.41929,0.32095,0.33385,0.33585,0.20087,0.1858,0.35202,0.2565,0.26405,0.35767,0.17359,0.14103,0.58857,0.57367,0.25005,0.32474,0.32974,0.3801,0.29283,0.3605,0.4477,0.46255,0.35104,0.37114,0.25758,0.26766,0.41461,0.43549,0.33895,0.32539,0.42808,0.31814,0.3724,0.42827,0.4696,0.42657,0.4677,0.36149,0.45106,0.37502,0.43515,0.31586,0.33003,0.25451,0.29389,0.25316,0.45375,0.40044,0.512,0.4132,0.37526,0.3304,0.5317,0.45695,0.48635,0.40265,0.55126,0.63934,0,0.080227,0.10169,0.17556,0.39541,0.46544,0.37809,0.46861,0.42254,0.38462,0.36167,0.56636,0.42987,0.38194,0.33902,0.37364,0.29415,0.24496,0.45806,0.41262,0.50435,0.48251,0.38464,0.47585,0.22136,0.2895,0.12542,0.14527,0.18061,0,0.22115,0.33937,0.2652,0.22537,0.20716,0.40345,0.48247,0.14272
0.59746,0.66154,0.40564,0.53654,0.060614,0.072785,0.47451,0.4128,0.16712,0.088222,0.36976,0.25419,0.30817,0.24628,0.10507,0.42647,0,0.10774,0.86109,1,0.46291,0.37499,0.15282,0.18268,0.026417,0.014193,0.32147,0.2502,0.074441,0.26213,0,0,0.49213,0.47594,0.18161,0.27341,0.40263,0.40971,0.48834,0.58768,0.63866,0.52535,0.20064,0.1974,0.16796,0.13915,0.34141,0.39677,0.22351,0.17414,0.29259,0.11919,0.24702,0.37045,0.45545,0.51426,0.39045,0.24771,0.46267,0.36181,0.39719,0.29218,0.09974,0.069629,0.12409,0.15563,0.38778,0.31639,0.42107,0.26994,0.23817,0.17317,0.36281,0.32548,0.29291,0.27374,0.63054,0.62033,0,0,0,0,0.38859,0.64339,0.16598,0.35568,0.4461,0.61543,0.28081,0.54491,0.36104,0.35793,0.22593,0.34341,0.53787,0.52399,0.58611,0.58656,0.49946,0.51891,0.43582,0.40753,0.20554,0.26572,0.10603,0.078353,0.45249,0,0.44675,0.48927,0.064653,0.19724,0.06682,0.39576,0.54555,0.41836
0.3132,0.18681,0.13775,0.086372,0.24055,0.15252,0,0,0.029197,0.05454,0,0,0,0,0.36973,0.32852,0,0.031737,0.41929,0.46291,1,0.91774,0.35031,0.26261,0.4394,0.41597,0.61659,0.57141,0.096891,0.14031,0.16423,0.17921,0.11955,0.086821,0.22027,0.27479,0.58462,0.58275,0.59364,0.57753,0.61054,0.66737,0.32531,0.28281,0.12864,0.07536,0.43613,0.4564,0.17031,0.0063888,0.22486,0.089587,0.26731,0.28834,0.53683,0.45508,0.27123,0.10566,0.25695,0.13769,0,0,0,0,0.073446,0,0.37396,0.27085,0.57128,0.38545,0.5638,0.49378,0.39189,0.24838,0.18955,0.099182,0.54634,0.45258,0,0.15924,0.11305,0.2087,0.5799,0.52646,0.25367,0.39967,0.57682,0.52092,0.32484,0.39039,0.2441,0.30518,0.096357,0.29742,0.50134,0.41319,0.61114,0.5793,0.38808,0.48435,0.40995,0.19008,0.28242,0.19769,0,0.041553,0.16009,0.0494,0.36214,0.5396,0.25593,0.27823,0.17244,0.16349,0.13244,0
0.24163,0.13383,0.087846,0.0093153,0.22982,0.17568,0,0,0,0.058447,0,0,0,0,0.3167,0.2901,0,0.027536,0.32095,0.37499,0.91774,1,0.37626,0.27844,0.47567,0.45781,0.64206,0.61591,0.05454,0.1098,0.19369,0.22374,0.060577,0.029047,0.26454,0.30786,0.56314,0.58882,0.59285,0.58166,0.59528,0.68839,0.27638,0.22977,0.12375,0.066463,0.36739,0.39331,0.11034,0,0.15461,0.015604,0.2136,0.1999,0.48801,0.4166,0.24027,0.13106,0.16503,0.08409,0,0,0,0,0.021384,0,0.32316,0.23162,0.52187,0.33506,0.52649,0.46027,0.34432,0.26129,0.12516,0.050147,0.47058,0.37382,0,0.14833,0.096947,0.17165,0.54453,0.50699,0.21595,0.33788,0.57029,0.48948,0.28238,0.31188,0.19424,0.21486,0.095281,0.21889,0.52362,0.44455,0.548,0.5661,0.31906,0.37538,0.37963,0.11765,0.2557,0.1073,0,0.0041754,0.1622,0.021384,0.37132,0.50067,0.17055,0.24183,0.081949,0.12146,0.092257,0
0.14686,0.096094,0.7021,0.34023,0.27637,0.082276,0.19992,0,0.14668,0.027213,0,0,0.11633,0,0.61024,0.4285,0.041566,0.19448,0.33385,0.15282,0.35031,0.37626,1,0.88191,0.79543,0.77541,0.5152,0.4232,0.0058206,0.097534,0.74277,0.7163,0.36399,0.37915,0.73838,0.66423,0.22121,0.45003,0.18761,0.22379,0.12504,0.32232,0.47005,0.313,0.46004,0.38304,0.42444,0.44821,0.31685,0.20465,0.42157,0.23423,0.44217,0.47225,0.49916,0.43024,0.13433,0.2437,0.20216,0.056851,0,0,0.16314,0.22538,0.67161,0.02218,0.54676,0.43806,0.46717,0.50472,0.22442,0.24079,0.15914,0.20594,0.13727,0.17883,0.24546,0.3392,0.16973,0.22363,0.29985,0.38034,0.38938,0.2655,0.53115,0.45373,0.52864,0.24968,0.52627,0.47461,0.44803,0.3987,0.53934,0.57223,0.12455,0.080657,0.36181,0.25322,0.36264,0.33499,0.21117,0.3651,0.23012,0.17943,0.29272,0.4034,0.02833,0.094966,0.011444,0.21438,0.48317,0.29383,0.19434,0.33443,0.243,0
0.19064,0.16761,0.69222,0.56979,0.31037,0.23322,0.18918,0.17778,0.21717,0.19579,0,0,0.14025,0.032535,0.60455,0.54772,0.14344,0.25675,0.33585,0.18268,0.26261,0.27844,0.88191,1,0.72739,0.76064,0.48876,0.41196,0.077425,0.18214,0.70408,0.73476,0.43224,0.50733,0.78328,0.73298,0.20944,0.38188,0.13844,0.18451,0.082847,0.25638,0.50388,0.36523,0.52907,0.45195,0.45299,0.48678,0.29938,0.22372,0.41423,0.23968,0.42882,0.48356,0.44801,0.41409,0.23159,0.34473,0.21768,0.18608,0,0,0.25176,0.30973,0.66117,0.20895,0.57165,0.53431,0.4776,0.53636,0.088584,0.078677,0.070846,0.149,0.11989,0.20409,0.2405,0.35521,0.27643,0.26718,0.41319,0.44199,0.45453,0.28593,0.63562,0.55356,0.57296,0.23411,0.54771,0.53863,0.50996,0.37395,0.65196,0.48442,0.1121,0.062542,0.37295,0.27426,0.4457,0.344,0.21828,0.35164,0.24764,0.16681,0.33503,0.31663,0.017486,0.12951,0.017491,0.19822,0.51303,0.38838,0.27881,0.35231,0.25091,0
0.17703,0.085923,0.43857,0.14565,0.38612,0.21638,0.038705,0,0.16125,0.047157,0,0,0.050172,0,0.67646,0.47082,0.14993,0.30589,0.20087,0.026417,0.4394,0.47567,0.79543,0.72739,1,0.90346,0.72889,0.63326,0.17512,0.27179,0.6755,0.65527,0.24375,0.22432,0.68651,0.59987,0.3091,0.46404,0.23123,0.21333,0.1994,0.42083,0.53465,0.3955,0.45022,0.36316,0.45809,0.4531,0.28031,0.13115,0.38751,0.20265,0.40463,0.38304,0.48183,0.38092,0.17007,0.27348,0.10461,0,0,0,0.12478,0.16508,0.53392,0,0.53311,0.41418,0.54684,0.51071,0.35222,0.31351,0.26984,0.29256,0.19626,0.2075,0.25744,0.35852,0.31163,0.39364,0.45681,0.53718,0.50954,0.25821,0.61204,0.5362,0.53421,0.17908,0.51924,0.38968,0.38894,0.30324,0.46439,0.40431,0.082692,0.018337,0.34761,0.28743,0.40813,0.31964,0.24935,0.29419,0.28133,0.10973,0.24591,0.27762,0,0.14537,0.048946,0.20248,0.50686,0.299,0.26318,0.26155,0.18349,0
0.14165,0.065835,0.48708,0.2251,0.3671,0.32532,0,0,0.085828,0.11306,0,0,0,0,0.61322,0.41588,0.20958,0.32747,0.1858,0.014193,0.41597,0.45781,0.77541,0.76064,0.90346,1,0.64348,0.60865,0.25769,0.30456,0.79104,0.78706,0.30458,0.3112,0.68312,0.59555,0.26102,0.38759,0.17955,0.14463,0.13443,0.36883,0.54881,0.43086,0.47166,0.39295,0.4426,0.43727,0.23285,0.097299,0.32163,0.1706,0.30674,0.30365,0.40438,0.28024,0.2414,0.35075,0.067449,0.020012,0,0,0.10843,0.14338,0.45987,0,0.481,0.43458,0.49892,0.52284,0.33342,0.26358,0.26335,0.29712,0.18507,0.25373,0.20799,0.33899,0.39313,0.3961,0.54215,0.57565,0.46335,0.20612,0.5718,0.48496,0.45592,0.11449,0.37683,0.31991,0.28184,0.1742,0.36342,0.24425,0.054554,0,0.31612,0.24828,0.41528,0.31399,0.27785,0.24515,0.34949,0.19079,0.24597,0.24183,0,0.22362,0.01213,0.17172,0.52288,0.37061,0.25682,0.29502,0.098606,0
0.31846,0.23007,0.26251,0.15072,0.44042,0.29049,0,0,0.091662,0.087204,0,0,0,0,0.47335,0.50037,0,0.17874,0.35202,0.32147,0.61659,0.64206,0.5152,0.48876,0.72889,0.64348,1,0.91226,0.09035,0.20295,0.31257,0.3784,0.14783,0.12823,0.50746,0.47879,0.47183,0.5292,0.54759,0.53029,0.54418,0.55086,0.39719,0.28254,0.30454,0.18998,0.4241,0.43851,0.17464,0,0.27921,0.042903,0.26534,0.32676,0.54185,0.50232,0.21107,0.21847,0.1888,0.021883,0,0,0,0,0.31535,0,0.48847,0.34442,0.58185,0.47069,0.24203,0.18506,0.20873,0.20599,0.010304,0.03849,0.36086,0.41578,0.071005,0.25816,0.17906,0.31791,0.63437,0.53186,0.44422,0.54924,0.63466,0.43943,0.42639,0.45743,0.32146,0.31883,0.28953,0.36877,0.44807,0.41423,0.468,0.56162,0.45467,0.41175,0.35289,0.24973,0.24699,0.10375,0.065731,0.15764,0.20103,0.048337,0.36453,0.38013,0.19858,0.2574,0.21376,0.24707,0.24973,0
0.25711,0.14925,0.22869,0.12788,0.47845,0.44624,0,0,0.1,0.18933,0,0,0,0,0.35225,0.42184,0,0.13283,0.2565,0.2502,0.57141,0.61591,0.4232,0.41196,0.63326,0.60865,0.91226,1,0.062928,0.14746,0.27259,0.35279,0.034653,0.053585,0.43599,0.41386,0.40337,0.41228,0.50594,0.48284,0.49103,0.48348,0.30312,0.18201,0.21615,0.09247,0.30565,0.32802,0.058641,0,0.1581,0,0.14307,0.18665,0.40883,0.40042,0.20627,0.1895,0.084259,0,0,0,0,0,0.21821,0,0.36188,0.24921,0.47487,0.42633,0.18525,0.15085,0.15039,0.16858,0,0.013693,0.30013,0.33889,0.092078,0.20678,0.14346,0.24926,0.52765,0.46405,0.31668,0.42378,0.53642,0.35658,0.31557,0.36209,0.15973,0.16611,0.17944,0.25148,0.44082,0.4196,0.36006,0.52929,0.30558,0.274,0.26769,0.14787,0.15432,0.048835,0,0.077395,0.15909,0.036506,0.35561,0.30536,0.079504,0.19613,0.13756,0.13467,0.16011,0
0.23081,0.24645,0.20134,0.25091,0.1558,0.20491,0.18018,0.22261,0.19183,0.16874,0.38096,0.48946,0.2968,0.47719,0.48039,0.36358,0.6874,0.66452,0.26405,0.074441,0.096891,0.05454,0.0058206,0.077425,0.17512,0.25769,0.09035,0.062928,1,0.7686,0.43386,0.355,0.26513,0.27221,0,0.021467,0.21866,0.12299,0.021606,0,0.027448,0.30038,0.45589,0.57717,0.27333,0.35262,0.33674,0.28195,0.22649,0.27325,0.25752,0.35769,0.22075,0.19928,0.17333,0.03834,0.25718,0.26513,0.074659,0.20236,0.077534,0.17321,0.3663,0.35963,0,0.13874,0.20381,0.29962,0.30257,0.26054,0.33149,0.26932,0.46213,0.44388,0.41855,0.49659,0.23672,0.35699,0.66361,0.6217,0.70739,0.61969,0.38612,0.13411,0.44823,0.40595,0.061914,0,0.057018,0.12742,0.15058,0.0070488,0.18015,0,0,0,0.1133,0.039087,0.37546,0.21754,0.19343,0.23379,0.26258,0.11933,0,0,0,0.26143,0,0,0.42868,0.30632,0.38601,0.18683,0,0
0.28045,0.43587,0.26165,0.36014,0.19212,0.30375,0.21424,0.30588,0.19848,0.16946,0.25719,0.46018,0.20437,0.43437,0.42932,0.49162,0.44618,0.7238,0.35767,0.26213,0.14031,0.1098,0.097534,0.18214,0.27179,0.30456,0.20295,0.14746,0.7686,1,0.43409,0.35802,0.36479,0.37436,0.11416,0.12601,0.23576,0.2002,0.10215,0.057207,0.14713,0.36641,0.46409,0.50637,0.31079,0.34617,0.34634,0.3271,0.21459,0.21237,0.24946,0.19737,0.24307,0.23109,0.20447,0.17405,0.26643,0.39135,0.073293,0.21501,0.081084,0.21196,0.30093,0.41177,0.00093089,0.13269,0.23149,0.28773,0.30859,0.24935,0.28971,0.20146,0.43216,0.56371,0.41207,0.46866,0.33355,0.43972,0.44383,0.59489,0.54646,0.5998,0.40767,0.29551,0.39663,0.40989,0.13003,0,0.096326,0.20152,0.19118,0.035879,0.29034,0,0,0,0.20965,0.12553,0.46209,0.271,0.22987,0.27732,0.23235,0.12068,0.018493,0,0,0.15235,0,0.061842,0.37427,0.27577,0.30688,0.24726,0.12785,0
0.014026,0.050533,0.57052,0.32064,0.35426,0.30197,0.051447,0.0059909,0.12675,0.14878,0,0,0.021668,0.054761,0.63703,0.35905,0.4351,0.4466,0.17359,0,0.16423,0.19369,0.74277,0.70408,0.6755,0.79104,0.31257,0.27259,0.43386,0.43409,1,0.91888,0.37136,0.42104,0.56928,0.4731,0.055873,0.20686,0,0,0,0.16326,0.49083,0.43216,0.46659,0.45585,0.31984,0.28696,0.26029,0.24855,0.32314,0.26067,0.30902,0.2457,0.23425,0.074725,0.13974,0.33805,0.049558,0.11289,0,0,0.30531,0.38154,0.45434,0.10876,0.38785,0.4158,0.32446,0.44867,0.31761,0.27424,0.24875,0.3318,0.29389,0.30487,0.085511,0.26311,0.49115,0.44467,0.62786,0.59525,0.31069,0,0.5502,0.36,0.19565,0,0.22454,0.16753,0.24348,0.063708,0.36817,0.13802,0,0,0.12911,0,0.33336,0.15239,0.20159,0.2451,0.33628,0.23025,0.20265,0.25549,0,0.34105,0,0.024252,0.57449,0.30029,0.26449,0.28866,0,0
0.05601,0.071638,0.49377,0.29338,0.33629,0.29867,0,0,0,0.1185,0,0,0,0,0.5724,0.41928,0.34869,0.39702,0.14103,0,0.17921,0.22374,0.7163,0.73476,0.65527,0.78706,0.3784,0.35279,0.355,0.35802,0.91888,1,0.33831,0.41046,0.67474,0.5979,0.12941,0.24144,0.021225,0,0,0.22963,0.45558,0.37425,0.48305,0.43783,0.30554,0.29267,0.19001,0.12677,0.26453,0.12667,0.23838,0.20984,0.26469,0.14067,0.205,0.36652,0.035848,0.048412,0,0,0.26664,0.36022,0.4388,0.0068132,0.41057,0.43062,0.32844,0.48281,0.18208,0.15298,0.15142,0.29644,0.18738,0.24648,0.13085,0.28065,0.41882,0.3544,0.56423,0.54795,0.35557,0.13078,0.54865,0.41067,0.27706,0,0.16086,0.17522,0.2063,0.041255,0.29546,0.10559,0,0,0.19712,0.075064,0.33519,0.18201,0.23753,0.19954,0.37193,0.2606,0.1829,0.21005,0,0.34172,0,0.079828,0.50197,0.30645,0.20332,0.28251,0,0
0.56688,0.60314,0.64041,0.57737,0.11189,0.16153,0.46451,0.39824,0.26977,0.1661,0.3475,0.26135,0.32355,0.32987,0.33582,0.35039,0.28186,0.42439,0.58857,0.49213,0.11955,0.060577,0.36399,0.43224,0.24375,0.30458,0.14783,0.034653,0.26513,0.36479,0.37136,0.33831,1,0.92513,0.52431,0.53155,0.079897,0.12335,0,0.03955,0.14928,0.23749,0.50745,0.53642,0.65394,0.65971,0.48239,0.47992,0.54046,0.47117,0.58885,0.38046,0.43711,0.42978,0.47652,0.37926,0.49015,0.51442,0.5764,0.48452,0.51009,0.34721,0.58086,0.53687,0.42073,0.32014,0.59896,0.60949,0.39209,0.32635,0.12722,0.098788,0.42932,0.46326,0.4622,0.52382,0.34878,0.52497,0.14417,0.096173,0.31758,0.32849,0.24381,0.21928,0.52575,0.41644,0.27736,0.15614,0.3153,0.43179,0.41999,0.25409,0.33414,0.26457,0.035793,0,0.37002,0.19681,0.58036,0.45906,0.42919,0.48622,0.46352,0.45625,0.49778,0.40468,0.14014,0.19442,0.015013,0.20002,0.42173,0.36062,0.34293,0.57796,0.49748,0.10912
0.5592,0.63692,0.66069,0.6832,0.14061,0.28183,0.46272,0.50954,0.30862,0.24294,0.34005,0.32182,0.33139,0.39198,0.3314,0.39795,0.32152,0.43868,0.57367,0.47594,0.086821,0.029047,0.37915,0.50733,0.22432,0.3112,0.12823,0.053585,0.27221,0.37436,0.42104,0.41046,0.92513,1,0.53555,0.56802,0,0.053911,0,0,0.053173,0.14767,0.47524,0.50653,0.6603,0.66157,0.41857,0.44449,0.53219,0.48772,0.5553,0.38603,0.41076,0.43306,0.39157,0.33844,0.52347,0.57633,0.56259,0.5415,0.503,0.43043,0.61871,0.59774,0.43881,0.43624,0.5654,0.62922,0.35923,0.3513,0.068406,0.0496,0.35896,0.44048,0.42594,0.549,0.27518,0.4919,0.20411,0.094285,0.37434,0.35118,0.22879,0.1647,0.5587,0.43803,0.26381,0.10181,0.28995,0.43182,0.39635,0.18584,0.38794,0.23541,0,0,0.30339,0.13607,0.5558,0.37724,0.36643,0.48959,0.41332,0.45102,0.48008,0.38276,0.1215,0.2442,0,0.15954,0.41808,0.37194,0.34811,0.55771,0.45638,0.12478
0.32552,0.29577,0.5764,0.3957,0.33369,0.24111,0.098095,0,0.05876,0.11228,0,0,0.053864,0,0.47803,0.47549,0.080646,0.23624,0.25005,0.18161,0.22027,0.26454,0.73838,0.78328,0.68651,0.68312,0.50746,0.43599,0,0.11416,0.56928,0.67474,0.52431,0.53555,1,0.94118,0.15457,0.33455,0.12757,0.19238,0.1712,0.33053,0.53428,0.41175,0.7175,0.60179,0.46186,0.49366,0.40321,0.2485,0.50022,0.17559,0.40504,0.42132,0.51906,0.45616,0.34648,0.4423,0.36394,0.18459,0,0,0.29198,0.35685,0.66973,0.076255,0.71613,0.64745,0.51868,0.58443,0,0,0.16752,0.29236,0.14113,0.24294,0.31811,0.44417,0.10709,0.12694,0.30576,0.38893,0.3755,0.31873,0.63354,0.56187,0.54993,0.28361,0.42674,0.45774,0.43216,0.27406,0.46954,0.43146,0.12549,0.10183,0.37702,0.29957,0.47133,0.37691,0.37356,0.38923,0.43413,0.35067,0.50189,0.43769,0.16746,0.22136,0.068497,0.21954,0.44639,0.37557,0.25592,0.44449,0.33041,0.046206
0.42203,0.35686,0.56092,0.42512,0.26628,0.20879,0.12312,0.022944,0.036115,0.10125,0,0,0.10043,0.0060468,0.4581,0.49702,0.082092,0.23752,0.32474,0.27341,0.27479,0.30786,0.66423,0.73298,0.59987,0.59555,0.47879,0.41386,0.021467,0.12601,0.4731,0.5979,0.53155,0.56802,0.94118,1,0.239,0.3949,0.17886,0.2489,0.25145,0.41463,0.56129,0.46005,0.73376,0.62055,0.51639,0.57406,0.45443,0.27672,0.53307,0.2026,0.48488,0.50902,0.59466,0.53169,0.41313,0.45376,0.46274,0.26785,0.033038,0,0.32777,0.37785,0.59558,0.059139,0.77198,0.72037,0.61126,0.64705,0.04828,0.017129,0.20653,0.3094,0.16446,0.31058,0.4195,0.55874,0.083207,0.12499,0.31636,0.38818,0.42467,0.39067,0.65385,0.61551,0.60041,0.35379,0.43798,0.53153,0.51011,0.36341,0.49962,0.47121,0.18594,0.14324,0.45557,0.36914,0.54018,0.467,0.41159,0.41778,0.45594,0.36549,0.50176,0.40444,0.22223,0.22497,0.13202,0.29798,0.48854,0.46801,0.35659,0.48773,0.35851,0.085886
0.19804,0.079432,0.14946,0.089435,0.099517,0,0.0085686,0,0,0,0,0,0,0,0.31407,0.42026,0,0.12309,0.32974,0.40263,0.58462,0.56314,0.22121,0.20944,0.3091,0.26102,0.47183,0.40337,0.21866,0.23576,0.055873,0.12941,0.079897,0,0.15457,0.239,1,0.63018,0.8154,0.68823,0.71326,0.67868,0.37389,0.30634,0.11471,0.071439,0.5327,0.51874,0.060215,0,0.14489,0,0.28844,0.42607,0.57764,0.51985,0.073757,0,0.11582,0.020539,0,0,0,0,0,0,0.33214,0.22599,0.53047,0.38959,0.34971,0.33603,0.21158,0.15508,0.13078,0,0.68395,0.54341,0,0.28513,0.12081,0.20938,0.61061,0.6644,0.19466,0.38902,0.51459,0.45278,0.31501,0.39789,0.41759,0.43913,0.27526,0.33215,0.63255,0.5086,0.70516,0.71195,0.46853,0.54457,0.36698,0.13441,0.28978,0.039899,0,0,0.20301,0,0.49255,0.49363,0.31626,0.427,0.23305,0.25169,0.23664,0
0.32013,0.16175,0.30735,0.19407,0.073578,0,0.094205,0,0,0,0,0,0.078011,0,0.4246,0.42364,0,0.15927,0.3801,0.40971,0.58275,0.58882,0.45003,0.38188,0.46404,0.38759,0.5292,0.41228,0.12299,0.2002,0.20686,0.24144,0.12335,0.053911,0.33455,0.3949,0.63018,1,0.63358,0.70586,0.691,0.79384,0.49713,0.38136,0.24695,0.17527,0.62727,0.64512,0.21981,0.058625,0.3243,0.13483,0.48428,0.49444,0.64565,0.65426,0.19082,0.10822,0.21025,0.087087,0,0,0,0,0.14003,0,0.47552,0.35244,0.59314,0.41674,0.4555,0.37368,0.2581,0.20736,0.013348,0.11282,0.6417,0.57434,0.047996,0.27453,0.17453,0.32675,0.67356,0.65609,0.34517,0.54561,0.62193,0.55622,0.4738,0.55263,0.45858,0.50959,0.39684,0.46646,0.49604,0.42771,0.67186,0.65038,0.53214,0.60249,0.33613,0.28852,0.23005,0.080652,0.033332,0.03553,0.22084,0,0.41561,0.52382,0.40043,0.44192,0.252,0.17489,0.20238,0
0.12983,0.028534,0.06157,0.02396,0.07838,0,0,0,0,0,0,0,0,0,0.12819,0.37446,0,0,0.29283,0.48834,0.59364,0.59285,0.18761,0.13844,0.23123,0.17955,0.54759,0.50594,0.021606,0.10215,0,0.021225,0,0,0.12757,0.17886,0.8154,0.63358,1,0.92577,0.85533,0.72604,0.17041,0.090558,0,0,0.37664,0.38431,0,0,0.023029,0,0.089095,0.27212,0.57138,0.56936,0.018339,0,0.088263,0,0,0,0,0,0,0,0.24418,0.096997,0.3464,0.17394,0.16385,0.11365,0.10394,0.051972,0,0,0.60315,0.4284,0,0.095234,0,0,0.57221,0.80214,0.049141,0.34095,0.58119,0.70819,0.26096,0.41988,0.23308,0.35825,0.13835,0.34645,0.85802,0.77413,0.72583,0.81835,0.34889,0.50595,0.29321,0.11263,0.11253,0,0,0,0.37347,0,0.6839,0.57984,0,0.24784,0.035733,0.16231,0.26877,0.1651
0.18583,0.098122,0.11883,0.10768,0.058393,0,0.030771,0,0,0,0,0,0,0,0.063339,0.34376,0,0,0.3605,0.58768,0.57753,0.58166,0.22379,0.18451,0.21333,0.14463,0.53029,0.48284,0,0.057207,0,0,0.03955,0,0.19238,0.2489,0.68823,0.70586,0.92577,1,0.86639,0.74113,0.18533,0.074131,0.00085713,0,0.39507,0.41702,0,0,0.035522,0,0.10345,0.27713,0.57189,0.6671,0.056944,0,0.12779,0,0,0,0,0,0,0,0.28909,0.12429,0.3355,0.14331,0.14841,0.063606,0.057276,0.01068,0,0,0.62865,0.43985,0,0,0,0,0.54043,0.86614,0.0067498,0.32561,0.61241,0.82568,0.26778,0.4898,0.24794,0.40755,0.16358,0.4133,0.87766,0.8441,0.74267,0.85522,0.35642,0.51744,0.32308,0.14703,0.08093,0,0,0,0.50142,0,0.74916,0.62761,0,0.20866,0,0.13565,0.30526,0.28551
0.40493,0.29877,0.11389,0.10335,0.019007,0,0.11168,0,0,0,0.0034439,0,0,0,0.09901,0.40543,0,0,0.4477,0.63866,0.61054,0.59528,0.12504,0.082847,0.1994,0.13443,0.54418,0.49103,0.027448,0.14713,0,0,0.14928,0.053173,0.1712,0.25145,0.71326,0.691,0.85533,0.86639,1,0.81117,0.201,0.14997,0.040305,0,0.38,0.41144,0.023299,0,0.16998,0,0.18735,0.30412,0.59032,0.64275,0.24973,0.035327,0.25018,0.044426,0,0,0,0,0,0,0.3325,0.18598,0.39816,0.1851,0.25891,0.17238,0.32295,0.2616,0.091493,0.082093,0.70856,0.56164,0,0.034444,0,0.024167,0.5662,0.7983,0.09394,0.43586,0.5459,0.75234,0.23007,0.50668,0.22376,0.3571,0.093346,0.35206,0.75668,0.73467,0.68875,0.81805,0.43708,0.54943,0.38072,0.23786,0.17861,0.11468,0,0,0.47155,0,0.67555,0.59303,0,0.24203,0.048807,0.26386,0.42687,0.30456
0.42965,0.31993,0.24345,0.16561,0.15402,0.01747,0.10083,0,0,0,0.040711,0,0.074078,0.0011715,0.38079,0.5035,0,0.23919,0.46255,0.52535,0.66737,0.68839,0.32232,0.25638,0.42083,0.36883,0.55086,0.48348,0.30038,0.36641,0.16326,0.22963,0.23749,0.14767,0.33053,0.41463,0.67868,0.79384,0.72604,0.74113,0.81117,1,0.467,0.43384,0.2614,0.19359,0.55513,0.5802,0.2291,0.020667,0.34919,0.08968,0.39154,0.39546,0.66034,0.62612,0.32747,0.17375,0.25527,0.10682,0,0,0,0,0.071005,0,0.48767,0.37266,0.61707,0.433,0.4864,0.38607,0.51333,0.46817,0.26872,0.26633,0.74124,0.66587,0.029563,0.29038,0.20352,0.33483,0.66877,0.74925,0.34991,0.58394,0.63336,0.57979,0.35761,0.51618,0.33563,0.32398,0.25896,0.3441,0.57545,0.48593,0.68519,0.70055,0.543,0.58725,0.48028,0.36184,0.31832,0.19299,0.062449,0.022562,0.26577,0,0.48025,0.50286,0.30538,0.38491,0.19859,0.30054,0.28819,0.010858
0.41497,0.28253,0.52072,0.4076,0.29208,0.19965,0.24168,0.09013,0.30459,0.15803,0.12506,0.14398,0.25094,0.24733,0.66331,0.48403,0.41536,0.56233,0.35104,0.20064,0.32531,0.27638,0.47005,0.50388,0.53465,0.54881,0.39719,0.30312,0.45589,0.46409,0.49083,0.45558,0.50745,0.47524,0.53428,0.56129,0.37389,0.49713,0.17041,0.18533,0.201,0.467,1,0.92613,0.75687,0.73632,0.90674,0.89302,0.63482,0.46705,0.65785,0.47905,0.65957,0.64853,0.68451,0.61491,0.35296,0.41014,0.3541,0.32092,0.088848,0,0.40269,0.45744,0.34972,0,0.6987,0.6936,0.71869,0.6846,0.383,0.34659,0.3668,0.39329,0.30207,0.42546,0.45543,0.59136,0.43472,0.56929,0.67864,0.78435,0.60703,0.41916,0.68108,0.66326,0.52182,0.060765,0.50568,0.4939,0.57928,0.42103,0.55116,0.39729,0.085586,0,0.47653,0.37303,0.68728,0.59512,0.39119,0.45369,0.47159,0.32538,0.36969,0.32734,0,0.27935,0.068788,0.25503,0.74587,0.64224,0.57754,0.34915,0.18617,0
0.4189,0.3391,0.44331,0.39838,0.23653,0.16487,0.24454,0.1702,0.27705,0.14303,0.2312,0.28301,0.29685,0.36667,0.6023,0.42468,0.52084,0.61654,0.37114,0.1974,0.28281,0.22977,0.313,0.36523,0.3955,0.43086,0.28254,0.18201,0.57717,0.50637,0.43216,0.37425,0.53642,0.50653,0.41175,0.46005,0.30634,0.38136,0.090558,0.074131,0.14997,0.43384,0.92613,1,0.7236,0.76607,0.83273,0.8121,0.66103,0.54679,0.67513,0.5733,0.62652,0.59397,0.63313,0.52534,0.37564,0.4232,0.38282,0.38942,0.1751,0.078056,0.4999,0.49591,0.26685,0.077196,0.65093,0.69455,0.65713,0.60406,0.41367,0.36112,0.47778,0.46331,0.4287,0.51856,0.42663,0.58098,0.48988,0.58859,0.71126,0.76652,0.54984,0.3218,0.68095,0.64615,0.43256,0,0.41174,0.44167,0.50093,0.31706,0.46828,0.2594,0.0074772,0,0.4013,0.27829,0.66296,0.54413,0.37831,0.44339,0.44349,0.32068,0.308,0.2539,0,0.30787,0,0.18758,0.70681,0.59677,0.59184,0.3501,0.16627,0
0.44768,0.40785,0.53464,0.46065,0.30518,0.26115,0.18017,0.13364,0.25726,0.22144,0.1889,0.15915,0.22084,0.26404,0.50081,0.37412,0.41843,0.50372,0.25758,0.16796,0.12864,0.12375,0.46004,0.52907,0.45022,0.47166,0.30454,0.21615,0.27333,0.31079,0.46659,0.48305,0.65394,0.6603,0.7175,0.73376,0.11471,0.24695,0,0.00085713,0.040305,0.2614,0.75687,0.7236,1,0.92457,0.66772,0.70772,0.79912,0.62114,0.75576,0.51919,0.65247,0.62098,0.61083,0.50335,0.40431,0.53556,0.59492,0.50207,0.29253,0.10275,0.579,0.62772,0.47781,0.15937,0.83309,0.86612,0.62516,0.64317,0.070371,0.075106,0.24936,0.35268,0.21612,0.44531,0.25581,0.49669,0.37861,0.34066,0.57324,0.61099,0.42437,0.25905,0.72437,0.57878,0.44301,0.054711,0.45719,0.43047,0.58491,0.34221,0.54135,0.35823,0,0,0.37385,0.21927,0.64403,0.48406,0.3971,0.53219,0.47849,0.42897,0.51766,0.48217,0.031431,0.3756,0,0.1532,0.63774,0.60486,0.55351,0.44171,0.26782,0
0.45358,0.41472,0.53518,0.45753,0.24729,0.25424,0.23399,0.21665,0.28841,0.24716,0.2435,0.22025,0.2571,0.32376,0.49988,0.34924,0.52447,0.53153,0.26766,0.13915,0.07536,0.066463,0.38304,0.45195,0.36316,0.39295,0.18998,0.09247,0.35262,0.34617,0.45585,0.43783,0.65971,0.66157,0.60179,0.62055,0.071439,0.17527,0,0,0,0.19359,0.73632,0.76607,0.92457,1,0.63523,0.64057,0.81004,0.74032,0.72912,0.60177,0.62163,0.56131,0.55771,0.43346,0.40637,0.53582,0.58337,0.54612,0.33926,0.19931,0.63773,0.65925,0.43605,0.24276,0.73851,0.82084,0.56909,0.60189,0.094368,0.074326,0.26394,0.40567,0.27756,0.48904,0.24852,0.47836,0.43128,0.34625,0.59191,0.5833,0.36681,0.16509,0.69151,0.51112,0.32985,0,0.40627,0.37414,0.49664,0.23691,0.48541,0.26884,0,0,0.30409,0.15368,0.61512,0.44203,0.40077,0.51647,0.47837,0.42637,0.45658,0.43164,0,0.39444,0,0.11097,0.61375,0.57616,0.5976,0.42157,0.23389,0
0.43564,0.26736,0.47835,0.38083,0.20085,0.070181,0.22733,0.054695,0.26324,0.060499,0.084213,0.027655,0.22461,0.13717,0.56563,0.46289,0.24922,0.4128,0.41461,0.34141,0.43613,0.36739,0.42444,0.45299,0.45809,0.4426,0.4241,0.30565,0.33674,0.34634,0.31984,0.30554,0.48239,0.41857,0.46186,0.51639,0.5327,0.62727,0.37664,0.39507,0.38,0.55513,0.90674,0.83273,0.66772,0.63523,1,0.93312,0.57221,0.37194,0.61275,0.39464,0.66089,0.71142,0.78283,0.71523,0.35563,0.34866,0.37382,0.28968,0.10582,0,0.2835,0.28429,0.32437,0,0.67952,0.63862,0.74192,0.61757,0.41524,0.38112,0.35125,0.30301,0.22314,0.30861,0.57456,0.63916,0.3222,0.47244,0.54933,0.66638,0.6615,0.55083,0.61951,0.66722,0.59186,0.26015,0.58004,0.57887,0.65451,0.56536,0.55617,0.49342,0.3033,0.21679,0.68974,0.57453,0.75632,0.72351,0.41038,0.43011,0.42745,0.28414,0.33652,0.29317,0.10688,0.19446,0.24896,0.44021,0.71968,0.7277,0.55301,0.3629,0.24617,0
