1,0.79893,0.60054,0.51739,0.43972,0.26514,0.41762,0.282,0.33007,0.041893,0.49976,0.29251,0.27988,0.14672,0.31442,0.1961,0.48305,0.51714,0.57625,0.56926,0.28585,0.28641,0.55259,0.51431,0.45127,0.25558,0.29546,0.24165,0.39671,0.26272,0.42883,0.42344,0.5701,0.64059,0,0.052186,0,0,0.011489,0.11118,0.16182,0.26783,0.25301,0.075128,0.43426,0.43951,0.15997,0.2729,0.4368,0.53861,0.37024,0.30254,0.37691,0.27786,0.25515,0.40995,0.86631,0.75366,0.51259,0.51598,0.45481,0.23757,0.46891,0.40922,0.20389,0.078547,0.5317,0.52748,0.77286,0.67003,0.048402,0.10298,0.17943,0.36927,0.043211,0.1355,0.12721,0,0.18686,0.28482,0.47047,0.45424,0.31127,0.31009,0.2184,0.33074,0.22324,0.25783,0.20505,0.51339,0,0.19544,0,0.28147,0.26284,0.20303,0.26106,0.23705,0.028997,0.23262,0.096109,0.28638,0,0.23527,0,0,0.17365,0.060547,0.39446,0.26504,0.10092,0.018652,0,0.1137,0,0
0.79893,1,0.48778,0.56247,0.40465,0.12978,0.24438,0.25562,0.23113,0,0.36248,0.22676,0.1877,0.060325,0.32509,0.10134,0.45189,0.57372,0.46851,0.61716,0.20041,0.26468,0.46595,0.43505,0.46937,0.24925,0.32789,0.24156,0.38853,0.32897,0.36672,0.33024,0.48085,0.55788,0,0.0064414,0,0.13412,0.036386,0.2786,0.11281,0.32259,0.26432,0.12933,0.42457,0.44134,0.22511,0.30841,0.44966,0.59335,0.41886,0.36523,0.43,0.28059,0.34644,0.35618,0.7176,0.84667,0.35758,0.52438,0.26076,0.20496,0.33386,0.36117,0.13406,0,0.48707,0.47345,0.8016,0.70844,0,0,0.14417,0.42609,0.015757,0.085368,0,0,0.14171,0.30393,0.42812,0.45055,0.38833,0.38643,0.33511,0.34049,0.16847,0.33993,0.31901,0.43811,0.10116,0.1908,0,0.10997,0.28813,0.25973,0.37373,0.25953,0.1277,0.24212,0.072511,0.12714,0.018826,0.12355,0,0,0.084432,0.073931,0.35446,0.23764,0.10574,0.14813,0,0.23179,0.039022,0
0.60054,0.48778,1,0.75925,0.50794,0.44986,0.80948,0.63253,0.52063,0.21085,0.31489,0.26401,0.33327,0.30208,0.44384,0.37726,0.23696,0.056373,0.72971,0.65181,0.29737,0.33158,0.85456,0.76957,0.49689,0.41645,0.3596,0.45879,0.15941,0.034717,0.52601,0.56042,0.55284,0.5235,0.32248,0.39647,0,0,0.037346,0.074736,0.09346,0.083162,0.44186,0.1997,0.6203,0.52816,0.28339,0.38489,0.35395,0.49848,0.14825,0.054327,0.08554,0.21433,0.13792,0.35621,0.37981,0.33458,0.17364,0.33716,0.23281,0.19562,0.19558,0.14541,0.4974,0.28715,0.54986,0.55743,0.46335,0.50274,0.13023,0.14814,0.15378,0.29834,0.13906,0.20094,0.26881,0.027273,0,0.060964,0.11404,0.26914,0.35305,0.28736,0.18021,0.27598,0.2598,0.19576,0.27605,0.49155,0.13691,0.35323,0.18915,0.50059,0.25871,0.15664,0.21023,0.24298,0.030733,0.25084,0.18992,0.37397,0.021702,0.19297,0.039227,0.084878,0.17622,0.18841,0.21867,0.2135,0.13046,0.20052,0.060011,0.063591,0,0
0.51739,0.56247,0.75925,1,0.57168,0.543,0.65797,0.76192,0.59018,0.23368,0.27406,0.4518,0.3452,0.46393,0.55275,0.45344,0.16708,0.16687,0.55172,0.68537,0.19063,0.25511,0.75283,0.82508,0.43231,0.3635,0.31476,0.41365,0.067973,0.020005,0.37005,0.39771,0.41119,0.41231,0.21547,0.36921,0,0,0,0.020132,0.022208,0.16982,0.3045,0.084505,0.43589,0.36475,0.24138,0.23318,0.34467,0.49588,0.30822,0.21639,0.31756,0.31308,0.21811,0.29091,0.32952,0.48765,0.089224,0.51512,0.19284,0.45399,0.16794,0.33943,0.50425,0.44647,0.45309,0.53878,0.55481,0.54943,0.03056,0,0.087612,0.37022,0.17396,0.27725,0.26165,0.13155,0,0.028122,0.04991,0.21736,0.35333,0.31161,0.23399,0.26258,0.10931,0.15486,0.36758,0.5232,0.3932,0.47324,0.44442,0.36194,0.22555,0.16652,0.21932,0.20394,0.17683,0.38649,0.22609,0.17329,0.14572,0.10017,0.094252,0.023398,0.05656,0.12184,0.30467,0.19554,0.011606,0.28351,0.15889,0.24265,0.092279,0
0.43972,0.40465,0.50794,0.57168,1,0.51198,0.45636,0.38469,0.82844,0.097265,0.19426,0.15191,0.14984,0.22184,0.57011,0.16248,0.1049,0.27702,0.33406,0.37611,0.16324,0.2889,0.50133,0.49157,0.51783,0.18294,0.49972,0.46961,0.11912,0.086052,0.19829,0.25412,0.12235,0.25408,0.070127,0.12706,0.01596,0,0.05629,0.0039345,0.086706,0.20846,0.16318,0.0083059,0.24992,0.25452,0.14393,0.1638,0.1668,0.35337,0.19357,0.049742,0.27087,0.13043,0.16502,0.3738,0.33169,0.41,0.20332,0.4421,0.15009,0.21125,0.19432,0.15029,0.4505,0.2784,0.43581,0.43633,0.47916,0.48396,0,0.012858,0,0.16705,0.024326,0.16078,0.018391,0,0,0.15621,0.14669,0.27177,0.2574,0.12579,0.20794,0.25348,0.18084,0.13601,0.31772,0.48351,0.11751,0.19841,0.072915,0.35992,0.096435,0.080334,0.063528,0.12358,0,0.21953,0.033473,0.26435,0,0.1795,0.13088,0.083431,0.15436,0,0.24824,0.09792,0,0.041529,0,0.22666,0.10984,0
0.26514,0.12978,0.44986,0.543,0.51198,1,0.46852,0.53886,0.62157,0.60018,0.08381,0.29943,0.17532,0.42453,0.43759,0.40183,0,0,0.32385,0.33119,0.39911,0.31258,0.3292,0.44971,0.15295,0.36643,0.30246,0.52147,0,0,0.08306,0.12167,0.12881,0.1217,0.19104,0.24498,0,0,0,0,0,0,0.12464,0,0.18878,0.16387,0.041698,0.025384,0.19264,0.22901,0.1406,0.12278,0.15142,0.10319,0.071179,0.046327,0.13338,0.24335,0.29457,0.47616,0.29868,0.41842,0.19721,0.36845,0.30078,0.37426,0.31741,0.34073,0.18445,0.22079,0.27715,0.23313,0.082972,0.20841,0.29749,0.43759,0.42312,0.3483,0,0,0,0,0.052461,0.012101,0,0,0,0,0.19692,0.25426,0.37664,0.36153,0.38393,0.38502,0.034552,0.0025545,0,0,0.17867,0.2795,0.43105,0.35936,0.40069,0.3469,0.20825,0.1457,0.18508,0.15738,0.058319,0.092751,0,0.072286,0.19752,0.31142,0.12803,0
0.41762,0.24438,0.80948,0.65797,0.45636,0.46852,1,0.79143,0.53492,0.36821,0.33982,0.30481,0.47707,0.55817,0.37013,0.48367,0.22654,0.056048,0.58876,0.52747,0.17186,0.1771,0.6649,0.61575,0.23011,0.25133,0.17075,0.2932,0.11034,0,0.36888,0.3844,0.462,0.4408,0.30986,0.31834,0.085585,0,0.060698,0,0.10164,0,0.41442,0.13604,0.49385,0.39753,0.29384,0.26854,0.33185,0.37506,0.21222,0.038045,0.086229,0.25755,0.087117,0.2933,0.20247,0.18151,0.20946,0.27095,0.39434,0.39141,0.24237,0.22463,0.63935,0.52665,0.48636,0.51971,0.30539,0.45949,0.16092,0.1845,0.1333,0.19985,0.10829,0.18081,0.32384,0.20317,0,0.046632,0.076567,0.19646,0.19915,0.13937,0.10041,0.096731,0.19317,0.038511,0.2339,0.45127,0.29535,0.39937,0.34294,0.61148,0.099351,0.044392,0.053261,0.16003,0.14036,0.34808,0.30485,0.44468,0.14089,0.27751,0.099634,0.036938,0.27663,0.12964,0.17849,0.094762,0.093952,0.2284,0.22901,0.13706,0.012457,0
0.282,0.25562,0.63253,0.76192,0.38469,0.53886,0.79143,1,0.50154,0.45144,0.23115,0.47491,0.30619,0.58621,0.36647,0.52741,0.085471,0.033997,0.60041,0.64469,0.14255,0.11975,0.57052,0.59565,0.17102,0.25775,0.12746,0.24011,0,0,0.29917,0.3372,0.38586,0.39508,0.23448,0.30917,0.013428,0.016573,0,0,0,0,0.30838,0.081057,0.37223,0.30584,0.21083,0.16796,0.26612,0.33703,0.19825,0.10234,0.069454,0.17798,0.069344,0.15407,0.011867,0.17751,0.10976,0.36421,0.22424,0.54717,0.069472,0.33343,0.57195,0.62612,0.4002,0.48811,0.33513,0.4613,0.11363,0.057819,0.12258,0.29521,0.18338,0.26499,0.40304,0.33749,0,0,0,0.061341,0.2385,0.22833,0.058811,0.057726,0.077439,0.03476,0.22237,0.27877,0.40368,0.36348,0.52739,0.39703,0.11051,0.066934,0.091588,0.12743,0.18205,0.34772,0.40625,0.26949,0.30037,0.2099,0.20669,0.088474,0.1205,0.10439,0.16166,0.10853,0.071001,0.2611,0.28954,0.23006,0.15443,0.0052204
0.33007,0.23113,0.52063,0.59018,0.82844,0.62157,0.53492,0.50154,1,0.28018,0.1391,0.10905,0.12195,0.26211,0.59892,0.26637,0.034071,0.12015,0.32114,0.32408,0.20764,0.2418,0.43537,0.46668,0.35591,0.18476,0.20924,0.32102,0.022931,0.0065114,0.092681,0.16056,0.089509,0.16782,0.08111,0.17445,0.035791,0,0,0,0.04127,0.07047,0.097888,0,0.17352,0.15837,0.02111,0.018733,0.11941,0.23035,0.089416,0,0.1814,0.065232,0,0.21849,0.222,0.25746,0.16991,0.39888,0.13706,0.29212,0.13915,0.14055,0.51144,0.36786,0.35459,0.37199,0.35468,0.37017,0.012729,0.060725,0,0.10156,0.12254,0.19985,0.18375,0.029756,0,0.069854,0.042238,0.18495,0.11792,0.0088885,0,0.12075,0.10978,0,0.14985,0.41413,0.1406,0.2537,0.22049,0.4911,0.084768,0.0051608,0,0,0,0.22064,0.12592,0.31737,0.020104,0.18864,0.21351,0.091716,0.17638,0,0.24255,0.20255,0,0.018737,0.048253,0.20798,0.13556,0
0.041893,0,0.21085,0.23368,0.097265,0.60018,0.36821,0.45144,0.28018,1,0.10321,0.17941,0.18136,0.28346,0.28224,0.63761,0,0,0.24751,0.13659,0.32886,0.23719,0.17967,0.22473,0.040415,0.39773,0.27554,0.40175,0,0,0,0,0.050365,0.042448,0.15603,0.020844,0.028958,0.027138,0,0,0,0,0.010724,0.007507,0,0.0047727,0.069092,0,0.086961,0,0.052581,0.0091603,0,0.03439,0.094332,0,0,0,0.22261,0.096686,0.22269,0.33108,0,0.25643,0.084276,0.39438,0.034522,0.058219,0.01127,0.051692,0.22809,0.17873,0.20414,0.059097,0.31429,0.32443,0.35531,0.4621,0.022856,0,0,0,0.033796,0.11719,0.10372,0.038655,0,0,0.24352,0.041803,0.34185,0.25527,0.42138,0.28146,0,0,0,0,0.23125,0.059049,0.41167,0.29211,0.3977,0.13909,0.093159,0,0.083416,0.093868,0.14186,0.054616,0.17557,0.16863,0.29409,0.16236,0,0.082497
0.49976,0.36248,0.31489,0.27406,0.19426,0.08381,0.33982,0.23115,0.1391,0.10321,1,0.50142,0.72641,0.45934,0.30713,0.30374,0.55488,0.38532,0.20717,0.26708,0.25247,0.25209,0.39162,0.33936,0.094986,0.10873,0.0174,0.015805,0.2491,0.080986,0.37061,0.41927,0.47751,0.52128,0.20058,0.15835,0.023196,0,0,0,0,0.19838,0.21047,0.10039,0.35616,0.39825,0.11058,0.144,0.34362,0.39858,0.35422,0.17363,0.22888,0.2159,0.22214,0.012519,0.3918,0.31164,0.24456,0.18819,0.5194,0.32515,0.61279,0.45754,0.2579,0.30089,0.273,0.281,0.36422,0.23487,0.3106,0.25419,0.29399,0.26072,0.12502,0.11418,0.31728,0.087062,0.24797,0.23684,0.36095,0.24665,0.25822,0.043801,0.29103,0.091598,0.25744,0.054103,0.27376,0.068309,0,0.064535,0,0.034976,0,0,0.11002,0.021962,0.16783,0.12716,0.1572,0.070943,0.13301,0,0.02323,0,0.070167,0.20246,0.25407,0.11266,0.34389,0.15246,0.12688,0.014046,0,0.10745
0.29251,0.22676,0.26401,0.4518,0.15191,0.29943,0.30481,0.47491,0.10905,0.17941,0.50142,1,0.54618,0.71671,0.36563,0.52575,0.13256,0.092077,0.30109,0.38321,0.15611,0.13269,0.4193,0.44384,0.079537,0.17482,0.075,0.15085,0,0,0.34116,0.42519,0.47338,0.44418,0.38434,0.444,0,0.085907,0,0,0,0.15441,0.18775,0.18963,0.30011,0.30365,0.15045,0.20031,0.28321,0.40519,0.33139,0.35435,0.22591,0.28303,0.18643,0.10012,0.14259,0.24007,0.19722,0.40268,0.34244,0.56402,0.26419,0.54189,0.24989,0.5116,0.33247,0.41848,0.20541,0.14192,0.21395,0.029794,0.24415,0.21393,0.2798,0.242,0.38698,0.22747,0,0,0.0087231,0.042462,0.24937,0.1763,0.14219,0.14535,0.10307,0.04287,0.14491,0.1378,0.20049,0.2354,0.19449,0.00042759,0,0,0.068794,0,0.26687,0.34044,0.30911,0.045827,0.33872,0.10244,0.19519,0.06344,0.0063614,0.256,0.078431,0,0.19166,0.12959,0.15844,0.17257,0.056158,0.059017
0.27988,0.1877,0.33327,0.3452,0.14984,0.17532,0.47707,0.30619,0.12195,0.18136,0.72641,0.54618,1,0.65371,0.49718,0.467,0.39859,0.23968,0.12137,0.18966,0.15136,0.17642,0.43637,0.40961,0.063447,0.16764,0.0056254,0.071714,0.15644,0,0.30867,0.3404,0.41141,0.36522,0.42382,0.34459,0.18502,0,0,0,0.090291,0.18965,0.23823,0.12739,0.3346,0.30132,0.21693,0.16131,0.40319,0.38755,0.4067,0.26129,0.20688,0.27079,0.18419,0,0.21737,0.24259,0.23766,0.21285,0.56162,0.42118,0.45467,0.41458,0.43702,0.4163,0.33348,0.347,0.13834,0.16096,0.36521,0.29167,0.32184,0.21109,0.18568,0.13329,0.32054,0.25174,0.24116,0.12798,0.25513,0.2058,0.15835,0,0.38362,0.099621,0.12757,0,0.29781,0.15115,0.29469,0.26819,0.27444,0.26962,0,0,0,0,0.3297,0.3243,0.37408,0.26224,0.37098,0.12466,0.084798,0,0.14897,0.23835,0.071147,0,0.32796,0.23581,0.35938,0.2392,0,0.061405
0.14672,0.060325,0.30208,0.46393,0.22184,0.42453,0.55817,0.58621,0.26211,0.28346,0.45934,0.71671,0.65371,1,0.33716,0.53953,0.16879,0.10765,0.1866,0.30499,0.056771,0.038858,0.36595,0.40519,0,0.17139,0,0.080007,0,0,0.20199,0.26141,0.43024,0.37838,0.43535,0.47399,0.094645,0.045007,0,0,0.017908,0.12084,0.27275,0.1366,0.3215,0.23879,0.22011,0.13941,0.34681,0.33747,0.44978,0.33045,0.25985,0.3598,0.17156,0.13235,0.053078,0.15478,0.23875,0.35389,0.54773,0.64692,0.41675,0.5415,0.48833,0.65487,0.41179,0.44062,0.1112,0.17218,0.21902,0.057261,0.19252,0.17729,0.21542,0.20804,0.40357,0.31079,0,0.012965,0.096961,0.08119,0.16205,0.070805,0.11397,0.040313,0.10107,0,0.15606,0.21494,0.36769,0.30256,0.33666,0.22969,0,0,0,0.061984,0.39151,0.45824,0.39662,0.19601,0.40614,0.15453,0.24992,0.071825,0.19005,0.24679,0.11278,0,0.14121,0.22314,0.38659,0.28111,0.13554,0.13819
0.31442,0.32509,0.44384,0.55275,0.57011,0.43759,0.37013,0.36647,0.59892,0.28224,0.30713,0.36563,0.49718,0.33716,1,0.56817,0.16519,0.18125,0.3413,0.40212,0.33386,0.32655,0.50092,0.49802,0.4572,0.47956,0.44606,0.46741,0.25814,0.13166,0.25171,0.27925,0.28546,0.28892,0.29099,0.30394,0.093834,0.065956,0,0,0.0063062,0.15407,0.30393,0.24078,0.29198,0.31645,0.26285,0.25776,0.34746,0.42359,0.27995,0.2234,0.2045,0.17203,0.22639,0.10345,0.2137,0.34684,0.13892,0.35839,0.16251,0.26979,0.12849,0.2199,0.35261,0.27823,0.35705,0.40652,0.33449,0.3401,0.085004,0,0.18709,0.17483,0.24103,0.26762,0.14673,0.10449,0.1257,0.053271,0.27575,0.28244,0.42835,0.31148,0.43144,0.39278,0.078871,0.062354,0.34739,0.32847,0.40669,0.36702,0.42382,0.29897,0.091755,0.053296,0.19342,0.081747,0.23679,0.33658,0.31891,0.21768,0.29595,0.12998,0.18758,0.095327,0.063022,0.16944,0.20037,0.1333,0.25086,0.27093,0.25939,0.34352,0.079882,0.012262
0.1961,0.10134,0.37726,0.45344,0.16248,0.40183,0.48367,0.52741,0.26637,0.63761,0.30374,0.52575,0.467,0.53953,0.56817,1,0.20392,0.00905,0.45562,0.43327,0.37767,0.27132,0.43778,0.42483,0.29234,0.59038,0.30717,0.40268,0.20566,0.19855,0.29627,0.3112,0.38511,0.33493,0.3497,0.29187,0.10098,0.15934,0,0,0,0,0.41709,0.4233,0.34527,0.42219,0.392,0.32763,0.38973,0.41349,0.26997,0.23111,0.059789,0.28319,0.19021,0.085692,0.074103,0.090486,0.12667,0.15435,0.20148,0.30537,0.2014,0.25904,0.10161,0.36381,0.2864,0.40637,0.22434,0.25698,0.2172,0.11246,0.40216,0.26264,0.43613,0.36952,0.3244,0.37559,0.31452,0.066949,0.24114,0.31207,0.30042,0.41791,0.31481,0.41364,0.012773,0,0.19721,0.27104,0.38027,0.29606,0.46128,0.23967,0,0,0.16014,0.079241,0.34736,0.29233,0.39285,0.23029,0.40095,0.056038,0.19209,0.010514,0.082677,0.21881,0.25466,0.068373,0.35644,0.26981,0.28767,0.24039,0.017567,0.11338
0.48305,0.45189,0.23696,0.16708,0.1049,0,0.22654,0.085471,0.034071,0,0.55488,0.13256,0.39859,0.16879,0.16519,0.20392,1,0.56533,0.28872,0.38132,0.17245,0.1273,0.32665,0.21672,0.35533,0.21996,0,0,0.72289,0.57219,0.47664,0.41278,0.48507,0.54806,0.15657,0.16398,0.10825,0.087194,0.061929,0.018907,0.27099,0.36031,0.30177,0.19163,0.37908,0.41217,0.18637,0.2118,0.3998,0.34229,0.24065,0.061959,0.096969,0.070474,0.13637,0.13213,0.51191,0.30549,0.061785,0.012111,0.26673,0.071368,0.50611,0.1671,0.19257,0.077454,0.26368,0.31488,0.40706,0.36438,0.18399,0.15463,0.30361,0.33816,0.011755,0.0094331,0.034044,0,0.65727,0.54235,0.74204,0.65511,0.25967,0.18902,0.34356,0.28849,0.20461,0.034049,0.014199,0.17329,0,0,0,0.023861,0.092029,0.035486,0.2084,0.22444,0.02677,0.12943,0.025619,0.097862,0,0,0,0,0.15364,0.0929,0.34452,0.24393,0.31602,0.086282,0,0.0032454,0,0
0.51714,0.57372,0.056373,0.16687,0.27702,0,0.056048,0.033997,0.12015,0,0.38532,0.092077,0.23968,0.10765,0.18125,0.00905,0.56533,1,0.11966,0.21617,0.07908,0.067164,0.12222,0.10784,0.2293,0.064558,0.11787,0,0.42181,0.42627,0.13745,0.1007,0.26126,0.37913,0,0,0.050161,0.084396,0.1093,0.07951,0.20184,0.29477,0.10337,0.0015411,0.14866,0.18882,0.10131,0.12622,0.34063,0.29342,0.42958,0.2729,0.42431,0.22545,0.3391,0.24255,0.60965,0.66141,0.42108,0.31982,0.41556,0.21925,0.46117,0.45493,0.092389,0.059904,0.33658,0.27026,0.56378,0.48357,0,0.011404,0.07976,0.30882,0,0.07836,0,0,0.3052,0.58184,0.5182,0.47624,0.26888,0.17555,0.32433,0.23299,0.16243,0.15412,0.20194,0.2482,0.06661,0.078605,0,0.050097,0.12989,0.12806,0.26184,0.21995,0.1902,0.28921,0.14898,0.11785,0.11564,0.14783,0.026238,0,0.17846,0.028405,0.39896,0.18469,0.1639,0.1527,0.063265,0.37977,0.15513,0
0.57625,0.46851,0.72971,0.55172,0.33406,0.32385,0.58876,0.60041,0.32114,0.24751,0.20717,0.30109,0.12137,0.1866,0.3413,0.45562,0.28872,0.11966,1,0.82157,0.3867,0.35339,0.58705,0.50497,0.48726,0.47465,0.38593,0.40808,0.2799,0.28881,0.53656,0.51097,0.51529,0.54113,0.17945,0.29793,0.011706,0.19815,0.015065,0.15377,0.096328,0.055512,0.46883,0.35229,0.504,0.52828,0.29236,0.45585,0.34103,0.48514,0.12585,0.14923,0.032775,0.22403,0.084121,0.36941,0.31631,0.32009,0.25371,0.40902,0.11624,0.20724,0.091269,0.15096,0.25762,0.21178,0.56547,0.62424,0.5844,0.6197,0.08824,0.17165,0.30639,0.43629,0.26329,0.32293,0.29478,0.1778,0.042989,0.13846,0.21381,0.44117,0.38138,0.4621,0.10172,0.37327,0.191,0.23885,0.075164,0.40683,0.085099,0.22753,0.12694,0.33384,0.21569,0.18323,0.23396,0.27025,0.027695,0.26005,0.29611,0.40263,0.14886,0.34868,0.17202,0.10646,0.21265,0.18143,0.15605,0.19931,0.18206,0.094826,0,0.14606,0.058196,0
0.56926,0.61716,0.65181,0.68537,0.37611,0.33119,0.52747,0.64469,0.32408,0.13659,0.26708,0.38321,0.18966,0.30499,0.40212,0.43327,0.38132,0.21617,0.82157,1,0.30562,0.2399,0.57818,0.53994,0.46575,0.47399,0.33188,0.31027,0.34896,0.36795,0.54403,0.49805,0.57646,0.62805,0.15535,0.2806,0,0.19598,0.0044943,0.21975,0.12815,0.16161,0.4986,0.34847,0.53841,0.56016,0.31305,0.40276,0.45044,0.57637,0.24602,0.20979,0.12106,0.27185,0.22539,0.33272,0.29637,0.4311,0.12878,0.48312,0.13833,0.31799,0.18907,0.28232,0.29667,0.19488,0.57195,0.66042,0.68835,0.72777,0.04672,0.020303,0.35184,0.49322,0.27936,0.29652,0.26122,0.15308,0.049151,0.13326,0.30137,0.51239,0.4443,0.52156,0.18243,0.2917,0.15603,0.3105,0.17573,0.38091,0.21434,0.1879,0.22298,0.12826,0.24306,0.20981,0.30521,0.33455,0.13711,0.28564,0.26715,0.1758,0.2243,0.20895,0.18235,0.07408,0.14349,0.22601,0.14135,0.19188,0.13015,0.10746,0,0.21015,0.062059,0
0.28585,0.20041,0.29737,0.19063,0.16324,0.39911,0.17186,0.14255,0.20764,0.32886,0.25247,0.15611,0.15136,0.056771,0.33386,0.37767,0.17245,0.07908,0.3867,0.30562,1,0.78109,0.30081,0.31237,0.38605,0.5674,0.33932,0.43171,0.11916,0.18231,0.40746,0.37372,0.21864,0.15505,0.23225,0.15051,0,0.17061,0,0,0,0,0.26285,0.31218,0.16447,0.31396,0.16786,0.24899,0.21655,0.29111,0.12901,0.15811,0.050002,0.1331,0.058244,0,0.23803,0.097702,0.087881,0.090582,0.047722,0,0.14611,0.048019,0,0,0.15824,0.24514,0.27606,0.26384,0.45943,0.48169,0.4126,0.34822,0.43159,0.39181,0.34431,0.26694,0.20139,0.14375,0.11097,0.33541,0,0.0015951,0.1221,0.3016,0,0,0.11687,0.1769,0.086883,0.14848,0.058951,0.11708,0,0,0,0,0.02635,0,0.13918,0.21126,0.12592,0,0.1181,0.065608,0,0,0.061891,0.13701,0.28023,0,0,0.003183,0,0.019898
0.28641,0.26468,0.33158,0.25511,0.2889,0.31258,0.1771,0.11975,0.2418,0.23719,0.25209,0.13269,0.17642,0.038858,0.32655,0.27132,0.1273,0.067164,0.35339,0.2399,0.78109,1,0.39604,0.34515,0.482,0.46574,0.39595,0.49081,0.064897,0.078736,0.43271,0.43458,0.15902,0.17043,0.19804,0.11283,0.029731,0.13739,0,0,0,0.16602,0.18584,0.17208,0.15639,0.2807,0.18644,0.24491,0.25016,0.39405,0.25544,0.29258,0.21753,0.20633,0.037046,0.035333,0.23162,0.21915,0.15647,0.21978,0.054128,0,0.12414,0.072624,0.00034727,0,0.172,0.2683,0.25993,0.26561,0.39502,0.47255,0.27224,0.38393,0.35866,0.33148,0.19275,0.15361,0.15327,0.18163,0.047943,0.26968,0,0,0.185,0.37209,0,0,0.19882,0.25563,0.052502,0.21267,0,0.18576,0,0,0,0,0,0,0.087838,0.2424,0,0,0,0,0,0,0.15273,0.047084,0.206,0.055526,0.022448,0,0,0
0.55259,0.46595,0.85456,0.75283,0.50133,0.3292,0.6649,0.57052,0.43537,0.17967,0.39162,0.4193,0.43637,0.36595,0.50092,0.43778,0.32665,0.12222,0.58705,0.57818,0.30081,0.39604,1,0.88287,0.63339,0.45318,0.42489,0.48858,0.20013,0.066006,0.65552,0.72141,0.59472,0.5782,0.41869,0.43711,0,0,0.0090668,0.060612,0.084344,0.27788,0.37666,0.19388,0.53414,0.47287,0.27925,0.36892,0.3617,0.52525,0.21078,0.14151,0.13815,0.255,0.17269,0.30691,0.37536,0.32631,0.069995,0.25935,0.20388,0.22049,0.13582,0.18504,0.50618,0.35745,0.40576,0.47981,0.42131,0.4194,0.20454,0.12282,0.1029,0.27691,0.1096,0.1181,0.17831,0,0.11208,0.11228,0.1292,0.2314,0.37897,0.29327,0.3293,0.36737,0.23876,0.13506,0.32861,0.45322,0.073013,0.3043,0.10645,0.3443,0.14854,0.032314,0.17947,0.17416,0.011198,0.18,0.083684,0.20158,0,0,0,0,0.041549,0.090662,0.32216,0.11286,0.13919,0.19962,0.027195,0,0,0
0.51431,0.43505,0.76957,0.82508,0.49157,0.44971,0.61575,0.59565,0.46668,0.22473,0.33936,0.44384,0.40961,0.40519,0.49802,0.42483,0.21672,0.10784,0.50497,0.53994,0.31237,0.34515,0.88287,1,0.58083,0.47411,0.43121,0.5419,0.10964,0,0.50426,0.53646,0.41197,0.3989,0.39595,0.44085,0,0,0.076585,0.078431,0.068618,0.11589,0.31201,0.13805,0.43105,0.34892,0.25882,0.30215,0.31209,0.41801,0.25096,0.16522,0.26259,0.26695,0.2506,0.29843,0.36025,0.32926,0.071895,0.3344,0.18045,0.28766,0.10581,0.19879,0.44588,0.38822,0.34548,0.42344,0.38874,0.40091,0.26439,0.14479,0.072493,0.27494,0.097863,0.145,0.31677,0.11376,0,0,0.051721,0.15642,0.32783,0.2256,0.30576,0.27587,0.17424,0.14333,0.41169,0.46719,0.21444,0.35422,0.24619,0.32485,0.16451,0.10918,0.14971,0.16793,0.05219,0.18526,0.15096,0.18346,0.047808,0.057942,0,0.011686,0.088124,0.091014,0.19048,0.12537,0.023942,0.12653,0.0083677,0.084861,0,0
0.45127,0.46937,0.49689,0.43231,0.51783,0.15295,0.23011,0.17102,0.35591,0.040415,0.094986,0.079537,0.063447,0,0.4572,0.29234,0.35533,0.2293,0.48726,0.46575,0.38605,0.482,0.63339,0.58083,1,0.68522,0.60875,0.5477,0.50889,0.38912,0.5958,0.54746,0.30484,0.34688,0.28759,0.27789,0.12331,0.19647,0.1329,0.27007,0.26149,0.34858,0.39126,0.34209,0.41848,0.4627,0.35719,0.48684,0.39374,0.50367,0.2149,0.18118,0.15703,0.16855,0.22243,0.34803,0.36809,0.30408,0.029843,0.16751,0,0,0,0,0.13802,0,0.38138,0.46273,0.43099,0.4749,0.040212,0.021708,0.082703,0.21218,0.044314,0.021107,0,0,0.28137,0.24287,0.43317,0.52766,0.37152,0.38062,0.4679,0.6372,0.081802,0.077223,0.19902,0.36818,0,0.074197,0,0.15164,0.12823,0.15453,0.29429,0.24827,0,0.064896,0,0.14553,0,0.032753,0.036726,0.038836,0.045949,0,0.25611,0.18265,0.17143,0.0080625,0,0.063827,0,0
0.25558,0.24925,0.41645,0.3635,0.18294,0.36643,0.25133,0.25775,0.18476,0.39773,0.10873,0.17482,0.16764,0.17139,0.47956,0.59038,0.21996,0.064558,0.47465,0.47399,0.5674,0.46574,0.45318,0.47411,0.68522,1,0.50772,0.60605,0.3375,0.26382,0.47364,0.41313,0.36692,0.30076,0.42437,0.38964,0.043059,0.21666,0,0.068647,0.053113,0.068555,0.52825,0.49641,0.48437,0.52664,0.40907,0.49994,0.50693,0.4913,0.30841,0.25784,0.12545,0.21991,0.31444,0.15979,0.14898,0.12641,0.030994,0.10458,0,0,0.054989,0,0,0.029236,0.34809,0.46841,0.26214,0.35219,0.11709,0.044245,0.45057,0.27771,0.41576,0.32028,0.21571,0.19443,0.27454,0.11135,0.34022,0.48178,0.30665,0.39335,0.41391,0.54635,0,0,0.24312,0.2146,0.31046,0.23844,0.26463,0.098459,0.082078,0.089694,0.34272,0.19637,0.27672,0.21293,0.29264,0.1151,0.26363,0.052286,0.23243,0.1487,0,0.066283,0.14327,0.19911,0.42523,0.18861,0.089081,0.21053,0.010268,0.023695
0.29546,0.32789,0.3596,0.31476,0.49972,0.30246,0.17075,0.12746,0.20924,0.27554,0.0174,0.075,0.0056254,0,0.44606,0.30717,0,0.11787,0.38593,0.33188,0.33932,0.39595,0.42489,0.43121,0.60875,0.50772,1,0.85487,0.14867,0.13035,0.28315,0.26292,0.14166,0.19875,0.15461,0.10261,0,0.10024,0.094766,0.29583,0,0,0.2767,0.37603,0.22018,0.31105,0.35195,0.40083,0.16351,0.31441,0.13789,0.12152,0.11629,0.10146,0.32467,0.26032,0.22013,0.2636,0.13417,0.24198,0,0,0,0,0,0.026891,0.22752,0.25951,0.30881,0.33239,0,0,0.049995,0.076928,0.022338,0.081041,0,0,0.0095871,0.014388,0.11942,0.18286,0.38226,0.43415,0.45012,0.43067,0.053698,0.3496,0.47978,0.28449,0.16929,0.10769,0.049065,0.024013,0.17721,0.25212,0.26725,0.18888,0.040753,0,0.052995,0.097346,0.040088,0.035053,0,0.013186,0,0,0.091238,0.072268,0,0.028801,0,0.031498,0,0
0.24165,0.24156,0.45879,0.41365,0.46961,0.52147,0.2932,0.24011,0.32102,0.40175,0.015805,0.15085,0.071714,0.080007,0.46741,0.40268,0,0,0.40808,0.31027,0.43171,0.49081,0.48858,0.5419,0.5477,0.60605,0.85487,1,0,0,0.30525,0.30418,0.16435,0.16958,0.25356,0.20743,0,0.048436,0,0.11951,0,0,0.21721,0.30047,0.21955,0.27399,0.25143,0.34571,0.11403,0.28682,0.12282,0.11545,0.13129,0.11389,0.23491,0.16864,0.15906,0.21545,0.14687,0.25731,0,0.042002,0,0.050955,0.0070157,0.10821,0.21734,0.26153,0.23027,0.25007,0.088445,0.056399,0.028102,0.081009,0.15334,0.18739,0.065248,0.039256,0,0,0,0.085321,0.29936,0.29391,0.33954,0.3554,0.032578,0.16025,0.4891,0.34323,0.24316,0.28424,0.16774,0.15396,0.10243,0.11192,0.178,0.051817,0.049336,0.036864,0.15458,0.15399,0.113,0.044532,0,0.065081,0,0.064197,0.04844,0.061962,0.078084,0.08492,0.0025402,0.0818,0,0
0.39671,0.38853,0.15941,0.067973,0.11912,0,0.11034,0,0.022931,0,0.2491,0,0.15644,0,0.25814,0.20566,0.72289,0.42181,0.2799,0.34896,0.11916,0.064897,0.20013,0.10964,0.50889,0.3375,0.14867,0,1,0.71596,0.42424,0.3168,0.38619,0.47738,0.033326,0.037332,0.27536,0.2084,0.23877,0.28759,0.36591,0.26651,0.35904,0.29514,0.366,0.42092,0.25578,0.31864,0.45669,0.38499,0.23473,0.12804,0.10144,0.076528,0.23489,0.26136,0.38839,0.25406,0.090286,0,0.079972,0,0.28053,0.020784,0.028978,0,0.28156,0.32837,0.33831,0.38053,0,0,0.25575,0.18382,0,0,0,0,0.59697,0.39867,0.79361,0.62259,0.38197,0.41102,0.32343,0.38402,0.09589,0.1195,0,0.14989,0,0,0,0,0.30098,0.28959,0.44383,0.37007,0.010534,0.082033,0,0.063942,0,0.084196,0,0.0057528,0.093829,0,0.31764,0.32625,0.21628,0.065198,0,0.066965,0,0
0.26272,0.32897,0.034717,0.020005,0.086052,0,0,0,0.0065114,0,0.080986,0,0,0,0.13166,0.19855,0.57219,0.42627,0.28881,0.36795,0.18231,0.078736,0.066006,0,0.38912,0.26382,0.13035,0,0.71596,1,0.42833,0.30173,0.28882,0.40867,0,0.026224,0.053083,0.34248,0.11029,0.22575,0.15377,0.24952,0.25838,0.26637,0.16148,0.28713,0.13598,0.18598,0.28873,0.29673,0.12806,0.096576,0,0,0.0011916,0.1666,0.27475,0.21483,0.069851,0.093258,0.057558,0,0.23824,0.088712,0.024568,0,0.25878,0.26231,0.3777,0.34328,0.05509,0.028775,0.089685,0.39367,0,0.078291,0,0,0.52518,0.57608,0.65574,0.64708,0.29833,0.46781,0.093418,0.23282,0.097564,0.17038,0,0.064577,0,0,0,0,0.24996,0.34178,0.2836,0.32536,0,0,0,0,0,0.043482,0.021549,0,0.14178,0.058389,0.24945,0.30748,0.023171,0,0,0.085032,0,0
0.42883,0.36672,0.52601,0.37005,0.19829,0.08306,0.36888,0.29917,0.092681,0,0.37061,0.34116,0.30867,0.20199,0.25171,0.29627,0.47664,0.13745,0.53656,0.54403,0.40746,0.43271,0.65552,0.50426,0.5958,0.47364,0.28315,0.30525,0.42424,0.42833,1,0.9408,0.66786,0.67704,0.44786,0.40346,0,0.15933,0,0.04354,0.033134,0.22599,0.40347,0.35593,0.50879,0.56131,0.19527,0.39948,0.3841,0.50001,0.14675,0.097555,0,0.061398,0,0.11274,0.26644,0.15218,0.045518,0.10743,0.1599,0.035507,0.23727,0.13393,0.27558,0.14057,0.36338,0.46926,0.32326,0.32405,0.39037,0.28374,0.21414,0.32201,0.10321,0.084886,0.148,0,0.28362,0.28749,0.31065,0.38616,0.27486,0.25334,0.14686,0.24842,0.084858,0.0088348,0,0.13126,0,0,0,0.0036543,0.042081,0,0.14738,0.15296,0,0.016357,0.019895,0.098899,0,0,0,0,0.023947,0.12408,0.14247,0.13846,0.24338,0,0,0,0,0
0.42344,0.33024,0.56042,0.39771,0.25412,0.12167,0.3844,0.3372,0.16056,0,0.41927,0.42519,0.3404,0.26141,0.27925,0.3112,0.41278,0.1007,0.51097,0.49805,0.37372,0.43458,0.72141,0.53646,0.54746,0.41313,0.26292,0.30418,0.3168,0.30173,0.9408,1,0.67932,0.68733,0.43774,0.40414,0,0.11689,0,0,0.017712,0.27264,0.35613,0.29595,0.51253,0.54758,0.16664,0.37024,0.34585,0.51447,0.1303,0.095501,0,0.049031,0,0.12076,0.25482,0.1437,0.055039,0.132,0.17501,0.086661,0.24924,0.17261,0.34157,0.22592,0.36741,0.47064,0.31269,0.28163,0.36141,0.26832,0.18012,0.29004,0.1242,0.072674,0.16123,0,0.20631,0.26037,0.21589,0.28907,0.2913,0.22799,0.15968,0.24518,0.15327,0.031845,0.03361,0.13035,0,0.0061444,0,0.034434,0.00013337,0,0.10522,0.097351,0,0.024025,0.015812,0.10651,0,0,0,0,0,0.125,0.17651,0.078172,0.25637,0,0,0,0,0
0.5701,0.48085,0.55284,0.41119,0.12235,0.12881,0.462,0.38586,0.089509,0.050365,0.47751,0.47338,0.41141,0.43024,0.28546,0.38511,0.48507,0.26126,0.51529,0.57646,0.21864,0.15902,0.59472,0.41197,0.30484,0.36692,0.14166,0.16435,0.38619,0.28882,0.66786,0.67932,1,0.9178,0.37266,0.37395,0,0.084159,0,0.03687,0.053313,0.14967,0.45329,0.37867,0.63063,0.62922,0.23665,0.40545,0.46116,0.55118,0.31451,0.19726,0.088385,0.15522,0.18908,0.19249,0.46691,0.39785,0.30129,0.28351,0.48101,0.3643,0.45768,0.46447,0.30636,0.29905,0.56912,0.5807,0.46414,0.41665,0.096433,0,0.30684,0.21055,0.15678,0.045192,0.18567,0,0.23897,0.27316,0.42062,0.35463,0.41968,0.39659,0.22382,0.29226,0.24589,0.14712,0.090833,0.21054,0,0.20084,0,0.11094,0.22934,0.041946,0.35683,0.22816,0.18929,0.28828,0.15924,0.11226,0.091731,0.0073492,0.045727,0,0.052267,0.25862,0.36413,0.16749,0.40345,0.2479,0.048431,0.069803,0,0
0.64059,0.55788,0.5235,0.41231,0.25408,0.1217,0.4408,0.39508,0.16782,0.042448,0.52128,0.44418,0.36522,0.37838,0.28892,0.33493,0.54806,0.37913,0.54113,0.62805,0.15505,0.17043,0.5782,0.3989,0.34688,0.30076,0.19875,0.16958,0.47738,0.40867,0.67704,0.68733,0.9178,1,0.24069,0.26779,0,0.062878,0,0.088444,0.051037,0.20891,0.39166,0.2703,0.55972,0.58133,0.1845,0.33778,0.43813,0.55425,0.31851,0.17422,0.13115,0.12258,0.20613,0.2486,0.50354,0.49409,0.34731,0.3706,0.48783,0.42267,0.49936,0.52805,0.33766,0.3002,0.54566,0.56119,0.55675,0.48867,0.10071,0.0014179,0.22838,0.30661,0.13921,0.047369,0.14285,0,0.25788,0.34922,0.48543,0.38298,0.47409,0.43269,0.19051,0.23687,0.31586,0.20837,0.11146,0.23725,0,0.0988,0,0.1165,0.26722,0.093599,0.36615,0.24194,0.079137,0.22969,0.14737,0.16669,0.042042,0.042796,0,0,0.098051,0.23471,0.42046,0.21405,0.31103,0.15345,0,0.017985,0,0
0,0,0.32248,0.21547,0.070127,0.19104,0.30986,0.23448,0.08111,0.15603,0.20058,0.38434,0.42382,0.43535,0.29099,0.3497,0.15657,0,0.17945,0.15535,0.23225,0.19804,0.41869,0.39595,0.28759,0.42437,0.15461,0.25356,0.033326,0,0.44786,0.43774,0.37266,0.24069,1,0.83742,0.061076,0.099011,0,0,0.048069,0,0.34332,0.36578,0.38523,0.32933,0.26838,0.36175,0.23166,0.20795,0.20443,0.081947,0,0.031641,0.080587,0,0,0,0.05145,0.066735,0.22026,0.17063,0.11932,0.069665,0.31839,0.39122,0.40104,0.43872,0,0,0.30643,0.0943,0.20772,0,0.18476,0.10945,0.2951,0.19081,0.050636,0,0.073566,0.10784,0.11031,0.040037,0.24135,0.18916,0.064836,0,0.085947,0.043711,0.14608,0.15409,0.18088,0.13656,0,0,0.090174,0.094381,0.20814,0.20141,0.26482,0.12993,0.29346,0.12273,0.225,0.22823,0.090505,0.30623,0,0.0030949,0.36232,0.16863,0.20005,0.076606,0,0.13437
0.052186,0.0064414,0.39647,0.36921,0.12706,0.24498,0.31834,0.30917,0.17445,0.020844,0.15835,0.444,0.34459,0.47399,0.30394,0.29187,0.16398,0,0.29793,0.2806,0.15051,0.11283,0.43711,0.44085,0.27789,0.38964,0.10261,0.20743,0.037332,0.026224,0.40346,0.40414,0.37395,0.26779,0.83742,1,0,0.069352,0,0,0.11435,0.025193,0.36,0.31359,0.42682,0.33311,0.23691,0.36168,0.21729,0.24699,0.15833,0.087997,0.062378,0.066715,0.086413,0.074752,0.022083,0.0046009,0.044535,0.25669,0.16192,0.30254,0.13266,0.16156,0.32725,0.45533,0.46632,0.5222,0,0.018448,0.15855,0,0.15241,0.050564,0.22653,0.16071,0.30515,0.15761,0,0,0.073381,0.17175,0.19628,0.084389,0.15789,0.17484,0.14028,0,0.088202,0.11161,0.19466,0.23252,0.26301,0.20435,0.048163,0,0.13782,0.18072,0.21136,0.36113,0.34421,0.15581,0.3284,0.20884,0.25398,0.21923,0.16286,0.35162,0,0.042898,0.27903,0.18722,0.20714,0.13327,0.058409,0.070259
0,0,0,0,0.01596,0,0.085585,0.013428,0.035791,0.028958,0.023196,0,0.18502,0.094645,0.093834,0.10098,0.10825,0.050161,0.011706,0,0,0.029731,0,0,0.12331,0.043059,0,0,0.27536,0.053083,0,0,0,0,0.061076,0,1,0.3473,0.5699,0.28362,0.6109,0.14813,0.17216,0.060667,0.09111,0.058478,0.34406,0.2062,0.23244,0.062072,0.23,0.15926,0.13945,0.16855,0.21841,0.32084,0,0,0.085116,0,0.014281,0,0.018353,0,0.043078,0.00048434,0.10328,0.11882,0,0.074789,0.03644,0.12643,0.23557,0.013852,0,0,0.24204,0.32455,0.10315,0.0073734,0.22493,0.11397,0.088362,0,0.1851,0.19602,0.079238,0.012623,0,0.1285,0.17461,0.044719,0.030661,0.25725,0,0.032226,0.0079484,0.16569,0.1072,0.15731,0.099176,0.23599,0.062686,0.29631,0.14119,0.091324,0.23887,0,0,0,0.064027,0,0.087642,0.15567,0.06146,0
0,0.13412,0,0,0,0,0,0.016573,0,0.027138,0,0.085907,0,0.045007,0.065956,0.15934,0.087194,0.084396,0.19815,0.19598,0.17061,0.13739,0,0,0.19647,0.21666,0.10024,0.048436,0.2084,0.34248,0.15933,0.11689,0.084159,0.062878,0.099011,0.069352,0.3473,1,0.15477,0.48135,0.28286,0.17862,0.21737,0.3157,0.037155,0.14183,0.26566,0.31151,0.20109,0.18254,0.16794,0.29393,0.042591,0.12852,0.13199,0.1638,0,0.033076,0.13058,0.15542,0,0.029712,0,0.02113,0,0,0.20998,0.20967,0.017988,0.14946,0.078178,0.038675,0.18549,0.17859,0.039418,0,0.041417,0.20812,0.0097209,0,0.18814,0.22421,0.13532,0.28818,0.11248,0.17195,0,0.18751,0,0.016563,0.13772,0,0,0,0,0.10889,0.082557,0.1623,0.15159,0.082601,0.18009,0.08436,0.2229,0.23446,0.26955,0.14277,0.22,0.070754,0,0,0.14944,0,0,0.18367,0.13018,0.12047
0.011489,0.036386,0.037346,0,0.05629,0,0.060698,0,0,0,0,0,0,0,0,0,0.061929,0.1093,0.015065,0.0044943,0,0,0.0090668,0.076585,0.1329,0,0.094766,0,0.23877,0.11029,0,0,0,0,0,0,0.5699,0.15477,1,0.55114,0.54578,0.037985,0.19764,0.069272,0.15685,0.074266,0.41154,0.25181,0.090767,0,0.081239,0,0.16004,0.16746,0.50899,0.54754,0,0.01779,0.050989,0,0,0,0,0,0.030012,0,0.14436,0.065004,0.040812,0.18658,0,0,0,0.0032866,0,0,0.051054,0.1294,0,0,0.20862,0.077323,0.45959,0.28997,0.33023,0.077638,0.55254,0.5471,0.39766,0.25464,0.14428,0,0.036251,0.065854,0.20169,0.46261,0.28325,0.61421,0.13608,0.073147,0.082562,0.057395,0.010159,0.20763,0.0041678,0.10278,0.47244,0.053078,0,0,0,0.021135,0.067524,0.23305,0.075653,0.10128
0.11118,0.2786,0.074736,0.020132,0.0039345,0,0,0,0,0,0,0,0,0,0,0,0.018907,0.07951,0.15377,0.21975,0,0,0.060612,0.078431,0.27007,0.068647,0.29583,0.11951,0.28759,0.22575,0.04354,0,0.03687,0.088444,0,0,0.28362,0.48135,0.55114,1,0.44081,0.12931,0.062767,0.08489,0.052921,0.0086335,0.1782,0.2793,0,0.034522,0.025576,0.07941,0.11255,0.07023,0.35676,0.39815,0.007073,0.12876,0.024177,0.099893,0,0,0,0,0,0,0.1474,0.075451,0.10961,0.19423,0,0,0,0,0,0,0,0,0,0,0.13333,0.0092789,0.41681,0.45454,0.20671,0.090169,0.2142,0.60706,0.18522,0.097622,0.024356,0,0,0,0.4669,0.54788,0.46758,0.43147,0,0,0,0,0,0.18944,0,0.23891,0.084977,0.025892,0,0.095727,0,0,0,0.083483,0,0
0.16182,0.11281,0.09346,0.022208,0.086706,0,0.10164,0,0.04127,0,0,0,0.090291,0.017908,0.0063062,0,0.27099,0.20184,0.096328,0.12815,0,0,0.084344,0.068618,0.26149,0.053113,0,0,0.36591,0.15377,0.033134,0.017712,0.053313,0.051037,0.048069,0.11435,0.6109,0.28286,0.54578,0.44081,1,0.47174,0.20105,0.0034659,0.20093,0.10016,0.21319,0.2312,0.20702,0.13974,0.16555,0.10083,0.23282,0.23793,0.20567,0.45401,0.10397,0.077044,0,0.0066334,0,0,0,0,0.17496,0,0.26744,0.27022,0.12987,0.30989,0,0,0.13283,0.072826,0,0,0,0.031744,0.02805,0.055788,0.33049,0.33433,0.17734,0.050207,0.1985,0.22231,0.22149,0.10252,0,0.31999,0.049666,0.055398,0,0.21842,0.042492,0.10169,0.14194,0.34535,0.043803,0.26089,0.011377,0.092599,0,0.24376,0.19315,0.14923,0.26281,0,0,0,0,0.011525,0.012911,0.22502,0.15427,0
0.26783,0.32259,0.083162,0.16982,0.20846,0,0,0,0.07047,0,0.19838,0.15441,0.18965,0.12084,0.15407,0,0.36031,0.29477,0.055512,0.16161,0,0.16602,0.27788,0.11589,0.34858,0.068555,0,0,0.26651,0.24952,0.22599,0.27264,0.14967,0.20891,0,0.025193,0.14813,0.17862,0.037985,0.12931,0.47174,1,0.094912,0,0.11068,0.11382,0.12313,0.11136,0.25507,0.32824,0.20601,0.24472,0.17801,0.21716,0.0083519,0.16701,0.2013,0.24933,0,0.027683,0,0,0.053374,0.028937,0.13469,0,0.070564,0.13735,0.26485,0.24609,0,0,0.052966,0.25353,0,0,0,0,0.275,0.23554,0.32601,0.31819,0.13533,0.12518,0.27862,0.34149,0.10602,0.0039547,0.015148,0.10172,0,0.014475,0,0,0,0,0,0.04041,0,0.14001,0,0,0,0,0,0,0,0,0.23384,0,0,0.023796,0,0,0,0
0.25301,0.26432,0.44186,0.3045,0.16318,0.12464,0.41442,0.30838,0.097888,0.010724,0.21047,0.18775,0.23823,0.27275,0.30393,0.41709,0.30177,0.10337,0.46883,0.4986,0.26285,0.18584,0.37666,0.31201,0.39126,0.52825,0.2767,0.21721,0.35904,0.25838,0.40347,0.35613,0.45329,0.39166,0.34332,0.36,0.17216,0.21737,0.19764,0.062767,0.20105,0.094912,1,0.83795,0.84958,0.86015,0.84878,0.8441,0.73508,0.71161,0.44281,0.31536,0.21094,0.4548,0.48978,0.51137,0.18933,0.15101,0.070588,0.13721,0.090944,0,0.26668,0.034058,0.056485,0.053145,0.55897,0.64916,0.28253,0.44191,0,0.017321,0.43808,0.31666,0.24059,0.27263,0.28671,0.20286,0.17915,0.06479,0.39609,0.52908,0.385,0.38947,0.39985,0.43777,0.21115,0.20264,0.23263,0.24424,0.3749,0.22982,0.2506,0.16182,0.033754,0.086395,0.35184,0.53745,0.52222,0.53156,0.35923,0.19445,0.31884,0.15984,0.31186,0.12456,0.26322,0.17608,0.07829,0.037224,0.45561,0.31414,0.17194,0.3122,0.26014,0.053613
0.075128,0.12933,0.1997,0.084505,0.0083059,0,0.13604,0.081057,0,0.007507,0.10039,0.18963,0.12739,0.1366,0.24078,0.4233,0.19163,0.0015411,0.35229,0.34847,0.31218,0.17208,0.19388,0.13805,0.34209,0.49641,0.37603,0.30047,0.29514,0.26637,0.35593,0.29595,0.37867,0.2703,0.36578,0.31359,0.060667,0.3157,0.069272,0.08489,0.0034659,0,0.83795,1,0.64541,0.77902,0.76527,0.85049,0.52824,0.58175,0.30605,0.29,0.075362,0.35733,0.38897,0.30752,0.080481,0,0.019721,0.015208,0,0,0.13224,0,0,0,0.42946,0.5157,0.15252,0.24505,0,0,0.41263,0.14446,0.22718,0.18466,0.1617,0.14837,0.24408,0,0.33851,0.45201,0.29425,0.38895,0.42094,0.51773,0.040446,0.17605,0.15359,0.0631,0.26124,0.098961,0.12342,0,0,0.020765,0.30142,0.40548,0.42769,0.32204,0.24617,0.042186,0.31113,0.026502,0.28306,0.17449,0.081391,0.18682,0,0,0.49937,0.20265,0.049927,0.20741,0.17276,0.13239
0.43426,0.42457,0.6203,0.43589,0.24992,0.18878,0.49385,0.37223,0.17352,0,0.35616,0.30011,0.3346,0.3215,0.29198,0.34527,0.37908,0.14866,0.504,0.53841,0.16447,0.15639,0.53414,0.43105,0.41848,0.48437,0.22018,0.21955,0.366,0.16148,0.50879,0.51253,0.63063,0.55972,0.38523,0.42682,0.09111,0.037155,0.15685,0.052921,0.20093,0.11068,0.84958,0.64541,1,0.92476,0.67296,0.73709,0.73073,0.76361,0.38946,0.23445,0.16075,0.29081,0.43399,0.43642,0.33387,0.27102,0.16583,0.20852,0.20236,0.048319,0.40136,0.16223,0.18315,0.11855,0.65768,0.70489,0.36451,0.43307,0,0.0077127,0.38495,0.286,0.13706,0.17217,0.29887,0.078791,0.1443,0.10497,0.3879,0.46364,0.45808,0.36242,0.39764,0.39797,0.31063,0.22933,0.25795,0.26688,0.21231,0.17795,0.16486,0.18472,0.11125,0.083157,0.40629,0.51954,0.41946,0.51049,0.33638,0.20794,0.27297,0.17614,0.28091,0.173,0.21023,0.23584,0.1598,0.11153,0.48041,0.38035,0.1714,0.29634,0.21939,0.041756
0.43951,0.44134,0.52816,0.36475,0.25452,0.16387,0.39753,0.30584,0.15837,0.0047727,0.39825,0.30365,0.30132,0.23879,0.31645,0.42219,0.41217,0.18882,0.52828,0.56016,0.31396,0.2807,0.47287,0.34892,0.4627,0.52664,0.31105,0.27399,0.42092,0.28713,0.56131,0.54758,0.62922,0.58133,0.32933,0.33311,0.058478,0.14183,0.074266,0.0086335,0.10016,0.11382,0.86015,0.77902,0.92476,1,0.69111,0.79647,0.72617,0.82786,0.40425,0.28787,0.15804,0.32538,0.40847,0.4036,0.3508,0.28162,0.18161,0.20113,0.16446,0,0.40455,0.14811,0.038758,0.047352,0.64323,0.72934,0.42542,0.4858,0.039438,0.098251,0.43916,0.3558,0.24047,0.24765,0.27861,0.10251,0.25183,0.16102,0.45586,0.5837,0.40578,0.37495,0.4314,0.51056,0.21441,0.17217,0.22949,0.24292,0.17241,0.13459,0.080186,0.085103,0.043578,0.020671,0.38893,0.47767,0.38265,0.43379,0.28845,0.1546,0.24517,0.08425,0.28258,0.11565,0.16075,0.16846,0.18079,0.10515,0.55845,0.29717,0.092603,0.26144,0.20823,0.054925
0.15997,0.22511,0.28339,0.24138,0.14393,0.041698,0.29384,0.21083,0.02111,0.069092,0.11058,0.15045,0.21693,0.22011,0.26285,0.392,0.18637,0.10131,0.29236,0.31305,0.16786,0.18644,0.27925,0.25882,0.35719,0.40907,0.35195,0.25143,0.25578,0.13598,0.19527,0.16664,0.23665,0.1845,0.26838,0.23691,0.34406,0.26566,0.41154,0.1782,0.21319,0.12313,0.84878,0.76527,0.67296,0.69111,1,0.83776,0.6419,0.59872,0.49604,0.40209,0.32028,0.51755,0.63516,0.56291,0.13989,0.15534,0.094884,0.12343,0.0082398,0,0.1372,0,0,0.02889,0.43742,0.53011,0.20746,0.38925,0,0,0.36018,0.20614,0.1195,0.15429,0.2035,0.26305,0.15507,0,0.30319,0.39781,0.3594,0.34997,0.5475,0.49126,0.21894,0.26965,0.41185,0.29076,0.48339,0.22268,0.2915,0.14689,0,0.087115,0.27962,0.49344,0.5689,0.46826,0.32436,0.17919,0.32532,0.13521,0.24509,0.065347,0.31303,0.050837,0.015535,0,0.34479,0.27852,0.19396,0.34172,0.19706,0.079067
