1,0.89267,0.68127,0.74605,0.31053,0.19471,0.79625,0.75263,0.36768,0.4163,0.67819,0.73645,0.71296,0.63229,0.54531,0.34523,0.80794,0.8378,0.83396,0.85919,0.27587,0.27624,0.52748,0.58498,0.35697,0.39139,0.074316,0.10786,0.57969,0.38985,0.40427,0.38901,0.78902,0.77228,0.67075,0.55836,0.4038,0.22234,0.2231,0.53285,0.3781,0.57385,0.58194,0.57722,0.74275,0.77834,0.59357,0.65785,0.63609,0.67676,0.70251,0.68046,0.54579,0.63206,0.69603,0.72051,0.87348,0.85251,0.72661,0.73913,0.79533,0.80061,0.71829,0.79476,0.69471,0.73171,0.79043,0.77062,0.85776,0.82213,0.17895,0.31636,0.6948,0.60265,0.65657,0.53971,0.59182,0.56391,0.62597,0.33273,0.8249,0.75411,0.59622,0.47462,0.82063,0.79599,0.37438,0.47255,0.59474,0.741,0.31415,0.48073,0.051602,0.16895,0.39073,0.32806,0.58835,0.63673,0.62433,0.60541,0.23324,0.48452,0.41373,0.44929,0.041105,0.42988,0.26095,0.21016,0.23999,0.41074,0.58708,0.57387,0.67825,0.58148,0.41393,0
0.89267,1,0.6199,0.7747,0.3127,0.12206,0.72604,0.75311,0.38349,0.34125,0.54113,0.65697,0.66955,0.61396,0.56209,0.25808,0.77069,0.78922,0.83632,0.85369,0.23554,0.2802,0.47634,0.5388,0.33986,0.40259,0.087172,0.11926,0.49075,0.32624,0.39975,0.41957,0.76169,0.76985,0.61398,0.51436,0.46595,0.35966,0.32414,0.58384,0.40193,0.6082,0.65043,0.66471,0.69558,0.69641,0.6882,0.67849,0.59046,0.59299,0.66597,0.59509,0.61016,0.64534,0.76524,0.69443,0.88497,0.92249,0.6455,0.71337,0.74622,0.77257,0.68687,0.74931,0.60298,0.63404,0.74364,0.70831,0.85398,0.82705,0.23648,0.329,0.68292,0.6218,0.70286,0.57855,0.63577,0.60722,0.57075,0.24247,0.8309,0.74407,0.6025,0.39209,0.81187,0.72917,0.41868,0.39238,0.6477,0.70082,0.43622,0.52767,0.11288,0.17014,0.52071,0.41238,0.7002,0.74707,0.75641,0.6908,0.3569,0.48283,0.49814,0.50653,0.0087056,0.42239,0.30744,0.27302,0.32976,0.44581,0.62888,0.70211,0.70495,0.60555,0.4082,0
0.68127,0.6199,1,0.88376,0.51014,0.35938,0.87086,0.81524,0.52011,0.62559,0.65055,0.75956,0.73188,0.67933,0.64649,0.36517,0.5588,0.52768,0.73716,0.75337,0.10308,0.10592,0.8653,0.82509,0.49291,0.48901,0.0066109,0.048982,0.42002,0.15357,0.28398,0.31692,0.68234,0.6115,0.57678,0.54259,0.2431,0,0.17488,0.44653,0.41808,0.44009,0.56594,0.53769,0.68355,0.67679,0.55744,0.60335,0.58027,0.6654,0.70808,0.72472,0.53068,0.58857,0.5638,0.54228,0.51039,0.49347,0.56593,0.5752,0.67887,0.63641,0.64637,0.62448,0.75737,0.76184,0.72378,0.69319,0.60611,0.66855,0.093679,0.22968,0.5425,0.36864,0.48639,0.32432,0.44329,0.40577,0.48566,0.13469,0.65458,0.56141,0.63876,0.40657,0.7867,0.75127,0.44703,0.53811,0.67874,0.75606,0.15785,0.40256,0,0,0.29016,0.34967,0.36665,0.44101,0.32084,0.3706,0,0.21197,0.066886,0.14906,0,0.35209,0.085765,0.043431,0.24369,0.28663,0.40696,0.37068,0.46699,0.48083,0.48798,0
0.74605,0.7747,0.88376,1,0.47104,0.34159,0.8225,0.89193,0.46564,0.56648,0.63356,0.79498,0.73827,0.74,0.64972,0.39727,0.65436,0.6106,0.80887,0.84237,0.13411,0.15291,0.83114,0.8746,0.46443,0.5194,0.043043,0.0945,0.39051,0.23968,0.31629,0.39293,0.71885,0.66317,0.66019,0.61612,0.39459,0.18852,0.27133,0.58949,0.46614,0.58502,0.68314,0.64199,0.73986,0.75415,0.6675,0.70137,0.65777,0.68165,0.77938,0.74192,0.67298,0.67708,0.70216,0.62992,0.64108,0.61066,0.64975,0.70777,0.74949,0.76107,0.72948,0.73583,0.74254,0.7895,0.80759,0.8046,0.70711,0.76374,0.14802,0.22614,0.60191,0.47672,0.61249,0.46797,0.58284,0.53644,0.45042,0.13786,0.7363,0.62463,0.66989,0.43783,0.84674,0.79206,0.49851,0.54236,0.78188,0.80495,0.3397,0.47599,0,0.022463,0.38739,0.39895,0.50115,0.59541,0.51854,0.51827,0.043624,0.23347,0.22107,0.23557,0.0040203,0.4069,0.20527,0.11403,0.25206,0.32488,0.54658,0.54082,0.55941,0.56196,0.50518,0
0.31053,0.3127,0.51014,0.47104,1,0.68917,0.4313,0.41084,0.85547,0.80426,0.28899,0.44643,0.41513,0.47498,0.54798,0.11328,0.34762,0.36052,0.3724,0.31288,0.057838,0.11561,0.4566,0.43319,0.68766,0.62062,0.29817,0.2819,0.25847,0.090013,0.085892,0.12301,0.30661,0.29458,0.32076,0.42905,0.31714,0.011899,0.13355,0.18566,0.17546,0.20904,0.34073,0.33226,0.29543,0.29017,0.30666,0.34178,0.29587,0.3817,0.33982,0.40469,0.33969,0.39646,0.27533,0.24969,0.25941,0.25412,0.343,0.41573,0.36778,0.38535,0.3289,0.35378,0.39788,0.48,0.41805,0.42576,0.41155,0.38464,0.21362,0.32295,0.28098,0.23708,0.28319,0.26851,0.19621,0.22924,0.30047,0,0.37838,0.32464,0.36341,0.22841,0.42928,0.39174,0.29414,0.20591,0.50472,0.50623,0.11266,0.26919,0,0.024662,0.17321,0.1579,0.25244,0.2873,0.16006,0.22478,0.015459,0.20693,0.082269,0.22752,0.040454,0.30753,0.037833,0.1294,0.19032,0.19646,0.31089,0.24018,0.32462,0.39525,0.32067,0
0.19471,0.12206,0.35938,0.34159,0.68917,1,0.3087,0.22959,0.54013,0.71724,0.29656,0.31548,0.3056,0.38493,0.28578,0.24368,0.23864,0.14515,0.20754,0.16951,0,0.023166,0.36835,0.36307,0.61961,0.61767,0.16524,0.20014,0.081669,0,0,0,0.10018,0.084299,0.11045,0.25035,0.093918,0,0,0.017789,0.0975,0.043535,0.38702,0.30412,0.3148,0.31613,0.32166,0.37067,0.35143,0.35427,0.35091,0.41344,0.32173,0.34616,0.10291,0.15512,0.15478,0.076228,0.24791,0.18678,0.23062,0.17444,0.1787,0.1435,0.26985,0.28725,0.24908,0.25101,0.18436,0.19944,0,0,0.019267,0,0,0.0056583,0.011424,0,0.16399,0.044257,0.19,0.052739,0.24899,0.16313,0.24817,0.29818,0.2117,0.23442,0.32062,0.32905,0.036614,0.16484,0,0.034089,0,0.0016022,0.101,0.019051,0.044719,0.072408,0,0,0,0,0.036943,0.10182,0,0,0,0,0.18656,0.12712,0.037214,0.13412,0.23329,0
0.79625,0.72604,0.87086,0.8225,0.4313,0.3087,1,0.90105,0.50008,0.52364,0.77273,0.82251,0.86326,0.77072,0.54223,0.36102,0.69024,0.6488,0.87098,0.84968,0.20819,0.17649,0.68328,0.70076,0.42618,0.44147,0,0.0041526,0.50693,0.27708,0.28736,0.31832,0.73039,0.67906,0.61916,0.56529,0.2635,0.086006,0.16203,0.41618,0.43155,0.5095,0.70271,0.62744,0.74651,0.75243,0.68305,0.69933,0.73354,0.77681,0.80703,0.79746,0.67908,0.72021,0.6664,0.66045,0.66868,0.59392,0.77557,0.75117,0.84827,0.7993,0.81115,0.76793,0.79295,0.71287,0.82875,0.77799,0.69264,0.78031,0.08162,0.19928,0.66064,0.493,0.64492,0.51115,0.61449,0.58393,0.48002,0.1538,0.78311,0.65679,0.63599,0.45902,0.79213,0.80838,0.34562,0.46347,0.6356,0.81729,0.43932,0.61879,0.05032,0.18928,0.35327,0.34745,0.53882,0.54957,0.57351,0.63309,0.10363,0.37831,0.2648,0.35277,0.052791,0.45291,0.20888,0.18523,0.2424,0.38176,0.58519,0.61925,0.59712,0.54274,0.52084,0
0.75263,0.75311,0.81524,0.89193,0.41084,0.22959,0.90105,1,0.48525,0.49541,0.70261,0.85234,0.83109,0.7859,0.59033,0.3079,0.65796,0.65585,0.86144,0.86863,0.19458,0.17321,0.74438,0.78868,0.42812,0.47575,0,0.034586,0.45263,0.31374,0.38359,0.45145,0.76541,0.7187,0.67018,0.60543,0.34157,0.19723,0.24544,0.52721,0.47585,0.60358,0.71316,0.66911,0.73313,0.75075,0.68071,0.69745,0.71624,0.73855,0.80454,0.77821,0.70154,0.71271,0.70777,0.67704,0.64507,0.57375,0.75906,0.81478,0.84267,0.86859,0.8361,0.84984,0.76267,0.74534,0.84385,0.84102,0.7028,0.79387,0.19926,0.20691,0.67684,0.59052,0.7027,0.56281,0.67768,0.65852,0.40579,0.072052,0.78494,0.6718,0.65599,0.46664,0.80726,0.80101,0.40095,0.47047,0.70033,0.80944,0.52012,0.606,0.095611,0.18539,0.43136,0.40831,0.56045,0.63921,0.62286,0.66401,0.17639,0.35662,0.33001,0.36107,0.0087816,0.43835,0.29423,0.25399,0.33519,0.38759,0.60996,0.6528,0.63597,0.62292,0.51317,0
0.36768,0.38349,0.52011,0.46564,0.85547,0.54013,0.50008,0.48525,1,0.83272,0.26894,0.47838,0.47744,0.47927,0.60429,0.10437,0.3686,0.3944,0.46434,0.37908,0.042343,0.067952,0.44849,0.42902,0.59866,0.55302,0.21606,0.22248,0.25004,0.094594,0.20035,0.18702,0.35269,0.34036,0.35093,0.45495,0.27242,0.033673,0.1643,0.19148,0.13818,0.23208,0.42395,0.44134,0.36364,0.34686,0.41363,0.40144,0.34858,0.42385,0.38276,0.42093,0.37637,0.42359,0.37632,0.33914,0.32781,0.31463,0.43851,0.52003,0.43999,0.49424,0.41064,0.41559,0.49631,0.50825,0.49656,0.4834,0.50431,0.50882,0.23603,0.35363,0.30175,0.30671,0.36137,0.32313,0.29403,0.33547,0.26322,0,0.41778,0.37933,0.40888,0.2304,0.43834,0.40413,0.30881,0.15112,0.53385,0.54529,0.26216,0.39263,0,0.090526,0.25257,0.20083,0.39187,0.4004,0.29785,0.41935,0.17332,0.35332,0.24991,0.39004,0.061527,0.38004,0.19647,0.23915,0.27562,0.29127,0.43867,0.39446,0.49811,0.52912,0.36816,0
0.4163,0.34125,0.62559,0.56648,0.80426,0.71724,0.52364,0.49541,0.83272,1,0.39049,0.57552,0.51945,0.54184,0.6439,0.34208,0.35204,0.3195,0.41321,0.3822,0.011154,0.057422,0.56306,0.56831,0.64035,0.60626,0.15535,0.21453,0.20313,0,0.15326,0.17713,0.3414,0.31411,0.35124,0.49675,0.19563,0,0.072107,0.22293,0.15939,0.20728,0.45909,0.45234,0.43477,0.44646,0.42129,0.46044,0.44364,0.50229,0.5092,0.55828,0.40701,0.42523,0.33254,0.37163,0.3037,0.23552,0.42737,0.45972,0.43525,0.44152,0.37679,0.34633,0.51322,0.60994,0.50317,0.51122,0.43404,0.4608,0.19377,0.27869,0.25203,0.23105,0.27826,0.22887,0.20646,0.25009,0.33398,0,0.37352,0.30694,0.42022,0.26103,0.47187,0.47452,0.32276,0.27707,0.52258,0.58262,0.13777,0.30215,0,0.034343,0.21634,0.22948,0.29337,0.34119,0.16674,0.27344,0,0.21456,0.083593,0.1806,0,0.28956,0.043,0.090309,0.21384,0.22274,0.36156,0.25081,0.39873,0.45018,0.36405,0
0.67819,0.54113,0.65055,0.63356,0.28899,0.29656,0.77273,0.70261,0.26894,0.39049,1,0.83521,0.874,0.77158,0.47669,0.46738,0.62982,0.5765,0.73495,0.73486,0.35079,0.3162,0.57279,0.61792,0.41348,0.40302,0,0.053245,0.51697,0.33451,0.34393,0.40603,0.67809,0.6292,0.6176,0.57863,0.18821,0.1631,0.044907,0.30238,0.44958,0.49776,0.58974,0.52132,0.63181,0.64083,0.55923,0.5741,0.66283,0.68938,0.69896,0.66768,0.55239,0.55962,0.51762,0.55724,0.50331,0.39515,0.64805,0.58721,0.75028,0.66472,0.70673,0.67206,0.65256,0.58858,0.64557,0.63883,0.50252,0.58373,0.13565,0.20073,0.64375,0.52978,0.59198,0.53376,0.6267,0.56727,0.37322,0.19877,0.62091,0.52548,0.53841,0.44522,0.70683,0.75478,0.2178,0.39608,0.49822,0.67607,0.29985,0.42143,0.007647,0.13673,0.17847,0.15655,0.37528,0.38977,0.44763,0.46686,0,0.19477,0.13354,0.13258,0.084079,0.39615,0.18581,0.10479,0.1418,0.32005,0.54137,0.455,0.40088,0.35613,0.43538,0
0.73645,0.65697,0.75956,0.79498,0.44643,0.31548,0.82251,0.85234,0.47838,0.57552,0.83521,1,0.86102,0.84322,0.64892,0.48013,0.6101,0.63177,0.78758,0.79883,0.25477,0.24261,0.7017,0.76965,0.42995,0.48135,0.024791,0.1142,0.44345,0.29522,0.39352,0.46938,0.72101,0.67387,0.6661,0.65566,0.28899,0.14413,0.18719,0.48774,0.46103,0.52559,0.63789,0.59711,0.7247,0.7393,0.62254,0.67413,0.70236,0.7626,0.75977,0.77937,0.61289,0.6504,0.60718,0.66337,0.59591,0.48365,0.72719,0.74792,0.79147,0.80188,0.73503,0.76313,0.72337,0.77556,0.7785,0.80119,0.638,0.7255,0.20773,0.29733,0.61511,0.51797,0.62266,0.50205,0.61709,0.62395,0.41857,0.049034,0.67529,0.60963,0.60787,0.50364,0.75432,0.82147,0.33055,0.46877,0.57898,0.81341,0.40851,0.53401,0.098718,0.16573,0.35215,0.35136,0.4652,0.57369,0.50025,0.56423,0.064283,0.30389,0.23499,0.29468,0.058024,0.4607,0.26981,0.22793,0.30821,0.38688,0.59596,0.55017,0.53176,0.52254,0.51166,0
0.71296,0.66955,0.73188,0.73827,0.41513,0.3056,0.86326,0.83109,0.47744,0.51945,0.874,0.86102,1,0.84876,0.62088,0.40434,0.65643,0.60458,0.81157,0.80335,0.24865,0.25327,0.59201,0.64235,0.50218,0.4781,0,0.074266,0.47225,0.28043,0.30908,0.38414,0.69828,0.66725,0.6226,0.61277,0.32549,0.22908,0.24946,0.42218,0.42893,0.52543,0.7197,0.65487,0.69066,0.69733,0.68795,0.68812,0.74585,0.77752,0.78524,0.74967,0.67571,0.679,0.65856,0.6557,0.60051,0.51283,0.76646,0.72665,0.84418,0.77182,0.76355,0.71979,0.72181,0.65224,0.75317,0.72822,0.65192,0.7395,0.1457,0.22411,0.67033,0.53689,0.67104,0.54713,0.64451,0.60967,0.41466,0.092081,0.73443,0.59117,0.65256,0.44089,0.78732,0.7787,0.3578,0.41048,0.66604,0.7951,0.45981,0.59525,0.0049716,0.20433,0.32993,0.29305,0.53124,0.56004,0.58396,0.64786,0.093409,0.33135,0.25588,0.31754,0.046856,0.43782,0.23246,0.27485,0.26336,0.41381,0.61803,0.6213,0.60592,0.53497,0.49959,0
0.63229,0.61396,0.67933,0.74,0.47498,0.38493,0.77072,0.7859,0.47927,0.54184,0.77158,0.84322,0.84876,1,0.5596,0.48078,0.59896,0.51055,0.69229,0.70229,0.17478,0.17434,0.56703,0.61223,0.41574,0.42513,0,0.031965,0.38817,0.24109,0.18158,0.26409,0.58925,0.5849,0.53996,0.53837,0.29077,0.13712,0.11547,0.37549,0.4088,0.54773,0.67747,0.59454,0.64868,0.66834,0.67088,0.66168,0.76149,0.75086,0.79646,0.74955,0.72121,0.67921,0.57211,0.52475,0.49426,0.43746,0.68992,0.66478,0.76193,0.72768,0.73828,0.71188,0.57114,0.59483,0.66006,0.67013,0.5304,0.60155,0.11707,0.15442,0.53379,0.48984,0.58838,0.47628,0.51593,0.49646,0.39651,0.098007,0.6829,0.56038,0.59967,0.46449,0.67225,0.7071,0.33354,0.38352,0.60859,0.6992,0.47509,0.44835,0.096592,0.091125,0.27692,0.29642,0.49018,0.49499,0.51827,0.5211,0.06139,0.2248,0.19167,0.25777,0.0773,0.46044,0.1162,0.16767,0.22943,0.34082,0.55781,0.5925,0.50047,0.48525,0.57204,0
0.54531,0.56209,0.64649,0.64972,0.54798,0.28578,0.54223,0.59033,0.60429,0.6439,0.47669,0.64892,0.62088,0.5596,1,0.56944,0.47376,0.48723,0.61604,0.61709,0.33241,0.35136,0.65951,0.66265,0.48724,0.50111,0.31166,0.39569,0.44096,0.33405,0.46268,0.50959,0.62948,0.5537,0.59312,0.60276,0.3784,0.23547,0.22753,0.46856,0.24945,0.3886,0.44224,0.51808,0.50607,0.52205,0.49645,0.56445,0.34507,0.45854,0.43445,0.45013,0.30938,0.39147,0.48643,0.49529,0.53565,0.48808,0.40445,0.48736,0.50374,0.54341,0.40714,0.48392,0.61391,0.70109,0.5992,0.60864,0.60091,0.6187,0.2949,0.45517,0.56564,0.47395,0.60077,0.45585,0.45994,0.46346,0.49883,0.11829,0.5667,0.60155,0.60333,0.59634,0.71085,0.63188,0.34811,0.43981,0.55477,0.60418,0.20972,0.35497,3.9617e-05,0.15721,0.3321,0.28635,0.45766,0.53584,0.386,0.41909,0.16923,0.34157,0.34516,0.33879,0.053619,0.38759,0.16168,0.07787,0.38645,0.38702,0.53319,0.37851,0.49538,0.55238,0.38928,0
0.34523,0.25808,0.36517,0.39727,0.11328,0.24368,0.36102,0.3079,0.10437,0.34208,0.46738,0.48013,0.40434,0.48078,0.56944,1,0.25395,0.15666,0.3666,0.39315,0.331,0.33088,0.3939,0.42224,0.028104,0.083891,0.15938,0.27197,0.27343,0.30439,0.24062,0.3232,0.32144,0.2645,0.28095,0.29997,0.052363,0.036904,0,0.2003,0.15471,0.18541,0.27234,0.30413,0.36414,0.43119,0.38734,0.46627,0.37164,0.37642,0.37832,0.36269,0.23137,0.22453,0.21042,0.30201,0.30912,0.17791,0.21772,0.21494,0.24906,0.24893,0.19547,0.21543,0.28856,0.35669,0.28659,0.30752,0.22801,0.28205,0.10284,0.13776,0.29522,0.2582,0.31144,0.24164,0.29005,0.23689,0.29222,0.15053,0.29974,0.34738,0.26223,0.62116,0.40085,0.48802,0,0.29396,0.14833,0.35053,0.14654,0.14456,0.14261,0.12526,0.066808,0.099837,0.23779,0.19747,0.21882,0.17107,0,0.060357,0.13357,0.065399,0.15117,0.26232,0,0,0.1127,0.2517,0.35399,0.21082,0.12088,0.19455,0.34707,0
0.80794,0.77069,0.5588,0.65436,0.34762,0.23864,0.69024,0.65796,0.3686,0.35204,0.62982,0.6101,0.65643,0.59896,0.47376,0.25395,1,0.84201,0.75303,0.77193,0.31756,0.3406,0.4272,0.49182,0.41311,0.40465,0.10989,0.10818,0.65886,0.52947,0.35648,0.36727,0.75718,0.73488,0.63682,0.52875,0.36608,0.28284,0.18861,0.40002,0.32019,0.62656,0.58221,0.57429,0.6395,0.67238,0.58566,0.6081,0.52428,0.55023,0.56117,0.52101,0.49767,0.55159,0.60171,0.53988,0.80452,0.78179,0.62968,0.62305,0.71451,0.71974,0.68824,0.73659,0.64925,0.61363,0.68738,0.66071,0.77098,0.73165,0.14664,0.21144,0.68231,0.59963,0.65448,0.56147,0.57743,0.55261,0.68718,0.5071,0.85031,0.76697,0.54679,0.46326,0.76641,0.72093,0.34007,0.35677,0.60797,0.64042,0.2988,0.41471,0,0.098331,0.23648,0.14233,0.51431,0.47376,0.57671,0.52162,0.12101,0.29506,0.28852,0.29929,0.1765,0.44861,0.21156,0.1446,0.11766,0.27643,0.54169,0.55949,0.53118,0.46726,0.41805,0
0.8378,0.78922,0.52768,0.6106,0.36052,0.14515,0.6488,0.65585,0.3944,0.3195,0.5765,0.63177,0.60458,0.51055,0.48723,0.15666,0.84201,1,0.74272,0.75776,0.29544,0.35027,0.42162,0.46766,0.41876,0.42387,0.15781,0.18091,0.63415,0.52014,0.45095,0.45848,0.75277,0.74412,0.60494,0.49511,0.42933,0.35794,0.26873,0.45697,0.35846,0.61756,0.51844,0.52838,0.57894,0.60708,0.50032,0.56541,0.46145,0.52388,0.52383,0.5188,0.44394,0.54913,0.59722,0.62355,0.80234,0.82053,0.60316,0.66141,0.67551,0.72002,0.65689,0.76503,0.60299,0.60978,0.68332,0.66852,0.78629,0.74541,0.31865,0.41349,0.71332,0.64248,0.66931,0.59551,0.58427,0.59373,0.6281,0.39593,0.79189,0.75501,0.53853,0.42991,0.73735,0.70359,0.37481,0.3735,0.5602,0.65076,0.33017,0.46297,0.082897,0.12941,0.37077,0.24442,0.56764,0.6134,0.5901,0.57486,0.24263,0.41472,0.35194,0.42905,0.078058,0.41524,0.28338,0.29236,0.25814,0.3461,0.55586,0.57678,0.59904,0.55975,0.35561,0
0.83396,0.83632,0.73716,0.80887,0.3724,0.20754,0.87098,0.86144,0.46434,0.41321,0.73495,0.78758,0.81157,0.69229,0.61604,0.3666,0.75303,0.74272,1,0.96203,0.37722,0.34919,0.65441,0.71128,0.41419,0.46632,0.10446,0.12857,0.54061,0.41522,0.51617,0.52122,0.83919,0.79241,0.69879,0.61374,0.35128,0.32931,0.2485,0.53675,0.48823,0.60982,0.70919,0.67779,0.75724,0.76136,0.70909,0.71161,0.67777,0.70299,0.71984,0.6775,0.63481,0.6932,0.75266,0.72843,0.79738,0.72477,0.76204,0.7993,0.82881,0.84154,0.77532,0.82519,0.74499,0.67075,0.85113,0.80834,0.82106,0.89031,0.21335,0.31357,0.77592,0.64772,0.79109,0.66064,0.77547,0.73357,0.46847,0.1604,0.83422,0.74419,0.65258,0.52118,0.84237,0.84221,0.33036,0.42311,0.66328,0.83365,0.49292,0.67951,0.12019,0.24217,0.39469,0.33078,0.61442,0.65538,0.71551,0.75099,0.25324,0.45772,0.42674,0.44946,0.068526,0.48092,0.40624,0.22887,0.28027,0.45828,0.72285,0.70145,0.6522,0.5644,0.44854,0
0.85919,0.85369,0.75337,0.84237,0.31288,0.16951,0.84968,0.86863,0.37908,0.3822,0.73486,0.79883,0.80335,0.70229,0.61709,0.39315,0.77193,0.75776,0.96203,1,0.37912,0.36476,0.67802,0.74276,0.39947,0.45164,0.093972,0.13589,0.58022,0.44951,0.51343,0.54389,0.87277,0.83698,0.71582,0.62595,0.39222,0.33646,0.26444,0.58852,0.51459,0.6571,0.70808,0.70005,0.78983,0.81749,0.71931,0.75946,0.69606,0.73027,0.74112,0.69884,0.63731,0.70009,0.75745,0.76222,0.80884,0.74507,0.73861,0.76962,0.81024,0.82565,0.75787,0.83123,0.71948,0.68538,0.83277,0.81037,0.82068,0.88519,0.18685,0.28362,0.7848,0.66647,0.78399,0.6354,0.75598,0.71065,0.53339,0.22347,0.86395,0.77395,0.66698,0.55885,0.87329,0.87315,0.36815,0.48267,0.66037,0.84295,0.43787,0.62205,0.074452,0.18842,0.39726,0.33655,0.59544,0.65523,0.69484,0.69877,0.18367,0.41245,0.38354,0.39841,0.060559,0.47965,0.3488,0.19885,0.29639,0.45221,0.68665,0.66443,0.6474,0.55692,0.45908,0
0.27587,0.23554,0.10308,0.13411,0.057838,0,0.20819,0.19458,0.042343,0.011154,0.35079,0.25477,0.24865,0.17478,0.33241,0.331,0.31756,0.29544,0.37722,0.37912,1,0.87419,0.15111,0.20749,0.22423,0.24055,0.60191,0.49168,0.38853,0.6103,0.54313,0.47016,0.41626,0.34777,0.37958,0.3328,0.19567,0.36916,0,0.077824,0.10748,0.2333,0.2317,0.25322,0.15289,0.25691,0.23812,0.33548,0.16903,0.23367,0.13763,0.1784,0.12525,0.2158,0.09881,0.1683,0.32263,0.24628,0.17768,0.20704,0.23157,0.28099,0.24249,0.32052,0.22831,0.21789,0.27141,0.30095,0.28619,0.29413,0.32474,0.35215,0.47982,0.44787,0.50003,0.49099,0.54767,0.52227,0.1109,0.33357,0.28701,0.37733,0,0.50327,0.25884,0.28767,0,0,0.0064737,0.22233,0.21168,0.20723,0.15839,0.14428,0,0,0.19596,0.082985,0.27396,0.20826,0.14826,0.092714,0.31208,0.14721,0.42058,0.41611,0.15304,0,0,0.32757,0.4392,0.17464,0.10873,0.066334,0.18547,0.053669
0.27624,0.2802,0.10592,0.15291,0.11561,0.023166,0.17649,0.17321,0.067952,0.057422,0.3162,0.24261,0.25327,0.17434,0.35136,0.33088,0.3406,0.35027,0.34919,0.36476,0.87419,1,0.14065,0.19074,0.30453,0.3577,0.66133,0.65713,0.45896,0.63657,0.5168,0.51441,0.39062,0.36457,0.33227,0.30088,0.33138,0.43899,0,0.13186,0.095027,0.29106,0.22078,0.26687,0.12733,0.23284,0.24174,0.35436,0.16948,0.21881,0.14175,0.16864,0.16216,0.21448,0.1711,0.21705,0.34169,0.28898,0.14262,0.16596,0.21004,0.21994,0.21975,0.25748,0.20183,0.20123,0.22818,0.25089,0.31211,0.28551,0.41283,0.40299,0.50056,0.50058,0.46878,0.5059,0.53979,0.54078,0.2078,0.3204,0.30041,0.38212,0,0.49547,0.29455,0.32882,0,0,0.06329,0.23868,0.25751,0.22155,0.20135,0.16835,0,0,0.27851,0.16756,0.3059,0.24196,0.13296,0.080078,0.24349,0.14273,0.30092,0.35159,0.022978,0,0.041727,0.32355,0.40081,0.21216,0.12241,0.12372,0.15167,0.047773
0.52748,0.47634,0.8653,0.83114,0.4566,0.36835,0.68328,0.74438,0.44849,0.56306,0.57279,0.7017,0.59201,0.56703,0.65951,0.3939,0.4272,0.42162,0.65441,0.67802,0.15111,0.14065,1,0.95555,0.48774,0.53165,0.0078166,0.080326,0.38545,0.18816,0.40525,0.49941,0.66391,0.54104,0.6531,0.61311,0.22745,0.048681,0.15081,0.46004,0.47888,0.47269,0.50626,0.48278,0.60971,0.5931,0.47313,0.55546,0.43099,0.51069,0.56038,0.58256,0.41061,0.46745,0.45725,0.46584,0.41577,0.33286,0.42525,0.49265,0.5457,0.56987,0.52311,0.59037,0.71005,0.71862,0.66824,0.68502,0.51042,0.60881,0.12263,0.18005,0.53589,0.4178,0.46949,0.37041,0.49514,0.44883,0.38778,0.059311,0.56185,0.5213,0.58505,0.46649,0.72536,0.71005,0.38961,0.53436,0.60664,0.68967,0.10256,0.36662,0,0,0.29222,0.34654,0.29885,0.40786,0.28139,0.31974,0,0.12763,0.059484,0.058992,0,0.25068,0.1429,0,0.26123,0.2827,0.4648,0.31527,0.37142,0.43937,0.37642,0
0.58498,0.5388,0.82509,0.8746,0.43319,0.36307,0.70076,0.78868,0.42902,0.56831,0.61792,0.76965,0.64235,0.61223,0.66265,0.42224,0.49182,0.46766,0.71128,0.74276,0.20749,0.19074,0.95555,1,0.48138,0.55767,0.066873,0.11707,0.35119,0.22711,0.42791,0.51693,0.69532,0.57499,0.71741,0.69658,0.26353,0.11852,0.1598,0.53132,0.45072,0.49122,0.59786,0.54342,0.68206,0.69068,0.55166,0.64887,0.54543,0.62068,0.66001,0.6751,0.5401,0.58588,0.54319,0.55559,0.49591,0.37456,0.54648,0.59988,0.64046,0.66281,0.60449,0.64163,0.75692,0.77656,0.75175,0.77727,0.5826,0.68783,0.10118,0.17833,0.55082,0.43251,0.52456,0.42042,0.57406,0.53055,0.34116,0.053689,0.58737,0.51227,0.57746,0.48024,0.7582,0.73809,0.37913,0.52181,0.66169,0.7647,0.22605,0.45995,0,0.046661,0.3128,0.34647,0.35552,0.47417,0.36443,0.40989,0,0.13537,0.13798,0.10725,0.0010738,0.32871,0.22354,0.020159,0.23502,0.3323,0.54263,0.38996,0.42646,0.45111,0.39751,0
0.35697,0.33986,0.49291,0.46443,0.68766,0.61961,0.42618,0.42812,0.59866,0.64035,0.41348,0.42995,0.50218,0.41574,0.48724,0.028104,0.41311,0.41876,0.41419,0.39947,0.22423,0.30453,0.48774,0.48138,1,0.90996,0.37445,0.37649,0.24353,0.18936,0.2876,0.36183,0.4544,0.44735,0.45287,0.52416,0.40394,0.115,0.27017,0.22004,0.18355,0.31574,0.47985,0.41048,0.35635,0.3382,0.42088,0.43344,0.30145,0.37278,0.35253,0.38745,0.34645,0.34396,0.33975,0.30132,0.31539,0.28259,0.36262,0.35228,0.42598,0.37127,0.35781,0.33013,0.46748,0.5005,0.47481,0.46075,0.44725,0.45263,0.24756,0.3312,0.35806,0.29785,0.31499,0.34067,0.35496,0.39509,0.28033,0.11988,0.40162,0.28664,0.28295,0.13487,0.49962,0.38835,0.28685,0.087055,0.54548,0.46118,0.16566,0.37224,0,0.13026,0.15095,0.07712,0.36826,0.29284,0.25464,0.30003,0,0.2106,0.10109,0.16461,0.085812,0.31411,0.074569,0.24619,0.11635,0.26808,0.41178,0.28773,0.36521,0.39503,0.29847,0
0.39139,0.40259,0.48901,0.5194,0.62062,0.61767,0.44147,0.47575,0.55302,0.60626,0.40302,0.48135,0.4781,0.42513,0.50111,0.083891,0.40465,0.42387,0.46632,0.45164,0.24055,0.3577,0.53165,0.55767,0.90996,1,0.38524,0.42935,0.2046,0.19591,0.36594,0.4705,0.48287,0.50887,0.52109,0.58624,0.40741,0.15298,0.31337,0.32542,0.20805,0.36793,0.55535,0.50829,0.45552,0.43317,0.48854,0.50876,0.35108,0.39972,0.39538,0.42716,0.3989,0.37962,0.40408,0.37949,0.39471,0.32177,0.38916,0.38779,0.44907,0.4263,0.36629,0.35922,0.51122,0.55054,0.53914,0.52963,0.47336,0.4855,0.28486,0.32364,0.38077,0.30431,0.35582,0.38086,0.44582,0.49518,0.25174,0.072086,0.3991,0.27159,0.30742,0.13914,0.53419,0.41518,0.29039,0.11119,0.52219,0.48283,0.26631,0.45476,0.0069822,0.23704,0.20916,0.12878,0.44364,0.38737,0.37155,0.40883,0.084144,0.24673,0.17214,0.20484,0.038941,0.28977,0.13046,0.30306,0.10564,0.2497,0.48699,0.37293,0.39266,0.42793,0.27886,0
0.074316,0.087172,0.0066109,0.043043,0.29817,0.16524,0,0,0.21606,0.15535,0,0.024791,0,0,0.31166,0.15938,0.10989,0.15781,0.10446,0.093972,0.60191,0.66133,0.0078166,0.066873,0.37445,0.38524,1,0.88423,0.15716,0.47236,0.23601,0.20967,0.11689,0.099235,0.15703,0.22118,0.21244,0.19341,0,0.015318,0,0,0.058353,0.053487,0,0.076125,0.097284,0.18201,0,0.082193,0,0.0411,0.029828,0.11673,0,0,0.10212,0.12212,0.076479,0.12107,0.050287,0.085687,0.024993,0.033462,0.11906,0.22695,0.12585,0.1603,0.19453,0.14696,0.25677,0.29439,0.090855,0.11858,0.14785,0.15524,0.16694,0.19903,0,0.23524,0,0.10939,0,0.33065,0.064085,0.044055,0,0,0.062563,0.068921,0.12167,0.05591,0.14038,0.10849,0,0,0.15742,0.015951,0.041869,0.019133,0.040288,0.022498,0.18946,0.13059,0.45319,0.3894,0,0,0,0.25316,0.25428,0.0062914,0.011376,0.13693,0.20238,0.094973
0.10786,0.11926,0.048982,0.0945,0.2819,0.20014,0.0041526,0.034586,0.22248,0.21453,0.053245,0.1142,0.074266,0.031965,0.39569,0.27197,0.10818,0.18091,0.12857,0.13589,0.49168,0.65713,0.080326,0.11707,0.37649,0.42935,0.88423,1,0.26188,0.44953,0.25467,0.33413,0.13994,0.14558,0.183,0.26707,0.27661,0.27272,0.027971,0.10375,0,0.024114,0.047218,0.066686,0,0.08511,0.096178,0.20618,0,0.077517,0,0.040047,0.0060856,0.07196,0.04271,0.11923,0.13647,0.12041,0.092121,0.13148,0.050708,0.075846,0.017411,0.028292,0.13465,0.25879,0.13864,0.181,0.208,0.17095,0.36858,0.33049,0.17392,0.20328,0.19223,0.20699,0.21102,0.26604,0.037976,0.14915,0.030858,0.16895,0,0.38174,0.12546,0.16948,0,0,0.059322,0.1462,0.14767,0.1103,0.18579,0.20988,0,0,0.21215,0.1234,0.11494,0.10594,0.039931,0.12376,0.16699,0.19134,0.33126,0.32582,0,0,0.1157,0.29263,0.28823,0.079846,0.086922,0.23521,0.15738,0.037072
0.57969,0.49075,0.42002,0.39051,0.25847,0.081669,0.50693,0.45263,0.25004,0.20313,0.51697,0.44345,0.47225,0.38817,0.44096,0.27343,0.65886,0.63415,0.54061,0.58022,0.38853,0.45896,0.38545,0.35119,0.24353,0.2046,0.15716,0.26188,1,0.72499,0.30357,0.36964,0.63083,0.56432,0.45041,0.31461,0.31326,0.288,0.0322,0.23591,0.25888,0.58464,0.22971,0.28101,0.34259,0.38851,0.25638,0.38188,0.24576,0.3066,0.26348,0.29092,0.17472,0.28163,0.38332,0.39808,0.49561,0.49178,0.31388,0.3299,0.38552,0.37742,0.44021,0.48905,0.44053,0.39263,0.41325,0.40843,0.48064,0.47543,0.1816,0.17249,0.75224,0.69146,0.6302,0.56355,0.46123,0.43933,0.69231,0.46571,0.67655,0.7701,0.48386,0.70573,0.55081,0.64639,0.13994,0.42407,0.29575,0.4399,0.085249,0.18671,0,0.07546,0.20055,0.093592,0.34567,0.34054,0.36296,0.30376,0.041,0.30082,0.1976,0.25103,0.097759,0.29015,0,0,0.34955,0.31096,0.39942,0.33084,0.39154,0.40752,0.22761,0
0.38985,0.32624,0.15357,0.23968,0.090013,0,0.27708,0.31374,0.094594,0,0.33451,0.29522,0.28043,0.24109,0.33405,0.30439,0.52947,0.52014,0.41522,0.44951,0.6103,0.63657,0.18816,0.22711,0.18936,0.19591,0.47236,0.44953,0.72499,1,0.39696,0.43401,0.48636,0.46472,0.346,0.22628,0.29808,0.34509,0,0.114,0.072173,0.4661,0.22848,0.27249,0.19096,0.29291,0.24432,0.36736,0.15789,0.18571,0.13363,0.16041,0.13869,0.18063,0.25119,0.19314,0.38667,0.36606,0.21014,0.24179,0.23941,0.31675,0.31919,0.38882,0.29621,0.27285,0.28756,0.31012,0.3651,0.34174,0.26281,0.20035,0.58601,0.59337,0.54908,0.51335,0.48552,0.46589,0.35603,0.57847,0.49336,0.59084,0.17485,0.68726,0.35907,0.41658,0,0.10963,0.16372,0.22477,0.20381,0.13142,0.088909,0.081197,0,0,0.27091,0.15286,0.32541,0.23881,0.10275,0.084724,0.26547,0.1528,0.39078,0.38599,0,0,0.097627,0.24715,0.41864,0.28636,0.22485,0.25985,0.22288,0
0.40427,0.39975,0.28398,0.31629,0.085892,0,0.28736,0.38359,0.20035,0.15326,0.34393,0.39352,0.30908,0.18158,0.46268,0.24062,0.35648,0.45095,0.51617,0.51343,0.54313,0.5168,0.40525,0.42791,0.2876,0.36594,0.23601,0.25467,0.30357,0.39696,1,0.89415,0.6618,0.67287,0.56997,0.45197,0.25099,0.36906,0.13392,0.24934,0.33297,0.39226,0.30005,0.43016,0.32323,0.33431,0.32261,0.31359,0.13907,0.20735,0.14708,0.14201,0.12004,0.18625,0.30476,0.34498,0.46075,0.37769,0.17256,0.31913,0.28634,0.43972,0.26182,0.4533,0.32794,0.34974,0.36036,0.37728,0.43534,0.42186,0.606,0.59185,0.59614,0.62717,0.57731,0.57768,0.66415,0.69198,0.19143,0,0.40088,0.42701,0.14025,0.22947,0.44569,0.38324,0,0,0.15832,0.36906,0.22947,0.34084,0.16596,0.17752,0.14595,0.031711,0.31528,0.37609,0.4369,0.40313,0.31407,0.3232,0.3787,0.29434,0.03788,0.26322,0.49345,0.28831,0.14675,0.25631,0.44216,0.34186,0.38165,0.29186,0.13604,0.049133
0.38901,0.41957,0.31692,0.39293,0.12301,0,0.31832,0.45145,0.18702,0.17713,0.40603,0.46938,0.38414,0.26409,0.50959,0.3232,0.36727,0.45848,0.52122,0.54389,0.47016,0.51441,0.49941,0.51693,0.36183,0.4705,0.20967,0.33413,0.36964,0.43401,0.89415,1,0.68508,0.68935,0.60796,0.48731,0.31263,0.42026,0.23253,0.32389,0.39574,0.47713,0.37202,0.48869,0.38465,0.36032,0.3976,0.3987,0.15045,0.20598,0.16928,0.16473,0.14223,0.17513,0.36443,0.39727,0.46963,0.36047,0.18269,0.31901,0.30416,0.44085,0.24876,0.44238,0.36598,0.3804,0.38784,0.41413,0.41731,0.43875,0.59832,0.5186,0.62939,0.64983,0.5863,0.59551,0.72252,0.7338,0.25291,0.026476,0.43427,0.4588,0.26847,0.3395,0.50535,0.47254,0.077588,0.046578,0.21163,0.42041,0.25615,0.36442,0.15888,0.21737,0.20968,0.073767,0.36341,0.4161,0.49603,0.44833,0.25293,0.27586,0.30892,0.2403,0,0.22322,0.37122,0.29968,0.24823,0.25476,0.49648,0.41919,0.37774,0.35229,0.15461,0
0.78902,0.76169,0.68234,0.71885,0.30661,0.10018,0.73039,0.76541,0.35269,0.3414,0.67809,0.72101,0.69828,0.58925,0.62948,0.32144,0.75718,0.75277,0.83919,0.87277,0.41626,0.39062,0.66391,0.69532,0.4544,0.48287,0.11689,0.13994,0.63083,0.48636,0.6618,0.68508,1,0.93277,0.81723,0.6612,0.37667,0.31279,0.23689,0.54318,0.46955,0.66533,0.5839,0.62704,0.73941,0.73226,0.62056,0.65654,0.49347,0.56542,0.56432,0.54202,0.43982,0.54274,0.68609,0.64187,0.75632,0.71408,0.5635,0.61912,0.70435,0.74225,0.65536,0.7567,0.727,0.69459,0.75496,0.73645,0.74261,0.76754,0.27307,0.3659,0.78871,0.71161,0.74785,0.61566,0.72376,0.69003,0.58831,0.23127,0.82192,0.77676,0.59493,0.52816,0.84719,0.78841,0.34589,0.4,0.59857,0.70838,0.25531,0.45018,0,0.11752,0.38069,0.29337,0.56289,0.60799,0.59097,0.55502,0.19983,0.39338,0.3901,0.35691,0.06851,0.4548,0.3435,0.19368,0.35404,0.40571,0.62062,0.53623,0.59963,0.53901,0.38994,0
0.77228,0.76985,0.6115,0.66317,0.29458,0.084299,0.67906,0.7187,0.34036,0.31411,0.6292,0.67387,0.66725,0.5849,0.5537,0.2645,0.73488,0.74412,0.79241,0.83698,0.34777,0.36457,0.54104,0.57499,0.44735,0.50887,0.099235,0.14558,0.56432,0.46472,0.67287,0.68935,0.93277,1,0.72345,0.58594,0.41203,0.33956,0.29712,0.50144,0.44222,0.67502,0.56407,0.6522,0.70013,0.7022,0.60659,0.61522,0.49319,0.53799,0.5222,0.4841,0.42394,0.48398,0.64493,0.6148,0.73487,0.72314,0.52163,0.57924,0.64711,0.7064,0.60464,0.72346,0.60649,0.60229,0.65653,0.64112,0.70588,0.69494,0.32825,0.41594,0.72981,0.69308,0.69566,0.58996,0.67404,0.66908,0.53085,0.18896,0.7863,0.69205,0.54112,0.38581,0.78513,0.70645,0.32468,0.25312,0.5168,0.63598,0.30464,0.45112,0.05658,0.16464,0.32397,0.23216,0.56316,0.59611,0.62221,0.58825,0.26619,0.43542,0.39646,0.39566,0.056042,0.43894,0.33237,0.30954,0.26815,0.3256,0.55904,0.55245,0.60434,0.51514,0.37988,0
0.67075,0.61398,0.57678,0.66019,0.32076,0.11045,0.61916,0.67018,0.35093,0.35124,0.6176,0.6661,0.6226,0.53996,0.59312,0.28095,0.63682,0.60494,0.69879,0.71582,0.37958,0.33227,0.6531,0.71741,0.45287,0.52109,0.15703,0.183,0.45041,0.346,0.56997,0.60796,0.81723,0.72345,1,0.894,0.38066,0.29436,0.23905,0.5499,0.34256,0.59214,0.5497,0.50471,0.66933,0.66257,0.5366,0.56013,0.40369,0.50495,0.50471,0.48305,0.43007,0.48724,0.58866,0.56149,0.62763,0.5229,0.59312,0.63527,0.71739,0.74465,0.61273,0.68487,0.79739,0.77819,0.80186,0.81992,0.67607,0.70729,0.24438,0.34309,0.67746,0.60349,0.6916,0.61874,0.73859,0.73213,0.42019,0.14637,0.68311,0.66505,0.47286,0.45129,0.78566,0.67496,0.2595,0.35967,0.59185,0.66835,0.27676,0.43141,0.020123,0.20273,0.34626,0.29558,0.55109,0.61084,0.57731,0.54996,0.28582,0.41701,0.45753,0.38871,0.1093,0.46451,0.4031,0.23541,0.236,0.41163,0.69021,0.51695,0.59142,0.56751,0.38296,0
0.55836,0.51436,0.54259,0.61612,0.42905,0.25035,0.56529,0.60543,0.45495,0.49675,0.57863,0.65566,0.61277,0.53837,0.60276,0.29997,0.52875,0.49511,0.61374,0.62595,0.3328,0.30088,0.61311,0.69658,0.52416,0.58624,0.22118,0.26707,0.31461,0.22628,0.45197,0.48731,0.6612,0.58594,0.894,1,0.4135,0.27107,0.22264,0.52679,0.25604,0.46696,0.56493,0.49151,0.57295,0.58307,0.54336,0.55822,0.40011,0.50384,0.48624,0.48184,0.45439,0.48096,0.54443,0.53792,0.51923,0.40775,0.62019,0.64675,0.67202,0.676,0.52555,0.5583,0.7309,0.77495,0.76798,0.80008,0.60611,0.6772,0.25952,0.35906,0.53523,0.49076,0.59044,0.53891,0.66644,0.6787,0.30274,0.0073536,0.54218,0.53663,0.37741,0.36963,0.69304,0.60915,0.18748,0.26794,0.60251,0.68687,0.29561,0.46313,0,0.20098,0.37941,0.32441,0.58554,0.62986,0.53277,0.55877,0.25333,0.41997,0.47127,0.42254,0.16901,0.53289,0.3741,0.22054,0.27411,0.5102,0.75178,0.50518,0.61556,0.6127,0.40803,0
0.4038,0.46595,0.2431,0.39459,0.31714,0.093918,0.2635,0.34157,0.27242,0.19563,0.18821,0.28899,0.32549,0.29077,0.3784,0.052363,0.36608,0.42933,0.35128,0.39222,0.19567,0.33138,0.22745,0.26353,0.40394,0.40741,0.21244,0.27661,0.31326,0.29808,0.25099,0.31263,0.37667,0.41203,0.38066,0.4135,1,0.62845,0.5918,0.49457,0.39059,0.53331,0.33489,0.37874,0.26733,0.27535,0.37687,0.38808,0.16724,0.21001,0.18963,0.16563,0.27658,0.23942,0.45049,0.39635,0.42398,0.42841,0.29324,0.3725,0.32327,0.3995,0.22963,0.33407,0.2699,0.38158,0.37687,0.39398,0.48184,0.4431,0.31802,0.44883,0.41322,0.44499,0.42508,0.39791,0.42343,0.43311,0.32508,0.035835,0.44338,0.4516,0.31196,0.2125,0.46902,0.36689,0.29273,0.12344,0.41509,0.39533,0.3042,0.35876,0.059566,0.17203,0.33767,0.22666,0.48262,0.52523,0.4663,0.45082,0.2716,0.3341,0.3487,0.40066,0.024465,0.2632,0.19708,0.38867,0.29767,0.3833,0.41031,0.43404,0.48506,0.4914,0.18649,0.037953
0.22234,0.35966,0,0.18852,0.011899,0,0.086006,0.19723,0.033673,0,0.1631,0.14413,0.22908,0.13712,0.23547,0.036904,0.28284,0.35794,0.32931,0.33646,0.36916,0.43899,0.048681,0.11852,0.115,0.15298,0.19341,0.27272,0.288,0.34509,0.36906,0.42026,0.31279,0.33956,0.29436,0.27107,0.62845,1,0.42466,0.49973,0.3645,0.53331,0.28272,0.32968,0.18463,0.16581,0.29329,0.29697,0.10823,0.11831,0.095188,0.031443,0.21895,0.14638,0.31849,0.33413,0.36762,0.35954,0.1924,0.29158,0.20862,0.30154,0.1601,0.26741,0.091642,0.099754,0.25724,0.25819,0.37362,0.35457,0.42029,0.41641,0.4339,0.50567,0.44437,0.49929,0.51596,0.51924,0.18103,0.033593,0.32897,0.35513,0.2051,0.22123,0.30166,0.25584,0.14516,0.064867,0.21415,0.28776,0.41051,0.35956,0.23771,0.19503,0.2791,0.19495,0.34759,0.44355,0.48024,0.45688,0.3084,0.22843,0.31448,0.3237,0,0.13016,0.32381,0.34523,0.34196,0.36236,0.39685,0.39742,0.31913,0.27343,0.00052579,0.035425
0.2231,0.32414,0.17488,0.27133,0.13355,0,0.16203,0.24544,0.1643,0.072107,0.044907,0.18719,0.24946,0.11547,0.22753,0,0.18861,0.26873,0.2485,0.26444,0,0,0.15081,0.1598,0.27017,0.31337,0,0.027971,0.0322,0,0.13392,0.23253,0.23689,0.29712,0.23905,0.22264,0.5918,0.42466,1,0.64841,0.45869,0.40508,0.18558,0.22378,0.2677,0.18559,0.23301,0.19109,0.058358,0.10578,0.11951,0.066979,0.16354,0.067109,0.47327,0.49747,0.31185,0.30694,0.21406,0.23883,0.23217,0.24175,0.12426,0.18649,0.20857,0.22255,0.28075,0.26156,0.3814,0.34861,0.12597,0.21493,0.17781,0.16758,0.17146,0.14769,0.2221,0.29546,0.2912,0,0.30974,0.21679,0.47552,0,0.39585,0.25231,0.66751,0.25672,0.42253,0.33268,0.22733,0.4134,0.07707,0.28246,0.43526,0.41306,0.34255,0.51216,0.30825,0.43412,0.17168,0.3228,0.09027,0.28485,0,0,0.31062,0.6897,0.28217,0.13752,0.12489,0.28554,0.35358,0.30071,0,0
0.53285,0.58384,0.44653,0.58949,0.18566,0.017789,0.41618,0.52721,0.19148,0.22293,0.30238,0.48774,0.42218,0.37549,0.46856,0.2003,0.40002,0.45697,0.53675,0.58852,0.077824,0.13186,0.46004,0.53132,0.22004,0.32542,0.015318,0.10375,0.23591,0.114,0.24934,0.32389,0.54318,0.50144,0.5499,0.52679,0.49457,0.49973,0.64841,1,0.50234,0.58379,0.41301,0.43267,0.58888,0.56727,0.45745,0.5432,0.3401,0.4166,0.45942,0.42891,0.39927,0.37001,0.64813,0.69814,0.56964,0.52501,0.45524,0.49352,0.47689,0.49317,0.36809,0.45578,0.47588,0.54231,0.61217,0.62022,0.59083,0.62794,0.10297,0.19933,0.4115,0.38434,0.41018,0.35154,0.45787,0.47726,0.43402,0.064172,0.55702,0.49913,0.59879,0.34332,0.6751,0.58265,0.57744,0.60017,0.58218,0.59286,0.27995,0.44202,0.077554,0.2146,0.62924,0.68727,0.52421,0.74545,0.44676,0.50686,0.24915,0.34385,0.29649,0.3472,0,0.14142,0.33066,0.35908,0.46378,0.44242,0.44736,0.40245,0.49563,0.4484,0.13982,0
0.3781,0.40193,0.41808,0.46614,0.17546,0.0975,0.43155,0.47585,0.13818,0.15939,0.44958,0.46103,0.42893,0.4088,0.24945,0.15471,0.32019,0.35846,0.48823,0.51459,0.10748,0.095027,0.47888,0.45072,0.18355,0.20805,0,0,0.25888,0.072173,0.33297,0.39574,0.46955,0.44222,0.34256,0.25604,0.39059,0.3645,0.45869,0.50234,1,0.62288,0.36896,0.39956,0.42472,0.37115,0.36924,0.36981,0.32209,0.32483,0.3771,0.34897,0.31536,0.29643,0.42015,0.47439,0.37519,0.3036,0.21885,0.28865,0.35045,0.40153,0.35842,0.48157,0.23963,0.22528,0.35948,0.36196,0.32002,0.38964,0.17072,0.20265,0.51725,0.49275,0.42965,0.41174,0.46169,0.43085,0.38249,0,0.52791,0.43137,0.50048,0.18683,0.50009,0.50389,0.47242,0.36828,0.30132,0.47339,0.13603,0.32974,0,0,0.398,0.44321,0.23232,0.41053,0.36367,0.3572,0.0058357,0.09258,0.014768,0.064226,0,0.048073,0.38409,0.35056,0.20745,0.12694,0.24588,0.331,0.24116,0.16636,0.12077,0
0.57385,0.6082,0.44009,0.58502,0.20904,0.043535,0.5095,0.60358,0.23208,0.20728,0.49776,0.52559,0.52543,0.54773,0.3886,0.18541,0.62656,0.61756,0.60982,0.6571,0.2333,0.29106,0.47269,0.49122,0.31574,0.36793,0,0.024114,0.58464,0.4661,0.39226,0.47713,0.66533,0.67502,0.59214,0.46696,0.53331,0.53331,0.40508,0.58379,0.62288,1,0.50003,0.50686,0.49663,0.51086,0.48091,0.50101,0.38912,0.39141,0.44982,0.40101,0.43479,0.3687,0.58478,0.55598,0.53358,0.51546,0.42856,0.47976,0.51685,0.56947,0.55435,0.5956,0.46717,0.46553,0.56721,0.56231,0.52722,0.56034,0.24956,0.18578,0.69043,0.74202,0.67225,0.63306,0.59226,0.6069,0.54019,0.23762,0.74388,0.68707,0.57683,0.43268,0.66927,0.62216,0.41644,0.38514,0.51341,0.51815,0.34159,0.36168,0.050702,0.11952,0.36893,0.33329,0.52948,0.575,0.60544,0.54934,0.22169,0.32773,0.30056,0.32256,0,0.26946,0.24524,0.31462,0.35211,0.29187,0.53338,0.57018,0.51756,0.52839,0.29739,0
0.58194,0.65043,0.56594,0.68314,0.34073,0.38702,0.70271,0.71316,0.42395,0.45909,0.58974,0.63789,0.7197,0.67747,0.44224,0.27234,0.58221,0.51844,0.70919,0.70808,0.2317,0.22078,0.50626,0.59786,0.47985,0.55535,0.058353,0.047218,0.22971,0.22848,0.30005,0.37202,0.5839,0.56407,0.5497,0.56493,0.33489,0.28272,0.18558,0.41301,0.36896,0.50003,1,0.89823,0.74089,0.71867,0.93433,0.85397,0.78172,0.72619,0.76708,0.70134,0.81951,0.77257,0.62355,0.55779,0.61419,0.50794,0.6854,0.64079,0.72377,0.69169,0.64087,0.61428,0.59845,0.51189,0.69573,0.66083,0.58786,0.70042,0.09647,0.12859,0.47307,0.42062,0.54436,0.48102,0.59581,0.57517,0.23626,0.11327,0.65468,0.47044,0.50497,0.33057,0.65519,0.61039,0.32334,0.26822,0.61114,0.68292,0.57062,0.63077,0.092065,0.16145,0.33119,0.29979,0.61943,0.54572,0.685,0.65731,0.1076,0.1485,0.27492,0.21401,0.14202,0.43741,0.2671,0.22519,0.12786,0.35295,0.69737,0.7222,0.51436,0.46069,0.51411,0
0.57722,0.66471,0.53769,0.64199,0.33226,0.30412,0.62744,0.66911,0.44134,0.45234,0.52132,0.59711,0.65487,0.59454,0.51808,0.30413,0.57429,0.52838,0.67779,0.70005,0.25322,0.26687,0.48278,0.54342,0.41048,0.50829,0.053487,0.066686,0.28101,0.27249,0.43016,0.48869,0.62704,0.6522,0.50471,0.49151,0.37874,0.32968,0.22378,0.43267,0.39956,0.50686,0.89823,1,0.75739,0.73393,0.89462,0.85502,0.69792,0.64338,0.66693,0.58989,0.66838,0.6351,0.61856,0.5583,0.63991,0.5484,0.55869,0.56708,0.61483,0.63521,0.52584,0.58191,0.522,0.47265,0.6144,0.59156,0.59838,0.65784,0.21502,0.27541,0.48581,0.47431,0.54697,0.48321,0.58224,0.56854,0.31648,0.10803,0.64963,0.51695,0.55727,0.3445,0.65364,0.59816,0.38299,0.26519,0.52966,0.61976,0.48935,0.56044,0.1105,0.14424,0.33513,0.28716,0.57773,0.54964,0.65222,0.63374,0.19343,0.19355,0.30359,0.23835,0.042308,0.34933,0.29303,0.26586,0.20791,0.2684,0.61787,0.66443,0.51981,0.44814,0.38709,0
