1,0.7114,0.65329,0.71454,0.17803,0.1087,0.66493,0.46158,0.30178,0.11114,0.73399,0.5967,0.73038,0.49579,0.40591,0.40704,0.51941,0.51923,0.65506,0.73247,0.23473,0.079843,0.66259,0.72648,0.4682,0.38245,0.27588,0.14266,0.50008,0.23908,0.29463,0.38008,0.73899,0.70773,0.42714,0.43815,0.20463,0.11998,0.1876,0.33324,0.31413,0.049625,0.16501,0.10991,0.31878,0.39629,0.12595,0.49004,0.56337,0.5463,0.58178,0.52977,0.54637,0.52984,0.37101,0.50212,0.80954,0.59354,0.59221,0.4659,0.7201,0.56624,0.55863,0.59638,0.25809,0.63513,0.62997,0.64412,0.72753,0.76402,0,0,0.32855,0.14846,0,0.18614,0.092364,0.30872,0.26982,0.38201,0.39793,0.46444,0.44664,0.57474,0.50193,0.57804,0.22917,0.40449,0.35658,0.68181,0.39786,0.59287,0.40034,0.59934,0.30618,0.37752,0.24355,0.39209,0.38091,0.51519,0,0.5416,0,0.24613,0.32335,0.46196,0,0,0.29811,0.38956,0.5837,0.45228,0.37108,0.20299,0.31187,0.21351
0.7114,1,0.29584,0.49767,0,0.030128,0.28069,0.47963,0.082142,0.0024866,0.54024,0.6103,0.45215,0.41547,0.31041,0.19486,0.60714,0.6657,0.47592,0.6286,0.20518,0.095801,0.37428,0.40565,0.20404,0.17108,0.21837,0.1517,0.44249,0.41306,0.35847,0.37898,0.64522,0.61653,0.17047,0.21859,0.13624,0.15359,0.1281,0.28262,0.29602,0.25256,0,0,0.11445,0.23466,0.04111,0.32753,0.36357,0.41753,0.39947,0.41764,0.46778,0.34109,0.31081,0.33719,0.74613,0.86165,0.44774,0.58011,0.56436,0.61913,0.57174,0.6955,0.0050266,0.4419,0.46858,0.47506,0.73302,0.686,0,0,0.46186,0.4362,0.097754,0.17383,0.072152,0.18166,0.256,0.44979,0.43491,0.47716,0.25179,0.44565,0.48866,0.46383,0.12598,0.25042,0.39195,0.40461,0.38899,0.24763,0.27396,0.21408,0.12847,0.28891,0.18734,0.37139,0.40732,0.41209,0.27886,0.38249,0.2719,0.32521,0.068933,0.0414,0,0.0059357,0.2673,0.25172,0.37408,0.30468,0.34273,0.28736,0,0
0.65329,0.29584,1,0.82838,0.22184,0.069021,0.88515,0.4648,0.39949,0.014705,0.40641,0.3784,0.64865,0.37077,0.26071,0.30881,0.23896,0.27723,0.67513,0.6062,0.21122,0.17133,0.9337,0.90828,0.55085,0.47147,0.22964,0.073213,0.42073,0.20176,0.20309,0.22544,0.47828,0.45859,0.45327,0.31261,0.38313,0.24146,0.30617,0.4598,0.39178,0.16109,0.53722,0.4068,0.62891,0.57886,0.35583,0.5989,0.68704,0.62859,0.71948,0.63443,0.53065,0.69551,0.37507,0.57923,0.41053,0.25317,0.27166,0.11843,0.37482,0.26455,0.24039,0.27483,0.53759,0.66901,0.59629,0.62437,0.43081,0.52783,0,0,0.15591,0.016528,0,0.10096,0.14859,0.26682,0.18354,0.357,0.30608,0.42615,0.37701,0.47916,0.37187,0.527,0.28699,0.44855,0.32956,0.67161,0.50505,0.74361,0.58153,0.84563,0.3387,0.35505,0.20848,0.31931,0.34832,0.47965,0,0.43373,0,0,0.33692,0.45025,0,0,0.15075,0.38954,0.52849,0.54195,0.34793,0.015734,0.44467,0.27618
0.71454,0.49767,0.82838,1,0.27272,0.25935,0.81524,0.7274,0.44168,0.27028,0.50498,0.59137,0.6502,0.55059,0.30139,0.41728,0.3328,0.35972,0.65943,0.75624,0.30993,0.28938,0.81105,0.88467,0.503,0.51379,0.33218,0.18366,0.40717,0.19929,0.24804,0.30667,0.52947,0.58159,0.41845,0.36641,0.29927,0.18705,0.27305,0.44674,0.36378,0.1735,0.47233,0.33771,0.50762,0.55055,0.38599,0.56638,0.68186,0.61841,0.68893,0.59155,0.62051,0.59861,0.4663,0.55123,0.49381,0.32371,0.35412,0.23795,0.47134,0.44308,0.37003,0.37338,0.41345,0.67775,0.58779,0.64022,0.5361,0.61032,0,0,0.30396,0.18825,0.018117,0.26736,0.24459,0.37923,0.16485,0.33671,0.36211,0.41991,0.37297,0.45814,0.48428,0.52781,0.30759,0.3873,0.41807,0.65955,0.60118,0.72768,0.66874,0.75885,0.26154,0.32832,0.2165,0.35876,0.5047,0.58002,0,0.45592,0,0.033607,0.28376,0.3752,0,0,0.13432,0.32636,0.56249,0.51895,0.41269,0.11984,0.40811,0.22407
0.17803,0,0.22184,0.27272,1,0.78481,0.33086,0.23281,0.85496,0.77234,0.10085,0.12287,0.24964,0.34624,0.50059,0.64109,0.0020823,0,0.028774,0.15883,0.51986,0.51542,0.28493,0.30575,0.65968,0.70543,0.67568,0.66504,0.033954,0,0.24422,0.2826,0.25518,0.32775,0.31535,0.38924,0,0,0,0.011091,0.046949,0,0.36535,0.37762,0.20161,0.23049,0.50868,0.33968,0.25955,0.10515,0.14431,0.078807,0.18949,0.13511,0.3702,0.28303,0.21085,0,0.35943,0.06046,0.23922,0.010087,0.14274,0.08998,0.15908,0.093758,0.24465,0.15934,0.10346,0.12805,0.084144,0.18077,0.14819,0.0090389,0.21313,0.33189,0.21722,0.22083,0.24585,0,0.10293,0.08246,0.22463,0.17766,0.10378,0.063806,0.10166,0.16116,0.18802,0.2972,0.098347,0.22209,0.16715,0.22676,0.2576,0.21652,0.38478,0.30358,0.21983,0.18647,0,0.16348,0,0.0024319,0.25155,0.31316,0.010973,0,0.19566,0.081061,0.33676,0.28444,0.119,0.076534,0.34412,0.30721
0.1087,0.030128,0.069021,0.25935,0.78481,1,0.20628,0.27359,0.65204,0.8766,0.047707,0.15174,0.071881,0.38871,0.31189,0.63122,0,0.042864,0,0.054143,0.50586,0.5812,0.14597,0.20231,0.50407,0.62902,0.69611,0.70331,0,0,0.29169,0.25691,0.23408,0.34058,0.27558,0.34184,0,0,0,0.054762,0,0,0.32978,0.35758,0.21673,0.30203,0.49517,0.30712,0.24388,0.068047,0.12208,0,0.16785,0,0.42164,0.27356,0.19533,0,0.28579,0.0054479,0.19951,0.026484,0.18972,0.092082,0.10257,0.10922,0.22978,0.17178,0.14098,0.072872,0.12272,0.10665,0.15596,0.097068,0.29171,0.38888,0.19335,0.18068,0.19383,0.035581,0.229,0.1685,0.20562,0.16813,0.23838,0.099673,0.2261,0.14679,0.29072,0.26164,0.050028,0.09855,0.11645,0.098789,0.26312,0.23839,0.41238,0.36105,0.3203,0.24852,0,0.071622,0,0,0.30831,0.32424,0.049244,0,0.26201,0.051348,0.29955,0.33239,0.13209,0.10282,0.38215,0.37088
0.66493,0.28069,0.88515,0.81524,0.33086,0.20628,1,0.59446,0.50883,0.20411,0.43748,0.52684,0.71848,0.49986,0.20596,0.43944,0.23548,0.30939,0.54628,0.58749,0.21591,0.22985,0.77496,0.8064,0.44068,0.40526,0.28924,0.15006,0.43989,0.17362,0.059297,0.10771,0.43023,0.46622,0.2961,0.20811,0.333,0.14664,0.23582,0.42366,0.37955,0.030507,0.48093,0.42703,0.54178,0.56886,0.4122,0.58157,0.7138,0.64474,0.66135,0.62542,0.58955,0.68746,0.45003,0.63526,0.42749,0.18033,0.3401,0.12213,0.43819,0.39679,0.32228,0.38346,0.4068,0.64291,0.52342,0.54551,0.40416,0.52117,0,0,0.17825,0,0,0.12757,0.10367,0.28749,0.1372,0.30496,0.32115,0.44878,0.44451,0.51719,0.34876,0.59992,0.35727,0.46531,0.32592,0.77639,0.46505,0.74499,0.53256,0.84003,0.27218,0.36175,0.19472,0.36834,0.37022,0.5171,0,0.41432,0,0,0.29898,0.47558,0,0,0.13607,0.35152,0.51246,0.54489,0.33806,0,0.48698,0.3433
0.46158,0.47963,0.4648,0.7274,0.23281,0.27359,0.59446,1,0.38728,0.34926,0.44438,0.63807,0.5849,0.73476,0.16664,0.32998,0.31052,0.40594,0.33088,0.51074,0.16517,0.25569,0.40235,0.51428,0.15295,0.28294,0.15499,0.080034,0.33183,0.26884,0.02949,0.075002,0.25859,0.39463,0.034421,0.12544,0.15158,0.15744,0.14733,0.27929,0.27719,0.14023,0.2139,0.21214,0.12495,0.28648,0.34208,0.41772,0.45832,0.49177,0.37162,0.44492,0.51901,0.38651,0.30319,0.3945,0.32618,0.2857,0.14365,0.2502,0.38045,0.65552,0.40534,0.47173,0,0.4526,0.16474,0.28426,0.29555,0.36684,0,0,0.28409,0.23929,0,0.1893,0.19868,0.36862,0.064545,0.1993,0.26169,0.30295,0.22078,0.3189,0.28556,0.40289,0.16422,0.13967,0.32829,0.51508,0.44336,0.40018,0.50896,0.47619,0.15839,0.29462,0.14728,0.29665,0.45624,0.45983,0,0.24091,0,0,0.10069,0.11338,0,0,0,0.30014,0.37732,0.43978,0.24611,0,0.25988,0.1813
0.30178,0.082142,0.39949,0.44168,0.85496,0.65204,0.50883,0.38728,1,0.70334,0.27459,0.21708,0.47571,0.49294,0.63775,0.70429,0.14384,0.069489,0.24831,0.29819,0.36934,0.382,0.4344,0.46266,0.68102,0.73689,0.56951,0.53699,0.21445,0.011648,0.24808,0.31624,0.28181,0.35189,0.26647,0.35327,0.083081,0,0.063216,0.13617,0.18846,0,0.39852,0.40282,0.21696,0.25527,0.50704,0.43881,0.36261,0.23453,0.31131,0.26229,0.35853,0.31675,0.42536,0.3929,0.29083,0,0.31718,0.082365,0.32564,0.11729,0.19835,0.10517,0.27474,0.22786,0.28056,0.21324,0.19985,0.2443,0,0.13724,0.14611,0.028891,0.15107,0.28097,0.12646,0.19158,0.32871,0.083861,0.18961,0.19069,0.37992,0.30018,0.20726,0.1938,0.2004,0.22268,0.29476,0.4071,0.25866,0.35362,0.32128,0.37156,0.30867,0.27986,0.38614,0.33716,0.351,0.28661,0,0.19473,0,0,0.2337,0.34487,0,0,0.17978,0.17024,0.45016,0.43685,0.21461,0,0.36158,0.28038
0.11114,0.0024866,0.014705,0.27028,0.77234,0.8766,0.20411,0.34926,0.70334,1,0.12669,0.20135,0.16133,0.43441,0.37245,0.65434,0.02403,0.02225,0,0.11826,0.41029,0.48612,0.081679,0.16539,0.48908,0.61462,0.59495,0.58659,0.0014225,0,0.22271,0.25717,0.16333,0.27709,0.21518,0.29925,0,0,0.044717,0.097575,0.020467,0,0.25203,0.30192,0.08959,0.17527,0.44848,0.22199,0.11635,0,0.0090587,0,0.12717,0,0.4137,0.27465,0.17056,0,0.25157,0,0.2069,0.096035,0.15568,0.065944,0.069435,0.091726,0.12561,0.077576,0.10496,0.053244,0.07297,0.14757,0.18401,0.077965,0.25995,0.35441,0.17014,0.22088,0.20574,0,0.19795,0.14164,0.20554,0.12838,0.19134,0.089927,0.24266,0.18146,0.26987,0.27645,0.036774,0.076825,0.13531,0.085501,0.25138,0.24538,0.4034,0.34314,0.32388,0.20416,0,0.10165,0,0,0.25053,0.27117,0.09157,0,0.19999,0.089538,0.29087,0.25972,0.094629,0.084126,0.3568,0.32412
0.73399,0.54024,0.40641,0.50498,0.10085,0.047707,0.43748,0.44438,0.27459,0.12669,1,0.56862,0.80152,0.60278,0.44123,0.27365,0.60542,0.48195,0.52256,0.55044,0.062054,0,0.46308,0.52147,0.41901,0.3559,0.12539,0,0.60612,0.2959,0.31522,0.40034,0.54736,0.51965,0.24198,0.3839,0.13842,0.08864,0.17957,0.2421,0.32697,0.14776,0.020728,0.019252,0.030319,0.14321,0.036412,0.30043,0.23385,0.26006,0.29485,0.24804,0.32208,0.24943,0.1694,0.27739,0.56759,0.41628,0.24779,0.27942,0.5311,0.47957,0.47637,0.51799,0.12596,0.37961,0.30337,0.37412,0.47206,0.47317,0,0,0.29088,0.16272,0,0.031345,0,0.11023,0.36751,0.30161,0.38704,0.3494,0.39203,0.355,0.4487,0.42775,0.15051,0.12779,0.22679,0.41294,0.21205,0.31672,0.28742,0.34933,0.2854,0.28396,0.20331,0.23168,0.20514,0.30425,0,0.33675,0,0.071486,0.19011,0.27808,0,0,0.076214,0.33749,0.4607,0.30878,0.23572,0.035637,0.14656,0.097772
0.5967,0.6103,0.3784,0.59137,0.12287,0.15174,0.52684,0.63807,0.21708,0.20135,0.56862,1,0.59677,0.66579,0.17232,0.35893,0.48261,0.61577,0.3009,0.40623,0.059819,0.14651,0.32864,0.41966,0.11778,0.12281,0.23812,0.15108,0.4911,0.33147,0.12418,0.19838,0.40667,0.43523,0,0,0.14595,0.074435,0.042123,0.24021,0.29201,0.14494,0.095259,0.14111,0.14236,0.31476,0.15773,0.35411,0.43087,0.45117,0.35294,0.38695,0.41337,0.32263,0.29884,0.38425,0.44689,0.44442,0.2307,0.28094,0.4664,0.6761,0.48385,0.73471,0.07027,0.49511,0.28875,0.37895,0.42594,0.39716,0,0,0.3434,0.13376,0.059894,0.15368,0,0.15648,0.15253,0.38375,0.36413,0.40051,0.33239,0.38096,0.35195,0.5299,0.233,0.26667,0.26218,0.55151,0.33033,0.33328,0.3376,0.39953,0.045275,0.18024,0.013954,0.3078,0.37242,0.42329,0,0.26374,0,0,0.047163,0.21215,0,0,0.16031,0.16684,0.26226,0.44152,0.3246,0,0.18528,0.070856
0.73038,0.45215,0.64865,0.6502,0.24964,0.071881,0.71848,0.5849,0.47571,0.16133,0.80152,0.59677,1,0.69849,0.47001,0.41668,0.5687,0.47927,0.59567,0.57955,0.021876,0,0.63404,0.65581,0.48518,0.43767,0.096957,0,0.66916,0.34557,0.18382,0.29747,0.53181,0.53861,0.18073,0.27067,0.36362,0.24313,0.31082,0.41374,0.5018,0.19059,0.24007,0.2475,0.27038,0.36576,0.20862,0.47658,0.49344,0.52323,0.51778,0.53714,0.52567,0.55565,0.30893,0.5141,0.56327,0.342,0.29116,0.29163,0.55811,0.54326,0.49746,0.50536,0.23552,0.50324,0.37439,0.45034,0.46882,0.4987,0,0,0.28408,0.080162,0,0.0082578,0,0.16524,0.38494,0.38156,0.42461,0.45563,0.46474,0.52151,0.48621,0.60386,0.29153,0.30371,0.26741,0.65696,0.3304,0.48708,0.39721,0.56742,0.24984,0.34055,0.12117,0.32947,0.28972,0.39832,0,0.30203,0,0,0.21039,0.3728,0,0,0.045524,0.37424,0.46886,0.51212,0.34243,0,0.28975,0.18715
0.49579,0.41547,0.37077,0.55059,0.34624,0.38871,0.49986,0.73476,0.49294,0.43441,0.60278,0.66579,0.69849,1,0.32437,0.48979,0.52143,0.56963,0.26308,0.39176,0.14379,0.18103,0.36249,0.45139,0.3426,0.43735,0.24058,0.17327,0.52618,0.4476,0.1781,0.23371,0.398,0.47884,0.0073664,0.18632,0.1521,0.19488,0.15197,0.30318,0.30974,0.16035,0.1434,0.24121,0.10216,0.31192,0.29348,0.48139,0.43827,0.49039,0.34961,0.41842,0.44006,0.33422,0.34919,0.44987,0.46201,0.29305,0.26704,0.2843,0.50927,0.62684,0.50376,0.55402,0.020392,0.43073,0.24401,0.35432,0.35278,0.33855,0,0,0.27288,0.19719,0.021079,0.12854,0,0.18263,0.3589,0.31041,0.40482,0.42853,0.32491,0.45442,0.37122,0.54368,0.22001,0.18055,0.2966,0.55948,0.27157,0.30446,0.35797,0.40645,0.24825,0.35961,0.18613,0.39283,0.36097,0.40966,0,0.19546,0,0,0.12688,0.24681,0,0,0.098057,0.28386,0.34755,0.49821,0.24956,0,0.23222,0.2148
0.40591,0.31041,0.26071,0.30139,0.50059,0.31189,0.20596,0.16664,0.63775,0.37245,0.44123,0.17232,0.47001,0.32437,1,0.68818,0.36816,0.043805,0.40605,0.30042,0.18412,0.10465,0.38391,0.37391,0.64987,0.56682,0.47089,0.40876,0.2167,0,0.32513,0.46123,0.41307,0.38686,0.29815,0.3845,0.015358,0,0,0.021811,0.15035,0,0.12024,0.09235,0.052939,0.079993,0.10926,0.24025,0.17908,0.11847,0.26232,0.19152,0.29484,0.15772,0.24727,0.19115,0.4314,0.19366,0.34425,0.21216,0.51154,0.10383,0.27099,0.084215,0.39291,0.24982,0.30597,0.2318,0.39658,0.39934,0.025693,0.17035,0.16932,0.098461,0.22644,0.18977,0.086823,0.035925,0.40534,0.14097,0.20975,0.13484,0.57665,0.35812,0.34021,0.047691,0.18757,0.27823,0.41213,0.19646,0.31899,0.18611,0.30576,0.15555,0.27664,0.20795,0.36556,0.25548,0.36608,0.23191,0.092652,0.27404,0.10534,0.2213,0.16995,0.28149,0.17915,0,0.35584,0.10484,0.39812,0.37154,0.32765,0.24468,0.12108,0.14407
0.40704,0.19486,0.30881,0.41728,0.64109,0.63122,0.43944,0.32998,0.70429,0.65434,0.27365,0.35893,0.41668,0.48979,0.68818,1,0.31231,0.15769,0.18397,0.22967,0.35757,0.38672,0.3534,0.40917,0.54365,0.54086,0.61772,0.61037,0.27261,0.090869,0.26842,0.36573,0.42488,0.47822,0.24071,0.27267,0.044778,0,0,0.13411,0.20579,0,0.27656,0.3306,0.26192,0.37597,0.38347,0.41162,0.44136,0.30306,0.36066,0.27986,0.46328,0.2181,0.52965,0.46834,0.49898,0.083049,0.51387,0.19039,0.5716,0.17491,0.43858,0.2073,0.38054,0.37761,0.42824,0.34654,0.42859,0.42468,0,0.12964,0.26602,0.10012,0.24435,0.37916,0.092119,0.18216,0.38328,0.29359,0.40145,0.37623,0.65233,0.57269,0.42941,0.32458,0.39757,0.52269,0.47809,0.55567,0.27458,0.276,0.27217,0.29165,0.30578,0.4012,0.49923,0.54579,0.56191,0.39561,0,0.26797,0,0.05284,0.30384,0.48246,0.14786,0,0.4921,0.17053,0.51412,0.58832,0.36324,0.19494,0.40879,0.38747
0.51941,0.60714,0.23896,0.3328,0.0020823,0,0.23548,0.31052,0.14384,0.02403,0.60542,0.48261,0.5687,0.52143,0.36816,0.31231,1,0.71928,0.46376,0.48834,0.16799,0.053929,0.29877,0.27229,0.29235,0.21758,0.10482,0.062581,0.81897,0.75602,0.37958,0.40224,0.62958,0.59114,0.011526,0.1677,0.36452,0.37669,0.28827,0.39956,0.50195,0.42317,0.031501,0.12262,0.21605,0.39501,0.064869,0.41394,0.43051,0.47417,0.40873,0.4444,0.4768,0.34036,0.25537,0.34217,0.7037,0.5612,0.41904,0.46961,0.60322,0.41386,0.78634,0.53571,0.1462,0.39245,0.49482,0.53142,0.7187,0.61426,0,0,0.48341,0.40963,0.077023,0,0,0.0052017,0.73034,0.73421,0.78897,0.67981,0.4041,0.63729,0.62413,0.55616,0.27343,0.28825,0.29651,0.40508,0.22184,0.22068,0.13543,0.19636,0.15632,0.29409,0.22729,0.42239,0.39798,0.42132,0.088585,0.27331,0.017007,0.18323,0,0.087892,0.013123,0,0.16497,0.28779,0.32092,0.48451,0.42433,0.087992,0,0
0.51923,0.6657,0.27723,0.35972,0,0.042864,0.30939,0.40594,0.069489,0.02225,0.48195,0.61577,0.47927,0.56963,0.043805,0.15769,0.71928,1,0.30914,0.43589,0.1417,0.12638,0.32477,0.32056,0.19331,0.1582,0.16372,0.10064,0.65697,0.76824,0.38726,0.33003,0.61599,0.58445,0.049107,0.088734,0.24234,0.29579,0.2178,0.35567,0.35084,0.33531,0.044476,0.15085,0.21518,0.3783,0.11754,0.41663,0.3859,0.43291,0.34438,0.39751,0.37505,0.3799,0.22229,0.39235,0.67037,0.72319,0.28189,0.36478,0.40749,0.50797,0.61023,0.71681,0,0.40395,0.42792,0.46925,0.62272,0.49537,0,0,0.40164,0.34247,0,0,0,0,0.45042,0.7062,0.62656,0.68693,0.16839,0.55832,0.46203,0.62262,0.16299,0.21163,0.14374,0.46752,0.12677,0.15365,0.063129,0.20576,0.070759,0.2744,0.098316,0.37334,0.23997,0.30699,0,0.15034,0,0.036513,0,0.072992,0,0,0.10265,0.25884,0.24733,0.37506,0.21814,0,0,0
0.65506,0.47592,0.67513,0.65943,0.028774,0,0.54628,0.33088,0.24831,0,0.52256,0.3009,0.59567,0.26308,0.40605,0.18397,0.46376,0.30914,1,0.81475,0.081564,0,0.68384,0.65332,0.45147,0.40971,0.072733,0,0.50145,0.32689,0.37757,0.41305,0.55206,0.50165,0.41689,0.39916,0.30943,0.27627,0.27616,0.32701,0.35798,0.21769,0.18693,0.084509,0.33917,0.32493,0.094183,0.37061,0.37589,0.36099,0.42253,0.3771,0.34707,0.45805,0.16734,0.34036,0.51137,0.38162,0.32201,0.23338,0.49129,0.30173,0.29174,0.24297,0.49325,0.47846,0.50391,0.50142,0.4915,0.63577,0,0,0.15195,0.18833,0,0.11943,0,0.10727,0.36927,0.37106,0.34449,0.41491,0.26401,0.40061,0.35809,0.34563,0.12055,0.27046,0.27905,0.40338,0.33702,0.60096,0.41235,0.57588,0.079326,0.063826,0.04322,0.13066,0.24379,0.39738,0.12141,0.49849,0.0053626,0.29819,0.043544,0.13138,0.00047617,0.033294,0.051839,0.14311,0.39551,0.25975,0.29238,0.13389,0.051944,0
0.73247,0.6286,0.6062,0.75624,0.15883,0.054143,0.58749,0.51074,0.29819,0.11826,0.55044,0.40623,0.57955,0.39176,0.30042,0.22967,0.48834,0.43589,0.81475,1,0.28383,0.12922,0.63227,0.68239,0.42189,0.40562,0.18155,0.055818,0.50344,0.35483,0.38061,0.42185,0.6647,0.69589,0.43019,0.46421,0.19362,0.1855,0.2262,0.34577,0.32175,0.1592,0.25023,0.16684,0.29328,0.36098,0.28053,0.4469,0.46127,0.43635,0.43764,0.43192,0.4581,0.52339,0.33951,0.45224,0.64834,0.47279,0.49192,0.32257,0.55166,0.37105,0.45004,0.38903,0.2723,0.44091,0.58246,0.54308,0.64216,0.75374,0,0,0.31421,0.31917,0,0.24392,0.068028,0.22517,0.33815,0.34631,0.38328,0.43502,0.23861,0.50207,0.40636,0.43988,0.085536,0.2015,0.2963,0.49269,0.38872,0.66242,0.44032,0.59402,0.13344,0.20216,0.19225,0.26038,0.31164,0.45153,0.11006,0.5166,0,0.25174,0.081303,0.1335,0,0.010392,0.060691,0.1879,0.51316,0.21476,0.24291,0.16373,0.12633,0
0.23473,0.20518,0.21122,0.30993,0.51986,0.50586,0.21591,0.16517,0.36934,0.41029,0.062054,0.059819,0.021876,0.14379,0.18412,0.35757,0.16799,0.1417,0.081564,0.28383,1,0.69124,0.27665,0.2809,0.43508,0.46809,0.42182,0.47509,0.15396,0.16136,0.41346,0.3791,0.45474,0.50465,0.34307,0.38846,0.13429,0.091412,0.082559,0.18027,0.22084,0.059555,0.37635,0.34044,0.38801,0.45049,0.41204,0.42709,0.39109,0.26617,0.26407,0.14582,0.23097,0.17671,0.30473,0.2522,0.34509,0.24271,0.38466,0.20261,0.1807,0,0.22454,0.11061,0.068892,0.20094,0.49607,0.45122,0.34171,0.3841,0.31739,0.33778,0.35783,0.30439,0.22453,0.3754,0.35042,0.28511,0.32871,0.24596,0.33107,0.294,0.12223,0.30198,0.27439,0.16098,0.089757,0.22,0.092331,0.20833,0.14265,0.28989,0.21037,0.2209,0.24516,0.24336,0.41335,0.34574,0.25821,0.25293,0,0.18942,0,0.1796,0.26555,0.26357,0.049131,0.062649,0.2516,0.12108,0.34345,0.26168,0.25355,0.23074,0.24839,0.22388
0.079843,0.095801,0.17133,0.28938,0.51542,0.5812,0.22985,0.25569,0.382,0.48612,0,0.14651,0,0.18103,0.10465,0.38672,0.053929,0.12638,0,0.12922,0.69124,1,0.16879,0.20791,0.29572,0.3956,0.55697,0.60185,0.047826,0.093872,0.28657,0.23514,0.24097,0.33088,0.21095,0.2023,0.048686,0.017462,0.0091791,0.12767,0.035109,0.072474,0.32567,0.28243,0.31173,0.34497,0.35336,0.2661,0.27906,0.14083,0.15162,0.041905,0.14049,0.00099864,0.28815,0.19272,0.13707,0.108,0.17165,0,0.068596,0.017769,0.070654,0.13991,0.066101,0.2285,0.28349,0.25572,0.16833,0.17615,0.29287,0.20766,0.2104,0.18456,0.27847,0.44285,0.30234,0.24455,0.15124,0.15189,0.21718,0.22029,0.14023,0.19653,0.15058,0.050837,0.14121,0.2653,0.22341,0.19113,0.17394,0.21886,0.23116,0.22387,0.14845,0.20349,0.31693,0.28392,0.3079,0.2972,0,0.18569,0.0028695,0.082194,0.20357,0.19101,0.0063997,0,0.26061,0.064634,0.18544,0.28234,0.19315,0.19697,0.22969,0.30177
0.66259,0.37428,0.9337,0.81105,0.28493,0.14597,0.77496,0.40235,0.4344,0.081679,0.46308,0.32864,0.63404,0.36249,0.38391,0.3534,0.29877,0.32477,0.68384,0.63227,0.27665,0.16879,1,0.95723,0.70199,0.61946,0.3013,0.15053,0.44232,0.23262,0.41306,0.42266,0.59535,0.56142,0.59339,0.44057,0.39594,0.26717,0.37225,0.48971,0.43178,0.21884,0.57684,0.43047,0.66077,0.59845,0.38737,0.60306,0.64777,0.56897,0.7372,0.57887,0.54222,0.65788,0.42742,0.56249,0.50881,0.37664,0.34283,0.20907,0.40522,0.19264,0.26472,0.23887,0.58168,0.64329,0.68296,0.69703,0.50804,0.57015,0,0,0.23182,0.11073,0,0.10116,0.15627,0.21547,0.30099,0.42118,0.38441,0.45577,0.37916,0.49269,0.49723,0.51199,0.30401,0.44926,0.39066,0.6107,0.48745,0.64949,0.53767,0.72739,0.37252,0.37709,0.29599,0.3709,0.351,0.40731,0,0.37403,0,0.011425,0.39474,0.45765,0,0,0.18386,0.38603,0.57577,0.49739,0.33273,0.065361,0.39463,0.23207
0.72648,0.40565,0.90828,0.88467,0.30575,0.20231,0.8064,0.51428,0.46266,0.16539,0.52147,0.41966,0.65581,0.45139,0.37391,0.40917,0.27229,0.32056,0.65332,0.68239,0.2809,0.20791,0.95723,1,0.6439,0.59354,0.32845,0.18921,0.39928,0.15726,0.3597,0.40502,0.58909,0.58266,0.58322,0.45648,0.28857,0.16912,0.277,0.41306,0.36016,0.1316,0.50378,0.35678,0.55369,0.53431,0.3662,0.55056,0.6264,0.55323,0.68455,0.54888,0.54825,0.61832,0.42465,0.5344,0.51992,0.35119,0.36502,0.2081,0.45466,0.28792,0.27682,0.29563,0.52087,0.66393,0.63063,0.65894,0.49943,0.58651,0,0,0.23733,0.11339,0.0017496,0.21665,0.17906,0.27994,0.23012,0.33483,0.32085,0.39307,0.40492,0.46327,0.45816,0.49126,0.26845,0.41638,0.401,0.63072,0.52123,0.67899,0.5963,0.75533,0.38176,0.37416,0.2907,0.34076,0.35863,0.42754,0,0.4171,0,0,0.42847,0.48722,0,0,0.221,0.38017,0.5963,0.46871,0.30428,0.094266,0.45614,0.27616
0.4682,0.20404,0.55085,0.503,0.65968,0.50407,0.44068,0.15295,0.68102,0.48908,0.41901,0.11778,0.48518,0.3426,0.64987,0.54365,0.29235,0.19331,0.45147,0.42189,0.43508,0.29572,0.70199,0.6439,1,0.88535,0.58061,0.44735,0.31084,0.13631,0.49695,0.53063,0.54754,0.55089,0.6011,0.57662,0.23797,0.16438,0.29378,0.34344,0.29379,0.079406,0.49135,0.41625,0.49074,0.44561,0.39627,0.51297,0.40879,0.27173,0.49155,0.29283,0.32477,0.35326,0.39955,0.44388,0.45552,0.21379,0.39752,0.14749,0.35771,0.0093243,0.24166,0.11314,0.49963,0.39315,0.57153,0.52445,0.44238,0.39372,0,0.16964,0.22154,0.11814,0.13146,0.1591,0.2069,0.17183,0.4546,0.29651,0.38869,0.37092,0.39515,0.39993,0.47236,0.32036,0.29797,0.34542,0.30254,0.38659,0.27737,0.40281,0.33335,0.41862,0.38695,0.27756,0.42869,0.37885,0.32386,0.31738,0,0.29078,0,0.12697,0.35308,0.43552,0.048718,0,0.18185,0.24088,0.53504,0.44843,0.29704,0.12547,0.30528,0.27397
0.38245,0.17108,0.47147,0.51379,0.70543,0.62902,0.40526,0.28294,0.73689,0.61462,0.3559,0.12281,0.43767,0.43735,0.56682,0.54086,0.21758,0.1582,0.40971,0.40562,0.46809,0.3956,0.61946,0.59354,0.88535,1,0.51722,0.44666,0.29727,0.14335,0.5691,0.59261,0.49004,0.54209,0.58548,0.63292,0.26118,0.21316,0.30849,0.34811,0.32393,0.11391,0.53092,0.4508,0.43851,0.44075,0.50504,0.49261,0.3799,0.23288,0.41429,0.22035,0.30708,0.26187,0.40238,0.40002,0.3862,0.1471,0.33989,0.13661,0.31733,0.04152,0.16782,0.044701,0.39488,0.37584,0.47529,0.47295,0.30711,0.30263,0,0.14155,0.22682,0.17938,0.129,0.228,0.1924,0.23304,0.46672,0.23093,0.33919,0.32241,0.30402,0.34077,0.41408,0.27811,0.26405,0.27589,0.26172,0.34246,0.23172,0.36329,0.34574,0.3782,0.34055,0.22874,0.38618,0.33374,0.32132,0.29136,0,0.24566,0,0.096546,0.34058,0.38936,0.078661,0,0.14402,0.17036,0.47102,0.39593,0.24268,0.075268,0.33506,0.25335
0.27588,0.21837,0.22964,0.33218,0.67568,0.69611,0.28924,0.15499,0.56951,0.59495,0.12539,0.23812,0.096957,0.24058,0.47089,0.61772,0.10482,0.16372,0.072733,0.18155,0.42182,0.55697,0.3013,0.32845,0.58061,0.51722,1,0.90005,0,0,0.28005,0.28127,0.34748,0.37402,0.30079,0.25946,0,0,0,0,0,0,0.24538,0.25799,0.20705,0.24068,0.29413,0.30587,0.25697,0.10972,0.22969,0.12147,0.1909,0.13549,0.34619,0.28286,0.31376,0.16246,0.34568,0.00035515,0.28415,0.029911,0.20453,0.20031,0.2754,0.24639,0.36272,0.24114,0.32557,0.27153,0.1349,0.19393,0.088606,0.0071275,0.20806,0.28471,0.12126,0.12291,0.11909,0.12799,0.23888,0.24768,0.41516,0.28994,0.22074,0.10852,0.23776,0.29218,0.36619,0.29033,0.29572,0.22402,0.26894,0.22308,0.20009,0.16323,0.37057,0.29014,0.33184,0.29348,0,0.23409,0.035199,0.081918,0.25809,0.30284,0.051138,0,0.37999,0,0.30323,0.33066,0.23207,0.23075,0.26993,0.34321
0.14266,0.1517,0.073213,0.18366,0.66504,0.70331,0.15006,0.080034,0.53699,0.58659,0,0.15108,0,0.17327,0.40876,0.61037,0.062581,0.10064,0,0.055818,0.47509,0.60185,0.15053,0.18921,0.44735,0.44666,0.90005,1,0,0,0.31448,0.30156,0.29343,0.31274,0.2015,0.19761,0,0,0,0,0,0,0.20544,0.23564,0.16653,0.21701,0.29491,0.24411,0.21119,0.054394,0.12832,0.053539,0.13468,0.035964,0.31181,0.19689,0.26898,0.11032,0.35365,0.025514,0.25986,0,0.16272,0.11519,0.21712,0.1578,0.30833,0.1857,0.24447,0.22276,0.25205,0.25987,0.15561,0.092753,0.31854,0.3689,0.064564,0.064147,0.16639,0.090722,0.20006,0.19576,0.30426,0.2176,0.14397,0.027227,0.14822,0.27935,0.31987,0.21017,0.19769,0.093605,0.1474,0.067593,0.14003,0.13225,0.36866,0.29955,0.31306,0.23229,0.010937,0.19773,0.13726,0.16775,0.19838,0.27064,0.20333,0.078276,0.45066,0,0.25792,0.28603,0.26667,0.31746,0.21093,0.29506
0.50008,0.44249,0.42073,0.40717,0.033954,0,0.43989,0.33183,0.21445,0.0014225,0.60612,0.4911,0.66916,0.52618,0.2167,0.27261,0.81897,0.65697,0.50145,0.50344,0.15396,0.047826,0.44232,0.39928,0.31084,0.29727,0,0,1,0.76195,0.38778,0.37078,0.546,0.54684,0.071722,0.20428,0.44694,0.38951,0.3947,0.49548,0.65663,0.46608,0.2305,0.2771,0.34611,0.48632,0.26264,0.52129,0.46657,0.49171,0.46615,0.47808,0.48986,0.46239,0.36956,0.49768,0.57424,0.40774,0.26471,0.28869,0.42832,0.34455,0.59124,0.46853,0.18975,0.43819,0.47646,0.55946,0.53399,0.48272,0,0,0.49125,0.35635,0,0,0,0,0.70731,0.70055,0.73008,0.68033,0.39265,0.61707,0.53299,0.64365,0.29275,0.30683,0.21662,0.52872,0.1883,0.35427,0.16459,0.37071,0.15585,0.3428,0.18079,0.45539,0.3372,0.38977,0,0.20774,0,0,0.04659,0.20547,0,0,0.069889,0.30193,0.3853,0.48362,0.38475,0,0.039916,0
0.23908,0.41306,0.20176,0.19929,0,0,0.17362,0.26884,0.011648,0,0.2959,0.33147,0.34557,0.4476,0,0.090869,0.75602,0.76824,0.32689,0.35483,0.16136,0.093872,0.23262,0.15726,0.13631,0.14335,0,0,0.76195,1,0.39412,0.31796,0.44678,0.45853,0,0.038736,0.39184,0.50664,0.31903,0.42822,0.5183,0.55858,0.13191,0.25532,0.29838,0.47073,0.20075,0.46132,0.39891,0.45775,0.32907,0.40719,0.35804,0.34647,0.15253,0.36202,0.48402,0.46955,0.1999,0.31557,0.26938,0.30185,0.55883,0.40492,0.014206,0.29775,0.39466,0.44308,0.48156,0.39475,0,0,0.3794,0.51025,0,0,0,0,0.63078,0.7791,0.73547,0.74225,0.14309,0.56864,0.43412,0.54733,0.16459,0.11213,0.06494,0.31586,0.036416,0.14969,0,0.14303,0.035222,0.17956,0.078563,0.32039,0.2241,0.28502,0,0.052607,0,0.01796,0,0,0,0,0.0094818,0.21482,0.16041,0.37295,0.22902,0,0,0
0.29463,0.35847,0.20309,0.24804,0.24422,0.29169,0.059297,0.02949,0.24808,0.22271,0.31522,0.12418,0.18382,0.1781,0.32513,0.26842,0.37958,0.38726,0.37757,0.38061,0.41346,0.28657,0.41306,0.3597,0.49695,0.5691,0.28005,0.31448,0.38778,0.39412,1,0.9238,0.65227,0.61351,0.56195,0.59124,0.22486,0.19684,0.20433,0.22263,0.33416,0.21958,0.35816,0.33724,0.29985,0.34302,0.34578,0.31734,0.13884,0.031883,0.15618,0,0.055119,0.016377,0.16967,0.11793,0.48232,0.43462,0.27748,0.15287,0.3061,0,0.22481,0.12564,0.27656,0.19228,0.48103,0.42283,0.36192,0.35933,0,0.139,0.25826,0.35137,0.12375,0.2534,0.037853,0.0046145,0.54584,0.41944,0.42908,0.39807,0.12898,0.36583,0.38335,0.18908,0.06249,0.17076,0.096076,0.087855,0,0.027926,0,0.0095349,0.2029,0.1515,0.3292,0.25162,0.10798,0.0010267,0.064655,0.18124,0.075534,0.28659,0.18035,0.11199,0.22094,0.19516,0.31663,0.075726,0.28691,0.11189,0.1094,0.13838,0.043198,0
0.38008,0.37898,0.22544,0.30667,0.2826,0.25691,0.10771,0.075002,0.31624,0.25717,0.40034,0.19838,0.29747,0.23371,0.46123,0.36573,0.40224,0.33003,0.41305,0.42185,0.3791,0.23514,0.42266,0.40502,0.53063,0.59261,0.28127,0.30156,0.37078,0.31796,0.9238,1,0.6897,0.65999,0.54181,0.59384,0.21588,0.18896,0.15016,0.20673,0.34293,0.18244,0.35316,0.33797,0.25136,0.31933,0.30308,0.30034,0.17156,0.069424,0.18976,0.041925,0.097705,0.041802,0.13088,0.11134,0.51924,0.39438,0.3509,0.20706,0.42464,0.038478,0.28345,0.15721,0.34062,0.26449,0.48745,0.43247,0.39731,0.41757,0,0.19274,0.24699,0.32844,0.15418,0.30862,0.084111,0.067913,0.53561,0.38935,0.40857,0.38679,0.24919,0.39409,0.41774,0.21881,0.099139,0.19713,0.074032,0.11523,0,0.081587,0.022878,0.047239,0.27046,0.13464,0.31321,0.20345,0.132,0.033744,0.048241,0.24153,0.044384,0.3093,0.22247,0.17348,0.19564,0.1473,0.33846,0.10395,0.31553,0.1501,0.15062,0.15586,0.085703,0.049423
0.73899,0.64522,0.47828,0.52947,0.25518,0.23408,0.43023,0.25859,0.28181,0.16333,0.54736,0.40667,0.53181,0.398,0.41307,0.42488,0.62958,0.61599,0.55206,0.6647,0.45474,0.24097,0.59535,0.58909,0.54754,0.49004,0.34748,0.29343,0.546,0.44678,0.65227,0.6897,1,0.92598,0.52567,0.5538,0.22724,0.19527,0.14474,0.29072,0.38126,0.14529,0.27498,0.26588,0.39468,0.50266,0.26929,0.51746,0.51657,0.43911,0.46859,0.37669,0.39198,0.40345,0.30249,0.40109,0.85853,0.66639,0.59731,0.38121,0.71398,0.31443,0.62749,0.51061,0.31037,0.48589,0.72885,0.66908,0.75418,0.76108,0,0.015877,0.35788,0.28611,0.086802,0.22408,0.075788,0.12193,0.57747,0.57308,0.58207,0.59617,0.38996,0.67609,0.55072,0.479,0.18252,0.33934,0.26308,0.47673,0.20191,0.37845,0.2227,0.36441,0.32729,0.34027,0.37888,0.427,0.29554,0.34117,0,0.42514,0,0.28678,0.26853,0.37563,0.063289,0.045176,0.37421,0.24174,0.53437,0.38208,0.31051,0.25051,0.22241,0.17254
0.70773,0.61653,0.45859,0.58159,0.32775,0.34058,0.46622,0.39463,0.35189,0.27709,0.51965,0.43523,0.53861,0.47884,0.38686,0.47822,0.59114,0.58445,0.50165,0.69589,0.50465,0.33088,0.56142,0.58266,0.55089,0.54209,0.37402,0.31274,0.54684,0.45853,0.61351,0.65999,0.92598,1,0.49707,0.55747,0.23164,0.2408,0.18159,0.35112,0.36825,0.15594,0.37392,0.39561,0.42355,0.58246,0.39864,0.58619,0.56593,0.48735,0.49152,0.39561,0.44056,0.41724,0.35544,0.45892,0.81601,0.58856,0.57081,0.34412,0.6737,0.35345,0.66499,0.51059,0.24105,0.47981,0.69882,0.66195,0.72628,0.72708,0,0.0055321,0.34956,0.29463,0.064139,0.24729,0.16285,0.24127,0.52628,0.56471,0.61905,0.63059,0.44084,0.72424,0.60397,0.53583,0.2705,0.30848,0.27306,0.50316,0.25825,0.44863,0.29436,0.42639,0.32735,0.33341,0.38232,0.43619,0.34212,0.41062,0,0.40613,0,0.22528,0.31217,0.40887,0,0,0.31063,0.22887,0.53402,0.40826,0.30645,0.19632,0.2936,0.2183
0.42714,0.17047,0.45327,0.41845,0.31535,0.27558,0.2961,0.034421,0.26647,0.21518,0.24198,0,0.18073,0.0073664,0.29815,0.24071,0.011526,0.049107,0.41689,0.43019,0.34307,0.21095,0.59339,0.58322,0.6011,0.58548,0.30079,0.2015,0.071722,0,0.56195,0.54181,0.52567,0.49707,1,0.81989,0,0,0.15462,0.13319,0.073362,0,0.32075,0.18322,0.36522,0.27151,0.24328,0.21495,0.21367,0.02153,0.29251,0.031277,0.14954,0.11357,0.14995,0.13264,0.39266,0.26617,0.33939,0.087815,0.28734,0,0.056848,0,0.48566,0.38738,0.52148,0.47047,0.29042,0.37807,0,0.019925,0.083644,0.083837,0.025738,0.25356,0.23893,0.23089,0.21475,0.10899,0.12681,0.15624,0.14212,0.23132,0.2346,0.05281,0.025895,0.21536,0.15018,0.19251,0.083839,0.31187,0.14965,0.28468,0.33953,0.22159,0.35711,0.15756,0.062609,0.068697,0,0.40415,0,0.27916,0.31197,0.29509,0.17159,0.19469,0.21547,0.19896,0.45902,0.050094,0,0.19291,0.26461,0.15853
0.43815,0.21859,0.31261,0.36641,0.38924,0.34184,0.20811,0.12544,0.35327,0.29925,0.3839,0,0.27067,0.18632,0.3845,0.27267,0.1677,0.088734,0.39916,0.46421,0.38846,0.2023,0.44057,0.45648,0.57662,0.63292,0.25946,0.19761,0.20428,0.038736,0.59124,0.59384,0.5538,0.55747,0.81989,1,0,0,0.094244,0.045424,0.084401,0,0.2401,0.12582,0.14308,0.17217,0.28359,0.2998,0.18258,0.059444,0.20732,0.043579,0.13578,0.099524,0.14462,0.12913,0.43835,0.24906,0.34567,0.15841,0.38029,0.066024,0.1623,0.084007,0.26461,0.26924,0.41224,0.40015,0.25048,0.36129,0,0.047299,0.16882,0.16559,0.016838,0.30104,0.246,0.29834,0.36929,0.060559,0.13367,0.13288,0.12107,0.23299,0.17458,0.046958,0,0.006517,0.036664,0.17104,0.012693,0.26027,0.096851,0.20619,0.35913,0.212,0.40504,0.14765,0.10112,0.086257,0,0.37648,0,0.26759,0.30396,0.27394,0.16069,0.13587,0.2027,0.1862,0.52854,0.040177,0.016898,0.17167,0.24493,0.1318
0.20463,0.13624,0.38313,0.29927,0,0,0.333,0.15158,0.083081,0,0.13842,0.14595,0.36362,0.1521,0.015358,0.044778,0.36452,0.24234,0.30943,0.19362,0.13429,0.048686,0.39594,0.28857,0.23797,0.26118,0,0,0.44694,0.39184,0.22486,0.21588,0.22724,0.23164,0,0,1,0.79534,0.73066,0.80127,0.68177,0.59017,0.49726,0.4721,0.60879,0.58954,0.212,0.41828,0.45765,0.45637,0.53858,0.45024,0.37137,0.39024,0.27237,0.40169,0.18027,0.13208,0.072189,0.22341,0.041029,0.10494,0.17763,0.014122,0.21043,0.3792,0.36395,0.46869,0.29679,0.18941,0,0,0.35236,0.14751,0,0,0.14935,0.1651,0.31796,0.54003,0.46861,0.45864,0.13863,0.3479,0.51591,0.54039,0.50715,0.44953,0.16464,0.32226,0.27614,0.29486,0.27596,0.35331,0,0.1074,0,0.26415,0.29833,0.32711,0,0.075365,0,0.032053,0.10145,0.19441,0,0.0079448,0,0.29924,0.049337,0.45127,0.43931,0,0.052975,0
0.11998,0.15359,0.24146,0.18705,0,0,0.14664,0.15744,0,0,0.08864,0.074435,0.24313,0.19488,0,0,0.37669,0.29579,0.27627,0.1855,0.091412,0.017462,0.26717,0.16912,0.16438,0.21316,0,0,0.38951,0.50664,0.19684,0.18896,0.19527,0.2408,0,0,0.79534,1,0.63535,0.75933,0.54502,0.65107,0.36267,0.42622,0.44099,0.4638,0.19364,0.39042,0.33395,0.37292,0.38949,0.36109,0.28928,0.30104,0.13861,0.34932,0.16102,0.18559,0.035146,0.21181,0.026398,0.11933,0.20793,0.037445,0.087106,0.27232,0.2622,0.37217,0.26573,0.13862,0,0,0.27347,0.27577,0.013589,0,0.19838,0.22227,0.29193,0.53818,0.46112,0.49074,0.038155,0.32495,0.42516,0.49862,0.38849,0.30562,0.12586,0.22024,0.22652,0.19506,0.22801,0.23919,0.0036064,0.05214,0,0.17563,0.23039,0.31298,0.024741,0.032443,0,0.045211,0,0.036033,0,0,0,0.27076,0,0.32215,0.26522,0,0,0
0.1876,0.1281,0.30617,0.27305,0,0,0.23582,0.14733,0.063216,0.044717,0.17957,0.042123,0.31082,0.15197,0,0,0.28827,0.2178,0.27616,0.2262,0.082559,0.0091791,0.37225,0.277,0.29378,0.30849,0,0,0.3947,0.31903,0.20433,0.15016,0.14474,0.18159,0.15462,0.094244,0.73066,0.63535,1,0.83083,0.58385,0.53086,0.43775,0.39257,0.53795,0.47516,0.25052,0.36059,0.30114,0.27046,0.46168,0.28832,0.34393,0.25447,0.41475,0.42999,0.19982,0.19276,0.044122,0.24064,0,0.12242,0.10225,0,0.15699,0.37307,0.33484,0.46876,0.3025,0.15118,0,0,0.39409,0.21365,0,0,0.17734,0.14612,0.32158,0.43914,0.43676,0.3805,0.0023921,0.21644,0.50488,0.47905,0.50267,0.4227,0.29861,0.36921,0.17144,0.18899,0.14396,0.23283,0.22064,0.38374,0.17025,0.43596,0.30345,0.30642,0.021471,0.11755,0,0.087192,0.10204,0.13373,0.081588,0.2105,0,0.57859,0.2252,0.31164,0.26224,0.020238,0.028495,0
0.33324,0.28262,0.4598,0.44674,0.011091,0.054762,0.42366,0.27929,0.13617,0.097575,0.2421,0.24021,0.41374,0.30318,0.021811,0.13411,0.39956,0.35567,0.32701,0.34577,0.18027,0.12767,0.48971,0.41306,0.34344,0.34811,0,0,0.49548,0.42822,0.22263,0.20673,0.29072,0.35112,0.13319,0.045424,0.80127,0.75933,0.83083,1,0.59345,0.57491,0.57119,0.55451,0.64687,0.64687,0.37582,0.57663,0.52539,0.50674,0.64882,0.49813,0.53756,0.45637,0.57804,0.6884,0.3225,0.25982,0.20037,0.31307,0.13367,0.22639,0.2945,0.15631,0.23872,0.48222,0.50268,0.61091,0.47886,0.3132,0,0,0.42281,0.29376,0.059294,0,0.26013,0.31285,0.27605,0.55499,0.5735,0.56681,0.19904,0.43893,0.66787,0.72628,0.65049,0.5581,0.42047,0.5515,0.40068,0.38953,0.35104,0.43615,0.24684,0.43319,0.18207,0.52756,0.47363,0.51634,0,0.17637,0,0.041408,0.21797,0.25483,0,0.094024,0.0050231,0.54423,0.29724,0.49738,0.38882,0.036254,0.15085,0.045209
0.31413,0.29602,0.39178,0.36378,0.046949,0,0.37955,0.27719,0.18846,0.020467,0.32697,0.29201,0.5018,0.30974,0.15035,0.20579,0.50195,0.35084,0.35798,0.32175,0.22084,0.035109,0.43178,0.36016,0.29379,0.32393,0,0,0.65663,0.5183,0.33416,0.34293,0.38126,0.36825,0.073362,0.084401,0.68177,0.54502,0.58385,0.59345,1,0.65496,0.37576,0.36942,0.43117,0.50895,0.32416,0.43456,0.44635,0.43262,0.49955,0.44073,0.4841,0.38532,0.38561,0.42634,0.38534,0.27339,0.17545,0.25337,0.22136,0.21191,0.34308,0.1859,0.21692,0.42022,0.41904,0.50683,0.38445,0.31542,0,0,0.66547,0.50054,0.14941,0.039283,0.0060849,0.044512,0.51747,0.56302,0.56539,0.52237,0.30614,0.46379,0.51736,0.51242,0.43219,0.40473,0.20448,0.4185,0.21244,0.21901,0.15162,0.23496,0.12148,0.30056,0.18056,0.45361,0.39573,0.3051,0,0.11273,0,0,0.086464,0.16167,0.037781,0.053703,0.098834,0.35159,0.33344,0.46607,0.3768,0,0.07876,0
0.049625,0.25256,0.16109,0.1735,0,0,0.030507,0.14023,0,0,0.14776,0.14494,0.19059,0.16035,0,0,0.42317,0.33531,0.21769,0.1592,0.059555,0.072474,0.21884,0.1316,0.079406,0.11391,0,0,0.46608,0.55858,0.21958,0.18244,0.14529,0.15594,0,0,0.59017,0.65107,0.53086,0.57491,0.65496,1,0.19971,0.15998,0.30356,0.33337,0.056033,0.26072,0.26112,0.30117,0.3921,0.31438,0.34951,0.22062,0.14664,0.21223,0.11877,0.25859,0,0.19205,0,0.11503,0.17898,0.090903,0.086179,0.23955,0.2199,0.35124,0.24881,0.094754,0,0,0.4602,0.56525,0.14497,0,0.089674,0,0.33304,0.50085,0.43856,0.38953,0.026325,0.19566,0.4126,0.34796,0.26598,0.10242,0.11339,0.082519,0.21248,0.077187,0.1151,0.054464,0,0.071393,0,0.17306,0.2547,0.25324,0.10489,0,0.01006,0.037883,0,0,0,0,0,0.22964,0.01216,0.2667,0.26761,0,0,0
0.16501,0,0.53722,0.47233,0.36535,0.32978,0.48093,0.2139,0.39852,0.25203,0.020728,0.095259,0.24007,0.1434,0.12024,0.27656,0.031501,0.044476,0.18693,0.25023,0.37635,0.32567,0.57684,0.50378,0.49135,0.53092,0.24538,0.20544,0.2305,0.13191,0.35816,0.35316,0.27498,0.37392,0.32075,0.2401,0.49726,0.36267,0.43775,0.57119,0.37576,0.19971,1,0.8948,0.75099,0.71247,0.77855,0.67018,0.5833,0.45419,0.59754,0.42284,0.36612,0.4489,0.4983,0.52864,0.12751,0,0.18275,0.018343,0.027357,0,0.093242,0,0.40307,0.31194,0.53316,0.53296,0.23716,0.21548,0.021938,0.099277,0.1434,0.083231,0.084025,0.071567,0.33424,0.33623,0.18294,0.29368,0.31178,0.31646,0.18619,0.32026,0.41298,0.41731,0.41791,0.36336,0.25757,0.38349,0.3448,0.4421,0.33754,0.43794,0.26895,0.23776,0.25951,0.35227,0.36178,0.35614,0,0.13811,0,0,0.32496,0.38618,0,0.018523,0.10709,0.23543,0.33271,0.41473,0.32948,0.089548,0.38823,0.1419
0.10991,0,0.4068,0.33771,0.37762,0.35758,0.42703,0.21214,0.40282,0.30192,0.019252,0.14111,0.2475,0.24121,0.09235,0.3306,0.12262,0.15085,0.084509,0.16684,0.34044,0.28243,0.43047,0.35678,0.41625,0.4508,0.25799,0.23564,0.2771,0.25532,0.33724,0.33797,0.26588,0.39561,0.18322,0.12582,0.4721,0.42622,0.39257,0.55451,0.36942,0.15998,0.8948,1,0.65521,0.71538,0.80539,0.69304,0.54471,0.45327,0.4947,0.40861,0.32001,0.38278,0.43493,0.53355,0.17716,0,0.1947,0.045362,0.055707,0,0.20349,0.033198,0.25044,0.24006,0.4612,0.44595,0.24348,0.20127,0.021393,0.10363,0.099604,0.066999,0.055664,0.0013426,0.22567,0.28783,0.27896,0.38173,0.43117,0.43576,0.24644,0.42732,0.4158,0.48613,0.47576,0.34955,0.20581,0.38972,0.21424,0.31944,0.2222,0.34394,0.29479,0.27776,0.29006,0.40751,0.31513,0.31932,0,0.053758,0,0,0.30836,0.34406,0,0,0.11094,0.26238,0.28345,0.43236,0.24074,0,0.35903,0.20208
0.31878,0.11445,0.62891,0.50762,0.20161,0.21673,0.54178,0.12495,0.21696,0.08959,0.030319,0.14236,0.27038,0.10216,0.052939,0.26192,0.21605,0.21518,0.33917,0.29328,0.38801,0.31173,0.66077,0.55369,0.49074,0.43851,0.20705,0.16653,0.34611,0.29838,0.29985,0.25136,0.39468,0.42355,0.36522,0.14308,0.60879,0.44099,0.53795,0.64687,0.43117,0.30356,0.75099,0.65521,1,0.9049,0.47802,0.59814,0.75589,0.61232,0.74075,0.53165,0.49592,0.49656,0.46638,0.54928,0.32355,0.18337,0.37862,0.25549,0.17639,0,0.23639,0.044983,0.53856,0.54641,0.73977,0.7649,0.47354,0.44278,0,0,0.21336,0.085879,0,0.0009934,0.2276,0.23324,0.29775,0.54505,0.54548,0.56199,0.22743,0.46951,0.60699,0.56838,0.51013,0.57851,0.33201,0.52711,0.30745,0.52627,0.29112,0.5235,0.18455,0.25276,0.17957,0.44402,0.35855,0.4487,0,0.22968,0,0.13221,0.22598,0.38215,0,0.11096,0.067311,0.29483,0.30763,0.49314,0.41482,0.12549,0.21178,0.14661
0.39629,0.23466,0.57886,0.55055,0.23049,0.30203,0.56886,0.28648,0.25527,0.17527,0.14321,0.31476,0.36576,0.31192,0.079993,0.37597,0.39501,0.3783,0.32493,0.36098,0.45049,0.34497,0.59845,0.53431,0.44561,0.44075,0.24068,0.21701,0.48632,0.47073,0.34302,0.31933,0.50266,0.58246,0.27151,0.17217,0.58954,0.4638,0.47516,0.64687,0.50895,0.33337,0.71247,0.71538,0.9049,1,0.54832,0.70745,0.85293,0.74446,0.76936,0.62222,0.587,0.54922,0.49714,0.61828,0.47353,0.25139,0.47033,0.34044,0.34551,0.15818,0.46932,0.20564,0.44243,0.60672,0.78643,0.83048,0.5647,0.54706,0,0,0.28477,0.1963,0.0089955,0.077559,0.17203,0.2715,0.44443,0.66808,0.70274,0.71101,0.36059,0.64275,0.68178,0.69374,0.52648,0.52912,0.32583,0.61459,0.29967,0.55083,0.29177,0.52327,0.19259,0.27231,0.22205,0.50959,0.44792,0.51143,0,0.25083,0,0.096359,0.25819,0.44307,0,0.023183,0.10466,0.27153,0.37121,0.58221,0.46607,0.083713,0.26271,0.21202
