1,0.64685,0.69655,0.72126,0.6067,0.40961,0.79719,0.6959,0.50341,0.53994,0.85664,0.60374,0.72317,0.70762,0.61642,0.70595,0.82205,0.82268,0.88131,0.88537,0.36025,0.31021,0.71581,0.70281,0.48578,0.42545,0.3642,0.40414,0.72576,0.63672,0.52691,0.53698,0.80736,0.7498,0.71667,0.71251,0.61168,0.43825,0.47328,0.64056,0.64745,0.54299,0.57877,0.59765,0.56806,0.66295,0.63576,0.67848,0.64668,0.64077,0.74267,0.71085,0.76105,0.76725,0.78139,0.72439,0.95291,0.85977,0.78368,0.68649,0.81661,0.41369,0.87873,0.75644,0.72641,0.60789,0.81945,0.81281,0.9156,0.90504,0.28296,0.31467,0.56657,0.54233,0.4977,0.58477,0.56546,0.55185,0.78761,0.64536,0.79124,0.81376,0.72228,0.83735,0.79887,0.85545,0.73762,0.77286,0.61681,0.86337,0.61692,0.76519,0.32429,0.67782,0.62802,0.65246,0.62845,0.75313,0.78033,0.71441,0.34985,0.64608,0.48098,0.63787,0.54118,0.55419,0.61384,0.56546,0.24538,0.43675,0.68983,0.55067,0.48738,0.32593,0.23991,0
0.64685,1,0.40611,0.64394,0.49974,0.22873,0.43318,0.71122,0.34771,0.18924,0.62093,0.6272,0.55388,0.68387,0.53341,0.49452,0.70807,0.74985,0.7164,0.73123,0.28221,0.31287,0.47425,0.43739,0.30031,0.26366,0.29048,0.33284,0.61441,0.67808,0.60836,0.64871,0.73502,0.7605,0.54562,0.50608,0.37469,0.38831,0.39236,0.55492,0.36845,0.47514,0.33509,0.38892,0.39484,0.44941,0.36456,0.39603,0.43224,0.36278,0.54517,0.4258,0.49375,0.35016,0.57627,0.42308,0.63715,0.78425,0.46549,0.57617,0.61069,0.56892,0.63405,0.58815,0.57812,0.61567,0.59457,0.58734,0.71413,0.65312,0.3268,0.2874,0.59679,0.52021,0.51585,0.40891,0.40865,0.34168,0.73932,0.66099,0.71909,0.67225,0.65269,0.54457,0.69214,0.63385,0.64301,0.51529,0.73488,0.45991,0.26473,0.2744,0.18336,0.21652,0.30393,0.37454,0.38305,0.41942,0.41776,0.29237,0.28695,0.13347,0.35868,0.18551,0.42512,0.26649,0.29435,0.19074,0.19943,0.11674,0.23121,0.047301,0.12187,0.12831,0.042705,0
0.69655,0.40611,1,0.66167,0.65557,0.45332,0.89331,0.54681,0.55503,0.4839,0.62772,0.39139,0.62447,0.47681,0.665,0.51717,0.59392,0.52457,0.70156,0.66758,0.3206,0.22291,0.82935,0.7627,0.44075,0.40765,0.35215,0.38979,0.56709,0.40231,0.47896,0.42155,0.62261,0.57704,0.52764,0.51135,0.48074,0.25096,0.31306,0.38027,0.53578,0.37548,0.45882,0.44595,0.48019,0.48019,0.48372,0.51637,0.44734,0.43216,0.56229,0.50649,0.5631,0.57725,0.5829,0.52472,0.67902,0.53788,0.53143,0.37731,0.64041,0.23705,0.58807,0.47391,0.5957,0.50306,0.60537,0.57421,0.63986,0.6197,0.31344,0.44368,0.46303,0.42315,0.41553,0.45041,0.37334,0.36718,0.57678,0.51926,0.5819,0.54191,0.53034,0.6383,0.57612,0.58967,0.48653,0.56918,0.52462,0.68492,0.40143,0.52986,0.28336,0.55648,0.47783,0.47011,0.45973,0.55831,0.55229,0.43882,0.052425,0.51934,0.13918,0.3474,0.31193,0.32951,0.39326,0.28734,0.1229,0.36695,0.49338,0.35151,0.27804,0.0617,0.17652,0
0.72126,0.64394,0.66167,1,0.63066,0.51232,0.61544,0.85304,0.33231,0.56973,0.69393,0.4983,0.5686,0.69188,0.5973,0.61509,0.67229,0.67886,0.81322,0.84847,0.37177,0.29171,0.80194,0.87746,0.48006,0.49479,0.38097,0.41368,0.60687,0.57947,0.62899,0.60005,0.76672,0.74596,0.72076,0.72128,0.55608,0.40723,0.44408,0.56972,0.55991,0.45132,0.56702,0.51128,0.57263,0.60529,0.60924,0.62313,0.56849,0.52907,0.70269,0.63074,0.71746,0.65233,0.7316,0.60795,0.69675,0.7435,0.58589,0.57716,0.65218,0.41437,0.69422,0.55375,0.6554,0.66699,0.7706,0.76911,0.78701,0.77954,0.39229,0.39931,0.55084,0.47678,0.5569,0.53489,0.57068,0.5262,0.68551,0.61315,0.7073,0.70954,0.76805,0.71263,0.71859,0.71135,0.75392,0.64244,0.72629,0.70549,0.61092,0.5881,0.54097,0.54295,0.45461,0.50902,0.58631,0.61307,0.6817,0.54712,0.34078,0.47887,0.36734,0.40042,0.50536,0.40029,0.51757,0.43374,0.10664,0.31031,0.54625,0.40243,0.41038,0.23569,0.30102,0
0.6067,0.49974,0.65557,0.63066,1,0.75784,0.69949,0.68336,0.79916,0.719,0.66841,0.4193,0.59922,0.59061,0.76908,0.68647,0.61413,0.54361,0.70172,0.70716,0.49484,0.45721,0.6961,0.64555,0.69151,0.66345,0.73405,0.72131,0.59255,0.56674,0.62879,0.57458,0.6741,0.67723,0.68297,0.69847,0.50607,0.43702,0.34937,0.46637,0.48725,0.38958,0.37884,0.34755,0.4247,0.41628,0.45671,0.45348,0.41351,0.36556,0.52536,0.4866,0.56688,0.52769,0.61488,0.50141,0.56894,0.63507,0.54598,0.5536,0.64937,0.483,0.5806,0.57149,0.5661,0.59286,0.67989,0.68213,0.67682,0.67552,0.63133,0.65985,0.61902,0.53729,0.67921,0.61447,0.6458,0.60033,0.60908,0.50509,0.63902,0.62344,0.65658,0.68989,0.56523,0.61719,0.60854,0.6226,0.70063,0.628,0.45534,0.48912,0.29405,0.49776,0.49644,0.54998,0.49565,0.54448,0.5734,0.42669,0.27674,0.40948,0.34339,0.37129,0.44129,0.44411,0.33147,0.2933,0.18452,0.36282,0.51738,0.36989,0.22764,0.10445,0.13459,0
0.40961,0.22873,0.45332,0.51232,0.75784,1,0.51211,0.53879,0.51477,0.82172,0.5198,0.28219,0.40068,0.40434,0.49287,0.54666,0.40464,0.29381,0.47606,0.47747,0.41229,0.37496,0.47253,0.50861,0.66974,0.7078,0.72571,0.74439,0.4727,0.43751,0.46883,0.36598,0.46344,0.47347,0.42267,0.47237,0.38765,0.35235,0.25327,0.32466,0.37579,0.26223,0.44169,0.4219,0.33987,0.38343,0.48216,0.43748,0.40683,0.38031,0.3847,0.40031,0.4486,0.47484,0.47872,0.48583,0.3864,0.43168,0.46246,0.38576,0.40354,0.32324,0.38015,0.42399,0.24914,0.27435,0.4992,0.49699,0.43937,0.46496,0.57133,0.56577,0.50411,0.47358,0.60329,0.59337,0.54359,0.49855,0.37524,0.30729,0.42195,0.41063,0.42434,0.52626,0.28316,0.38623,0.37639,0.44583,0.38765,0.52128,0.39428,0.40215,0.26212,0.33849,0.45311,0.44655,0.42429,0.451,0.47183,0.4305,0.25836,0.3137,0.3363,0.36432,0.33549,0.3676,0.31012,0.30208,0.11944,0.30936,0.48099,0.4055,0.29664,0.21555,0.14472,0
0.79719,0.43318,0.89331,0.61544,0.69949,0.51211,1,0.63008,0.61068,0.55836,0.77487,0.5062,0.80024,0.61175,0.66222,0.6812,0.69049,0.60181,0.77773,0.72003,0.42797,0.33441,0.79237,0.71013,0.49777,0.44833,0.46573,0.4938,0.68588,0.53641,0.52519,0.47485,0.71151,0.66255,0.59872,0.59326,0.55122,0.36079,0.38597,0.48375,0.58532,0.46532,0.50235,0.47158,0.46477,0.52103,0.52763,0.54635,0.50349,0.49493,0.59547,0.56797,0.60863,0.64737,0.62682,0.58413,0.75289,0.58878,0.61555,0.43865,0.74735,0.28034,0.71785,0.62563,0.63985,0.46269,0.65308,0.64655,0.71167,0.69242,0.38683,0.42583,0.55491,0.51627,0.52447,0.54202,0.53517,0.50393,0.65307,0.49967,0.63877,0.60293,0.5737,0.7159,0.60736,0.64782,0.52979,0.59488,0.50429,0.76624,0.46155,0.62606,0.26336,0.63065,0.57745,0.53319,0.4872,0.6119,0.59394,0.51058,0.11944,0.58686,0.21033,0.4314,0.37001,0.39896,0.44236,0.38525,0.26365,0.40611,0.61014,0.44533,0.30959,0.13828,0.19916,0
0.6959,0.71122,0.54681,0.85304,0.68336,0.53879,0.63008,1,0.40775,0.59336,0.73481,0.69712,0.661,0.83975,0.56731,0.67135,0.73823,0.74813,0.83363,0.83896,0.44811,0.41631,0.71252,0.72482,0.41039,0.42284,0.41296,0.41839,0.6742,0.73932,0.68368,0.65691,0.79996,0.8095,0.68931,0.72211,0.57587,0.49954,0.48731,0.62403,0.55464,0.53606,0.55095,0.5055,0.56769,0.60495,0.60122,0.58545,0.55653,0.51048,0.6674,0.60687,0.70549,0.61247,0.71977,0.57844,0.6445,0.76736,0.58685,0.65729,0.68817,0.57869,0.71035,0.69092,0.60073,0.65326,0.75345,0.76996,0.77191,0.79002,0.46436,0.42493,0.61171,0.5973,0.6545,0.59839,0.66276,0.60229,0.76271,0.67207,0.75099,0.75692,0.77535,0.74001,0.68279,0.69709,0.7394,0.57522,0.75108,0.63386,0.61313,0.58301,0.50915,0.53201,0.46944,0.4695,0.55534,0.59359,0.66161,0.53275,0.40482,0.42436,0.41936,0.38473,0.49485,0.41939,0.53936,0.44892,0.1579,0.38282,0.55272,0.42794,0.34803,0.23833,0.27021,0
0.50341,0.34771,0.55503,0.33231,0.79916,0.51477,0.61068,0.40775,1,0.59037,0.48385,0.24457,0.50627,0.42049,0.72507,0.58929,0.4436,0.42151,0.48132,0.49178,0.39888,0.3667,0.52186,0.4198,0.6309,0.48325,0.55709,0.51276,0.37159,0.341,0.34564,0.34677,0.45522,0.44482,0.49233,0.49791,0.36734,0.33898,0.25079,0.31767,0.30997,0.27072,0.27308,0.21571,0.33,0.31895,0.36143,0.34997,0.3167,0.31756,0.39453,0.37781,0.44407,0.42814,0.4579,0.35166,0.42248,0.4772,0.3601,0.39411,0.47132,0.3458,0.39482,0.43354,0.41594,0.41751,0.45259,0.46581,0.48694,0.50627,0.48581,0.50241,0.38868,0.3497,0.48,0.42086,0.50673,0.47339,0.44551,0.35063,0.45986,0.47413,0.46744,0.54853,0.43603,0.48025,0.42908,0.44495,0.48188,0.45838,0.37501,0.40753,0.23161,0.42166,0.41769,0.3703,0.32119,0.39642,0.4384,0.3523,0.19697,0.33961,0.26667,0.29438,0.28257,0.28557,0.28097,0.23739,0.17421,0.31974,0.42253,0.34687,0.14453,0.085555,0.025564,0
0.53994,0.18924,0.4839,0.56973,0.719,0.82172,0.55836,0.59336,0.59037,1,0.56007,0.32608,0.42068,0.48422,0.52703,0.60035,0.42938,0.38902,0.55264,0.55912,0.36354,0.32203,0.53497,0.59043,0.6797,0.67057,0.59446,0.57939,0.40646,0.41543,0.35339,0.26981,0.46022,0.44507,0.51608,0.5904,0.49133,0.41622,0.2818,0.38127,0.43298,0.24068,0.52736,0.46769,0.42029,0.45721,0.57777,0.54566,0.50359,0.51218,0.49253,0.54339,0.5947,0.65575,0.564,0.59634,0.48244,0.48565,0.55529,0.47224,0.46864,0.31667,0.44797,0.50493,0.32004,0.35729,0.59537,0.59177,0.54209,0.58031,0.41733,0.48452,0.36103,0.41179,0.50123,0.56868,0.5903,0.57086,0.38567,0.34619,0.40901,0.47523,0.47951,0.59156,0.3441,0.48007,0.45269,0.54333,0.39198,0.63137,0.5768,0.60825,0.39133,0.59885,0.50681,0.50844,0.49017,0.55057,0.64636,0.61314,0.33015,0.58288,0.39769,0.56251,0.4389,0.50176,0.487,0.51354,0.14472,0.48077,0.63309,0.61664,0.41262,0.26857,0.2333,0
0.85664,0.62093,0.62772,0.69393,0.66841,0.5198,0.77487,0.73481,0.48385,0.56007,1,0.64316,0.85799,0.79943,0.70443,0.76328,0.83428,0.76662,0.85586,0.82438,0.55777,0.51412,0.7395,0.70479,0.5278,0.48584,0.46555,0.50591,0.83402,0.72099,0.65888,0.65287,0.82531,0.79488,0.70355,0.69988,0.64956,0.50989,0.54361,0.66213,0.66796,0.6006,0.56684,0.53427,0.52941,0.57227,0.58218,0.57966,0.59833,0.56715,0.67951,0.63198,0.70547,0.66517,0.72396,0.62673,0.80036,0.73181,0.66928,0.55659,0.78398,0.42223,0.82613,0.69968,0.68355,0.56271,0.73925,0.73789,0.8075,0.79018,0.43258,0.46237,0.65629,0.61394,0.61763,0.65365,0.64836,0.62381,0.76885,0.5996,0.77444,0.75477,0.73898,0.77535,0.77048,0.7843,0.74523,0.71097,0.66563,0.77941,0.53853,0.63459,0.31414,0.51866,0.56616,0.56805,0.53921,0.63598,0.63162,0.53334,0.27121,0.42832,0.32851,0.4102,0.37743,0.39166,0.48313,0.43866,0.21843,0.41842,0.61621,0.44115,0.3496,0.23567,0.18146,0
0.60374,0.6272,0.39139,0.4983,0.4193,0.28219,0.5062,0.69712,0.24457,0.32608,0.64316,1,0.53928,0.80057,0.4258,0.53746,0.69415,0.73572,0.67717,0.64897,0.26565,0.32676,0.48586,0.47932,0.2279,0.28468,0.22833,0.26039,0.63122,0.76482,0.61358,0.61748,0.70101,0.70873,0.43739,0.49202,0.44442,0.49455,0.38464,0.54219,0.51757,0.5461,0.47206,0.46817,0.4564,0.49293,0.47105,0.446,0.50436,0.44222,0.51913,0.5095,0.54855,0.49915,0.58015,0.54904,0.59424,0.67746,0.54776,0.55898,0.58798,0.61306,0.67307,0.79055,0.3914,0.51419,0.54641,0.54039,0.5832,0.61162,0.2521,0.25864,0.50906,0.56153,0.54833,0.52964,0.4298,0.42839,0.66259,0.66343,0.64749,0.6574,0.54928,0.61904,0.51202,0.60032,0.56434,0.5251,0.48406,0.53006,0.38161,0.44578,0.24116,0.2833,0.37939,0.38619,0.36688,0.50791,0.4927,0.45902,0.35762,0.23426,0.37233,0.33333,0.29386,0.28328,0.39347,0.31506,0.17531,0.32716,0.36667,0.27002,0.30608,0.24612,0.079051,0
0.72317,0.55388,0.62447,0.5686,0.59922,0.40068,0.80024,0.661,0.50627,0.42068,0.85799,0.53928,1,0.77055,0.71042,0.78804,0.75427,0.6512,0.74418,0.67888,0.67321,0.63064,0.71818,0.59619,0.40621,0.30886,0.46226,0.44772,0.80551,0.62728,0.61279,0.60832,0.73432,0.70589,0.63606,0.60152,0.59936,0.47607,0.55243,0.5906,0.54824,0.61117,0.4496,0.417,0.46693,0.49573,0.47587,0.48013,0.4913,0.51042,0.59967,0.53265,0.62408,0.58289,0.62862,0.47173,0.66799,0.53761,0.4644,0.34124,0.65925,0.22507,0.72344,0.55266,0.68048,0.43338,0.55413,0.58825,0.66854,0.62884,0.52228,0.48475,0.63446,0.58513,0.59424,0.55431,0.62401,0.55793,0.73043,0.49467,0.71653,0.62757,0.6871,0.63521,0.72541,0.66607,0.66872,0.49993,0.58466,0.68304,0.44765,0.54121,0.23293,0.48904,0.48554,0.4213,0.40988,0.48957,0.48026,0.38112,0.090378,0.32895,0.10752,0.21236,0.22649,0.23882,0.37377,0.29693,0.19422,0.3277,0.501,0.33752,0.20285,0.1034,0.12328,0
0.70762,0.68387,0.47681,0.69188,0.59061,0.40434,0.61175,0.83975,0.42049,0.48422,0.79943,0.80057,0.77055,1,0.62777,0.79146,0.79522,0.81572,0.82722,0.81173,0.53508,0.55765,0.71065,0.68421,0.42499,0.38708,0.43362,0.42198,0.74861,0.79293,0.71702,0.72193,0.8237,0.8182,0.67479,0.69393,0.64574,0.61515,0.60661,0.73576,0.60107,0.65832,0.58013,0.52398,0.54705,0.57771,0.6064,0.59048,0.58906,0.55641,0.66536,0.64231,0.74438,0.66263,0.74108,0.62768,0.6686,0.73243,0.52207,0.54134,0.62448,0.49663,0.75466,0.7472,0.5561,0.57411,0.64081,0.67493,0.7417,0.75467,0.42888,0.40692,0.572,0.6067,0.63925,0.62264,0.64391,0.61674,0.78254,0.67133,0.75823,0.76099,0.77844,0.73894,0.71138,0.73674,0.76634,0.57,0.66345,0.68719,0.58271,0.61359,0.35988,0.49193,0.46353,0.48988,0.51232,0.6068,0.63923,0.56086,0.31529,0.34624,0.35797,0.38767,0.42215,0.39309,0.48651,0.43202,0.14232,0.43632,0.54746,0.43643,0.36943,0.34176,0.27712,0
0.61642,0.53341,0.665,0.5973,0.76908,0.49287,0.66222,0.56731,0.72507,0.52703,0.70443,0.4258,0.71042,0.62777,1,0.74671,0.71793,0.63944,0.67935,0.66855,0.67271,0.6123,0.7515,0.68054,0.54658,0.49096,0.49073,0.48087,0.70753,0.59641,0.64899,0.64728,0.72723,0.69943,0.6858,0.66127,0.55942,0.45945,0.46961,0.51307,0.54934,0.49549,0.38678,0.34026,0.48304,0.41929,0.42558,0.43508,0.44056,0.42611,0.56827,0.51705,0.56147,0.51469,0.60778,0.46559,0.59107,0.55847,0.41429,0.37098,0.63299,0.34937,0.61456,0.52907,0.66353,0.65254,0.58702,0.60445,0.618,0.60731,0.60566,0.65113,0.60722,0.54508,0.59725,0.56592,0.57456,0.52287,0.70746,0.62013,0.7347,0.66056,0.79853,0.68728,0.71458,0.69117,0.72541,0.61805,0.67709,0.60462,0.38915,0.40167,0.31355,0.35647,0.40603,0.45331,0.39035,0.47774,0.47104,0.32791,0.083248,0.23716,0.096946,0.16179,0.22136,0.20866,0.29603,0.21472,0.12355,0.33214,0.39068,0.21945,0.15303,0.070525,0.094478,0
0.70595,0.49452,0.51717,0.61509,0.68647,0.54666,0.6812,0.67135,0.58929,0.60035,0.76328,0.53746,0.78804,0.79146,0.74671,1,0.72341,0.66783,0.77035,0.73664,0.69623,0.65975,0.71942,0.6831,0.56426,0.50451,0.58143,0.58356,0.71542,0.64479,0.6598,0.69019,0.77198,0.7415,0.77678,0.79802,0.66057,0.58667,0.58813,0.65144,0.55969,0.58707,0.48231,0.4397,0.47632,0.52308,0.56695,0.57416,0.52719,0.53298,0.63417,0.62615,0.69565,0.68035,0.70132,0.59737,0.63686,0.60757,0.50708,0.44007,0.60684,0.29875,0.68007,0.62751,0.65556,0.52149,0.61572,0.69119,0.69188,0.70186,0.61331,0.51881,0.62757,0.61508,0.6899,0.66907,0.75155,0.71794,0.72657,0.52883,0.71611,0.70802,0.77338,0.76749,0.69873,0.73364,0.72786,0.58246,0.58171,0.75463,0.58887,0.63228,0.33232,0.5235,0.55052,0.52006,0.46686,0.58488,0.59283,0.5115,0.16609,0.35871,0.21376,0.33222,0.38102,0.37657,0.44235,0.39655,0.2179,0.44554,0.64068,0.49256,0.29679,0.2457,0.20406,0.029669
0.82205,0.70807,0.59392,0.67229,0.61413,0.40464,0.69049,0.73823,0.4436,0.42938,0.83428,0.69415,0.75427,0.79522,0.71793,0.72341,1,0.92265,0.85966,0.85535,0.51997,0.49752,0.69424,0.65256,0.40783,0.40554,0.3587,0.38832,0.87447,0.82799,0.72636,0.72328,0.91563,0.89141,0.69846,0.70606,0.62352,0.54501,0.55987,0.67547,0.67027,0.6407,0.56358,0.55613,0.60638,0.61739,0.58355,0.59505,0.60216,0.57677,0.68318,0.62196,0.67177,0.62428,0.73748,0.64415,0.81279,0.77519,0.59922,0.56093,0.77282,0.49438,0.86882,0.77641,0.71062,0.65865,0.7198,0.73286,0.80842,0.80936,0.37377,0.37993,0.64258,0.64227,0.56457,0.62143,0.57007,0.52274,0.94685,0.81068,0.92775,0.88069,0.81135,0.83749,0.8213,0.82472,0.77731,0.71613,0.67287,0.69827,0.51459,0.57094,0.29415,0.44073,0.56433,0.55017,0.51748,0.63502,0.64043,0.54268,0.25734,0.36684,0.3204,0.37258,0.35342,0.33172,0.4906,0.44598,0.22619,0.43165,0.50731,0.35622,0.3256,0.24806,0.16131,0
0.82268,0.74985,0.52457,0.67886,0.54361,0.29381,0.60181,0.74813,0.42151,0.38902,0.76662,0.73572,0.6512,0.81572,0.63944,0.66783,0.92265,1,0.8343,0.85907,0.38411,0.39402,0.64697,0.63073,0.34038,0.3228,0.23811,0.25515,0.78735,0.84147,0.66453,0.69766,0.86099,0.84229,0.68204,0.69454,0.59838,0.55966,0.53102,0.69641,0.63212,0.62628,0.60822,0.58429,0.61906,0.64683,0.60223,0.62283,0.6331,0.59341,0.69814,0.65622,0.69784,0.63898,0.74142,0.66598,0.80418,0.83006,0.5837,0.60293,0.71372,0.52484,0.84043,0.80687,0.65843,0.67168,0.71617,0.73198,0.81789,0.82164,0.2364,0.26122,0.55678,0.58033,0.51093,0.55005,0.52956,0.48938,0.9029,0.85456,0.8762,0.90909,0.81744,0.83774,0.81351,0.85605,0.79998,0.71721,0.66953,0.67401,0.52563,0.58015,0.32877,0.4464,0.52616,0.5534,0.54994,0.65946,0.66817,0.60367,0.3183,0.3675,0.40988,0.4244,0.45241,0.40251,0.50574,0.4494,0.17126,0.42507,0.49572,0.37066,0.36748,0.318,0.22921,0
0.88131,0.7164,0.70156,0.81322,0.70172,0.47606,0.77773,0.83363,0.48132,0.55264,0.85586,0.67717,0.74418,0.82722,0.67935,0.77035,0.85966,0.8343,1,0.96541,0.4451,0.42734,0.83936,0.80961,0.54214,0.51319,0.46427,0.49264,0.7712,0.73878,0.73718,0.7155,0.91241,0.88619,0.81213,0.81408,0.70354,0.56711,0.58152,0.7411,0.68883,0.6248,0.61015,0.59605,0.61464,0.6562,0.67241,0.69359,0.60552,0.56196,0.73222,0.68586,0.78329,0.72404,0.82585,0.71273,0.83452,0.84922,0.72419,0.7065,0.79042,0.52238,0.8379,0.74678,0.74737,0.70328,0.84412,0.85341,0.93606,0.9184,0.3874,0.41212,0.62225,0.59362,0.62791,0.64535,0.67731,0.6431,0.84669,0.69624,0.83364,0.83133,0.82513,0.83705,0.81026,0.82024,0.80715,0.7382,0.76241,0.81905,0.65663,0.74054,0.39346,0.65111,0.59818,0.6555,0.66193,0.75278,0.77672,0.64889,0.34738,0.56902,0.43993,0.52637,0.53377,0.51389,0.58091,0.53727,0.21125,0.50918,0.70658,0.53632,0.44774,0.2933,0.25919,0
0.88537,0.73123,0.66758,0.84847,0.70716,0.47747,0.72003,0.83896,0.49178,0.55912,0.82438,0.64897,0.67888,0.81173,0.66855,0.73664,0.85535,0.85907,0.96541,1,0.4139,0.37403,0.81709,0.81209,0.5081,0.48213,0.42344,0.44206,0.74413,0.73979,0.70235,0.67806,0.90176,0.88449,0.8167,0.82386,0.68405,0.5546,0.577,0.73047,0.6695,0.59264,0.62663,0.62256,0.64818,0.70222,0.70425,0.73327,0.63895,0.60982,0.76412,0.71882,0.80741,0.74656,0.85487,0.74093,0.84515,0.89815,0.72427,0.74565,0.76743,0.54935,0.84556,0.75798,0.73797,0.72271,0.87681,0.88862,0.96455,0.95929,0.35561,0.37421,0.58962,0.5591,0.60095,0.62832,0.66302,0.63866,0.85053,0.71949,0.84237,0.86275,0.84826,0.85826,0.82185,0.84435,0.83442,0.74332,0.77883,0.81852,0.71439,0.76016,0.45149,0.6381,0.61003,0.67513,0.70228,0.77806,0.82727,0.70427,0.42713,0.57084,0.52037,0.58271,0.57246,0.53287,0.63012,0.59426,0.20849,0.49872,0.70968,0.56638,0.50227,0.37937,0.27896,0
0.36025,0.28221,0.3206,0.37177,0.49484,0.41229,0.42797,0.44811,0.39888,0.36354,0.55777,0.26565,0.67321,0.53508,0.67271,0.69623,0.51997,0.38411,0.4451,0.4139,1,0.90765,0.50713,0.43469,0.32496,0.29012,0.42065,0.39791,0.64761,0.48727,0.51128,0.48322,0.50975,0.50303,0.52948,0.53214,0.62258,0.51483,0.61082,0.51157,0.48961,0.54292,0.30886,0.27998,0.43427,0.40348,0.36444,0.35869,0.40406,0.43124,0.468,0.42351,0.46097,0.42862,0.47125,0.37019,0.30336,0.23501,0.18322,0.08069,0.36198,0.033716,0.42022,0.30077,0.42827,0.25499,0.35944,0.43828,0.35921,0.37163,0.75332,0.68049,0.63705,0.60582,0.6442,0.59724,0.69387,0.65773,0.54007,0.33751,0.54217,0.44989,0.61465,0.46723,0.50923,0.47678,0.51757,0.2483,0.44324,0.45668,0.31757,0.31953,0.25607,0.22631,0.36327,0.32839,0.31551,0.34068,0.27924,0.19572,0,0.036308,0,0.0055683,0.12335,0.12785,0.31374,0.22822,0.057116,0.2792,0.33254,0.21204,0.069264,0.11603,0.20168,0.051971
0.31021,0.31287,0.22291,0.29171,0.45721,0.37496,0.33441,0.41631,0.3667,0.32203,0.51412,0.32676,0.63064,0.55765,0.6123,0.65975,0.49752,0.39402,0.42734,0.37403,0.90765,1,0.42361,0.33674,0.36112,0.33462,0.45203,0.44591,0.61492,0.52401,0.55707,0.54218,0.47876,0.49784,0.45471,0.47966,0.59891,0.58246,0.60461,0.56424,0.4415,0.59315,0.26389,0.24976,0.38333,0.33784,0.3001,0.29398,0.35948,0.35503,0.39651,0.34519,0.39627,0.35064,0.4266,0.33934,0.26543,0.21298,0.15553,0.087804,0.30417,0.076322,0.34273,0.27307,0.35422,0.24737,0.28914,0.36769,0.32567,0.32015,0.67922,0.65372,0.56942,0.57917,0.59851,0.54895,0.60799,0.60279,0.50463,0.3428,0.50827,0.44474,0.55225,0.4137,0.45717,0.45909,0.47794,0.23774,0.41705,0.40389,0.22908,0.26703,0.12484,0.17887,0.32556,0.3107,0.28015,0.30178,0.21802,0.15057,0,0,0,0,0.10154,0.13265,0.23902,0.15546,0,0.31458,0.27483,0.15738,0.005526,0.06078,0.10873,0
0.71581,0.47425,0.82935,0.80194,0.6961,0.47253,0.79237,0.71252,0.52186,0.53497,0.7395,0.48586,0.71818,0.71065,0.7515,0.71942,0.69424,0.64697,0.83936,0.81709,0.50713,0.42361,1,0.93926,0.5278,0.48821,0.45328,0.45454,0.6433,0.53633,0.70503,0.66474,0.77555,0.74025,0.78564,0.76175,0.66844,0.47952,0.53464,0.59356,0.65275,0.52893,0.55861,0.49276,0.58559,0.56163,0.59515,0.6246,0.47403,0.4654,0.63219,0.57089,0.7072,0.66188,0.72246,0.58307,0.64121,0.61873,0.50091,0.44031,0.61586,0.27443,0.64946,0.5089,0.69784,0.63751,0.68335,0.69814,0.752,0.74619,0.43741,0.49478,0.51298,0.47859,0.56381,0.58816,0.59135,0.57904,0.69763,0.59443,0.70908,0.69329,0.76055,0.74209,0.75195,0.71416,0.72515,0.58402,0.72232,0.75181,0.62571,0.68058,0.46032,0.64863,0.53566,0.53994,0.56698,0.64972,0.6764,0.53647,0.17617,0.53312,0.23772,0.37797,0.39712,0.39642,0.5183,0.42353,0.13143,0.48229,0.63673,0.51217,0.39475,0.19729,0.27524,0
0.70281,0.43739,0.7627,0.87746,0.64555,0.50861,0.71013,0.72482,0.4198,0.59043,0.70479,0.47932,0.59619,0.68421,0.68054,0.6831,0.65256,0.63073,0.80961,0.81209,0.43469,0.33674,0.93926,1,0.53858,0.55444,0.42855,0.45161,0.60029,0.53097,0.67038,0.62102,0.75305,0.70618,0.773,0.76529,0.64642,0.43804,0.51241,0.59481,0.64929,0.47656,0.57875,0.49945,0.58363,0.56015,0.62317,0.62842,0.49792,0.47792,0.6361,0.5944,0.71466,0.68286,0.72234,0.62767,0.65546,0.64578,0.55458,0.49041,0.62237,0.31948,0.64864,0.52487,0.65894,0.65735,0.7051,0.71628,0.72995,0.7438,0.41763,0.48228,0.47749,0.45464,0.52268,0.58583,0.56857,0.57541,0.65318,0.58297,0.68185,0.6875,0.74636,0.74728,0.69788,0.70773,0.72441,0.6194,0.67605,0.77293,0.64672,0.68009,0.53034,0.61206,0.5183,0.58439,0.6057,0.6819,0.70067,0.58355,0.23636,0.54934,0.2901,0.43701,0.43506,0.42783,0.54034,0.46322,0.11517,0.4448,0.64545,0.51835,0.46915,0.26245,0.32452,0.013976
0.48578,0.30031,0.44075,0.48006,0.69151,0.66974,0.49777,0.41039,0.6309,0.6797,0.5278,0.2279,0.40621,0.42499,0.54658,0.56426,0.40783,0.34038,0.54214,0.5081,0.32496,0.36112,0.5278,0.53858,1,0.90067,0.79111,0.78442,0.36829,0.33275,0.4761,0.42925,0.47182,0.4499,0.49604,0.49361,0.42008,0.38709,0.28791,0.39286,0.37858,0.31225,0.35479,0.28763,0.23529,0.2681,0.38572,0.38202,0.34541,0.29141,0.39992,0.38102,0.44102,0.458,0.4677,0.43853,0.44232,0.46701,0.44044,0.36714,0.46088,0.29555,0.38752,0.3811,0.34604,0.36407,0.46882,0.46072,0.48681,0.47248,0.45206,0.4824,0.39367,0.384,0.51011,0.49987,0.48793,0.4656,0.33092,0.23716,0.37928,0.38985,0.40307,0.49616,0.37567,0.42896,0.39538,0.4698,0.41134,0.54021,0.37235,0.44226,0.1365,0.41877,0.44319,0.44721,0.34041,0.43675,0.48386,0.43588,0.17802,0.4038,0.32292,0.41975,0.37505,0.38623,0.36167,0.34804,0.22539,0.34155,0.50512,0.42152,0.26864,0.21381,0.11678,0
0.42545,0.26366,0.40765,0.49479,0.66345,0.7078,0.44833,0.42284,0.48325,0.67057,0.48584,0.28468,0.30886,0.38708,0.49096,0.50451,0.40554,0.3228,0.51319,0.48213,0.29012,0.33462,0.48821,0.55444,0.90067,1,0.76854,0.79267,0.39086,0.39502,0.54878,0.47426,0.47572,0.46108,0.46337,0.47631,0.43742,0.42648,0.30358,0.43428,0.46536,0.34208,0.36251,0.30414,0.22227,0.23155,0.37199,0.3545,0.32531,0.23577,0.38778,0.36959,0.39242,0.42043,0.46586,0.48272,0.41969,0.43197,0.48101,0.39285,0.49024,0.36409,0.37528,0.38963,0.31862,0.41773,0.48419,0.46664,0.441,0.43322,0.43363,0.48316,0.41118,0.41106,0.51855,0.51088,0.4537,0.44828,0.32762,0.28183,0.38157,0.38884,0.36624,0.48418,0.30591,0.4073,0.36153,0.49496,0.38091,0.50259,0.30013,0.37169,0.13838,0.31241,0.42361,0.48957,0.3563,0.45678,0.44741,0.40161,0.18838,0.34354,0.29949,0.3795,0.37157,0.3848,0.26776,0.27013,0.23903,0.3636,0.41308,0.31359,0.25897,0.20578,0.10731,0
0.3642,0.29048,0.35215,0.38097,0.73405,0.72571,0.46573,0.41296,0.55709,0.59446,0.46555,0.22833,0.46226,0.43362,0.49073,0.58143,0.3587,0.23811,0.46427,0.42344,0.42065,0.45203,0.45328,0.42855,0.79111,0.76854,1,0.93582,0.38938,0.33742,0.4375,0.36545,0.40138,0.39782,0.44328,0.44144,0.39737,0.42327,0.35298,0.40462,0.3225,0.33309,0.19174,0.16183,0.12208,0.13887,0.26326,0.25536,0.1946,0.15308,0.28775,0.25225,0.3822,0.36231,0.40532,0.33171,0.32478,0.37269,0.33422,0.29994,0.3487,0.22666,0.3282,0.31356,0.2952,0.24165,0.34285,0.36096,0.40338,0.38161,0.61596,0.52335,0.456,0.38669,0.59022,0.50377,0.52853,0.48969,0.33003,0.17986,0.37305,0.31595,0.3589,0.40277,0.29355,0.32629,0.34562,0.35522,0.42555,0.49883,0.3244,0.37571,0.087888,0.35997,0.40527,0.42786,0.31128,0.37956,0.37217,0.3293,0.15838,0.30396,0.26642,0.32104,0.32731,0.39623,0.21456,0.21435,0.16819,0.27706,0.43085,0.34125,0.23301,0.17306,0.098172,0
0.40414,0.33284,0.38979,0.41368,0.72131,0.74439,0.4938,0.41839,0.51276,0.57939,0.50591,0.26039,0.44772,0.42198,0.48087,0.58356,0.38832,0.25515,0.49264,0.44206,0.39791,0.44591,0.45454,0.45161,0.78442,0.79267,0.93582,1,0.42918,0.3729,0.4894,0.4204,0.44079,0.43682,0.4547,0.46028,0.36119,0.3574,0.31308,0.39416,0.32707,0.30685,0.18118,0.15754,0.10471,0.13475,0.24158,0.2338,0.19764,0.1402,0.28485,0.24229,0.36705,0.34749,0.39614,0.35644,0.37538,0.41005,0.41196,0.34041,0.42529,0.2821,0.353,0.33186,0.33744,0.27971,0.3845,0.39061,0.41934,0.3962,0.59713,0.54909,0.51549,0.41814,0.61264,0.53715,0.48611,0.46224,0.35752,0.23057,0.3871,0.32904,0.33282,0.43344,0.30027,0.34856,0.31576,0.40284,0.44294,0.5455,0.27206,0.35473,0.067427,0.33571,0.43537,0.45797,0.30138,0.38353,0.34405,0.31101,0.16349,0.30917,0.28155,0.32462,0.35284,0.39112,0.23052,0.2213,0.23232,0.23367,0.41738,0.29237,0.201,0.11866,0.066134,0
0.72576,0.61441,0.56709,0.60687,0.59255,0.4727,0.68588,0.6742,0.37159,0.40646,0.83402,0.63122,0.80551,0.74861,0.70753,0.71542,0.87447,0.78735,0.7712,0.74413,0.64761,0.61492,0.6433,0.60029,0.36829,0.39086,0.38938,0.42918,1,0.86966,0.7382,0.69831,0.84313,0.82457,0.61511,0.60914,0.63904,0.54258,0.62374,0.68707,0.67183,0.72007,0.52751,0.54887,0.58462,0.58678,0.53924,0.53201,0.57361,0.54188,0.64152,0.56963,0.60805,0.56628,0.68449,0.59347,0.72822,0.62906,0.53118,0.39802,0.71749,0.34874,0.82434,0.66197,0.64333,0.49415,0.64886,0.67786,0.70344,0.6957,0.49026,0.49789,0.76807,0.73857,0.65831,0.67277,0.60859,0.55929,0.85208,0.69147,0.86593,0.78857,0.74995,0.75751,0.74396,0.77281,0.71513,0.62075,0.59426,0.68919,0.40402,0.47826,0.22562,0.30404,0.50218,0.55413,0.54705,0.61703,0.52387,0.44285,0.15548,0.19802,0.20081,0.244,0.2645,0.26125,0.39411,0.35066,0.10675,0.33687,0.44593,0.25454,0.26935,0.23461,0.21112,0
0.63672,0.67808,0.40231,0.57947,0.56674,0.43751,0.53641,0.73932,0.341,0.41543,0.72099,0.76482,0.62728,0.79293,0.59641,0.64479,0.82799,0.84147,0.73878,0.73979,0.48727,0.52401,0.53633,0.53097,0.33275,0.39502,0.33742,0.3729,0.86966,1,0.7626,0.72796,0.80831,0.82558,0.57825,0.60583,0.61039,0.61971,0.56778,0.70752,0.62229,0.69405,0.5282,0.53737,0.52367,0.54212,0.51958,0.50153,0.5334,0.47613,0.55633,0.51942,0.54289,0.47893,0.63919,0.60008,0.62233,0.69109,0.50632,0.50737,0.66126,0.56428,0.74845,0.77059,0.51671,0.55949,0.63016,0.65213,0.67161,0.6682,0.41088,0.41989,0.70912,0.77349,0.6859,0.67965,0.60683,0.55967,0.81958,0.77588,0.80054,0.80168,0.70181,0.72378,0.62307,0.71829,0.65975,0.58424,0.6097,0.56986,0.39238,0.423,0.26849,0.25173,0.47169,0.57023,0.54795,0.61719,0.52486,0.49185,0.3341,0.20151,0.39093,0.32751,0.39311,0.35692,0.38885,0.38334,0.1274,0.37932,0.41665,0.25494,0.28971,0.3327,0.24545,0
0.52691,0.60836,0.47896,0.62899,0.62879,0.46883,0.52519,0.68368,0.34564,0.35339,0.65888,0.61358,0.61279,0.71702,0.64899,0.6598,0.72636,0.66453,0.73718,0.70235,0.51128,0.55707,0.70503,0.67038,0.4761,0.54878,0.4375,0.4894,0.7382,0.7626,1,0.93598,0.8262,0.84443,0.67959,0.66696,0.5452,0.51139,0.49176,0.61256,0.54921,0.56411,0.45502,0.45761,0.4914,0.47472,0.45551,0.45884,0.41811,0.32937,0.48291,0.40832,0.47771,0.37959,0.60323,0.48217,0.51023,0.58808,0.44182,0.44839,0.60565,0.46995,0.59534,0.53728,0.58092,0.62468,0.60099,0.62553,0.62841,0.61404,0.50129,0.50842,0.63272,0.61343,0.62347,0.58092,0.51992,0.46681,0.73916,0.65618,0.73215,0.70119,0.69854,0.65392,0.63688,0.63509,0.65346,0.51771,0.68103,0.5095,0.32664,0.35284,0.19512,0.26153,0.39011,0.48674,0.45608,0.51253,0.45782,0.30693,0.16566,0.16397,0.2506,0.1738,0.37289,0.28271,0.27338,0.21694,0.16821,0.32928,0.347,0.16519,0.13644,0.10625,0.09421,0
0.53698,0.64871,0.42155,0.60005,0.57458,0.36598,0.47485,0.65691,0.34677,0.26981,0.65287,0.61748,0.60832,0.72193,0.64728,0.69019,0.72328,0.69766,0.7155,0.67806,0.48322,0.54218,0.66474,0.62102,0.42925,0.47426,0.36545,0.4204,0.69831,0.72796,0.93598,1,0.80016,0.82125,0.68802,0.67914,0.51909,0.50122,0.47004,0.60102,0.52051,0.57414,0.38018,0.35566,0.40967,0.41682,0.36824,0.3872,0.37109,0.29218,0.46186,0.39192,0.44671,0.34945,0.55396,0.41187,0.51372,0.59894,0.39725,0.42944,0.58969,0.439,0.58571,0.54278,0.60892,0.64463,0.55191,0.59399,0.61004,0.58736,0.44956,0.45041,0.61053,0.58502,0.5844,0.54055,0.47676,0.44648,0.74781,0.66788,0.72726,0.71025,0.72622,0.63567,0.6679,0.66316,0.67399,0.50209,0.66802,0.48052,0.29622,0.31462,0.19562,0.24238,0.32727,0.39463,0.35079,0.42821,0.38913,0.24969,0.12012,0.099986,0.17745,0.090756,0.31863,0.21508,0.25162,0.16063,0.16778,0.28661,0.31637,0.12171,0.079209,0.060642,0.048168,0
0.80736,0.73502,0.62261,0.76672,0.6741,0.46344,0.71151,0.79996,0.45522,0.46022,0.82531,0.70101,0.73432,0.8237,0.72723,0.77198,0.91563,0.86099,0.91241,0.90176,0.50975,0.47876,0.77555,0.75305,0.47182,0.47572,0.40138,0.44079,0.84313,0.80831,0.8262,0.80016,1,0.98059,0.79549,0.79007,0.62276,0.53731,0.56336,0.6878,0.64248,0.61386,0.6097,0.59962,0.64559,0.6701,0.64654,0.64879,0.6302,0.57253,0.73803,0.66802,0.7246,0.65714,0.79519,0.67529,0.7868,0.80147,0.65699,0.62112,0.80289,0.55831,0.85852,0.75642,0.75672,0.72392,0.80417,0.81868,0.85074,0.85208,0.43458,0.41811,0.67501,0.63315,0.64784,0.64829,0.63186,0.56961,0.89638,0.74263,0.89036,0.85458,0.84136,0.84822,0.8133,0.82454,0.81059,0.69997,0.72506,0.72248,0.55932,0.59824,0.33119,0.46366,0.5527,0.57112,0.56573,0.66643,0.68567,0.5406,0.27065,0.37969,0.33475,0.37318,0.42071,0.36891,0.49321,0.43336,0.25065,0.41921,0.544,0.3761,0.33974,0.23319,0.19102,0
0.7498,0.7605,0.57704,0.74596,0.67723,0.47347,0.66255,0.8095,0.44482,0.44507,0.79488,0.70873,0.70589,0.8182,0.69943,0.7415,0.89141,0.84229,0.88619,0.88449,0.50303,0.49784,0.74025,0.70618,0.4499,0.46108,0.39782,0.43682,0.82457,0.82558,0.84443,0.82125,0.98059,1,0.76557,0.77058,0.59908,0.55127,0.54879,0.67323,0.60409,0.60527,0.58881,0.58822,0.62828,0.65007,0.61044,0.61536,0.60147,0.53964,0.70115,0.62322,0.68919,0.59988,0.76135,0.63639,0.72075,0.78808,0.60861,0.60595,0.75444,0.58667,0.81005,0.74571,0.71034,0.70761,0.77596,0.78976,0.82502,0.82431,0.43056,0.40975,0.675,0.62705,0.65973,0.627,0.61965,0.55192,0.88868,0.74666,0.86996,0.83738,0.82083,0.80191,0.77711,0.78438,0.77359,0.63871,0.73095,0.65832,0.52542,0.54226,0.32017,0.41107,0.5171,0.53314,0.53913,0.6217,0.64557,0.49065,0.28878,0.32297,0.34749,0.33177,0.40724,0.33689,0.4552,0.39097,0.23721,0.41299,0.49765,0.33758,0.28273,0.20407,0.13895,0
0.71667,0.54562,0.52764,0.72076,0.68297,0.42267,0.59872,0.68931,0.49233,0.51608,0.70355,0.43739,0.63606,0.67479,0.6858,0.77678,0.69846,0.68204,0.81213,0.8167,0.52948,0.45471,0.78564,0.773,0.49604,0.46337,0.44328,0.4547,0.61511,0.57825,0.67959,0.68802,0.79549,0.76557,1,0.96092,0.65526,0.50266,0.50318,0.60859,0.52792,0.45815,0.44771,0.40749,0.50326,0.5277,0.53929,0.57256,0.43287,0.42491,0.61884,0.57287,0.6952,0.63604,0.72125,0.56572,0.65412,0.68241,0.56221,0.55713,0.69799,0.36144,0.70204,0.56831,0.81789,0.72178,0.77714,0.82251,0.79163,0.78127,0.50732,0.47733,0.58285,0.52321,0.61667,0.63304,0.72094,0.67154,0.73446,0.55399,0.71947,0.72234,0.80379,0.71854,0.77286,0.75356,0.78862,0.6048,0.75362,0.73667,0.64624,0.66536,0.47319,0.6429,0.52299,0.58647,0.5757,0.62855,0.67619,0.5271,0.2992,0.51779,0.35181,0.43882,0.54761,0.52686,0.54985,0.48984,0.24501,0.39104,0.6668,0.50325,0.37743,0.28014,0.34994,0.10212
0.71251,0.50608,0.51135,0.72128,0.69847,0.47237,0.59326,0.72211,0.49791,0.5904,0.69988,0.49202,0.60152,0.69393,0.66127,0.79802,0.70606,0.69454,0.81408,0.82386,0.53214,0.47966,0.76175,0.76529,0.49361,0.47631,0.44144,0.46028,0.60914,0.60583,0.66696,0.67914,0.79007,0.77058,0.96092,1,0.67858,0.54499,0.52395,0.62563,0.57236,0.46045,0.48192,0.44129,0.53679,0.56905,0.59251,0.62072,0.48873,0.47595,0.65249,0.6286,0.73239,0.68787,0.76151,0.63726,0.64778,0.69281,0.59937,0.59542,0.67865,0.40724,0.70341,0.61717,0.75945,0.72628,0.80156,0.85844,0.79034,0.80405,0.51137,0.47811,0.56795,0.53272,0.61754,0.6512,0.7331,0.71202,0.72879,0.56677,0.7186,0.75415,0.81115,0.7644,0.73631,0.77873,0.7887,0.64159,0.72746,0.75491,0.70914,0.71761,0.51608,0.66676,0.58229,0.60791,0.60005,0.67308,0.71967,0.57824,0.35258,0.54576,0.39142,0.49026,0.5349,0.5319,0.60929,0.54584,0.25575,0.48061,0.73511,0.57596,0.40341,0.28266,0.30119,0.075745
0.61168,0.37469,0.48074,0.55608,0.50607,0.38765,0.55122,0.57587,0.36734,0.49133,0.64956,0.44442,0.59936,0.64574,0.55942,0.66057,0.62352,0.59838,0.70354,0.68405,0.62258,0.59891,0.66844,0.64642,0.42008,0.43742,0.39737,0.36119,0.63904,0.61039,0.5452,0.51909,0.62276,0.59908,0.65526,0.67858,1,0.8423,0.85686,0.86882,0.81744,0.76211,0.56085,0.52873,0.56251,0.55362,0.64361,0.64222,0.53178,0.53642,0.63814,0.63088,0.65672,0.65931,0.71958,0.67903,0.53839,0.50244,0.48664,0.40159,0.51577,0.23732,0.59489,0.51643,0.53827,0.47441,0.63283,0.67511,0.66385,0.64693,0.41028,0.45843,0.54044,0.62505,0.57309,0.64416,0.71409,0.74491,0.6154,0.49251,0.61382,0.61715,0.64661,0.62141,0.60265,0.64622,0.64968,0.51228,0.54887,0.64707,0.60118,0.64356,0.41786,0.50223,0.46921,0.59834,0.65252,0.66142,0.63346,0.5778,0.28501,0.41572,0.33275,0.43272,0.4763,0.51631,0.533,0.50927,0,0.56689,0.62517,0.53444,0.43997,0.40045,0.43411,0.087887
0.43825,0.38831,0.25096,0.40723,0.43702,0.35235,0.36079,0.49954,0.33898,0.41622,0.50989,0.49455,0.47607,0.61515,0.45945,0.58667,0.54501,0.55966,0.56711,0.5546,0.51483,0.58246,0.47952,0.43804,0.38709,0.42648,0.42327,0.3574,0.54258,0.61971,0.51139,0.50122,0.53731,0.55127,0.50266,0.54499,0.8423,1,0.80106,0.84473,0.67628,0.75808,0.49045,0.42138,0.4724,0.44305,0.51864,0.49931,0.41841,0.41008,0.4843,0.48191,0.50197,0.48755,0.5885,0.54803,0.36633,0.41426,0.32708,0.32343,0.36315,0.29305,0.467,0.50651,0.39854,0.40222,0.45364,0.50017,0.5142,0.4917,0.30568,0.28949,0.45182,0.52719,0.52654,0.52291,0.617,0.64112,0.52265,0.45595,0.52091,0.55852,0.55103,0.50385,0.48398,0.5509,0.55779,0.40907,0.44834,0.46714,0.47219,0.46135,0.30761,0.31999,0.33965,0.46925,0.49968,0.50996,0.47487,0.4585,0.32771,0.23295,0.33116,0.29549,0.36273,0.38636,0.36563,0.35638,0,0.49178,0.40579,0.35922,0.30142,0.38064,0.30506,0
0.47328,0.39236,0.31306,0.44408,0.34937,0.25327,0.38597,0.48731,0.25079,0.2818,0.54361,0.38464,0.55243,0.60661,0.46961,0.58813,0.55987,0.53102,0.58152,0.577,0.61082,0.60461,0.53464,0.51241,0.28791,0.30358,0.35298,0.31308,0.62374,0.56778,0.49176,0.47004,0.56336,0.54879,0.50318,0.52395,0.85686,0.80106,1,0.88847,0.70223,0.79419,0.43612,0.42668,0.51704,0.46936,0.54877,0.52201,0.41655,0.42503,0.54675,0.50769,0.56722,0.51153,0.66538,0.56077,0.41878,0.42106,0.34031,0.30212,0.35849,0.19235,0.50498,0.37515,0.45926,0.36145,0.46941,0.53827,0.55026,0.53714,0.32777,0.30259,0.46885,0.52946,0.49878,0.52725,0.61451,0.64881,0.57289,0.42902,0.5839,0.57248,0.58119,0.52722,0.5507,0.57629,0.6194,0.37543,0.48525,0.53483,0.53325,0.51434,0.34203,0.2793,0.41082,0.51953,0.58101,0.57272,0.4996,0.46256,0.24652,0.17241,0.26614,0.27158,0.29479,0.32412,0.4357,0.40717,0,0.49049,0.45458,0.3921,0.37065,0.42934,0.34822,0.11523
0.64056,0.55492,0.38027,0.56972,0.46637,0.32466,0.48375,0.62403,0.31767,0.38127,0.66213,0.54219,0.5906,0.73576,0.51307,0.65144,0.67547,0.69641,0.7411,0.73047,0.51157,0.56424,0.59356,0.59481,0.39286,0.43428,0.40462,0.39416,0.68707,0.70752,0.61256,0.60102,0.6878,0.67323,0.60859,0.62563,0.86882,0.84473,0.88847,1,0.72475,0.81489,0.55039,0.54172,0.55819,0.55354,0.61811,0.61291,0.522,0.48884,0.61894,0.59924,0.63555,0.59887,0.73802,0.69374,0.59713,0.60128,0.50181,0.48986,0.51964,0.34487,0.62911,0.56279,0.53893,0.51082,0.62682,0.67433,0.71756,0.68692,0.2939,0.29927,0.50931,0.57913,0.51388,0.53884,0.63956,0.66805,0.67721,0.57274,0.68054,0.71208,0.66518,0.63726,0.64205,0.71666,0.69348,0.56058,0.57195,0.65686,0.52425,0.58047,0.30618,0.41426,0.47137,0.67753,0.70703,0.70691,0.59946,0.56185,0.32671,0.33162,0.4048,0.428,0.51751,0.51641,0.44072,0.4398,0,0.52431,0.5248,0.39278,0.40484,0.42256,0.38763,0.021665
0.64745,0.36845,0.53578,0.55991,0.48725,0.37579,0.58532,0.55464,0.30997,0.43298,0.66796,0.51757,0.54824,0.60107,0.54934,0.55969,0.67027,0.63212,0.68883,0.6695,0.48961,0.4415,0.65275,0.64929,0.37858,0.46536,0.3225,0.32707,0.67183,0.62229,0.54921,0.52051,0.64248,0.60409,0.52792,0.57236,0.81744,0.67628,0.70223,0.72475,1,0.76235,0.50453,0.44254,0.44319,0.44161,0.51083,0.51016,0.48814,0.44234,0.58995,0.57201,0.56897,0.58704,0.65042,0.63444,0.61878,0.54168,0.53113,0.43494,0.58242,0.31832,0.6729,0.57989,0.46588,0.51015,0.58741,0.59821,0.62757,0.61958,0.34332,0.41518,0.60945,0.60961,0.53168,0.62967,0.55092,0.61521,0.62148,0.55491,0.62104,0.61738,0.60649,0.66724,0.54364,0.63343,0.5841,0.58854,0.47224,0.60932,0.47415,0.56929,0.31168,0.41799,0.45793,0.54752,0.51636,0.61597,0.58196,0.53616,0.27175,0.40675,0.30745,0.39293,0.33592,0.36706,0.46402,0.4138,0.019152,0.50392,0.50918,0.41396,0.369,0.31556,0.26985,0
0.54299,0.47514,0.37548,0.45132,0.38958,0.26223,0.46532,0.53606,0.27072,0.24068,0.6006,0.5461,0.61117,0.65832,0.49549,0.58707,0.6407,0.62628,0.6248,0.59264,0.54292,0.59315,0.52893,0.47656,0.31225,0.34208,0.33309,0.30685,0.72007,0.69405,0.56411,0.57414,0.61386,0.60527,0.45815,0.46045,0.76211,0.75808,0.79419,0.81489,0.76235,1,0.44002,0.41607,0.42495,0.44607,0.47079,0.46065,0.44719,0.41125,0.53494,0.49123,0.51213,0.48383,0.60894,0.51977,0.5137,0.48078,0.37216,0.32976,0.47113,0.26707,0.62923,0.53176,0.47268,0.38853,0.44055,0.49771,0.55982,0.52138,0.38378,0.3649,0.64196,0.68227,0.56624,0.5844,0.55833,0.58074,0.62728,0.50708,0.65487,0.63581,0.57312,0.55288,0.58178,0.62724,0.54837,0.36836,0.42535,0.5349,0.36865,0.43786,0.13684,0.20972,0.40082,0.5005,0.51757,0.56412,0.44746,0.42856,0.15018,0.12835,0.18421,0.19983,0.22035,0.24584,0.32795,0.27427,0,0.39079,0.38556,0.26954,0.26028,0.33483,0.28183,0.024602
0.57877,0.33509,0.45882,0.56702,0.37884,0.44169,0.50235,0.55095,0.27308,0.52736,0.56684,0.47206,0.4496,0.58013,0.38678,0.48231,0.56358,0.60822,0.61015,0.62663,0.30886,0.26389,0.55861,0.57875,0.35479,0.36251,0.19174,0.18118,0.52751,0.5282,0.45502,0.38018,0.6097,0.58881,0.44771,0.48192,0.56085,0.49045,0.43612,0.55039,0.50453,0.44002,1,0.90478,0.78674,0.83021,0.91704,0.87359,0.81848,0.76817,0.71643,0.75101,0.73936,0.746,0.76025,0.79923,0.53723,0.53455,0.54968,0.44797,0.41678,0.30839,0.56549,0.55334,0.30608,0.33974,0.62934,0.62318,0.60363,0.63465,0.1698,0.17786,0.3302,0.42934,0.43134,0.46933,0.46161,0.40227,0.50875,0.44451,0.5406,0.62837,0.56181,0.6414,0.49497,0.60521,0.54887,0.5061,0.32395,0.58062,0.58981,0.61707,0.36756,0.4488,0.45134,0.46986,0.60496,0.65087,0.73565,0.68506,0.33945,0.39802,0.39198,0.47741,0.42751,0.41902,0.52306,0.49968,0.037586,0.44706,0.51627,0.50195,0.52236,0.43003,0.3533,0.039823
0.59765,0.38892,0.44595,0.51128,0.34755,0.4219,0.47158,0.5055,0.21571,0.46769,0.53427,0.46817,0.417,0.52398,0.34026,0.4397,0.55613,0.58429,0.59605,0.62256,0.27998,0.24976,0.49276,0.49945,0.28763,0.30414,0.16183,0.15754,0.54887,0.53737,0.45761,0.35566,0.59962,0.58822,0.40749,0.44129,0.52873,0.42138,0.42668,0.54172,0.44254,0.41607,0.90478,1,0.78702,0.86296,0.89441,0.8961,0.79436,0.76816,0.69972,0.71997,0.69613,0.71072,0.74411,0.80324,0.57093,0.55069,0.57251,0.46156,0.39451,0.2962,0.55325,0.52899,0.30593,0.31273,0.64628,0.64001,0.63374,0.65137,0.14603,0.14934,0.34191,0.44015,0.38324,0.43955,0.42077,0.36882,0.52194,0.4467,0.5516,0.61346,0.50862,0.59509,0.49013,0.60064,0.50485,0.49638,0.32699,0.57856,0.51978,0.59037,0.24676,0.38999,0.49515,0.52663,0.66001,0.68537,0.71233,0.65653,0.28171,0.353,0.39807,0.4914,0.44764,0.44419,0.50132,0.50211,0.073896,0.47766,0.51535,0.4799,0.52124,0.38943,0.25317,0.021337
