1,0.69189,0.6947,0.54828,0.079256,0.39114,0.79778,0.49659,0.18805,0.21841,0.65387,0.40371,0.4599,0.25131,0.23676,0.1264,0.37116,0.23861,0.51754,0.73274,0.35655,0.3496,0.53078,0.50893,0.31299,0.30547,0.2242,0.35653,0.30917,0.053274,0.32541,0.34752,0.66794,0.46465,0.21734,0.13471,0,0,0,0,0.14354,0,0.15987,0.15706,0.29295,0.25739,0.091453,0,0.45252,0.38631,0.26308,0.34063,0.067839,0.097365,0.049578,0.16584,0.87431,0.7037,0.74598,0.61843,0.67301,0.54767,0.60468,0.43588,0.15714,0.28096,0.63813,0.38441,0.43285,0.55557,0.16971,0.15433,0.26575,0.1944,0.32484,0.3859,0.22742,0.24295,0.1302,0.0055803,0.12213,0.19358,0.18771,0.19621,0,0.033019,0.088718,0.12416,6.7563e-05,0.2855,0,0.049427,0.033864,0.29259,0.34779,0.23437,0.047591,0.062532,0.0486,0.12737,0.10067,0.37369,0,0.16446,0,0.014724,0.057112,0.16753,0.1479,0.06223,0,0,0.041157,0.11895,0,0
0.69189,1,0.65179,0.72807,0,0.22944,0.54229,0.70154,0,0.026016,0.47153,0.68277,0.25577,0.48959,0.18016,0.1098,0.25408,0.40993,0.45539,0.81896,0.36004,0.36155,0.59305,0.62759,0.34606,0.18467,0.093415,0.14437,0.26259,0.2757,0.38434,0.43746,0.63927,0.44525,0.22017,0.17275,0,0,0,0.011136,0.039326,0,0.18049,0.20552,0.30486,0.32783,0.025579,0,0.46658,0.44262,0.19572,0.37595,0.054167,0.063745,0.027968,0,0.61884,0.90808,0.51955,0.61697,0.42986,0.64537,0.5207,0.56659,0,0.32053,0.56736,0.40644,0.39056,0.51364,0.12223,0.15509,0.19398,0.20498,0.25923,0.34799,0.20741,0.21183,0.11766,0.22103,0.17722,0.31799,0.15525,0.19973,0.025725,0.1262,0,0.18577,0.26074,0.086416,0.076699,0,0.03086,0.0922,0.26087,0.1528,0.045537,0.075625,0.010625,0,0.093106,0.077655,0.14373,0,0.048763,0,0.20616,0,0.082571,0.018319,0,0,0,0,0,0.017137
0.6947,0.65179,1,0.69481,0,0.1853,0.85941,0.59314,0,0.0013969,0.54756,0.44018,0.40523,0.4197,0.21751,0.13902,0.38912,0.26569,0.18562,0.66241,0.3569,0.33491,0.80414,0.70457,0.4301,0.28217,0.097166,0.10357,0.48131,0.28845,0.39194,0.3816,0.58128,0.25886,0.14861,0.093545,0,0,0,0,0.035835,0,0.14336,0.12199,0.17985,0.23133,0.056062,0.084231,0.35509,0.39937,0.14313,0.39984,0.020831,0.16905,0,0.073658,0.60128,0.48765,0.37868,0.36365,0.25895,0.33618,0.51838,0.22442,0.0058548,0.19974,0.39175,0.22872,0.05283,0.30813,0,0.036201,0.1406,0.081008,0.096902,0.27505,0.092433,0.17557,0.2712,0.21143,0.2038,0.37867,0.27881,0.29922,0,0.18256,0,0.24139,0.11088,0.20913,0,0.10359,0.035717,0.26425,0.26236,0.21667,0.013877,0.2101,0,0.067329,0,0.1881,0,0.036142,0.05383,0.12927,0.1682,0.031862,0.12407,0.091647,0,0,0,0,0,0.065851
0.54828,0.72807,0.69481,1,0,0.24676,0.58456,0.74986,0.067449,0.097186,0.47846,0.59013,0.28364,0.50008,0.1651,0.15696,0.17304,0.32427,0.55941,0.72855,0.21437,0.23871,0.64242,0.81159,0.36629,0.34725,0.17083,0.22159,0.25106,0.22549,0.39323,0.47695,0.50006,0.34765,0.17938,0.06596,0,0,0,0,0.033929,0,0.091716,0.11438,0.20915,0.28161,0,0,0.32825,0.32951,0.11698,0.32312,0.047316,0.1219,0,0,0.51374,0.66508,0.32108,0.38336,0.3359,0.5382,0.40986,0.46982,0.058998,0.26618,0.42095,0.37019,0.38344,0.44714,0.19248,0.15368,0.11826,0.20013,0.1667,0.23831,0.16355,0.12873,0.053065,0.11247,0.14862,0.25408,0.21796,0.23025,0.036525,0.068621,0.019239,0.16213,0.22464,0.13446,0.098412,0.04127,0.096168,0.23356,0.17074,0.14951,0,0,0.028059,0,0.028915,0.15218,0.018892,0.015041,0.07102,0.090396,0.20706,0.043215,0,0,0,0,0.0027478,0.029388,0.034927,0.012925
0.079256,0,0,0,1,0.54114,0,0,0.84145,0.79652,0.0090101,0,0.047168,0,0.16018,0.2276,0,0,0.51516,0.030929,0,0,0,0,0,0.26429,0.5745,0.67903,0,0,0,0.02116,0,0.2825,0,0,0,0,0.051216,0.16293,0.22221,0.043121,0.097688,0.026855,0.09048,0.016955,0.30034,0,0.19213,0,0.15193,0,0,0,0.45624,0.37149,0.13547,0.057992,0.3647,0.2524,0.51553,0.18161,0.019102,0.069161,0.50234,0.10365,0.23734,0.19684,0.53934,0.42791,0.49163,0.25578,0.32112,0.22532,0.45906,0.12489,0.22928,0.12314,0,0,0.033805,0,0,0,0.28028,0,0.54695,0.013972,0,0.35149,0,0,0.28756,0.19688,0.18627,0.16216,0.057531,0,0.33779,0.20125,0.62206,0.32139,0.26042,0.25811,0,0,0,0.28327,0.2416,0.16566,0.379,0.29848,0.37944,0.47906,0,0
0.39114,0.22944,0.1853,0.24676,0.54114,1,0.40755,0.38282,0.62322,0.71367,0.41986,0.33415,0.44877,0.34748,0.55114,0.50229,0.055361,0.10706,0.43145,0.32652,0.40055,0.39975,0.15534,0.18225,0.38547,0.62838,0.27334,0.45979,0.15038,0.061042,0.26816,0.23737,0.32576,0.30559,0.27615,0.19262,0.1737,0.21366,0.037841,0.0036759,0.19478,0.12581,0.26665,0.29959,0.27816,0.27551,0,0.14856,0.21477,0.16493,0.15592,0.23354,0.048,0.15057,0.018731,0.15094,0.31222,0.25952,0.48835,0.40092,0.56882,0.48623,0.35844,0.25638,0.42385,0.34731,0.47209,0.43605,0.33124,0.23177,0.3744,0.41123,0.53269,0.42271,0.55271,0.51773,0.56104,0.4905,0.020077,0,0.15437,0.1701,0.16109,0.089931,0.1319,0.18799,0.089615,0,0.12687,0.43681,0.21721,0.21227,0.054721,0.31473,0.059051,0.14565,0.11231,0.079818,0.11769,0.16195,0.1746,0.37742,0.1786,0.23013,0,0,0.082207,0,0.039166,0.17401,0.2293,0.13044,0.17368,0.12735,0.14023,0
0.79778,0.54229,0.85941,0.58456,0,0.40755,1,0.66371,0.19053,0.24711,0.67848,0.47783,0.6242,0.4341,0.42726,0.32521,0.4228,0.29042,0.27534,0.63367,0.40231,0.39613,0.71393,0.64904,0.47582,0.39585,0.17107,0.24341,0.47566,0.25042,0.39567,0.37581,0.65586,0.38465,0.34061,0.23223,0.0062358,0,0,0,0.14142,0.018056,0.26722,0.25245,0.30265,0.29783,0.086732,0.13268,0.38388,0.40724,0.2579,0.42874,0.055335,0.17649,0,0.1358,0.63115,0.42831,0.59987,0.49423,0.52853,0.49079,0.57874,0.3022,0.27858,0.41555,0.61717,0.43124,0.09679,0.27967,0.13307,0.19357,0.29774,0.22969,0.29311,0.43654,0.32409,0.36951,0.2265,0.17561,0.18284,0.37827,0.28802,0.2693,0.03838,0.24482,0,0.1544,0.068072,0.33521,0.039296,0.18902,0.054019,0.37527,0.27387,0.25803,0.093161,0.23439,0.019693,0.15753,0,0.35492,0,0.1527,0,0.10847,0.1561,0.063005,0.18063,0.15589,0,0,0,0,0.064503,0
0.49659,0.70154,0.59314,0.74986,0,0.38282,0.66371,1,0.14345,0.1905,0.53121,0.79208,0.45672,0.72653,0.49388,0.43593,0.23063,0.48394,0.32493,0.68063,0.39252,0.44325,0.65563,0.73759,0.52602,0.34785,0.019373,0.082268,0.34769,0.43843,0.38858,0.42045,0.56678,0.37916,0.4679,0.36567,0.020098,0.1153,0.023622,0,0.077064,0.15406,0.27133,0.31343,0.32056,0.35766,0,0.13056,0.27937,0.40904,0.22249,0.45134,0.10111,0.22756,0,0,0.29705,0.56778,0.45989,0.61553,0.38348,0.728,0.36491,0.50113,0.22196,0.59746,0.61432,0.59261,0.1134,0.18787,0.12471,0.26755,0.30256,0.36439,0.31191,0.49717,0.47254,0.46657,0.14384,0.3024,0.16109,0.44389,0.24887,0.21764,0.074479,0.32421,0,0.071519,0.38905,0.21828,0.32521,0.28874,0.15308,0.24877,0.15025,0.15617,0.1269,0.23672,0.015573,0.086186,0,0.13924,0.15003,0.061262,0.17593,0.10926,0.27733,0,0.0018709,0.052781,0,0,0.016712,0,0.20125,0.077435
0.18805,0,0,0.067449,0.84145,0.62322,0.19053,0.14345,1,0.81986,0.17394,0.041246,0.30715,0,0.4926,0.43416,0,0,0.50965,0.13912,0.10845,0.012769,0,0,0,0.38817,0.44977,0.55586,0,0,0,0,0.021421,0.21578,0.044421,0,0.21933,0.21693,0.21139,0.23673,0.32735,0.21004,0.31804,0.26074,0.26665,0.18826,0.34394,0.10843,0.25769,0.018252,0.34672,0.034548,0.18271,0,0.43377,0.42857,0.16289,0.099648,0.49151,0.38871,0.59738,0.28582,0.092551,0.080546,0.6127,0.32617,0.42777,0.40137,0.45989,0.39386,0.46761,0.31782,0.44535,0.36819,0.5438,0.26405,0.52301,0.41436,0,0,0.15082,0,0.13869,0,0.41106,0.083001,0.50114,0.051929,0.091404,0.51879,0.1781,0.15241,0.38563,0.39818,0.20756,0.19481,0.27398,0.060485,0.39978,0.35551,0.49623,0.44541,0.27542,0.34743,0,0,0.024838,0.21915,0.24798,0.29027,0.50518,0.41557,0.48474,0.43109,0.08499,0
0.21841,0.026016,0.0013969,0.097186,0.79652,0.71367,0.24711,0.1905,0.81986,1,0.21369,0.17885,0.34045,0.039182,0.43307,0.59728,0,0,0.41917,0.15086,0.1877,0.077328,0,0.079427,0.018519,0.46204,0.5253,0.63445,0,0,0.15597,0.13094,0.14107,0.37284,0.02818,0,0.0786,0.14972,0.080066,0.15357,0.25854,0.20489,0.23249,0.16574,0.21836,0.15829,0.27337,0.010006,0.2778,0,0.23977,0,0,0,0.34904,0.33058,0.20184,0.08831,0.48778,0.39338,0.60648,0.40916,0.10506,0.20847,0.62708,0.40711,0.42578,0.40688,0.34596,0.29271,0.57883,0.45647,0.47686,0.38133,0.5336,0.3087,0.41056,0.36131,0,0,0.12409,0,0.11417,0,0.30622,0.072318,0.45747,0,0,0.43424,0,0,0.21149,0.24529,0.17249,0.15869,0.13012,0,0.29667,0.21851,0.44692,0.35769,0.18881,0.23395,0,0,0,0.15066,0.28233,0.30395,0.4444,0.28628,0.29195,0.38615,0,0
0.65387,0.47153,0.54756,0.47846,0.0090101,0.41986,0.67848,0.53121,0.17394,0.21369,1,0.57422,0.79949,0.57256,0.4836,0.33051,0.46365,0.37147,0.3019,0.47338,0.43353,0.47039,0.62945,0.63197,0.53493,0.47431,0.048937,0.16174,0.47037,0.25923,0.46891,0.47777,0.60897,0.44034,0.27961,0.28962,0,0,0,0,0.0071018,0,0.016757,0.055589,0.11723,0.13129,0,0,0.30251,0.24937,0.12008,0.25376,0,0.052009,0,0,0.51522,0.4258,0.39769,0.37964,0.48088,0.51963,0.53835,0.48563,0.2827,0.37981,0.41304,0.27319,0.13323,0.13332,0.34493,0.39984,0.34645,0.2397,0.28917,0.32403,0.28604,0.26514,0.16868,0.16189,0.17709,0.22675,0.27678,0.17965,0.00055399,0.10056,0,0,0,0.015322,0,0.011087,0,0.18251,0.098416,0.17437,0,0,0,0,0,0.30265,0,0.02416,0,0,0.085935,0,0.069388,0.054168,0,0,0,0,0,0
0.40371,0.68277,0.44018,0.59013,0,0.33415,0.47783,0.79208,0.041246,0.17885,0.57422,1,0.51173,0.77432,0.41051,0.44976,0.27407,0.56292,0.28742,0.56015,0.42452,0.46214,0.60948,0.6939,0.48528,0.3521,0,0.050051,0.36714,0.50412,0.56145,0.57644,0.63457,0.52644,0.31562,0.2695,0,0,0,0,0,0.037061,0.074166,0.15981,0.16015,0.23877,0,0,0.2489,0.23762,0,0.24173,0,0,0,0,0.28478,0.58103,0.36425,0.47176,0.36745,0.74212,0.43616,0.73007,0.13749,0.48679,0.45832,0.41353,0.061334,0.053251,0.33087,0.47929,0.26439,0.30692,0.19363,0.38571,0.25853,0.26557,0.1626,0.4174,0.20414,0.36692,0.17709,0.19458,0,0.20038,0,0,0.11848,0.01921,0.053273,0,0,0,0.023525,0.11062,0,0,0,0,0.031219,0.0028672,0.10144,0,0,0,0.10958,0,0.059844,0.0064865,0,0,0,0,0,0
0.4599,0.25577,0.40523,0.28364,0.047168,0.44877,0.6242,0.45672,0.30715,0.34045,0.79949,0.51173,1,0.56062,0.68928,0.55922,0.44,0.34909,0.14899,0.23343,0.43369,0.37679,0.48417,0.50059,0.56688,0.47326,0,0.018694,0.45353,0.33105,0.32947,0.26354,0.44213,0.30904,0.31218,0.21342,0.22178,0.15389,0,0,0.097523,0.080398,0.18436,0.22649,0.22109,0.23703,0,0.11238,0.31665,0.29188,0.20493,0.32502,0,0.13194,0,0,0.34261,0.21731,0.31721,0.2106,0.44081,0.41511,0.4607,0.36246,0.38368,0.44401,0.41174,0.34452,0,0,0.47107,0.53208,0.44935,0.33989,0.30156,0.3553,0.44223,0.43589,0.24112,0.22995,0.20284,0.31341,0.29235,0.16943,0.15941,0.33143,0,0,0.010188,0.16083,0.05444,0.092778,0,0.21636,0,0,0.043858,0.031552,0,0.0014524,0,0.28574,0,0.063286,0,0,0.036536,0,0.099598,0.17406,0.098463,0.041252,0,0,0.07007,0
0.25131,0.48959,0.4197,0.50008,0,0.34748,0.4341,0.72653,0,0.039182,0.57256,0.77432,0.56062,1,0.50401,0.47139,0.33296,0.60719,0.049312,0.4241,0.44533,0.55637,0.61659,0.61337,0.69011,0.4337,0,0,0.45612,0.61204,0.48426,0.4549,0.54556,0.31143,0.43935,0.40482,0.031053,0.13943,0,0,0,0.11888,0.063833,0.17344,0.10336,0.20653,0,0.10854,0.08183,0.24556,0,0.3098,0,0.2646,0,0,0.1102,0.33725,0.11909,0.29701,0.14736,0.55558,0.44298,0.57689,0.031014,0.41513,0.29284,0.30427,0,0,0.18367,0.42742,0.32507,0.32495,0.18347,0.42518,0.39983,0.41554,0.28797,0.42286,0.18238,0.52796,0.21103,0.27365,0,0.28271,0,0,0.21893,0,0.26442,0.21027,0,0.033534,0,0.039723,0,0.12853,0,0,0,0,0,0,0.00051047,0,0.10369,0,0,0.02207,0,0,0,0,0.14242,0.14293
0.23676,0.18016,0.21751,0.1651,0.16018,0.55114,0.42726,0.49388,0.4926,0.43307,0.4836,0.41051,0.68928,0.50401,1,0.75932,0.3553,0.37882,0.11182,0.2129,0.5732,0.4554,0.32107,0.31694,0.5406,0.46484,0.056921,0.088591,0.47729,0.42722,0.18665,0.11022,0.32221,0.21854,0.42299,0.25261,0.50998,0.50247,0.26981,0.1245,0.29397,0.39845,0.49516,0.53482,0.41398,0.46158,0.20062,0.49729,0.29646,0.44413,0.40798,0.49897,0.28883,0.37524,0.081134,0.18771,0.1009,0.12729,0.29831,0.28172,0.34356,0.42576,0.26501,0.16832,0.51953,0.5931,0.45354,0.47202,0,0,0.25059,0.37778,0.65335,0.56014,0.52347,0.57872,0.66778,0.6172,0.22941,0.27412,0.37436,0.42406,0.51063,0.22419,0.43173,0.60669,0.035169,0,0.31902,0.42622,0.44666,0.45985,0.23844,0.43279,0.15188,0.19757,0.38692,0.37294,0.23373,0.3229,0.0046495,0.34358,0.16615,0.22966,0.044682,0.027137,0.18762,0,0.24609,0.48294,0.39457,0.29108,0.19486,0.022098,0.29872,0
0.1264,0.1098,0.13902,0.15696,0.2276,0.50229,0.32521,0.43593,0.43416,0.59728,0.33051,0.44976,0.55922,0.47139,0.75932,1,0.30537,0.38174,0.062803,0.14907,0.46404,0.35192,0.23285,0.32827,0.40134,0.50012,0.20256,0.23343,0.33184,0.42756,0.34104,0.26937,0.27558,0.30244,0.29131,0.14443,0.36563,0.4706,0.22199,0.15009,0.20733,0.47277,0.42353,0.45772,0.40779,0.41966,0.24878,0.41112,0.35413,0.29967,0.35464,0.30521,0.1649,0.20051,0.19321,0.26305,0.052237,0.05476,0.26176,0.25564,0.33104,0.43753,0.23891,0.3065,0.52229,0.59133,0.41738,0.46081,0,0,0.36635,0.47373,0.57966,0.55079,0.43444,0.51668,0.53345,0.53629,0.25033,0.3152,0.39285,0.40742,0.41539,0.30899,0.40099,0.55699,0.22375,0,0.14204,0.43473,0.33472,0.31574,0.23839,0.35294,0.16923,0.22412,0.32388,0.27997,0.25942,0.31753,0.11829,0.31564,0.1424,0.21712,0,0,0.099333,0,0.31712,0.47775,0.42147,0.30628,0.18982,0.10965,0.17142,0
0.37116,0.25408,0.38912,0.17304,0,0.055361,0.4228,0.23063,0,0,0.46365,0.27407,0.44,0.33296,0.3553,0.30537,1,0.72463,0,0.28859,0.42373,0.3261,0.39037,0.30432,0.45645,0.24329,0.029304,0,0.84256,0.64438,0.32877,0.27751,0.38519,0.17655,0.047277,0,0.25967,0.15497,0.20473,0.028937,0.16445,0.21293,0.41279,0.45637,0.47328,0.54903,0.11466,0.35691,0.42743,0.56091,0.3346,0.508,0.17429,0.35784,0,0.089806,0.43526,0.20843,0.14544,0.12359,0.17894,0.18017,0.54319,0.25468,0.10384,0.28409,0.24944,0.19979,0,0,0,0,0.29953,0.21583,0.12807,0.25032,0.054133,0.043883,0.74783,0.5796,0.69194,0.70561,0.54808,0.59547,0.22429,0.43507,0.046026,0.089668,0.10086,0.080213,0.22931,0.24392,0,0.25435,0.25672,0.36183,0.3044,0.33346,0.11755,0.20556,0,0.26253,0,0.16839,0,0.080303,0.31772,0.036779,0.0093015,0.15209,0.010571,0.049587,0,0,0.14806,0.19961
0.23861,0.40993,0.26569,0.32427,0,0.10706,0.29042,0.48394,0,0,0.37147,0.56292,0.34909,0.60719,0.37882,0.38174,0.72463,1,0,0.34174,0.47356,0.47969,0.43375,0.42511,0.59315,0.27794,0,0,0.67764,0.79163,0.43653,0.38216,0.43688,0.22881,0.2532,0.16281,0.16933,0.19542,0.11298,0,0,0.26865,0.36331,0.46838,0.48978,0.60319,0,0.3324,0.35836,0.5594,0.28102,0.53579,0.17012,0.41001,0,0,0.28439,0.38156,0.14176,0.25035,0.18284,0.43655,0.46964,0.50808,0.097525,0.51176,0.33074,0.34273,0,0,0,0.19229,0.23919,0.32316,0.10165,0.32465,0.17751,0.15132,0.64688,0.74023,0.54591,0.78793,0.37522,0.49174,0.11531,0.46193,0,0,0.23787,0.036928,0.38837,0.30152,0,0.14979,0.11078,0.31965,0.27405,0.32062,0.0050979,0.10445,0,0.08861,0.022089,0.065218,0,0,0.31468,0,0,0.094724,0,0,0,0,0.15432,0.1398
0.51754,0.45539,0.18562,0.55941,0.51516,0.43145,0.27534,0.32493,0.50965,0.41917,0.3019,0.28742,0.14899,0.049312,0.11182,0.062803,0,0,1,0.59446,0.094912,0.076216,0.05178,0.31941,0,0.28122,0.38881,0.54895,0,0,0.12188,0.2555,0.26161,0.37109,0.084509,0,0,0,0.040175,0.12131,0.23497,0,0.14326,0.12538,0.22552,0.1914,0.088481,0,0.30355,0.11418,0.17609,0.09848,0.070955,0,0.23296,0.19905,0.54457,0.59914,0.58536,0.45178,0.68119,0.46818,0.34185,0.40117,0.31699,0.17531,0.50262,0.44639,0.84489,0.69635,0.35238,0.17859,0.31154,0.37233,0.45218,0.33469,0.21653,0.12263,0,0,0.060749,0,0.057517,0,0.18899,0,0.34988,0.18795,0.16953,0.33154,0.048521,0,0.22331,0.38728,0.35834,0.17186,0.12121,0,0.3079,0.1728,0.52567,0.4728,0.39695,0.32045,0,0,0,0.25422,0,0,0.093879,0.1457,0.39499,0.45231,0.042058,0
0.73274,0.81896,0.66241,0.72855,0.030929,0.32652,0.63367,0.68063,0.13912,0.15086,0.47338,0.56015,0.23343,0.4241,0.2129,0.14907,0.28859,0.34174,0.59446,1,0.31536,0.30756,0.53779,0.58458,0.3003,0.25929,0.23244,0.31785,0.32575,0.21627,0.3961,0.47116,0.68381,0.52796,0.15599,0.10133,0,0,0,0.037653,0.20691,0.074753,0.26309,0.2365,0.33711,0.31462,0.072088,0.06278,0.39355,0.34611,0.2395,0.34871,0.13194,0.10538,0.03463,0.071403,0.61926,0.76718,0.67134,0.7252,0.53304,0.63188,0.55477,0.48842,0.079046,0.29701,0.61741,0.4569,0.46191,0.59981,0.00036932,0,0.26447,0.24332,0.33861,0.47719,0.23347,0.24163,0.20598,0.12281,0.28158,0.33219,0.30968,0.31446,0.086933,0.077372,0.11995,0.21098,0.27248,0.24292,0.21042,0.22614,0.26986,0.37835,0.38493,0.32528,0.11864,0.1987,0.18993,0.22211,0.22041,0.38413,0.21082,0.23279,0.070977,0.085515,0.23571,0.24278,0.056434,0,0,0,0.10668,0.17318,0.029025,0
0.35655,0.36004,0.3569,0.21437,0,0.40055,0.40231,0.39252,0.10845,0.1877,0.43353,0.42452,0.43369,0.44533,0.5732,0.46404,0.42373,0.47356,0.094912,0.31536,1,0.8499,0.46121,0.39259,0.62457,0.52511,0.17527,0.20285,0.52483,0.40738,0.49061,0.39621,0.43825,0.29983,0.33137,0.23629,0.24919,0.27731,0.13466,0.057961,0.081506,0.27652,0.27425,0.331,0.38351,0.44643,0.050092,0.34966,0.34139,0.47365,0.22633,0.45699,0.091415,0.30192,0,0.090253,0.33885,0.31599,0.28727,0.24919,0.29635,0.4159,0.3623,0.27831,0.25811,0.46396,0.38468,0.34701,0,0.083778,0.23047,0.43845,0.43969,0.43559,0.26242,0.50732,0.37729,0.35677,0.33299,0.26602,0.31493,0.4372,0.32695,0.1564,0.13629,0.36821,0,0,0.12046,0.17825,0.26408,0.25847,0,0.21604,0.3057,0.42816,0.30024,0.36488,0.050312,0.15518,0,0.22862,0,0.052085,0,0,0.18909,0,0.22354,0.41955,0.19931,0.073262,0,0,0.033355,0
0.3496,0.36155,0.33491,0.23871,0,0.39975,0.39613,0.44325,0.012769,0.077328,0.47039,0.46214,0.37679,0.55637,0.4554,0.35192,0.3261,0.47969,0.076216,0.30756,0.8499,1,0.49333,0.3889,0.66133,0.48112,0,0.081824,0.46729,0.39922,0.42897,0.37307,0.44416,0.22112,0.53288,0.52577,0.10323,0.11184,0,0,0,0.064812,0.05846,0.1539,0.21052,0.26951,0,0.19502,0.1546,0.36794,0.020173,0.36268,0,0.33699,0,0,0.24904,0.2948,0.23855,0.26825,0.23861,0.42548,0.32884,0.33327,0.10252,0.39782,0.34671,0.27489,0,0.032544,0.21973,0.529,0.33537,0.37611,0.20729,0.47534,0.40222,0.38059,0.25082,0.22564,0.077578,0.35172,0.17745,0.029314,0,0.20513,0,0,0.021754,0.010888,0.16701,0.22688,0,0.1271,0.22235,0.29148,0.14382,0.26947,0,0.02592,0,0.14569,0,0,0,0,0.04914,0,0.15641,0.33687,0.073019,0,0,0,0.015775,0
0.53078,0.59305,0.80414,0.64242,0,0.15534,0.71393,0.65563,0,0,0.62945,0.60948,0.48417,0.61659,0.32107,0.23285,0.39037,0.43375,0.05178,0.53779,0.46121,0.49333,1,0.87353,0.66704,0.39144,0,0,0.49194,0.36222,0.61293,0.58856,0.66215,0.3847,0.31763,0.28299,0,0,0,0,0,0,0,0.032069,0.078094,0.17328,0,0.043695,0.19547,0.38065,0,0.35807,0,0.2096,0,0,0.4155,0.42454,0.18962,0.2474,0.13656,0.46671,0.40327,0.40498,0.03226,0.32689,0.27443,0.14891,0,0.03201,0.10942,0.25011,0.088937,0.064419,0.011403,0.24151,0.088847,0.15834,0.26925,0.2498,0.1104,0.35186,0.21271,0.15722,0,0.15867,0,0,0.039835,0,0.016448,0.056498,0,0.092596,0.048238,0.11548,0,0.10286,0,0,0,0.0061211,0,0,0,0,0.13446,0,0.03208,0.030198,0,0,0,0,0,0.075397
0.50893,0.62759,0.70457,0.81159,0,0.18225,0.64904,0.73759,0,0.079427,0.63197,0.6939,0.50059,0.61337,0.31694,0.32827,0.30432,0.42511,0.31941,0.58458,0.39259,0.3889,0.87353,1,0.54771,0.4309,0.15024,0.16942,0.37167,0.30482,0.61995,0.66231,0.63358,0.50106,0.25409,0.15967,0,0,0,0,0,0,0.009309,0.051598,0.13847,0.23104,0,0,0.27824,0.3149,0.037538,0.26885,0,0.059278,0,0,0.44827,0.51243,0.22775,0.29876,0.29331,0.574,0.42827,0.54116,0.19708,0.41685,0.36481,0.2949,0.081088,0.17305,0.29706,0.32031,0.16617,0.18382,0.10224,0.23644,0.099581,0.1131,0.12952,0.20046,0.1499,0.27614,0.22351,0.17494,0.0041701,0.13953,0,0,0.10207,0.02253,0.014701,0,0,0.14517,0.11916,0.16063,0,0,0,0,0,0.081509,0,0,0,0,0.15808,0,0.0068204,0,0,0,0,0,0,0
0.31299,0.34606,0.4301,0.36629,0,0.38547,0.47582,0.52602,0,0.018519,0.53493,0.48528,0.56688,0.69011,0.5406,0.40134,0.45645,0.59315,0,0.3003,0.62457,0.66133,0.66704,0.54771,1,0.67754,0,0,0.53741,0.47298,0.54559,0.43658,0.43693,0.1826,0.43366,0.36368,0.19436,0.18739,0,0,0,0.081667,0.1849,0.28675,0.24756,0.35231,0,0.29653,0.13096,0.45916,0.092724,0.51928,0.086812,0.47446,0,0,0.26473,0.25875,0.13483,0.14908,0.13758,0.37903,0.35556,0.29531,0.099074,0.42257,0.27916,0.2651,0,0,0.14715,0.3872,0.30295,0.21876,0.12034,0.33517,0.37284,0.36886,0.44307,0.28269,0.17909,0.54392,0.18063,0.13933,0,0.32692,0,0,0.25241,0.060429,0.32985,0.28375,0,0.1147,0,0.049521,0.057487,0.19078,0,0,0,0.059771,0,0,0,0,0.23056,0,0,0.045298,0,0,0,0,0.019538,0.021049
0.30547,0.18467,0.28217,0.34725,0.26429,0.62838,0.39585,0.34785,0.38817,0.46204,0.47431,0.3521,0.47326,0.4337,0.46484,0.50012,0.24329,0.27794,0.28122,0.25929,0.52511,0.48112,0.39144,0.4309,0.67754,1,0.37002,0.44444,0.28895,0.16625,0.63508,0.57816,0.39125,0.33405,0.19668,0.10978,0.12246,0.10906,0.062584,0,0.11648,0.1439,0.19034,0.24514,0.25921,0.31484,0,0.12005,0.22204,0.21481,0.1333,0.25365,0.02084,0.14245,0,0.046974,0.31782,0.19622,0.24878,0.16605,0.38477,0.36077,0.37231,0.27881,0.38878,0.35474,0.34304,0.32571,0.18686,0.14936,0.39636,0.44773,0.44302,0.30814,0.3486,0.34094,0.40122,0.32328,0.2358,0.026476,0.24822,0.25408,0.14338,0.10405,0.10855,0.14125,0.02226,0,0.095042,0.31635,0.19388,0.11183,0,0.24893,0.081268,0.29107,0.087791,0.053505,0.063134,0.07871,0.036165,0.31761,0,0.096764,0,0,0.18548,0,0.0014263,0.094361,0.11218,0.039391,0.036615,0.009825,0.0012641,0
0.2242,0.093415,0.097166,0.17083,0.5745,0.27334,0.17107,0.019373,0.44977,0.5253,0.048937,0,0,0,0.056921,0.20256,0.029304,0,0.38881,0.23244,0.17527,0,0,0.15024,0,0.37002,1,0.88674,0,0,0.34725,0.36364,0.12819,0.35965,0,0,0,0,0.34089,0.40141,0.40454,0.27591,0.31733,0.22239,0.30784,0.29877,0.44212,0.0098264,0.32905,0.041548,0.28586,0,0.096499,0,0.50252,0.49255,0.36815,0.19804,0.36959,0.29856,0.43594,0.17997,0.16416,0.02474,0.48323,0.21625,0.32476,0.30699,0.37665,0.51911,0.23491,0.0060469,0.28601,0.1909,0.34476,0.19689,0.00062443,0,0,0,0.38236,0.0069819,0.20712,0.17271,0.45962,0.027211,0.64191,0.33134,0.0045896,0.40736,0.0052971,0,0.35432,0.266,0.44478,0.5956,0.22332,0.030622,0.46435,0.32395,0.56746,0.36162,0.18324,0.31654,0,0,0.3155,0.36841,0.20612,0.12633,0.24419,0.17533,0.29346,0.51936,0,0
0.35653,0.14437,0.10357,0.22159,0.67903,0.45979,0.24341,0.082268,0.55586,0.63445,0.16174,0.050051,0.018694,0,0.088591,0.23343,0,0,0.54895,0.31785,0.20285,0.081824,0,0.16942,0,0.44444,0.88674,1,0,0,0.34464,0.38835,0.22372,0.42483,0,0,0,0,0.13722,0.26244,0.33151,0.13955,0.19797,0.11629,0.25993,0.19663,0.32912,0,0.30702,0,0.2357,0,0.023251,0,0.43338,0.44407,0.42186,0.25073,0.49311,0.40968,0.58024,0.32667,0.22814,0.1631,0.55585,0.26042,0.44615,0.38749,0.55367,0.59123,0.31219,0.12392,0.30628,0.25602,0.43066,0.2876,0.1263,0.068236,0,0,0.18068,0,0.103,0.047602,0.30328,0,0.54656,0.18554,0,0.4074,0,0,0.33084,0.32277,0.47341,0.52748,0.18049,0,0.40927,0.32171,0.60789,0.44374,0.27122,0.33938,0,0,0.10898,0.3856,0.26232,0.16367,0.2752,0.20176,0.32736,0.56638,0,0
0.30917,0.26259,0.48131,0.25106,0,0.15038,0.47566,0.34769,0,0,0.47037,0.36714,0.45353,0.45612,0.47729,0.33184,0.84256,0.67764,0,0.32575,0.52483,0.46729,0.49194,0.37167,0.53741,0.28895,0,0,1,0.79457,0.3201,0.27624,0.4196,0.12802,0.16128,0.010735,0.23401,0.17445,0.16312,0,0.088228,0.17268,0.35504,0.43163,0.39314,0.52066,0,0.36795,0.29429,0.5007,0.21855,0.53646,0.14511,0.37815,0,0,0.30139,0.17591,0.11749,0.079269,0.083619,0.2014,0.49026,0.19356,0.024493,0.25159,0.22627,0.18417,0,0,0,0.032566,0.31039,0.24794,0.046847,0.32286,0.075481,0.057853,0.66427,0.64697,0.68615,0.71479,0.68003,0.61516,0.1918,0.46727,0,0.039197,0.14451,0.10003,0.24233,0.31627,0,0.27201,0.21199,0.35822,0.25154,0.34529,0.044747,0.17248,0,0.24101,0,0.15118,0.056547,0.10866,0.30218,0,0.00094449,0.15857,0,0,0,0,0.25013,0.24697
0.053274,0.2757,0.28845,0.22549,0,0.061042,0.25042,0.43843,0,0,0.25923,0.50412,0.33105,0.61204,0.42722,0.42756,0.64438,0.79163,0,0.21627,0.40738,0.39922,0.36222,0.30482,0.47298,0.16625,0,0,0.79457,1,0.26688,0.2074,0.28746,0.027847,0.15194,0.046807,0.2093,0.31149,0.18538,0,0.0069207,0.31172,0.34502,0.45059,0.3774,0.52696,0,0.33123,0.22202,0.42799,0.14749,0.46061,0.10682,0.32847,0,0,0.029848,0.20055,0.0040461,0.11015,0,0.25372,0.31734,0.27018,0,0.31232,0.19475,0.22771,0,0,0,0.12255,0.22491,0.30621,0.024401,0.3458,0.16094,0.16143,0.63182,0.8645,0.63804,0.82923,0.56861,0.66703,0.1636,0.51564,0,0.093889,0.24755,0.019126,0.32397,0.32383,0,0.09977,0.055508,0.24833,0.21117,0.34762,0,0.098762,0,0,0,0.061234,0.19167,0.15573,0.36789,0,0,0.10956,0,0,0,0,0.25414,0.33976
0.32541,0.38434,0.39194,0.39323,0,0.26816,0.39567,0.38858,0,0.15597,0.46891,0.56145,0.32947,0.48426,0.18665,0.34104,0.32877,0.43653,0.12188,0.3961,0.49061,0.42897,0.61293,0.61995,0.54559,0.63508,0.34725,0.34464,0.3201,0.26688,1,0.94831,0.62394,0.63512,0.028786,0.0080225,0,0,0,0,0,0.062911,0,0.055702,0.14283,0.20433,0,0,0.15606,0.077737,0,0.020484,0,0,0,0,0.36533,0.33931,0.21994,0.22237,0.27129,0.44597,0.42837,0.54251,0.16739,0.2983,0.22335,0.15774,0,0.058129,0.32476,0.36927,0.15777,0.079573,0.075083,0.23883,0,0.010553,0.3039,0.22268,0.29171,0.28421,0.10477,0.20524,0,0,0,0,0,0,0,0,0,0,0.0836,0.36403,0,0,0,0,0,0.069463,0,0,0,0,0.17824,0,0.065602,0,0,0,0,0,0,0
0.34752,0.43746,0.3816,0.47695,0.02116,0.23737,0.37581,0.42045,0,0.13094,0.47777,0.57644,0.26354,0.4549,0.11022,0.26937,0.27751,0.38216,0.2555,0.47116,0.39621,0.37307,0.58856,0.66231,0.43658,0.57816,0.36364,0.38835,0.27624,0.2074,0.94831,1,0.63544,0.66796,0.035618,0,0,0,0,0,0,0,0,0.009111,0.10574,0.16249,0,0,0.13591,0.03354,0,0,0,0,0,0,0.37439,0.39194,0.22541,0.24323,0.31051,0.47343,0.44042,0.58328,0.17745,0.27247,0.24472,0.16725,0.11448,0.1411,0.28882,0.30385,0.13367,0.077612,0.11223,0.24227,0,0,0.20048,0.14993,0.25494,0.18916,0.09441,0.16319,0,0,0,0,0,0,0,0,0,0.040859,0.15277,0.36587,0,0,0,0,0.077037,0.12992,0,0,0,0,0.16194,0.003198,0.057612,0,0,0,0,0,0,0
0.66794,0.63927,0.58128,0.50006,0,0.32576,0.65586,0.56678,0.021421,0.14107,0.60897,0.63457,0.44213,0.54556,0.32221,0.27558,0.38519,0.43688,0.26161,0.68381,0.43825,0.44416,0.66215,0.63358,0.43693,0.39125,0.12819,0.22372,0.4196,0.28746,0.62394,0.63544,1,0.81903,0.33523,0.23557,0,0,0,0,0.012275,0.021196,0.1458,0.19358,0.26858,0.29933,0,0.050128,0.36477,0.31209,0.11468,0.25484,0,0.041186,0,0,0.53939,0.52667,0.491,0.48013,0.48887,0.67378,0.6874,0.64153,0.13322,0.40081,0.53899,0.33482,0.095677,0.14845,0.1808,0.23746,0.30293,0.20732,0.28676,0.38258,0.15623,0.18092,0.1866,0.23243,0.22903,0.30225,0.25039,0.24342,0,0.088917,0,0,0,0.022313,0.027994,0.043569,0,0.15072,0.22523,0.28241,0,0.089814,0,0.027063,0.020452,0.21138,0,0.0036117,0,0,0.085664,0.002033,0.22559,0.10398,0,0,0,0,0,0
0.46465,0.44525,0.25886,0.34765,0.2825,0.30559,0.38465,0.37916,0.21578,0.37284,0.44034,0.52644,0.30904,0.31143,0.21854,0.30244,0.17655,0.22881,0.37109,0.52796,0.29983,0.22112,0.3847,0.50106,0.1826,0.33405,0.35965,0.42483,0.12802,0.027847,0.63512,0.66796,0.81903,1,0.13772,0.045791,0,0,0,0,0.022992,0.078116,0.091365,0.10862,0.2235,0.19623,0.042774,0,0.33752,0.089606,0.10085,0,0,0,0.038687,0,0.43337,0.42948,0.46937,0.42598,0.56261,0.64683,0.46913,0.65025,0.30599,0.38637,0.43701,0.28481,0.21537,0.2041,0.37692,0.30937,0.27659,0.17017,0.29697,0.25629,0.054147,0.032381,0,0.062961,0.21076,0.025201,0.17737,0.12589,0.036199,0,0.18514,0,0,0.0031676,0,0,0.039507,0.073842,0.24144,0.32256,0,0,0.052371,0.021596,0.30299,0.2059,0.046659,0,0,0,0.051711,0.067859,0.30987,0.082313,0,0,0.02133,0.17416,0,0
0.21734,0.22017,0.14861,0.17938,0,0.27615,0.34061,0.4679,0.044421,0.02818,0.27961,0.31562,0.31218,0.43935,0.42299,0.29131,0.047277,0.2532,0.084509,0.15599,0.33137,0.53288,0.31763,0.25409,0.43366,0.19668,0,0,0.16128,0.15194,0.028786,0.035618,0.33523,0.13772,1,0.82224,0.28813,0.26168,0,0,0,0.053073,0.20169,0.28853,0.26194,0.24339,0,0.26288,0.11581,0.36863,0.20668,0.41501,0.17604,0.43887,0,0,0.0011772,0.11303,0.16014,0.16201,0.22709,0.40058,0.23148,0.24059,0.26287,0.48928,0.47135,0.45417,0.0011362,0,0.029404,0.3027,0.33741,0.41299,0.31872,0.41765,0.59812,0.5636,0,0,0,0.10107,0,0,0,0.30234,0,0,0.17769,0.10964,0.23358,0.33888,0,0.22849,0.099281,0,0.23118,0.249,0,0.10345,0,0.13854,0.10942,0.087371,0.12335,0.13829,0,0,0.11887,0.2656,0.17376,0.16328,0.10516,0,0.3934,0.074016
0.13471,0.17275,0.093545,0.06596,0,0.19262,0.23223,0.36567,0,0,0.28962,0.2695,0.21342,0.40482,0.25261,0.14443,0,0.16281,0,0.10133,0.23629,0.52577,0.28299,0.15967,0.36368,0.10978,0,0,0.010735,0.046807,0.0080225,0,0.23557,0.045791,0.82224,1,0.08663,0.014396,0,0,0,0,0,0,0,0,0,0.082042,0,0.14293,0.028935,0.18811,0.0031014,0.25073,0,0,0,0.037888,0.077323,0.20429,0.10004,0.31267,0.077585,0.2004,0.1122,0.36462,0.26963,0.20212,0,0,0,0.29415,0.10525,0.12612,0.14664,0.18403,0.48646,0.48279,0,0,0,0,0,0,0,0.084646,0,0,0,0,0.096243,0.21349,0,0.00238,0,0,0.021837,0.19889,0,0,0,0,0.0096175,0,0.075236,0.01167,0,0,0.14781,0.22455,0.086534,0.034841,0,0,0.15815,0.10143
0,0,0,0,0,0.1737,0.0062358,0.020098,0.21933,0.0786,0,0,0.22178,0.031053,0.50998,0.36563,0.25967,0.16933,0,0,0.24919,0.10323,0,0,0.19436,0.12246,0,0,0.23401,0.2093,0,0,0,0,0.28813,0.08663,1,0.83471,0.68792,0.52345,0.61706,0.63035,0.65917,0.65862,0.55819,0.48945,0.48297,0.76973,0.31091,0.47996,0.61346,0.54537,0.63929,0.56309,0.35078,0.48099,0,0,0,0,0.013452,0,0.047015,0,0.2741,0.21249,0.17123,0.27247,0,0,0,0,0.4787,0.46023,0.34568,0.32903,0.55203,0.47316,0.23372,0.094473,0.25922,0.35845,0.30976,0.15122,0.53442,0.71596,0.11117,0.10161,0.35185,0.47046,0.56459,0.59423,0.31903,0.44415,0.11889,0.092108,0.67445,0.59974,0.51796,0.58185,0,0.33578,0.21585,0.4472,0.2778,0.28424,0.21033,0,0.090472,0.42137,0.62203,0.61922,0.49438,0.1976,0.53051,0.061884
0,0,0,0,0,0.21366,0,0.1153,0.21693,0.14972,0,0,0.15389,0.13943,0.50247,0.4706,0.15497,0.19542,0,0,0.27731,0.11184,0,0,0.18739,0.10906,0,0,0.17445,0.31149,0,0,0,0,0.26168,0.014396,0.83471,1,0.70406,0.62224,0.54874,0.73018,0.67124,0.69052,0.52794,0.50783,0.44951,0.71126,0.22955,0.41002,0.48452,0.51316,0.52003,0.44984,0.33965,0.46225,0,0,0.0010957,0,0.0089256,0,0.032661,0,0.26774,0.27653,0.21678,0.36685,0,0,0,0.043238,0.47258,0.54692,0.30876,0.43362,0.56807,0.57203,0.19271,0.14206,0.29713,0.44163,0.27098,0.19518,0.59434,0.76163,0.14202,0.26661,0.45911,0.51094,0.57953,0.55227,0.30699,0.3837,0.069167,0.056276,0.60981,0.53044,0.47058,0.498,0.021388,0.26994,0.25316,0.42105,0.24939,0.21521,0.25116,0,0.034784,0.3915,0.56135,0.48253,0.40012,0.16886,0.44211,0
0,0,0,0,0.051216,0.037841,0,0.023622,0.21139,0.080066,0,0,0,0,0.26981,0.22199,0.20473,0.11298,0.040175,0,0.13466,0,0,0,0,0.062584,0.34089,0.13722,0.16312,0.18538,0,0,0,0,0,0,0.68792,0.70406,1,0.79383,0.72466,0.66923,0.78153,0.72138,0.61134,0.59761,0.63281,0.64474,0.36431,0.42559,0.62111,0.49138,0.62845,0.33339,0.5746,0.65586,0,0,0.076731,0.00072909,0.066355,0,0.031568,0,0.27816,0.1662,0.23228,0.39696,0.003672,0.15539,0,0,0.36065,0.3608,0.28451,0.29934,0.26155,0.22463,0.23549,0.14151,0.47623,0.41373,0.41291,0.33281,0.74801,0.63811,0.4753,0.57736,0.55689,0.63733,0.56231,0.48222,0.49407,0.48474,0.35133,0.36953,0.73534,0.56857,0.65981,0.61721,0.23758,0.36162,0.33656,0.58047,0.26429,0.27678,0.43844,0.1454,0.063755,0.29302,0.46296,0.49139,0.5356,0.38164,0.43478,0
0,0.011136,0,0,0.16293,0.0036759,0,0,0.23673,0.15357,0,0,0,0,0.1245,0.15009,0.028937,0,0.12131,0.037653,0.057961,0,0,0,0,0,0.40141,0.26244,0,0,0,0,0,0,0,0,0.52345,0.62224,0.79383,1,0.69717,0.62627,0.66175,0.54384,0.49889,0.42124,0.77322,0.41517,0.3825,0.30192,0.57668,0.32658,0.51487,0.11043,0.75638,0.7912,0.033357,0.040329,0.15519,0.10495,0.14441,0,0.064274,0,0.30124,0.12787,0.29925,0.36926,0.12315,0.27651,0,0,0.37452,0.39581,0.37994,0.32745,0.27792,0.30754,0.014048,0,0.22463,0.18,0.13323,0.10416,0.68982,0.53014,0.51356,0.72814,0.44472,0.64501,0.3263,0.27307,0.51987,0.40467,0.40223,0.23749,0.62782,0.44917,0.70455,0.60977,0.39658,0.3309,0.41182,0.55679,0.30714,0.26168,0.29508,0.26677,0.21568,0.36679,0.5762,0.5453,0.51934,0.51095,0.25868,0
0.14354,0.039326,0.035835,0.033929,0.22221,0.19478,0.14142,0.077064,0.32735,0.25854,0.0071018,0,0.097523,0,0.29397,0.20733,0.16445,0,0.23497,0.20691,0.081506,0,0,0,0,0.11648,0.40454,0.33151,0.088228,0.0069207,0,0,0.012275,0.022992,0,0,0.61706,0.54874,0.72466,0.69717,1,0.67358,0.69462,0.61556,0.56449,0.46937,0.6735,0.51266,0.40745,0.33111,0.63975,0.36225,0.61928,0.21772,0.61809,0.64379,0.13526,0.085705,0.24113,0.17796,0.26456,0,0.18993,0,0.35209,0.13601,0.36231,0.39525,0.21944,0.31413,0,0,0.55012,0.51538,0.55754,0.46974,0.35312,0.29846,0.08226,0,0.34882,0.22297,0.34673,0.24893,0.66925,0.46477,0.51616,0.43349,0.33685,0.59765,0.44571,0.40797,0.58377,0.57149,0.40567,0.32129,0.62611,0.44384,0.77061,0.71265,0.39543,0.53592,0.38691,0.67543,0.31945,0.34961,0.32354,0.3325,0.1385,0.2618,0.49376,0.5757,0.58537,0.60659,0.45898,0
0,0,0,0,0.043121,0.12581,0.018056,0.15406,0.21004,0.20489,0,0.037061,0.080398,0.11888,0.39845,0.47277,0.21293,0.26865,0,0.074753,0.27652,0.064812,0,0,0.081667,0.1439,0.27591,0.13955,0.17268,0.31172,0.062911,0,0.021196,0.078116,0.053073,0,0.63035,0.73018,0.66923,0.62627,0.67358,1,0.67107,0.64557,0.57139,0.521,0.54343,0.62245,0.28044,0.30224,0.53335,0.35523,0.51951,0.26244,0.48771,0.53371,0,0,0.13633,0.14995,0.11616,0.059922,0.10523,0,0.33951,0.34659,0.31312,0.40064,0,0.019915,0,0,0.49902,0.53097,0.37907,0.50201,0.41257,0.42207,0.24084,0.21172,0.44253,0.44466,0.3135,0.31344,0.61045,0.60874,0.35668,0.23194,0.34055,0.46943,0.53376,0.46082,0.44273,0.38425,0.33507,0.41475,0.64973,0.60412,0.61196,0.63737,0.20099,0.32447,0.30267,0.48527,0.21883,0.16153,0.36601,0.13078,0.25668,0.44893,0.48089,0.48978,0.43121,0.37291,0.38975,0
0.15987,0.18049,0.14336,0.091716,0.097688,0.26665,0.26722,0.27133,0.31804,0.23249,0.016757,0.074166,0.18436,0.063833,0.49516,0.42353,0.41279,0.36331,0.14326,0.26309,0.27425,0.05846,0,0.009309,0.1849,0.19034,0.31733,0.19797,0.35504,0.34502,0,0,0.1458,0.091365,0.20169,0,0.65917,0.67124,0.78153,0.66175,0.69462,0.67107,1,0.95532,0.87207,0.8134,0.70383,0.74814,0.6246,0.64233,0.78945,0.67944,0.66088,0.41416,0.56885,0.65522,0.18608,0.18861,0.32887,0.25206,0.3235,0.16867,0.32478,0,0.4228,0.43573,0.55444,0.61346,0.085827,0.21888,0,0,0.58343,0.56082,0.57551,0.55236,0.47669,0.42527,0.3279,0.31116,0.56709,0.55882,0.46929,0.3632,0.7077,0.75836,0.38766,0.42156,0.50467,0.66382,0.57546,0.54512,0.49309,0.59309,0.4456,0.41136,0.76816,0.6375,0.68804,0.68184,0.22484,0.52295,0.36441,0.6455,0.23972,0.24078,0.40078,0.15144,0.21564,0.43766,0.53842,0.54849,0.54681,0.41769,0.48181,0
0.15706,0.20552,0.12199,0.11438,0.026855,0.29959,0.25245,0.31343,0.26074,0.16574,0.055589,0.15981,0.22649,0.17344,0.53482,0.45772,0.45637,0.46838,0.12538,0.2365,0.331,0.1539,0.032069,0.051598,0.28675,0.24514,0.22239,0.11629,0.43163,0.45059,0.055702,0.009111,0.19358,0.10862,0.28853,0,0.65862,0.69052,0.72138,0.54384,0.61556,0.64557,0.95532,1,0.86409,0.86048,0.55897,0.7523,0.57095,0.67698,0.71004,0.71778,0.6173,0.47939,0.42404,0.54452,0.18269,0.21417,0.277,0.19104,0.29169,0.20523,0.36572,0.021893,0.36248,0.43557,0.5292,0.59605,0.056284,0.15299,0,0,0.59713,0.60017,0.53758,0.5744,0.48947,0.43082,0.37592,0.36569,0.58878,0.63775,0.46963,0.40303,0.63719,0.76381,0.28587,0.34106,0.50686,0.60978,0.59463,0.55722,0.37725,0.54897,0.35548,0.35843,0.70038,0.5762,0.57656,0.59821,0.12895,0.46146,0.30427,0.57344,0.19639,0.22026,0.39096,0.059633,0.12358,0.35505,0.44291,0.46082,0.47043,0.31809,0.50543,0
0.29295,0.30486,0.17985,0.20915,0.09048,0.27816,0.30265,0.32056,0.26665,0.21836,0.11723,0.16015,0.22109,0.10336,0.41398,0.40779,0.47328,0.48978,0.22552,0.33711,0.38351,0.21052,0.078094,0.13847,0.24756,0.25921,0.30784,0.25993,0.39314,0.3774,0.14283,0.10574,0.26858,0.2235,0.26194,0,0.55819,0.52794,0.61134,0.49889,0.56449,0.57139,0.87207,0.86409,1,0.91296,0.57209,0.65805,0.76073,0.73816,0.7847,0.68919,0.54276,0.37456,0.45792,0.56269,0.36632,0.36864,0.39838,0.30387,0.42533,0.30021,0.40767,0.13543,0.42984,0.50653,0.65473,0.66881,0.20696,0.32472,0,0,0.50795,0.52412,0.48073,0.50361,0.44764,0.36551,0.37249,0.3633,0.57042,0.56546,0.45931,0.39423,0.56701,0.64742,0.3458,0.2742,0.34591,0.52729,0.47867,0.44567,0.37308,0.53206,0.45637,0.4263,0.69191,0.54975,0.58387,0.59174,0.20764,0.49044,0.30983,0.55172,0.15142,0.1905,0.35332,0.16283,0.17126,0.3536,0.43413,0.45073,0.48728,0.37394,0.37359,0
0.25739,0.32783,0.23133,0.28161,0.016955,0.27551,0.29783,0.35766,0.18826,0.15829,0.13129,0.23877,0.23703,0.20653,0.46158,0.41966,0.54903,0.60319,0.1914,0.31462,0.44643,0.26951,0.17328,0.23104,0.35231,0.31484,0.29877,0.19663,0.52066,0.52696,0.20433,0.16249,0.29933,0.19623,0.24339,0,0.48945,0.50783,0.59761,0.42124,0.46937,0.521,0.8134,0.86048,0.91296,1,0.43021,0.61185,0.66465,0.79732,0.65457,0.73339,0.44468,0.42324,0.31103,0.44579,0.35278,0.35809,0.29392,0.22916,0.32747,0.32306,0.41078,0.17525,0.36911,0.53197,0.58661,0.6438,0.11324,0.20958,0.010433,0.037939,0.48265,0.51211,0.40027,0.46807,0.3771,0.30582,0.45738,0.47925,0.66627,0.67608,0.51029,0.46727,0.53215,0.6572,0.25859,0.29613,0.37816,0.45305,0.46594,0.405,0.26444,0.45037,0.38312,0.4439,0.58636,0.47528,0.44991,0.45367,0.082153,0.34853,0.19021,0.41525,0.13569,0.17593,0.41846,0.046455,0.073762,0.29716,0.30006,0.30174,0.34775,0.25645,0.3895,0
0.091453,0.025579,0.056062,0,0.30034,0,0.086732,0,0.34394,0.27337,0,0,0,0,0.20062,0.24878,0.11466,0,0.088481,0.072088,0.050092,0,0,0,0,0,0.44212,0.32912,0,0,0,0,0,0.042774,0,0,0.48297,0.44951,0.63281,0.77322,0.6735,0.54343,0.70383,0.55897,0.57209,0.43021,1,0.52166,0.6096,0.35128,0.7411,0.30711,0.61043,0.065962,0.90768,0.84584,0.1265,0.04492,0.22686,0.15803,0.25213,0,0.14698,0,0.37556,0.16584,0.34056,0.31312,0.12221,0.32462,0,0,0.43275,0.39511,0.47011,0.28556,0.23889,0.22988,0,0.03836,0.3152,0.085738,0.29248,0.11839,0.70984,0.51317,0.58715,0.40534,0.17524,0.60421,0.21593,0.22264,0.62679,0.45571,0.57385,0.38017,0.70459,0.47973,0.82331,0.73855,0.47947,0.4604,0.3888,0.61667,0.27012,0.20186,0.1317,0.35388,0.55555,0.59456,0.7455,0.7624,0.63246,0.63351,0.24375,0
0,0,0.084231,0,0,0.14856,0.13268,0.13056,0.10843,0.010006,0,0,0.11238,0.10854,0.49729,0.41112,0.35691,0.3324,0,0.06278,0.34966,0.19502,0.043695,0,0.29653,0.12005,0.0098264,0,0.36795,0.33123,0,0,0.050128,0,0.26288,0.082042,0.76973,0.71126,0.64474,0.41517,0.51266,0.62245,0.74814,0.7523,0.65805,0.61185,0.52166,1,0.40246,0.63676,0.67556,0.68543,0.75529,0.72083,0.32404,0.50336,0.0093162,0,0.067602,0.03349,0.03142,0,0.14028,0,0.18618,0.27285,0.20716,0.28365,0,0,0,0,0.41257,0.39799,0.31316,0.4031,0.43914,0.44576,0.37102,0.23862,0.42664,0.53299,0.46556,0.31099,0.50619,0.75881,0.051557,0.053093,0.44124,0.50728,0.73448,0.76798,0.4666,0.5756,0.29041,0.32373,0.72011,0.78115,0.5259,0.66612,0,0.40618,0.16874,0.45983,0.22892,0.26104,0.30272,0,0.20722,0.52001,0.52788,0.55677,0.44616,0.086998,0.43381,0.080006
0.45252,0.46658,0.35509,0.32825,0.19213,0.21477,0.38388,0.27937,0.25769,0.2778,0.30251,0.2489,0.31665,0.08183,0.29646,0.35413,0.42743,0.35836,0.30355,0.39355,0.34139,0.1546,0.19547,0.27824,0.13096,0.22204,0.32905,0.30702,0.29429,0.22202,0.15606,0.13591,0.36477,0.33752,0.11581,0,0.31091,0.22955,0.36431,0.3825,0.40745,0.28044,0.6246,0.57095,0.76073,0.66465,0.6096,0.40246,1,0.67831,0.76507,0.55783,0.37955,0.14741,0.55205,0.51561,0.5552,0.49792,0.42716,0.32712,0.52738,0.33145,0.50677,0.28098,0.40155,0.4095,0.57143,0.47077,0.27903,0.4394,0.1571,0.07091,0.39002,0.36525,0.4197,0.32142,0.27653,0.19647,0.23159,0.28886,0.45327,0.33678,0.36175,0.29985,0.48005,0.46865,0.41763,0.23844,0.15648,0.39124,0.20098,0.14189,0.26748,0.34825,0.46515,0.32877,0.49273,0.31816,0.50663,0.42693,0.29648,0.40171,0.25323,0.3661,0.033091,0.035775,0.22879,0.22365,0.35108,0.36839,0.41024,0.38816,0.36001,0.33657,0.10181,0
0.38631,0.44262,0.39937,0.32951,0,0.16493,0.40724,0.40904,0.018252,0,0.24937,0.23762,0.29188,0.24556,0.44413,0.29967,0.56091,0.5594,0.11418,0.34611,0.47365,0.36794,0.38065,0.3149,0.45916,0.21481,0.041548,0,0.5007,0.42799,0.077737,0.03354,0.31209,0.089606,0.36863,0.14293,0.47996,0.41002,0.42559,0.30192,0.33111,0.30224,0.64233,0.67698,0.73816,0.79732,0.35128,0.63676,0.67831,1,0.70285,0.91143,0.50362,0.63335,0.17485,0.32688,0.41307,0.40309,0.27135,0.24347,0.25277,0.32036,0.36981,0.13748,0.24457,0.50495,0.49736,0.46711,0.058242,0.21901,0,0.0078441,0.36525,0.39636,0.31614,0.37833,0.39174,0.37149,0.44553,0.33392,0.41269,0.59323,0.42113,0.30136,0.37466,0.63854,0,0.21782,0.43608,0.33083,0.48195,0.46453,0.19178,0.41204,0.3104,0.23596,0.50828,0.48777,0.3078,0.35427,0,0.26277,0.12888,0.22768,0.18654,0.19444,0.40122,0,0.070401,0.32183,0.26701,0.22732,0.20745,0,0.23812,0.088622
