1,0.80627,0.21101,0.25725,0.15507,0.20107,0.35536,0.31785,0.067669,0.12099,0.22214,0.33602,0.20124,0.24894,0.33693,0.3946,0.47018,0.47481,0.62821,0.60771,0.10007,0.23898,0.11471,0.019029,0.26601,0.22741,0.2369,0.22733,0.34262,0.38045,0.13388,0.22983,0.36322,0.38252,0,0.014718,0.16338,0.20725,0.24784,0.2659,0.30338,0.38776,0.50838,0.4155,0.44198,0.50174,0.49826,0.49661,0.74436,0.65694,0.62126,0.5274,0.62168,0.56129,0.61584,0.6763,0.78882,0.62574,0.64857,0.52431,0.42632,0.46136,0.33688,0.49585,0,0,0.41608,0.34804,0.69817,0.50849,0.24282,0.28701,0.2892,0.40738,0.22468,0.13562,0.2693,0.24457,0.063207,0,0.58394,0.39071,0.45526,0.53157,0.20634,0.15447,0.37015,0,0.29365,0.52911,0.092619,0.19281,0,0.0013733,0.12241,0.13053,0.27051,0.24945,0.35752,0.45957,0.11562,0.23222,0.14068,0.20543,0,0,0,0.101,0,0.092992,0.21933,0.24166,0.2278,0.14384,0.137,0.075967
0.80627,1,0.26807,0.49605,0.23695,0.3004,0.40592,0.51307,0.26517,0.29005,0.18842,0.4928,0.16049,0.41011,0.31575,0.4524,0.37657,0.46561,0.69303,0.68491,0.068987,0.20524,0.23061,0.26295,0.25651,0.23029,0.20787,0.24149,0.24027,0.29698,0.17411,0.33588,0.47856,0.51974,0.082795,0.1263,0,0.057475,0.053365,0.12796,0.16323,0.30184,0.52087,0.46623,0.50712,0.52715,0.45904,0.42996,0.63755,0.54468,0.48072,0.42412,0.44112,0.4177,0.52944,0.54708,0.73091,0.7417,0.53906,0.57839,0.45564,0.61344,0.39408,0.5205,0,0.21813,0.51031,0.49553,0.78247,0.65799,0.39081,0.41042,0.35702,0.43798,0.29732,0.28496,0.28357,0.27683,0.11562,0,0.55766,0.35522,0.39751,0.55523,0.29556,0.31933,0.56053,0.16839,0.39987,0.53839,0.23655,0.28457,0.119,0.15065,0.04674,0,0.15002,0.017337,0.30974,0.36897,0.24661,0.31055,0.2624,0.26375,0.029528,0.015982,0.018054,0.12564,0,0,0.15098,0.1656,0.14332,0.19977,0.18468,0
0.21101,0.26807,1,0.61843,0.436,0.15032,0.71134,0.2496,0.32446,0.13412,0.04521,0,0.1433,0.18065,0.21373,0.23146,0,0.02082,0.48767,0.26776,0,0.13811,0.81691,0.63782,0.59055,0.514,0.23601,0.17812,0,0,0.29165,0.39685,0.44288,0.33454,0.62231,0.57238,0,0,0,0,0.080286,0.0095259,0.36459,0.32149,0.27344,0.24808,0.28016,0.24363,0.074591,0,0.13488,0,0.20987,0.12481,0.17009,0.11311,0.15945,0.19946,0.082749,0.0053942,0.10514,0,0.10809,0,0.4177,0.18856,0.39755,0.34021,0.33326,0.46604,0.28494,0.34855,0.17346,0.063648,0.21816,0.028569,0.34174,0.30832,0.023295,0.0072155,0.18417,0.18508,0.086309,0.1648,0.61834,0.52211,0.2882,0.14537,0.63906,0.49072,0.19084,0.39881,0.29879,0.51341,0,0,0.040318,0,0.050974,0.05132,0.03274,0.37597,0.059588,0.11925,0.087049,0.088908,0,0,0,0,0.23392,0.08483,0.035547,0.19842,0.18622,0
0.25725,0.49605,0.61843,1,0.38688,0.38109,0.7477,0.80183,0.51189,0.43676,0.14249,0.23252,0.1345,0.4053,0.20717,0.39507,0.009665,0,0.59137,0.35597,0,0.14331,0.7162,0.85567,0.29812,0.45258,0.17453,0.23981,0,0.006755,0.13599,0.38466,0.48824,0.47368,0.5186,0.5799,0,0,0,0,0.0057181,0.0101,0.45857,0.42995,0.40404,0.44949,0.37386,0.36169,0.13453,0.10205,0.15222,0.039275,0.21377,0.14524,0.3248,0.17196,0.11326,0.15815,0.26976,0.29087,0.3399,0.38961,0.18035,0.025768,0.47082,0.67175,0.66365,0.72927,0.41505,0.53126,0.44911,0.40765,0.36116,0.17906,0.50053,0.28027,0.50357,0.50147,0.1469,0,0.29554,0.15514,0.049662,0.24564,0.59774,0.68227,0.38177,0.16204,0.61805,0.65059,0.49262,0.5227,0.61802,0.50856,0.0079845,0,0.076261,0,0.27775,0.20813,0.40253,0.48351,0.35953,0.20969,0.2838,0.14136,0.083753,0,0.033002,0,0.25599,0.21223,0.20336,0.37854,0.36426,0
0.15507,0.23695,0.436,0.38688,1,0.71581,0.38397,0.25106,0.64403,0.53435,0.029753,0.040039,0.073887,0.16746,0.59853,0.51159,0.037022,0.085561,0.25931,0.13871,0.43932,0.48251,0.46742,0.38761,0.51173,0.5557,0.74023,0.69402,0.29376,0.2634,0.28245,0.3234,0.26935,0.27275,0.34263,0.33018,0.33501,0.34145,0.33214,0.28333,0.28566,0.2252,0.39203,0.42575,0.35587,0.32754,0.49604,0.45813,0.089593,0.072362,0.13876,0,0.20254,0.072249,0.20116,0.24476,0.060421,0.14361,0.18353,0.1837,0.11733,0.21679,0.1475,0,0.26195,0.26591,0.31147,0.33706,0.19377,0.20594,0.33331,0.2889,0.19912,0.27154,0.24675,0.078427,0.18113,0.17011,0.10236,0.07239,0.30058,0.21916,0.46437,0.3821,0.51328,0.39885,0.33499,0,0.38066,0.42067,0.18086,0.21885,0.21779,0.24265,0.1962,0.34914,0.29179,0.26675,0.19092,0.20686,0.10056,0.12244,0.038265,0.0085737,0.12025,0,0,0,0.28563,0.30783,0.40554,0.30781,0.15225,0.1707,0.10048,0.026746
0.20107,0.3004,0.15032,0.38109,0.71581,1,0.30877,0.38451,0.61434,0.72263,0.1372,0.19566,0.23182,0.24163,0.63354,0.64903,0.14,0.14364,0.2509,0.24484,0.36144,0.5324,0.21841,0.28129,0.2566,0.50247,0.74229,0.82387,0.41854,0.38619,0.12997,0.22431,0.17123,0.21518,0.12006,0.096523,0.29729,0.26056,0.32187,0.23121,0.2717,0.22004,0.37469,0.40839,0.32722,0.28507,0.46129,0.42234,0.1654,0.13205,0.16677,0.058836,0.17947,0.076597,0.22557,0.30682,0.062774,0.13438,0.31165,0.2939,0.28723,0.31647,0.17286,0.15523,0.11972,0.29034,0.33917,0.35644,0.22511,0.1456,0.41951,0.36655,0.30691,0.46162,0.26407,0.17649,0.18254,0.1894,0.24871,0.15306,0.37735,0.27181,0.44012,0.40724,0.31322,0.326,0.28152,0,0.35,0.43063,0.15842,0.1336,0.14723,0.12614,0.19294,0.41071,0.29226,0.33692,0.22531,0.21886,0.094707,0.093128,0,0,0.038385,0,0,0,0.35675,0.34776,0.34498,0.33972,0.20605,0.08834,0.073456,0.1856
0.35536,0.40592,0.71134,0.7477,0.38397,0.30877,1,0.70204,0.42874,0.35482,0.36253,0.28651,0.37915,0.46036,0.24959,0.35418,0.02479,0.026551,0.56913,0.21493,0,0.26555,0.60666,0.63624,0.34857,0.4163,0.20886,0.22311,0,0.0098414,0.21557,0.36822,0.49666,0.4534,0.49368,0.54119,0.019628,0.070354,0.0061388,0,0.095445,0.086195,0.56318,0.45292,0.45075,0.54531,0.51295,0.48936,0.40137,0.31145,0.50554,0.29914,0.48409,0.3808,0.49658,0.36799,0.12215,0.037553,0.45461,0.18873,0.52268,0.30989,0.25737,0.11339,0.47248,0.51848,0.75716,0.71027,0.35572,0.48317,0.41872,0.45565,0.43343,0.23038,0.50421,0.26151,0.57608,0.58339,0,0,0.25246,0.18258,0.10466,0.20847,0.55926,0.56582,0.27734,0,0.63402,0.70595,0.5526,0.65513,0.53614,0.63627,0.095752,0.1257,0.29329,0.13451,0.45591,0.39516,0.39458,0.67021,0.41103,0.38858,0.36968,0.22289,0.16046,0.052422,0.07476,0.070253,0.43217,0.37438,0.31237,0.49448,0.399,0.0078007
0.31785,0.51307,0.2496,0.80183,0.25106,0.38451,0.70204,1,0.43768,0.58611,0.33653,0.52362,0.31608,0.62548,0.16992,0.41805,0.033906,0,0.42378,0.21469,0,0.17125,0.38252,0.65697,0.035761,0.24932,0.075272,0.15619,0.0047453,0.053416,0.038978,0.24172,0.32955,0.39384,0.20793,0.31806,0.0087746,0.10245,0,0,0,0.10294,0.44175,0.37403,0.37939,0.51215,0.39152,0.3995,0.38513,0.40805,0.37894,0.40018,0.35482,0.30796,0.46727,0.3276,0.12347,0.092122,0.51369,0.4526,0.5635,0.61688,0.20752,0.2803,0.37784,0.76113,0.68631,0.75437,0.38799,0.46674,0.46083,0.38878,0.47449,0.22656,0.5707,0.36893,0.4841,0.51233,0.12928,0,0.29042,0.085643,0.025541,0.24637,0.35874,0.45424,0.28917,0,0.46941,0.63692,0.64104,0.57049,0.6731,0.47332,0.14608,0.060124,0.21802,0.063616,0.51498,0.41236,0.55458,0.56721,0.50657,0.36123,0.41138,0.20203,0.21681,0.10949,0.14249,0.098921,0.30777,0.36622,0.37884,0.49957,0.39521,0
0.067669,0.26517,0.32446,0.51189,0.64403,0.61434,0.42874,0.43768,1,0.64735,0.23391,0.20198,0.32385,0.29721,0.4375,0.44946,0.13225,0.036986,0.28461,0.13872,0.11807,0.36163,0.31833,0.43617,0.13549,0.38733,0.35401,0.42354,0.23882,0.26699,0,0.065403,0.16854,0.16906,0.28304,0.27354,0.10368,0.13635,0.070578,0,0.16931,0.17454,0.26732,0.34412,0.17449,0.18862,0.28719,0.27554,0,0,0.087999,0,0.10714,0.08765,0.076466,0.14675,0,0.0084378,0.15734,0.13653,0.26842,0.24378,0.11614,0.020692,0.36679,0.38337,0.32509,0.34509,0.19691,0.2238,0.33505,0.28464,0.32479,0.28497,0.31586,0.24562,0.16218,0.131,0.29977,0.15599,0.32238,0.23104,0.19579,0.32875,0.42629,0.4045,0.19403,0.024213,0.37778,0.39723,0.21041,0.26315,0.32777,0.28882,0.15981,0.1198,0.10976,0.015705,0.1556,0.11506,0.10593,0.19141,0.0050217,0,0.061482,0,0,0,0.19876,0.067203,0.19213,0.14333,0.099961,0.068866,0.07737,0.04664
0.12099,0.29005,0.13412,0.43676,0.53435,0.72263,0.35482,0.58611,0.64735,1,0.23643,0.36859,0.42364,0.47802,0.42318,0.66871,0.076205,0.098521,0.19614,0.13462,0.14633,0.40558,0.13581,0.37542,0.12152,0.44367,0.41277,0.46273,0.21808,0.31286,0.048308,0.1683,0.079373,0.1537,0.03452,0.059418,0.13968,0.20167,0.089875,0.042516,0.15582,0.22543,0.33574,0.31872,0.21075,0.23858,0.37887,0.37078,0.21069,0.17924,0.2055,0.20283,0.19902,0.20002,0.26164,0.35171,0.034346,0.095519,0.41458,0.41946,0.4141,0.5222,0.17515,0.2526,0.29443,0.51816,0.36406,0.40658,0.30222,0.35351,0.4286,0.39866,0.38261,0.32735,0.38086,0.31733,0.28267,0.28227,0.25476,0.15216,0.30023,0.20191,0.20758,0.40628,0.20412,0.24522,0.21674,0,0.30198,0.45998,0.4485,0.42027,0.4621,0.37979,0.17866,0.22143,0.23501,0.16446,0.41674,0.32728,0.3265,0.31038,0.20706,0.10882,0.15264,0,0.14433,0.028586,0.28212,0.24248,0.33791,0.35725,0.29045,0.27818,0.085195,0.17878
0.22214,0.18842,0.04521,0.14249,0.029753,0.1372,0.36253,0.33653,0.23391,0.23643,1,0.63431,0.83445,0.59753,0.12831,0.24383,0.10678,0.25621,0.21876,0.16552,0.050905,0.19549,0,0.038434,0,0.020202,0.075435,0.031746,0,0,0.29499,0.26118,0.28735,0.33473,0.11917,0.10252,0,0,0,0,0.030412,0.1047,0.12197,0.0341,0.095277,0.22645,0.046335,0.054261,0.40259,0.34619,0.41141,0.39436,0.14661,0.10971,0.095274,0.15423,0.10546,0,0.35756,0.12766,0.60602,0.33752,0.61269,0.49925,0.40613,0.29626,0.32731,0.2526,0.091887,0.16506,0.3756,0.26587,0.33131,0.01464,0.26403,0.15108,0.44886,0.45055,0,0.034036,0,0.076648,0.009911,0.097845,0,0.040176,0.026117,0,0,0.12411,0.22129,0.10192,0.08146,0.16731,0,0.11157,0.18298,0.069203,0.28552,0.22054,0.25135,0.35593,0.2789,0.46105,0.15804,0.31762,0.22934,0.28228,0.014217,0.13057,0.13407,0.13433,0.12912,0.2408,0.10647,0.027446
0.33602,0.4928,0,0.23252,0.040039,0.19566,0.28651,0.52362,0.20198,0.36859,0.63431,1,0.52163,0.82184,0.1043,0.41362,0.15953,0.32207,0.28082,0.28908,0.10104,0.2669,0,0.10778,0,0.071561,0.035505,0.051702,0.044826,0.11607,0.21626,0.27822,0.33687,0.42039,0,0.012698,0,0,0,0,0.012917,0.21631,0.26902,0.20066,0.29849,0.40317,0.16789,0.18318,0.58418,0.57394,0.50284,0.6125,0.24785,0.22581,0.28371,0.33853,0.26551,0.24546,0.53087,0.47921,0.64621,0.64376,0.51745,0.61901,0.28393,0.45996,0.48834,0.43878,0.32716,0.30845,0.49096,0.44096,0.50142,0.37574,0.42198,0.36366,0.37904,0.40964,0.016269,0.01015,0.1818,0.12823,0.0014387,0.27155,0.022625,0.1376,0.28629,0.019266,0.045439,0.25162,0.40063,0.23774,0.16143,0.20343,0,0,0.14992,0,0.36606,0.31165,0.4173,0.40106,0.42048,0.48011,0.20114,0.25091,0.28576,0.42848,0,0.093811,0.13602,0.11728,0.13282,0.36032,0.20251,0
0.20124,0.16049,0.1433,0.1345,0.073887,0.23182,0.37915,0.31608,0.32385,0.42364,0.83445,0.52163,1,0.61195,0.2787,0.38415,0.12049,0.26633,0.23012,0.20275,0,0.27254,0,0.064985,0,0.074468,0.15323,0.12952,0.035454,0.11694,0.18569,0.17203,0.1615,0.21758,0.012354,0,0,0,0,0,0.091269,0.12285,0.12658,0.085585,0.044898,0.12899,0.087827,0.091489,0.35869,0.29359,0.39545,0.37043,0.16083,0.10285,0.12593,0.22624,0.12219,0.0421,0.41324,0.18901,0.62303,0.35027,0.47995,0.4565,0.34859,0.2243,0.27758,0.16157,0.18794,0.24886,0.34404,0.29234,0.33016,0.10854,0.20266,0.15469,0.37243,0.37963,0,0.11832,0.035385,0.12605,0.098577,0.18616,0,0.0037133,0.047719,0,0.084018,0.13323,0.18367,0.13639,0.13288,0.23125,0.0078969,0.12728,0.18665,0.11498,0.25687,0.20017,0.19758,0.34493,0.14165,0.30807,0.10833,0.20895,0.17809,0.19141,0.053347,0.13066,0.14551,0.15705,0.10835,0.1874,0.076761,0.21146
0.24894,0.41011,0.18065,0.4053,0.16746,0.24163,0.46036,0.62548,0.29721,0.47802,0.59753,0.82184,0.61195,1,0.24778,0.54522,0.03255,0.17398,0.24646,0.24786,0.13471,0.29588,0.16696,0.40855,0.066928,0.19388,0.11255,0.10465,0,0.035549,0.32511,0.39438,0.40235,0.47819,0.22487,0.21561,0,0,0,0,0.028705,0.15297,0.31857,0.23635,0.25528,0.35038,0.20269,0.22587,0.45799,0.45101,0.43387,0.44094,0.20793,0.17118,0.23456,0.30878,0.20623,0.19083,0.43755,0.34963,0.62316,0.58294,0.44381,0.51234,0.46953,0.57164,0.5081,0.46002,0.26469,0.34557,0.5182,0.39554,0.45156,0.21486,0.42254,0.32922,0.4818,0.54477,0,0,0.11538,0.056561,0.055257,0.28034,0.19585,0.25342,0.33051,0.0024745,0.17871,0.36175,0.42419,0.32127,0.29712,0.32932,0.012671,0.012198,0.18664,0.018372,0.30577,0.2586,0.35894,0.45337,0.37278,0.41525,0.24363,0.31063,0.26931,0.29146,0,0.12088,0.22831,0.13829,0.15333,0.46527,0.30798,0
0.33693,0.31575,0.21373,0.20717,0.59853,0.63354,0.24959,0.16992,0.4375,0.42318,0.12831,0.1043,0.2787,0.24778,1,0.79012,0.19074,0.22924,0.23804,0.26841,0.57698,0.51628,0.24574,0.17882,0.48916,0.51611,0.80051,0.77452,0.66463,0.58048,0.31586,0.32046,0.14517,0.18573,0.13853,0.095055,0.64849,0.58921,0.72397,0.62516,0.62433,0.45235,0.42807,0.48503,0.24481,0.19925,0.57268,0.56667,0.21141,0.1659,0.27644,0.066426,0.25721,0.13233,0.2892,0.44987,0.10548,0.19571,0.15322,0.13652,0.08828,0.2098,0.14531,0.079988,0,0.066427,0.1444,0.15315,0.24185,0.14176,0.32468,0.24324,0.17393,0.44531,0.1395,0.058244,0.088234,0.1008,0.23177,0.2247,0.52119,0.41451,0.81932,0.6036,0.54336,0.40151,0.36036,0,0.26713,0.40652,0.026189,0.038655,0,0.037425,0.35183,0.60931,0.49253,0.61232,0.21943,0.32245,0,0,0,0,0.040165,0,0,0,0.39075,0.53656,0.5291,0.4008,0.26061,0.19084,0.26675,0.32941
0.3946,0.4524,0.23146,0.39507,0.51159,0.64903,0.35418,0.41805,0.44946,0.66871,0.24383,0.41362,0.38415,0.54522,0.79012,1,0.20566,0.28856,0.3896,0.38568,0.37923,0.50888,0.25255,0.33571,0.50805,0.6397,0.67154,0.68797,0.55603,0.56793,0.41842,0.49245,0.33201,0.38556,0.18151,0.17852,0.32956,0.36409,0.37531,0.37548,0.42603,0.42024,0.61385,0.60865,0.39267,0.3619,0.60188,0.61908,0.38605,0.30256,0.4089,0.27455,0.31929,0.28073,0.39517,0.58892,0.21786,0.27183,0.36102,0.35809,0.31676,0.48366,0.34885,0.31677,0.088237,0.32233,0.39692,0.40163,0.38899,0.35125,0.55296,0.4356,0.4567,0.54439,0.41901,0.31241,0.39251,0.40035,0.26132,0.17622,0.56757,0.42769,0.61126,0.67589,0.43915,0.43124,0.5058,0,0.30191,0.54881,0.28978,0.28807,0.14282,0.19779,0.22282,0.37333,0.40358,0.40632,0.3943,0.44565,0.18249,0.22389,0.13922,0.036269,0.051817,0,0,0,0.27909,0.37815,0.51557,0.40772,0.2877,0.35612,0.2435,0.24851
0.47018,0.37657,0,0.009665,0.037022,0.14,0.02479,0.033906,0.13225,0.076205,0.10678,0.15953,0.12049,0.03255,0.19074,0.20566,1,0.7567,0.12209,0.21642,0,0.11807,0,0,0.02225,0.10895,0.12883,0.13459,0.66354,0.69862,0.014091,0.0064636,0.051416,0.055665,0,0.0014531,0.091545,0.12712,0.16606,0.12321,0.19281,0.34182,0.42166,0.49966,0.36848,0.32388,0.34021,0.38666,0.34261,0.26448,0.30178,0.18979,0.14143,0.17028,0.096535,0.31629,0.45913,0.29285,0.10263,0.10002,0.041742,0.075951,0.29746,0.079522,0,0,0.11675,0.09302,0.32959,0.05718,0.05633,0.053849,0.16864,0.3477,0,0,0,0,0.6202,0.645,0.74244,0.73852,0.20836,0.38013,0.11578,0.34136,0,0,0,0.21856,0,0,0,0,0.15471,0.21948,0.31529,0.30425,0.20848,0.35636,0,0,0,0,0,0,0,0,0.20776,0.15124,0.27501,0.33615,0.3635,0,0,0.31674
0.47481,0.46561,0.02082,0,0.085561,0.14364,0.026551,0,0.036986,0.098521,0.25621,0.32207,0.26633,0.17398,0.22924,0.28856,0.7567,1,0.18222,0.31517,0.023106,0.13783,0,0,0.13006,0.16121,0.18056,0.18673,0.4993,0.62582,0.29058,0.29508,0.29076,0.30015,0.05594,0.041922,0,0.045933,0.11967,0.14569,0.16425,0.3867,0.44084,0.48693,0.48852,0.43247,0.31319,0.33657,0.45485,0.32889,0.40967,0.32383,0.12394,0.13147,0.19177,0.40691,0.609,0.52296,0.20896,0.19615,0.23933,0.25358,0.56261,0.40819,0,0,0.22358,0.16042,0.41869,0.20396,0.21456,0.20319,0.21826,0.40889,0,0,0.065329,0.036729,0.34728,0.56995,0.58243,0.71516,0.28251,0.4432,0.051238,0.23845,0.17213,0,0,0.14089,0,0,0,0,0.05496,0.15938,0.33884,0.23692,0.21533,0.3478,0,0.077247,0.071457,0.15043,0,0,0,0.046987,0.07773,0.12953,0.25118,0.23925,0.23836,0.042362,0,0.14276
0.62821,0.69303,0.48767,0.59137,0.25931,0.2509,0.56913,0.42378,0.28461,0.19614,0.21876,0.28082,0.23012,0.24646,0.23804,0.3896,0.12209,0.18222,1,0.76234,0.0029218,0.22362,0.35613,0.27605,0.37703,0.3547,0.21373,0.26622,0.11282,0.15238,0.21996,0.37483,0.54568,0.50442,0.11292,0.17474,0,0,0,0,0.042073,0.098588,0.49685,0.40011,0.37407,0.42933,0.39587,0.34966,0.40837,0.27299,0.40839,0.31256,0.51763,0.41207,0.52959,0.45972,0.46637,0.4202,0.48934,0.38492,0.43872,0.38116,0.38447,0.38688,0,0.098447,0.48869,0.46167,0.62807,0.59664,0.39526,0.36941,0.45619,0.38509,0.4301,0.37245,0.50579,0.4386,0.0053022,0,0.3814,0.23436,0.26713,0.42103,0.27179,0.27481,0.4701,0.25546,0.54058,0.50181,0.28434,0.36462,0.15949,0.22704,0.0055108,0,0,0,0.26429,0.29167,0.1931,0.32802,0.15936,0.2112,0.0047198,0.039642,0,0.014992,0,0,0.075797,0.11519,0.017539,0.20533,0.33685,0
0.60771,0.68491,0.26776,0.35597,0.13871,0.24484,0.21493,0.21469,0.13872,0.13462,0.16552,0.28908,0.20275,0.24786,0.26841,0.38568,0.21642,0.31517,0.76234,1,0.036668,0.15839,0.12796,0.069274,0.20143,0.14824,0.22946,0.27524,0.20788,0.20031,0.11521,0.23816,0.41025,0.43122,0.0017909,0,0,0,0.054888,0.15666,0.097818,0.11953,0.29354,0.26232,0.30786,0.2334,0.16692,0.13963,0.32608,0.20507,0.23016,0.18542,0.29676,0.15396,0.29318,0.3569,0.62732,0.62543,0.37442,0.40072,0.34964,0.35739,0.36575,0.45225,0,0,0.29176,0.21016,0.61995,0.53536,0.34697,0.26253,0.26531,0.3165,0.17913,0.20911,0.29485,0.25202,0.022491,0,0.32243,0.23078,0.35144,0.51365,0.06576,0.12023,0.45195,0.32201,0.32995,0.27768,0,0,0,0,0.0080432,0,0,0,0,0.022733,0,0,0,0,0,0,0,0,0,0,0,0,0,0,0.16441,0
0.10007,0.068987,0,0,0.43932,0.36144,0,0,0.11807,0.14633,0.050905,0.10104,0,0.13471,0.57698,0.37923,0,0.023106,0.0029218,0.036668,1,0.65235,0,0,0.35738,0.28437,0.59401,0.51202,0.33288,0.165,0.33034,0.19567,0.068634,0.11878,0,0,0.57889,0.46989,0.52997,0.42534,0.43036,0.23053,0.24174,0.20715,0.072832,0.078246,0.39241,0.38645,0.12683,0.14519,0.24528,0.12099,0.22903,0.12593,0.20243,0.29381,0,0,0.039418,0.029195,0,0.1072,0.060719,0.09918,0,0,0,0.030232,0,0,0.21894,0.18966,0.098453,0.31342,0.11534,0.079155,0.024324,0.086702,0,0.027978,0.15844,0.080158,0.54776,0.24861,0.27608,0.1041,0.22892,0,0.023641,0.12028,0.091149,0.006659,0,0,0.29003,0.58508,0.41548,0.48565,0.19776,0.25725,0.022081,0,0,0,0.1541,0,0,0,0.37706,0.6359,0.45039,0.30768,0.18189,0.17126,0.20151,0.13692
0.23898,0.20524,0.13811,0.14331,0.48251,0.5324,0.26555,0.17125,0.36163,0.40558,0.19549,0.2669,0.27254,0.29588,0.51628,0.50888,0.11807,0.13783,0.22362,0.15839,0.65235,1,0.10769,0.12645,0.4065,0.51459,0.62732,0.61251,0.34522,0.2952,0.27824,0.24797,0.18961,0.23562,0.087875,0.080753,0.31664,0.26986,0.27247,0.18085,0.33149,0.29909,0.40011,0.34406,0.22666,0.22312,0.51392,0.49755,0.26085,0.2204,0.37132,0.2213,0.29327,0.2161,0.32215,0.41693,0.082848,0.097039,0.27895,0.20678,0.24362,0.26997,0.16355,0.18768,0.039438,0.11738,0.26258,0.24991,0.1727,0.17216,0.49012,0.5093,0.35997,0.48442,0.33087,0.18572,0.23421,0.27917,0.17348,0.13332,0.31129,0.27673,0.31375,0.33151,0.26553,0.22106,0.22513,0,0.24141,0.3137,0.22764,0.21652,0.08673,0.18118,0.26169,0.3996,0.45129,0.33711,0.32505,0.32933,0.15408,0.1013,0.060693,0.018484,0.19742,0,0.036513,0,0.37006,0.45698,0.51234,0.41501,0.22878,0.23255,0.19402,0.22445
0.11471,0.23061,0.81691,0.7162,0.46742,0.21841,0.60666,0.38252,0.31833,0.13581,0,0,0,0.16696,0.24574,0.25255,0,0,0.35613,0.12796,0,0.10769,1,0.83825,0.58824,0.52887,0.24483,0.21298,0,0,0.35903,0.47731,0.45345,0.38935,0.65762,0.63471,0,0.024093,0,0.013715,0,0,0.37352,0.36599,0.34903,0.33095,0.29772,0.28723,0,0,0,0,0.074574,0.020957,0.1183,0.0030758,0.03739,0.12644,0,0,0.011857,0.09556,0.04493,0,0.43369,0.37267,0.35399,0.40007,0.2141,0.32111,0.26656,0.24934,0.079914,0,0.21873,0.044352,0.26671,0.28963,0.017602,0,0.18369,0.10576,0.10999,0.13382,0.67735,0.56105,0.31191,0.10721,0.57185,0.48404,0.18082,0.31153,0.35177,0.37788,0,0,0.045651,0,0.030173,0.026448,0.08931,0.27828,0.1088,0.053865,0.13089,0.074168,0,0,0,0,0.24898,0.122,0.075304,0.20747,0.23821,0
0.019029,0.26295,0.63782,0.85567,0.38761,0.28129,0.63624,0.65697,0.43617,0.37542,0.038434,0.10778,0.064985,0.40855,0.17882,0.33571,0,0,0.27605,0.069274,0,0.12645,0.83825,1,0.36301,0.45806,0.14011,0.14524,0,0,0.21556,0.40048,0.40021,0.40551,0.6412,0.6705,0,0,0,0,0,0,0.37113,0.36408,0.34344,0.35042,0.27395,0.28098,0,0,0,0,0,0,0.094722,0,0,0.036369,0.0045459,0.053589,0.14725,0.25849,0.062237,0,0.61935,0.7172,0.49756,0.58466,0.18208,0.35325,0.39358,0.37361,0.20564,0.010947,0.33299,0.18641,0.37879,0.42713,0.088824,0,0.16054,0.039447,0,0.13425,0.64377,0.64814,0.34905,0.11415,0.48682,0.49917,0.38791,0.41846,0.5782,0.51114,0,0,0.066103,0,0.13184,0.046445,0.3011,0.39378,0.27559,0.14724,0.28333,0.18248,0.14783,0,0,0,0.28797,0.13914,0.11115,0.31692,0.29914,0
0.26601,0.25651,0.59055,0.29812,0.51173,0.2566,0.34857,0.035761,0.13549,0.12152,0,0,0,0.066928,0.48916,0.50805,0.02225,0.13006,0.37703,0.20143,0.35738,0.4065,0.58824,0.36301,1,0.82591,0.59307,0.48783,0.27124,0.25736,0.64168,0.62905,0.41622,0.3676,0.4329,0.44035,0.20155,0.23631,0.23399,0.23041,0.24294,0.18764,0.57703,0.53851,0.38876,0.33606,0.55852,0.55108,0.20216,0.081053,0.23077,0.021647,0.29103,0.26492,0.33279,0.37006,0.13938,0.21367,0.031213,0.058701,0,0.090691,0.18221,0,0.053718,0.064247,0.22559,0.26375,0.24363,0.26936,0.39205,0.3125,0.23449,0.27616,0.28916,0.11732,0.27305,0.2873,0.056016,0.093295,0.39342,0.3671,0.41826,0.38149,0.54971,0.43977,0.40261,0,0.37296,0.41739,0.20358,0.3158,0.066524,0.26285,0.067129,0.18856,0.2797,0.22898,0.23238,0.30898,0.030568,0.12831,0.10545,0.052951,0.042783,0,0,0,0.065312,0.17263,0.47308,0.30794,0.16405,0.28489,0.19339,0
0.22741,0.23029,0.514,0.45258,0.5557,0.50247,0.4163,0.24932,0.38733,0.44367,0.020202,0.071561,0.074468,0.19388,0.51611,0.6397,0.10895,0.16121,0.3547,0.14824,0.28437,0.51459,0.52887,0.45806,0.82591,1,0.61142,0.56723,0.33381,0.36891,0.57033,0.63447,0.38941,0.35285,0.43529,0.45653,0.17944,0.21694,0.17749,0.11793,0.24718,0.23477,0.58676,0.59016,0.39484,0.38182,0.56925,0.58235,0.18345,0.071553,0.23864,0.041724,0.25,0.23921,0.32254,0.3974,0.04457,0.10109,0.14271,0.11152,0.056547,0.1731,0.22865,0,0.15227,0.23381,0.31661,0.38066,0.20995,0.24179,0.48998,0.41939,0.3888,0.37202,0.40863,0.20773,0.33566,0.33876,0.20933,0.22468,0.46491,0.47077,0.32213,0.38262,0.51942,0.5204,0.317,0,0.39412,0.4981,0.29749,0.39176,0.21259,0.3383,0.06719,0.27654,0.3206,0.27189,0.34148,0.38176,0.10745,0.21658,0.14813,0.034186,0.10178,0,0.0082016,0,0.20714,0.21947,0.52926,0.39772,0.26648,0.28358,0.15053,0.11797
0.2369,0.20787,0.23601,0.17453,0.74023,0.74229,0.20886,0.075272,0.35401,0.41277,0.075435,0.035505,0.15323,0.11255,0.80051,0.67154,0.12883,0.18056,0.21373,0.22946,0.59401,0.62732,0.24483,0.14011,0.59307,0.61142,1,0.92699,0.52051,0.43959,0.40579,0.37851,0.19413,0.22816,0.18504,0.16679,0.52736,0.45434,0.57743,0.44717,0.49922,0.31641,0.46229,0.4774,0.30064,0.23717,0.62702,0.58435,0.18591,0.10252,0.23863,0.017872,0.23921,0.11337,0.26775,0.40867,0.075834,0.1304,0.15029,0.13201,0.075239,0.16074,0.19831,0.052084,0.0062047,0.069042,0.18794,0.20348,0.16128,0.10878,0.38193,0.26756,0.19345,0.39838,0.23048,0.017062,0.16783,0.19428,0.13371,0.16801,0.40569,0.33996,0.67538,0.41583,0.42779,0.34483,0.27251,0,0.27349,0.36268,0.080533,0.096034,0.0046417,0.086678,0.14055,0.59116,0.42852,0.54025,0.23091,0.31633,0,0,0,0,0.0489,0,0,0,0.39046,0.49251,0.55168,0.42235,0.24977,0.18181,0.17296,0.22965
0.22733,0.24149,0.17812,0.23981,0.69402,0.82387,0.22311,0.15619,0.42354,0.46273,0.031746,0.051702,0.12952,0.10465,0.77452,0.68797,0.13459,0.18673,0.26622,0.27524,0.51202,0.61251,0.21298,0.14524,0.48783,0.56723,0.92699,1,0.54856,0.48047,0.28041,0.30331,0.17111,0.19665,0.16141,0.1337,0.47251,0.4178,0.54807,0.43184,0.42775,0.29958,0.46353,0.48809,0.31786,0.25037,0.59119,0.55266,0.16324,0.10071,0.23856,0.063725,0.23048,0.14072,0.32192,0.42764,0.062044,0.12511,0.21609,0.19498,0.13523,0.19813,0.18626,0.079475,0,0.10928,0.26238,0.26574,0.22032,0.1426,0.41441,0.31517,0.24702,0.50984,0.28241,0.12507,0.15744,0.17377,0.22368,0.19502,0.44515,0.36346,0.62989,0.42687,0.37526,0.35236,0.2915,0,0.31599,0.41019,0.10771,0.10894,0.04459,0.070645,0.18961,0.54177,0.39292,0.51606,0.2195,0.28919,0.043677,0.0041219,0,0,0.021454,0,0,0,0.42643,0.43254,0.46804,0.38487,0.24555,0.15907,0.18197,0.23166
0.34262,0.24027,0,0,0.29376,0.41854,0,0.0047453,0.23882,0.21808,0,0.044826,0.035454,0,0.66463,0.55603,0.66354,0.4993,0.11282,0.20788,0.33288,0.34522,0,0,0.27124,0.33381,0.52051,0.54856,1,0.90589,0.08692,0.035341,0,0,0,0,0.51247,0.4985,0.60246,0.51857,0.48759,0.43219,0.4339,0.55974,0.24078,0.17928,0.48621,0.50229,0.20293,0.1383,0.25268,0.13598,0.24344,0.16927,0.2179,0.41364,0.17908,0.13802,0.081048,0.11843,0,0.054732,0.063441,0,0,0,0,0.011912,0.21796,0,0.14267,0.098831,0.21738,0.55431,0.045129,0,0,0,0.70031,0.60557,0.79084,0.70815,0.6149,0.58503,0.27858,0.36413,0.16368,0,0.1031,0.29058,0,0,0,0,0.40825,0.50589,0.43589,0.58793,0.2315,0.38744,0,0,0,0,0,0,0,0,0.44653,0.43532,0.4135,0.47487,0.39096,0,0.083887,0.46078
0.38045,0.29698,0,0.006755,0.2634,0.38619,0.0098414,0.053416,0.26699,0.31286,0,0.11607,0.11694,0.035549,0.58048,0.56793,0.69862,0.62582,0.15238,0.20031,0.165,0.2952,0,0,0.25736,0.36891,0.43959,0.48047,0.90589,1,0.10897,0.089952,0,0,0,0,0.38904,0.39497,0.48726,0.36937,0.44361,0.44166,0.47797,0.595,0.28754,0.24733,0.50444,0.53433,0.27702,0.19149,0.31253,0.22687,0.28504,0.27129,0.2612,0.49663,0.24606,0.22537,0.18884,0.19446,0,0.15935,0.14664,0.076247,0,0,0.052109,0.039287,0.30775,0.049435,0.16305,0.1133,0.22706,0.58425,0.078931,0,0,0,0.69453,0.67016,0.81525,0.79943,0.48766,0.61039,0.20973,0.30565,0.075577,0,0.13008,0.30563,0,0.060513,0,0,0.39057,0.41614,0.44809,0.5132,0.31053,0.4476,0,0,0,0,0,0,0,0,0.42755,0.37114,0.42289,0.49641,0.3969,0.015172,0.028136,0.45737
0.13388,0.17411,0.29165,0.13599,0.28245,0.12997,0.21557,0.038978,0,0.048308,0.29499,0.21626,0.18569,0.32511,0.31586,0.41842,0.014091,0.29058,0.21996,0.11521,0.33034,0.27824,0.35903,0.21556,0.64168,0.57033,0.40579,0.28041,0.08692,0.10897,1,0.90256,0.56732,0.55927,0.37725,0.35069,0,0,0,0.085861,0.030825,0.059252,0.42076,0.34704,0.30893,0.34905,0.31802,0.30909,0.30139,0.1701,0.24668,0.12834,0.070022,0.089091,0.10989,0.2279,0.14767,0.17705,0,0,0.073369,0.16804,0.60492,0.25701,0.29698,0.1313,0.17277,0.22149,0.060508,0.14243,0.42296,0.26103,0.26735,0.094542,0.24914,0.13359,0.33123,0.38418,0,0.10716,0.17771,0.31019,0.28669,0.20983,0.26092,0.2609,0.32257,0,0,0.15178,0.17352,0.15536,0,0.16577,0,0.1354,0.26903,0.14024,0.25549,0.27931,0.18295,0.23023,0.33444,0.40916,0.20355,0.30259,0.22033,0.20343,0,0.1476,0.34017,0.26637,0.11993,0.30878,0.12619,0
0.22983,0.33588,0.39685,0.38466,0.3234,0.22431,0.36822,0.24172,0.065403,0.1683,0.26118,0.27822,0.17203,0.39438,0.32046,0.49245,0.0064636,0.29508,0.37483,0.23816,0.19567,0.24797,0.47731,0.40048,0.62905,0.63447,0.37851,0.30331,0.035341,0.089952,0.90256,1,0.71898,0.72428,0.49848,0.4953,0,0,0,0.065578,0,0.10352,0.49495,0.41757,0.4531,0.47733,0.36308,0.35962,0.33131,0.21048,0.25297,0.13676,0.075713,0.077362,0.2202,0.27993,0.26937,0.3329,0.121,0.13701,0.2393,0.33297,0.60911,0.32431,0.36318,0.31296,0.38881,0.44361,0.23977,0.29998,0.44103,0.31001,0.31501,0.16737,0.31295,0.21943,0.45927,0.50593,0,0,0.21685,0.29052,0.29525,0.29775,0.34515,0.37783,0.44526,0,0.086442,0.29151,0.25385,0.23405,0.09313,0.25265,0,0.082445,0.25681,0.079331,0.27552,0.28181,0.26656,0.34796,0.39943,0.4519,0.19875,0.32162,0.2481,0.20297,0,0.082043,0.33122,0.23077,0.068461,0.38638,0.20346,0
0.36322,0.47856,0.44288,0.48824,0.26935,0.17123,0.49666,0.32955,0.16854,0.079373,0.28735,0.33687,0.1615,0.40235,0.14517,0.33201,0.051416,0.29076,0.54568,0.41025,0.068634,0.18961,0.45345,0.40021,0.41622,0.38941,0.19413,0.17111,0,0,0.56732,0.71898,1,0.9568,0.60198,0.61502,0,0,0,0,0,0.096696,0.47926,0.4085,0.57824,0.55833,0.32077,0.30198,0.2955,0.16305,0.26925,0.11726,0.097879,0.031494,0.2621,0.23837,0.46853,0.435,0.21494,0.12979,0.49664,0.37579,0.62157,0.48198,0.3561,0.33868,0.61671,0.60535,0.35118,0.33494,0.33491,0.24351,0.31027,0.12752,0.28547,0.20158,0.56897,0.58919,0,0,0.15338,0.14596,0.17856,0.30897,0.33522,0.38871,0.4867,0.21326,0.16156,0.28752,0.19901,0.21175,0.10911,0.29057,0,0,0.14084,0,0.1219,0.1381,0.18083,0.41336,0.34665,0.47337,0.095158,0.45497,0.27978,0.29678,0,0,0.16936,0.032298,0,0.3158,0.24158,0
0.38252,0.51974,0.33454,0.47368,0.27275,0.21518,0.4534,0.39384,0.16906,0.1537,0.33473,0.42039,0.21758,0.47819,0.18573,0.38556,0.055665,0.30015,0.50442,0.43122,0.11878,0.23562,0.38935,0.40551,0.3676,0.35285,0.22816,0.19665,0,0,0.55927,0.72428,0.9568,1,0.54892,0.58638,0,0,0,0,0,0.14494,0.47028,0.39992,0.59615,0.57816,0.33516,0.32404,0.35738,0.23935,0.2663,0.16789,0.079025,0,0.26115,0.24992,0.49311,0.47719,0.2606,0.206,0.54191,0.4965,0.6523,0.55782,0.35435,0.4238,0.62622,0.63538,0.38376,0.3512,0.36187,0.25448,0.32157,0.13161,0.28974,0.1946,0.58228,0.62368,0,0,0.15255,0.1146,0.23441,0.36599,0.29552,0.34685,0.52812,0.18776,0.093586,0.26254,0.21872,0.18132,0.12945,0.2675,0,0,0.19371,0,0.16038,0.14635,0.24076,0.40452,0.38401,0.5129,0.13742,0.4784,0.33673,0.353,0,0,0.20866,0.056938,0,0.36823,0.26621,0
0,0.082795,0.62231,0.5186,0.34263,0.12006,0.49368,0.20793,0.28304,0.03452,0.11917,0,0.012354,0.22487,0.13853,0.18151,0,0.05594,0.11292,0.0017909,0,0.087875,0.65762,0.6412,0.4329,0.43529,0.18504,0.16141,0,0,0.37725,0.49848,0.60198,0.54892,1,0.93455,0,0,0,0,0,0,0.3299,0.34652,0.44283,0.34757,0.22002,0.23194,0,0,0.0022797,0,0,0,0,0,0.0023874,0.064324,0,0,0.14927,0.0079397,0.2618,0,0.64274,0.4861,0.53028,0.53459,0.045899,0.18652,0.23334,0.20925,0.092934,0,0.12858,0,0.39386,0.43964,0,0,0.051824,0.13453,0.026588,0.099043,0.58048,0.62906,0.30172,0.13109,0.23541,0.30001,0.13235,0.19562,0.23048,0.37094,0,0,0.16401,0,0,0,0.10717,0.30369,0.23711,0.22777,0.084753,0.22882,0.16336,0.038367,0,0,0.2822,0.0087327,0.016721,0.29189,0.11329,0
0.014718,0.1263,0.57238,0.5799,0.33018,0.096523,0.54119,0.31806,0.27354,0.059418,0.10252,0.012698,0,0.21561,0.095055,0.17852,0.0014531,0.041922,0.17474,0,0,0.080753,0.63471,0.6705,0.44035,0.45653,0.16679,0.1337,0,0,0.35069,0.4953,0.61502,0.58638,0.93455,1,0,0,0,0,0,0.03951,0.42223,0.41301,0.54665,0.48107,0.31525,0.33188,0.015367,0,0.077796,0,0,0,0.094215,0.011795,0.011999,0.0099444,0,0,0.17066,0.049526,0.26554,0,0.59604,0.56046,0.60247,0.66222,0.089709,0.22605,0.25933,0.21355,0.21615,0,0.25117,0.055281,0.47871,0.51974,0,0,0.10374,0.14119,0.0038045,0.10163,0.57664,0.66027,0.29046,0.090999,0.23028,0.37297,0.2562,0.30959,0.35708,0.44713,0,0,0.20756,0,0.077091,0.085241,0.225,0.40041,0.34167,0.30208,0.19173,0.29003,0.21929,0.091905,0,0,0.36664,0.09141,0.094782,0.40896,0.18485,0
0.16338,0,0,0,0.33501,0.29729,0.019628,0.0087746,0.10368,0.13968,0,0,0,0,0.64849,0.32956,0.091545,0,0,0,0.57889,0.31664,0,0,0.20155,0.17944,0.52736,0.47251,0.51247,0.38904,0,0,0,0,0,0,1,0.86369,0.90451,0.69066,0.74148,0.41156,0.20652,0.27877,0.034654,0.040034,0.48196,0.47785,0.10088,0.13534,0.1802,0.049872,0.28037,0.16967,0.22313,0.31645,0,0,0.04248,0.01039,0,0,0,0,0,0,0,0,0.01257,0,0,0,0,0.2083,0,0,0,0,0.19127,0.16288,0.29638,0.17427,0.6035,0.20513,0.3682,0.20137,0,0,0.12911,0.25032,0.039511,0.062721,0.075956,0,0.36511,0.7374,0.50938,0.72528,0.24067,0.33033,0,0,0,0,0.12764,0,0,0,0.56741,0.67451,0.55725,0.44093,0.41889,0.19132,0.22473,0.40899
0.20725,0.057475,0,0,0.34145,0.26056,0.070354,0.10245,0.13635,0.20167,0,0,0,0,0.58921,0.36409,0.12712,0.045933,0,0,0.46989,0.26986,0.024093,0,0.23631,0.21694,0.45434,0.4178,0.4985,0.39497,0,0,0,0,0,0,0.86369,1,0.78632,0.75331,0.56143,0.46322,0.26101,0.32988,0.12824,0.15389,0.45967,0.47613,0.16385,0.21214,0.24607,0.12605,0.28514,0.20316,0.29731,0.33288,0,0,0.12253,0.070621,0,0.076311,0,0,0,0.0032133,0,0.062757,0.13675,0,0.032717,0.019567,0.001813,0.20751,0.042183,0,0,0,0.20833,0.15354,0.35752,0.18558,0.57876,0.3137,0.34755,0.21473,0.028434,0,0.12057,0.25727,0.10239,0.079937,0.1441,0.025791,0.43901,0.65074,0.50198,0.64483,0.3151,0.36982,0.059973,0,0,0,0.13495,0,0,0,0.57281,0.61793,0.50961,0.43406,0.41501,0.24358,0.23928,0.30623
0.24784,0.053365,0,0,0.33214,0.32187,0.0061388,0,0.070578,0.089875,0,0,0,0,0.72397,0.37531,0.16606,0.11967,0,0.054888,0.52997,0.27247,0,0,0.23399,0.17749,0.57743,0.54807,0.60246,0.48726,0,0,0,0,0,0,0.90451,0.78632,1,0.78579,0.7323,0.41742,0.19955,0.28629,0.068165,0.045357,0.45978,0.46335,0.091079,0.12026,0.21008,0.06224,0.28593,0.14485,0.29431,0.38518,0.0356,0.030052,0.084152,0.024782,0,0,0,0,0,0,0,0,0.07093,0,0,0,0,0.27416,0,0,0,0,0.17896,0.19719,0.35087,0.2742,0.73741,0.36055,0.32129,0.18637,0.037355,0,0.15062,0.26643,0,0,0,0,0.43636,0.7554,0.51674,0.76342,0.15628,0.29394,0,0,0,0,0.0067583,0,0,0,0.52206,0.64346,0.49125,0.39354,0.32317,0.10157,0.22632,0.45385
0.2659,0.12796,0,0,0.28333,0.23121,0,0,0,0.042516,0,0,0,0,0.62516,0.37548,0.12321,0.14569,0,0.15666,0.42534,0.18085,0.013715,0,0.23041,0.11793,0.44717,0.43184,0.51857,0.36937,0.085861,0.065578,0,0,0,0,0.69066,0.75331,0.78579,1,0.43033,0.32868,0.1592,0.22557,0.14057,0.12328,0.28314,0.30569,0.20231,0.24678,0.19855,0.12786,0.21473,0.096483,0.24961,0.32824,0.15889,0.17965,0.097605,0.082212,0,0.028939,0,0,0,0,0,0,0.16496,0.07461,0.00015394,0,0,0.15748,0,0,0,0,0.086501,0.12293,0.29859,0.21197,0.71812,0.40639,0.22655,0.09023,0.19005,0,0.088312,0.21872,0,0,0,0,0.43211,0.57194,0.41236,0.65518,0.12187,0.21168,0,0,0,0,0.0043631,0,0,0,0.39347,0.50428,0.33531,0.29008,0.26259,0.13077,0.24994,0.28693
0.30338,0.16323,0.080286,0.0057181,0.28566,0.2717,0.095445,0,0.16931,0.15582,0.030412,0.012917,0.091269,0.028705,0.62433,0.42603,0.19281,0.16425,0.042073,0.097818,0.43036,0.33149,0,0,0.24294,0.24718,0.49922,0.42775,0.48759,0.44361,0.030825,0,0,0,0,0,0.74148,0.56143,0.7323,0.43033,1,0.57914,0.23525,0.28758,0.059263,0.052368,0.47806,0.44465,0.17537,0.0892,0.23591,0.021244,0.25376,0.1329,0.15126,0.34942,0.083698,0.064943,0.026876,0,0,0,0,0,0,0,0.013792,0.011812,0.11424,0.034085,0.099318,0.14902,0.039251,0.29953,0.015114,0,0,0,0.19354,0.21175,0.36426,0.29835,0.55626,0.33451,0.39922,0.3047,0.05849,0,0.087709,0.28795,0.012523,0.10513,0,0.092052,0.21757,0.58248,0.45342,0.51023,0.18637,0.26859,0,0,0,0,0.11216,0,0,0,0.3748,0.51294,0.53873,0.34198,0.24346,0.14199,0.16869,0.41939
0.38776,0.30184,0.0095259,0.0101,0.2252,0.22004,0.086195,0.10294,0.17454,0.22543,0.1047,0.21631,0.12285,0.15297,0.45235,0.42024,0.34182,0.3867,0.098588,0.11953,0.23053,0.29909,0,0,0.18764,0.23477,0.31641,0.29958,0.43219,0.44166,0.059252,0.10352,0.096696,0.14494,0,0.03951,0.41156,0.46322,0.41742,0.32868,0.57914,1,0.33157,0.36068,0.22166,0.24354,0.44805,0.42034,0.31899,0.30448,0.33848,0.20589,0.22191,0.1809,0.22057,0.44893,0.26209,0.20886,0.13741,0.1712,0.067417,0.16994,0.12919,0.11879,0,0,0.11034,0.14446,0.31502,0.10182,0.21431,0.24629,0.23335,0.42996,0.15392,0.099539,0.066915,0.029623,0.24338,0.17938,0.41168,0.29778,0.39504,0.38553,0.26398,0.2518,0.13762,0,0,0.2773,0.059543,0.06952,0.017717,0.11851,0.17196,0.37219,0.3781,0.35165,0.24435,0.30335,0.08672,0.10603,0.044044,0.0096365,0.059511,0,0,0.028224,0.31737,0.36207,0.38622,0.25747,0.1978,0.16454,0.058967,0.19893
0.50838,0.52087,0.36459,0.45857,0.39203,0.37469,0.56318,0.44175,0.26732,0.33574,0.12197,0.26902,0.12658,0.31857,0.42807,0.61385,0.42166,0.44084,0.49685,0.29354,0.24174,0.40011,0.37352,0.37113,0.57703,0.58676,0.46229,0.46353,0.4339,0.47797,0.42076,0.49495,0.47926,0.47028,0.3299,0.42223,0.20652,0.26101,0.19955,0.1592,0.23525,0.33157,1,0.90968,0.75647,0.73876,0.85691,0.86958,0.55637,0.38902,0.61335,0.39866,0.50533,0.50857,0.58864,0.681,0.31028,0.23685,0.35368,0.25068,0.30588,0.36163,0.37626,0.22977,0.062097,0.29818,0.6317,0.64231,0.43543,0.36385,0.42234,0.39105,0.48957,0.52917,0.50669,0.26119,0.50882,0.51845,0.2558,0.18139,0.65411,0.55255,0.38368,0.46159,0.46226,0.57214,0.35695,0,0.42086,0.66315,0.40348,0.51244,0.25214,0.32197,0.13206,0.33929,0.51575,0.38861,0.58876,0.66156,0.31548,0.38973,0.36381,0.21111,0.20981,0,0.036048,0,0.30717,0.31868,0.66467,0.56687,0.47181,0.49433,0.28057,0.096181
0.4155,0.46623,0.32149,0.42995,0.42575,0.40839,0.45292,0.37403,0.34412,0.31872,0.0341,0.20066,0.085585,0.23635,0.48503,0.60865,0.49966,0.48693,0.40011,0.26232,0.20715,0.34406,0.36599,0.36408,0.53851,0.59016,0.4774,0.48809,0.55974,0.595,0.34704,0.41757,0.4085,0.39992,0.34652,0.41301,0.27877,0.32988,0.28629,0.22557,0.28758,0.36068,0.90968,1,0.74242,0.7021,0.79734,0.83289,0.41456,0.2948,0.47914,0.27866,0.34587,0.33623,0.45051,0.55974,0.26908,0.2332,0.22712,0.17143,0.19011,0.27138,0.29746,0.11622,0.042311,0.24335,0.53078,0.55488,0.38915,0.27455,0.36578,0.31389,0.39081,0.51976,0.37276,0.17062,0.3372,0.35019,0.3866,0.31203,0.69794,0.62167,0.40481,0.46467,0.48016,0.64713,0.31323,0,0.36775,0.57093,0.2381,0.37133,0.16612,0.22112,0.14673,0.34168,0.48032,0.3946,0.43363,0.56468,0.16916,0.25302,0.22235,0.035312,0.12132,0,0,0,0.35887,0.2861,0.61634,0.52789,0.41731,0.34316,0.1887,0.13261
0.44198,0.50712,0.27344,0.40404,0.35587,0.32722,0.45075,0.37939,0.17449,0.21075,0.095277,0.29849,0.044898,0.25528,0.24481,0.39267,0.36848,0.48852,0.37407,0.30786,0.072832,0.22666,0.34903,0.34344,0.38876,0.39484,0.30064,0.31786,0.24078,0.28754,0.30893,0.4531,0.57824,0.59615,0.44283,0.54665,0.034654,0.12824,0.068165,0.14057,0.059263,0.22166,0.75647,0.74242,1,0.90408,0.61236,0.64905,0.52865,0.38872,0.45913,0.35134,0.21767,0.1829,0.44471,0.45318,0.41639,0.37131,0.31761,0.23907,0.39863,0.38706,0.44935,0.32388,0.16113,0.3677,0.69935,0.71224,0.42551,0.33855,0.31768,0.3205,0.35052,0.34003,0.32925,0.16,0.44315,0.46616,0.069704,0.054506,0.46726,0.45748,0.26495,0.42209,0.38555,0.52045,0.37583,0,0.2771,0.4699,0.18198,0.22358,0.11378,0.1463,0.085618,0.17881,0.43295,0.26044,0.33553,0.41564,0.28879,0.3125,0.35402,0.27276,0.12933,0.03755,0.076548,0.10452,0.14341,0.21811,0.5068,0.33602,0.28357,0.38276,0.15456,0
0.50174,0.52715,0.24808,0.44949,0.32754,0.28507,0.54531,0.51215,0.18862,0.23858,0.22645,0.40317,0.12899,0.35038,0.19925,0.3619,0.32388,0.43247,0.42933,0.2334,0.078246,0.22312,0.33095,0.35042,0.33606,0.38182,0.23717,0.25037,0.17928,0.24733,0.34905,0.47733,0.55833,0.57816,0.34757,0.48107,0.040034,0.15389,0.045357,0.12328,0.052368,0.24354,0.73876,0.7021,0.90408,1,0.6415,0.67923,0.6642,0.59259,0.61711,0.56021,0.40835,0.38138,0.56448,0.55077,0.38828,0.2612,0.46139,0.31073,0.48592,0.4557,0.49666,0.39009,0.16468,0.40577,0.71131,0.75894,0.39448,0.36429,0.3338,0.32298,0.40838,0.34634,0.42805,0.25183,0.48797,0.5254,0,0.0086014,0.43076,0.40048,0.21516,0.31317,0.35073,0.47233,0.30493,0,0.28855,0.58436,0.34937,0.37245,0.23756,0.23984,0.072424,0.22454,0.43108,0.31203,0.47251,0.55612,0.42243,0.46307,0.49551,0.40794,0.27359,0.12818,0.13892,0.1148,0.18933,0.24667,0.5187,0.42479,0.35647,0.48381,0.27104,0
0.49826,0.45904,0.28016,0.37386,0.49604,0.46129,0.51295,0.39152,0.28719,0.37887,0.046335,0.16789,0.087827,0.20269,0.57268,0.60188,0.34021,0.31319,0.39587,0.16692,0.39241,0.51392,0.29772,0.27395,0.55852,0.56925,0.62702,0.59119,0.48621,0.50444,0.31802,0.36308,0.32077,0.33516,0.22002,0.31525,0.48196,0.45967,0.45978,0.28314,0.47806,0.44805,0.85691,0.79734,0.61236,0.6415,1,0.95803,0.51537,0.39982,0.60135,0.37366,0.59428,0.5576,0.64252,0.73726,0.2116,0.12432,0.38292,0.25536,0.24291,0.32542,0.22256,0.12645,0,0.23828,0.50818,0.55179,0.36294,0.30917,0.32891,0.34266,0.3781,0.51687,0.44559,0.17383,0.35606,0.38674,0.22428,0.14665,0.60639,0.48549,0.50685,0.45271,0.50525,0.51321,0.25163,0,0.41087,0.69695,0.4471,0.55315,0.29811,0.35469,0.22689,0.54484,0.65243,0.5724,0.64683,0.74303,0.32528,0.3681,0.33663,0.11954,0.28619,0,0.012449,0,0.46504,0.52801,0.80034,0.68278,0.55279,0.46641,0.3199,0.21523
0.49661,0.42996,0.24363,0.36169,0.45813,0.42234,0.48936,0.3995,0.27554,0.37078,0.054261,0.18318,0.091489,0.22587,0.56667,0.61908,0.38666,0.33657,0.34966,0.13963,0.38645,0.49755,0.28723,0.28098,0.55108,0.58235,0.58435,0.55266,0.50229,0.53433,0.30909,0.35962,0.30198,0.32404,0.23194,0.33188,0.47785,0.47613,0.46335,0.30569,0.44465,0.42034,0.86958,0.83289,0.64905,0.67923,0.95803,1,0.52066,0.4372,0.59916,0.40253,0.56633,0.55012,0.62114,0.7471,0.20768,0.11649,0.38654,0.25446,0.25103,0.34506,0.21552,0.12582,0,0.25693,0.51823,0.56171,0.32665,0.26801,0.3054,0.28183,0.33457,0.49364,0.41781,0.14179,0.3677,0.40526,0.22944,0.17452,0.6219,0.5047,0.4994,0.43964,0.48063,0.51628,0.22692,0,0.36258,0.67989,0.39918,0.51235,0.25687,0.30269,0.2334,0.5761,0.65299,0.6205,0.62947,0.75964,0.28169,0.34285,0.30587,0.089234,0.25869,0,0,0,0.47778,0.53518,0.81594,0.69345,0.57454,0.4697,0.30631,0.23256
